# epoch total_loss data_loss physics_loss w_data w_physics lr
1.0000000000e+00 1.0572848320e+00 9.9204635620e-01 1.1217274666e+00 4.9693247408e-01 5.0306752545e-01 1.0000000000e-03
2.0000000000e+00 8.1656527519e-01 8.1456106901e-01 8.1854659319e-01 4.9711720367e-01 5.0288279530e-01 1.0000000000e-03
3.0000000000e+00 7.1494877338e-01 6.7885863781e-01 7.5031083822e-01 4.9490570244e-01 5.0509429592e-01 1.0000000000e-03
4.0000000000e+00 6.1110150814e-01 5.7324194908e-01 6.4782172441e-01 4.9236124622e-01 5.0763875149e-01 1.0000000000e-03
5.0000000000e+00 4.9314618111e-01 4.8750683665e-01 4.9862024188e-01 4.9256163361e-01 5.0743836331e-01 1.0000000000e-03
6.0000000000e+00 3.8707017899e-01 4.1200649738e-01 3.6248031259e-01 4.9650282452e-01 5.0349717142e-01 1.0000000000e-03
7.0000000000e+00 3.0952653289e-01 3.3908963203e-01 2.7976819873e-01 5.0164535711e-01 4.9835463762e-01 1.0000000000e-03
8.0000000000e+00 2.4350608885e-01 2.6653301716e-01 2.1989385784e-01 5.0627487686e-01 4.9372511634e-01 1.0000000000e-03
9.0000000000e+00 1.7134213448e-01 2.0125636458e-01 1.3961711526e-01 5.1468875513e-01 4.8531123582e-01 1.0000000000e-03
1.0000000000e+01 1.1466480792e-01 1.5613557398e-01 6.7315101624e-02 5.3309461442e-01 4.6690537296e-01 1.0000000000e-03
1.1000000000e+01 9.6618957818e-02 1.3646511734e-01 4.7098461539e-02 5.5412730230e-01 4.4587268090e-01 1.0000000000e-03
1.2000000000e+01 9.1673642397e-02 1.2378829718e-01 4.9044333398e-02 5.7033778905e-01 4.2966219004e-01 1.0000000000e-03
1.3000000000e+01 8.3688378334e-02 1.0717480630e-01 5.1119949669e-02 5.8100985351e-01 4.1899012135e-01 1.0000000000e-03
1.4000000000e+01 8.9788019657e-02 9.8950698972e-02 7.7182032168e-02 5.7908848492e-01 4.2091148677e-01 1.0000000000e-03
1.5000000000e+01 1.1028116941e-01 1.0346079618e-01 1.1923549324e-01 5.6763788313e-01 4.3236208691e-01 1.0000000000e-03
1.6000000000e+01 1.2210643291e-01 1.0712682456e-01 1.4072068036e-01 5.5409697103e-01 4.4590299797e-01 1.0000000000e-03
1.7000000000e+01 1.2382137775e-01 1.0476287454e-01 1.4623284340e-01 5.4042618136e-01 4.5957378676e-01 1.0000000000e-03
1.8000000000e+01 1.1999680847e-01 9.6613883972e-02 1.4596693218e-01 5.2621106546e-01 4.7378890172e-01 1.0000000000e-03
1.9000000000e+01 1.0938271880e-01 8.3853639662e-02 1.3613595068e-01 5.1170705151e-01 4.8829291441e-01 1.0000000000e-03
2.0000000000e+01 9.3335136771e-02 6.9933786988e-02 1.1655345559e-01 4.9803691866e-01 5.0196304530e-01 1.0000000000e-03
2.1000000000e+01 8.0276921391e-02 5.9964627028e-02 9.9470719695e-02 4.8584384734e-01 5.1415611396e-01 1.0000000000e-03
2.2000000000e+01 7.1105554700e-02 5.4479256272e-02 8.6207829416e-02 4.7598316786e-01 5.2401679019e-01 1.0000000000e-03
2.3000000000e+01 6.1373628676e-02 5.2787490189e-02 6.9040335715e-02 4.7171443154e-01 5.2828552250e-01 1.0000000000e-03
2.4000000000e+01 5.4171949625e-02 5.7210158557e-02 5.1398534328e-02 4.7721847114e-01 5.2278147829e-01 1.0000000000e-03
2.5000000000e+01 5.5126942694e-02 6.8768516183e-02 4.1935309768e-02 4.9161598565e-01 5.0838395981e-01 1.0000000000e-03
2.6000000000e+01 6.1653114855e-02 8.2938686013e-02 3.9480656385e-02 5.1020403972e-01 4.8979590302e-01 1.0000000000e-03
2.7000000000e+01 6.7367009819e-02 9.3396909535e-02 3.7981908768e-02 5.3027340778e-01 4.6972653307e-01 1.0000000000e-03
2.8000000000e+01 7.0684924722e-02 9.7964085639e-02 3.7394944578e-02 5.4961957488e-01 4.5038036450e-01 1.0000000000e-03
2.9000000000e+01 7.2845697403e-02 9.8021335900e-02 4.0060292929e-02 5.6564557548e-01 4.3435436272e-01 1.0000000000e-03
3.0000000000e+01 7.3677614331e-02 9.5308184624e-02 4.4119086117e-02 5.7743793067e-01 4.2256200654e-01 1.0000000000e-03
3.1000000000e+01 7.2326526046e-02 9.0824194252e-02 4.6143312007e-02 5.8600489269e-01 4.1399504350e-01 1.0000000000e-03
3.2000000000e+01 6.9235675037e-02 8.5242196918e-02 4.5975215733e-02 5.9236696342e-01 4.0763297153e-01 1.0000000000e-03
3.3000000000e+01 6.5418660641e-02 7.9079896212e-02 4.5201230794e-02 5.9676011318e-01 4.0323982023e-01 1.0000000000e-03
3.4000000000e+01 6.1101909727e-02 7.2646141052e-02 4.3824702501e-02 5.9945690916e-01 4.0054302232e-01 1.0000000000e-03
3.5000000000e+01 5.6527480483e-02 6.6433250904e-02 4.1606720537e-02 6.0100072428e-01 3.9899920480e-01 1.0000000000e-03
3.6000000000e+01 5.3053919226e-02 6.1273343861e-02 4.0673073381e-02 6.0100412533e-01 3.9899580103e-01 1.0000000000e-03
3.7000000000e+01 5.1919691265e-02 5.7497110218e-02 4.3631248176e-02 5.9775928273e-01 4.0224064110e-01 1.0000000000e-03
3.8000000000e+01 5.2470132709e-02 5.4330922663e-02 4.9790602177e-02 5.9016364814e-01 4.0983627371e-01 1.0000000000e-03
3.9000000000e+01 5.3156524897e-02 5.1008384675e-02 5.6108046323e-02 5.7876684966e-01 4.2123307067e-01 1.0000000000e-03
4.0000000000e+01 5.3844042122e-02 4.8099689186e-02 6.1300769448e-02 5.6485678548e-01 4.3514313367e-01 1.0000000000e-03
4.1000000000e+01 5.5224511772e-02 4.6669702977e-02 6.5676689148e-02 5.4991200374e-01 4.5008791459e-01 1.0000000000e-03
4.2000000000e+01 5.6614227593e-02 4.6581335366e-02 6.8181149662e-02 5.3551013994e-01 4.6448977785e-01 1.0000000000e-03
4.3000000000e+01 5.6709829718e-02 4.6867370605e-02 6.7498840392e-02 5.2293920748e-01 4.7706070979e-01 1.0000000000e-03
4.4000000000e+01 5.5561602116e-02 4.7298256308e-02 6.4267523587e-02 5.1304023266e-01 4.8695968391e-01 1.0000000000e-03
4.5000000000e+01 5.3766615689e-02 4.8438947648e-02 5.9239480644e-02 5.0672102569e-01 4.9327888995e-01 1.0000000000e-03
4.6000000000e+01 5.1546834409e-02 5.0733916461e-02 5.2377015352e-02 5.0525215564e-01 4.9474775873e-01 1.0000000000e-03
4.7000000000e+01 4.9613513052e-02 5.4072842002e-02 4.4984895736e-02 5.0931413112e-01 4.9068578171e-01 1.0000000000e-03
4.8000000000e+01 4.8651970923e-02 5.7709392160e-02 3.8913827389e-02 5.1810892715e-01 4.8189098405e-01 1.0000000000e-03
4.9000000000e+01 4.8363700509e-02 6.0703389347e-02 3.4443274140e-02 5.3009783649e-01 4.6990207308e-01 1.0000000000e-03
5.0000000000e+01 4.8463817686e-02 6.2750339508e-02 3.1440261751e-02 5.4370864132e-01 4.5629126668e-01 1.0000000000e-03
5.1000000000e+01 4.9136824906e-02 6.4120873809e-02 3.0276656151e-02 5.5726420179e-01 4.4273570482e-01 1.0000000000e-03
5.2000000000e+01 5.0131075084e-02 6.4863085747e-02 3.0646327883e-02 5.6945054172e-01 4.3054936376e-01 1.0000000000e-03
5.3000000000e+01 5.0780817866e-02 6.4676739275e-02 3.1617078930e-02 5.7967151519e-01 4.2032838935e-01 1.0000000000e-03
5.4000000000e+01 5.0822839141e-02 6.3437670469e-02 3.2849740237e-02 5.8758801701e-01 4.1241188669e-01 1.0000000000e-03
5.5000000000e+01 5.0395358354e-02 6.1346467584e-02 3.4448243678e-02 5.9286872268e-01 4.0713118021e-01 1.0000000000e-03
5.6000000000e+01 4.9596242607e-02 5.8650892228e-02 3.6273352802e-02 5.9536889548e-01 4.0463100659e-01 1.0000000000e-03
5.7000000000e+01 4.8551149666e-02 5.5521104485e-02 3.8311243057e-02 5.9500253722e-01 4.0499736398e-01 1.0000000000e-03
5.8000000000e+01 4.7558836639e-02 5.2119269967e-02 4.0955446661e-02 5.9149951482e-01 4.0850038552e-01 1.0000000000e-03
5.9000000000e+01 4.6827726066e-02 4.8651281744e-02 4.4260233641e-02 5.8471258455e-01 4.1528731500e-01 1.0000000000e-03
6.0000000000e+01 4.6349264681e-02 4.5440312475e-02 4.7579497099e-02 5.7509146651e-01 4.2490843233e-01 1.0000000000e-03
6.1000000000e+01 4.6147659421e-02 4.2937546968e-02 5.0294078887e-02 5.6363701639e-01 4.3636288184e-01 1.0000000000e-03
6.2000000000e+01 4.6243913472e-02 4.1462603956e-02 5.2125103772e-02 5.5157678209e-01 4.4842311563e-01 1.0000000000e-03
6.3000000000e+01 4.6377904713e-02 4.0982924402e-02 5.2715189755e-02 5.4015842606e-01 4.5984147121e-01 1.0000000000e-03
6.4000000000e+01 4.6265702695e-02 4.1345976293e-02 5.1825061440e-02 5.3051900435e-01 4.6948089247e-01 1.0000000000e-03
6.5000000000e+01 4.5946042985e-02 4.2536884546e-02 4.9692794681e-02 5.2358770228e-01 4.7641219401e-01 1.0000000000e-03
6.6000000000e+01 4.5517362654e-02 4.4481229037e-02 4.6640053391e-02 5.2004433826e-01 4.7995555743e-01 1.0000000000e-03
6.7000000000e+01 4.5002043247e-02 4.6840008348e-02 4.3009549379e-02 5.2017149453e-01 4.7982840046e-01 1.0000000000e-03
6.8000000000e+01 4.4538982213e-02 4.9156583846e-02 3.9463423193e-02 5.2362328481e-01 4.7637660940e-01 1.0000000000e-03
6.9000000000e+01 4.4236682355e-02 5.1060847938e-02 3.6555591971e-02 5.2953865189e-01 4.7046124148e-01 1.0000000000e-03
7.0000000000e+01 4.4062782079e-02 5.2369099110e-02 3.4432116896e-02 5.3691699803e-01 4.6308289449e-01 1.0000000000e-03
7.1000000000e+01 4.3990444392e-02 5.3060006350e-02 3.3136438578e-02 5.4478236156e-01 4.5521753010e-01 1.0000000000e-03
7.2000000000e+01 4.3951150030e-02 5.3124494851e-02 3.2636910677e-02 5.5224864267e-01 4.4775124816e-01 1.0000000000e-03
7.3000000000e+01 4.3820444494e-02 5.2530046552e-02 3.2798931003e-02 5.5858556187e-01 4.4141432816e-01 1.0000000000e-03
7.4000000000e+01 4.3587096035e-02 5.1328241825e-02 3.3607520163e-02 5.6315883626e-01 4.3684105300e-01 1.0000000000e-03
7.5000000000e+01 4.3321531266e-02 4.9649700522e-02 3.5087618977e-02 5.6543542990e-01 4.3456445863e-01 1.0000000000e-03
7.6000000000e+01 4.3048679829e-02 4.7626987100e-02 3.7099633366e-02 5.6510442226e-01 4.3489546562e-01 1.0000000000e-03
7.7000000000e+01 4.2796000838e-02 4.5420072973e-02 3.9427340031e-02 5.6212545024e-01 4.3787443706e-01 1.0000000000e-03
7.8000000000e+01 4.2606681585e-02 4.3256908655e-02 4.1789878160e-02 5.5677538361e-01 4.4322450320e-01 1.0000000000e-03
7.9000000000e+01 4.2454663664e-02 4.1399002075e-02 4.3743472546e-02 5.4972104701e-01 4.5027883938e-01 1.0000000000e-03
8.0000000000e+01 4.2278543115e-02 4.0085889399e-02 4.4872645289e-02 5.4193182373e-01 4.5806806225e-01 1.0000000000e-03
8.1000000000e+01 4.2047109455e-02 3.9470873773e-02 4.5004788786e-02 5.3446318651e-01 4.6553669903e-01 1.0000000000e-03
8.2000000000e+01 4.1742920876e-02 3.9580844343e-02 4.4164255261e-02 5.2828033737e-01 4.7171954767e-01 1.0000000000e-03
8.3000000000e+01 4.1399203241e-02 4.0353123099e-02 4.2551368475e-02 5.2412652799e-01 4.7587335649e-01 1.0000000000e-03
8.4000000000e+01 4.1103992611e-02 4.1652739048e-02 4.0503751487e-02 5.2241313670e-01 4.7758674716e-01 1.0000000000e-03
8.5000000000e+01 4.0903948247e-02 4.3235909194e-02 3.8345377892e-02 5.2316915298e-01 4.7683073024e-01 1.0000000000e-03
8.6000000000e+01 4.0802456439e-02 4.4788852334e-02 3.6378148943e-02 5.2603334097e-01 4.7396654160e-01 1.0000000000e-03
8.7000000000e+01 4.0779031813e-02 4.6021837741e-02 3.4859087318e-02 5.3033073102e-01 4.6966915094e-01 1.0000000000e-03
8.8000000000e+01 4.0754735470e-02 4.6722762287e-02 3.3881030977e-02 5.3526361038e-01 4.6473627097e-01 1.0000000000e-03
8.9000000000e+01 4.0648981929e-02 4.6784348786e-02 3.3445142210e-02 5.4005039875e-01 4.5994948200e-01 1.0000000000e-03
9.0000000000e+01 4.0439698845e-02 4.6200044453e-02 3.3568747342e-02 5.4396279454e-01 4.5603708561e-01 1.0000000000e-03
9.1000000000e+01 4.0152266622e-02 4.5046377927e-02 3.4257646650e-02 5.4636864144e-01 4.5363123808e-01 1.0000000000e-03
9.2000000000e+01 3.9856933057e-02 4.3488178402e-02 3.5475641489e-02 5.4680531978e-01 4.5319455912e-01 1.0000000000e-03
9.3000000000e+01 3.9631370455e-02 4.1756372899e-02 3.7085153162e-02 5.4508719186e-01 4.5491268646e-01 1.0000000000e-03
9.4000000000e+01 3.9504524320e-02 4.0094252676e-02 3.8808349520e-02 5.4139333363e-01 4.5860654419e-01 1.0000000000e-03
9.5000000000e+01 3.9455056190e-02 3.8723446429e-02 4.0301069617e-02 5.3625580815e-01 4.6374406924e-01 1.0000000000e-03
9.6000000000e+01 3.9418220520e-02 3.7819229066e-02 4.1224803776e-02 5.3047599496e-01 4.6952388203e-01 1.0000000000e-03
9.7000000000e+01 3.9313554764e-02 3.7486895919e-02 4.1332419962e-02 5.2498893408e-01 4.7501094253e-01 1.0000000000e-03
9.8000000000e+01 3.9110898972e-02 3.7746638060e-02 4.0592852980e-02 5.2067344439e-01 4.7932643179e-01 1.0000000000e-03
9.9000000000e+01 3.8844175637e-02 3.8521498442e-02 3.9191212505e-02 5.1817520263e-01 4.8182467306e-01 1.0000000000e-03
1.0000000000e+02 3.8583196700e-02 3.9652898908e-02 3.7434548140e-02 5.1779652914e-01 4.8220334602e-01 1.0000000000e-03
1.0100000000e+02 3.8401350379e-02 4.0935024619e-02 3.5662487149e-02 5.1945858514e-01 4.8054128944e-01 1.0000000000e-03
1.0200000000e+02 3.8324601948e-02 4.2132448405e-02 3.4153863788e-02 5.2274208779e-01 4.7725778622e-01 1.0000000000e-03
1.0300000000e+02 3.8317345083e-02 4.3006505817e-02 3.3093255013e-02 5.2698119745e-01 4.7301867603e-01 1.0000000000e-03
1.0400000000e+02 3.8308329880e-02 4.3362651020e-02 3.2577015460e-02 5.3138452062e-01 4.6861535233e-01 1.0000000000e-03
1.0500000000e+02 3.8228053600e-02 4.3094705790e-02 3.2625209540e-02 5.3515936530e-01 4.6484050716e-01 1.0000000000e-03
1.0600000000e+02 3.8057647645e-02 4.2212478817e-02 3.3227149397e-02 5.3759873266e-01 4.6240113930e-01 1.0000000000e-03
1.0700000000e+02 3.7837475538e-02 4.0843006223e-02 3.4335184842e-02 5.3816711631e-01 4.6183275514e-01 1.0000000000e-03
1.0800000000e+02 3.7634819746e-02 3.9214946330e-02 3.5804931074e-02 5.3662313887e-01 4.6337673211e-01 1.0000000000e-03
1.0900000000e+02 3.7505641580e-02 3.7619926035e-02 3.7375152111e-02 5.3312401162e-01 4.6687585893e-01 1.0000000000e-03
1.1000000000e+02 3.7454195321e-02 3.6337159574e-02 3.8704946637e-02 5.2823396501e-01 4.7176590516e-01 1.0000000000e-03
1.1100000000e+02 3.7429392338e-02 3.5566534847e-02 3.9470341057e-02 5.2280930370e-01 4.7719056613e-01 1.0000000000e-03
1.1200000000e+02 3.7364847958e-02 3.5404942930e-02 3.9469573647e-02 5.1781407188e-01 4.8218579760e-01 1.0000000000e-03
1.1300000000e+02 3.7224847823e-02 3.5845596343e-02 3.8684319705e-02 5.1412823951e-01 4.8587162961e-01 1.0000000000e-03
1.1400000000e+02 3.7032760680e-02 3.6783766001e-02 3.7294398993e-02 5.1237075062e-01 4.8762911809e-01 1.0000000000e-03
1.1500000000e+02 3.6853026599e-02 3.8032140583e-02 3.5612080246e-02 5.1277674407e-01 4.8722312419e-01 1.0000000000e-03
1.1600000000e+02 3.6743652076e-02 3.9352238178e-02 3.3971857280e-02 5.1516796604e-01 4.8483190175e-01 1.0000000000e-03
1.1700000000e+02 3.6717154086e-02 4.0487125516e-02 3.2649204135e-02 5.1900959414e-01 4.8099027320e-01 1.0000000000e-03
1.1800000000e+02 3.6728814244e-02 4.1190840304e-02 3.1826261431e-02 5.2352121984e-01 4.7647864707e-01 1.0000000000e-03
1.1900000000e+02 3.6710053682e-02 4.1280020028e-02 3.1601816416e-02 5.2780874414e-01 4.7219112237e-01 1.0000000000e-03
1.2000000000e+02 3.6617450416e-02 4.0694776922e-02 3.2000992447e-02 5.3100742902e-01 4.6899243707e-01 1.0000000000e-03
1.2100000000e+02 3.6461129785e-02 3.9526764303e-02 3.2970272005e-02 5.3242858228e-01 4.6757128341e-01 1.0000000000e-03
1.2200000000e+02 3.6297809333e-02 3.8000632077e-02 3.4364476800e-02 5.3169808452e-01 4.6830178079e-01 1.0000000000e-03
1.2300000000e+02 3.6187775433e-02 3.6420468241e-02 3.5926580429e-02 5.2886960149e-01 4.7113026346e-01 1.0000000000e-03
1.2400000000e+02 3.6149576306e-02 3.5096216947e-02 3.7311278284e-02 5.2445305451e-01 4.7554681014e-01 1.0000000000e-03
1.2500000000e+02 3.6146193743e-02 3.4266203642e-02 3.8177222013e-02 5.1930838207e-01 4.8069148231e-01 1.0000000000e-03
1.2600000000e+02 3.6114335060e-02 3.4049291164e-02 3.8302201778e-02 5.1443847526e-01 4.8556138886e-01 1.0000000000e-03
1.2700000000e+02 3.6016166210e-02 3.4444220364e-02 3.7657309324e-02 5.1076645135e-01 4.8923341249e-01 1.0000000000e-03
1.2800000000e+02 3.5868771374e-02 3.5350047052e-02 3.6406420171e-02 5.0895371718e-01 4.9104614634e-01 1.0000000000e-03
1.2900000000e+02 3.5731356591e-02 3.6583717912e-02 3.4846790135e-02 5.0927415477e-01 4.9072570839e-01 1.0000000000e-03
1.3000000000e+02 3.5658299923e-02 3.7897475064e-02 3.3313091844e-02 5.1156562434e-01 4.8843423847e-01 1.0000000000e-03
1.3100000000e+02 3.5655312240e-02 3.9008423686e-02 3.2090898603e-02 5.1527374548e-01 4.8472611698e-01 1.0000000000e-03
1.3200000000e+02 3.5675819963e-02 3.9647277445e-02 3.1380899251e-02 5.1956544684e-01 4.8043441530e-01 1.0000000000e-03
1.3300000000e+02 3.5657744855e-02 3.9628680795e-02 3.1295426190e-02 5.2348366307e-01 4.7651619875e-01 1.0000000000e-03
1.3400000000e+02 3.5572215915e-02 3.8924656808e-02 3.1850017607e-02 5.2613329093e-01 4.7386657058e-01 1.0000000000e-03
1.3500000000e+02 3.5444781184e-02 3.7690874189e-02 3.2943468541e-02 5.2688050488e-01 4.7311935633e-01 1.0000000000e-03
1.3600000000e+02 3.5333666950e-02 3.6218162626e-02 3.4354060888e-02 5.2551315209e-01 4.7448670882e-01 1.0000000000e-03
1.3700000000e+02 3.5281479359e-02 3.4838400781e-02 3.5765942186e-02 5.2230497129e-01 4.7769488937e-01 1.0000000000e-03
1.3800000000e+02 3.5279482603e-02 3.3833667636e-02 3.6832999438e-02 5.1795229867e-01 4.8204756177e-01 1.0000000000e-03
1.3900000000e+02 3.5276919603e-02 3.3378209919e-02 3.7280183285e-02 5.1339590864e-01 4.8660395161e-01 1.0000000000e-03
1.4000000000e+02 3.5225562751e-02 3.3521007746e-02 3.6996804178e-02 5.0959182984e-01 4.9040803020e-01 1.0000000000e-03
1.4100000000e+02 3.5121627152e-02 3.4201383591e-02 3.6069158465e-02 5.0730365141e-01 4.9269620840e-01 1.0000000000e-03
1.4200000000e+02 3.5009138286e-02 3.5270355642e-02 3.4740567207e-02 5.0695164034e-01 4.9304821920e-01 1.0000000000e-03
1.4300000000e+02 3.4941453487e-02 3.6500729620e-02 3.3328071237e-02 5.0852820938e-01 4.9147164988e-01 1.0000000000e-03
1.4400000000e+02 3.4934997559e-02 3.7606354803e-02 3.2136790454e-02 5.1159660073e-01 4.8840325827e-01 1.0000000000e-03
1.4500000000e+02 3.4955356270e-02 3.8297150284e-02 3.1401403248e-02 5.1538376932e-01 4.8461608943e-01 1.0000000000e-03
1.4600000000e+02 3.4947570413e-02 3.8365583867e-02 3.1260307878e-02 5.1894785125e-01 4.8105200726e-01 1.0000000000e-03
1.4700000000e+02 3.4883014858e-02 3.7769444287e-02 3.1738579273e-02 5.2139130928e-01 4.7860854900e-01 1.0000000000e-03
1.4800000000e+02 3.4783259034e-02 3.6662463099e-02 3.2730385661e-02 5.2208537150e-01 4.7791448654e-01 1.0000000000e-03
1.4900000000e+02 3.4699551761e-02 3.5340994596e-02 3.4002318978e-02 5.2084207913e-01 4.7915777869e-01 1.0000000000e-03
1.5000000000e+02 3.4666359425e-02 3.4133702517e-02 3.5238720477e-02 5.1796142519e-01 4.8203843242e-01 1.0000000000e-03
1.5100000000e+02 3.4671016037e-02 3.3301983029e-02 3.6119725555e-02 5.1413583672e-01 4.8586402074e-01 1.0000000000e-03
1.5200000000e+02 3.4666698426e-02 3.2992567867e-02 3.6410979927e-02 5.1025953919e-01 4.8974031810e-01 1.0000000000e-03
1.5300000000e+02 3.4616526216e-02 3.3235505223e-02 3.6037974060e-02 5.0721082096e-01 4.9278903617e-01 1.0000000000e-03
1.5400000000e+02 3.4527845681e-02 3.3959954977e-02 3.5108748823e-02 5.0565810050e-01 4.9434175644e-01 1.0000000000e-03
1.5500000000e+02 3.4445263445e-02 3.5005245358e-02 3.3871885389e-02 5.0591502348e-01 4.9408483325e-01 1.0000000000e-03
1.5600000000e+02 3.4408997744e-02 3.6127403378e-02 3.2635696232e-02 5.0786245310e-01 4.9213740341e-01 1.0000000000e-03
1.5700000000e+02 3.4417971969e-02 3.7031330168e-02 3.1687438488e-02 5.1096443295e-01 4.8903542336e-01 1.0000000000e-03
1.5800000000e+02 3.4431230277e-02 3.7449933589e-02 3.1233586371e-02 5.1439333745e-01 4.8560651867e-01 1.0000000000e-03
1.5900000000e+02 3.4405756742e-02 3.7243746221e-02 3.1365104020e-02 5.1723816772e-01 4.8276168821e-01 1.0000000000e-03
1.6000000000e+02 3.4335713834e-02 3.6463975906e-02 3.2041694969e-02 5.1874201826e-01 4.8125783748e-01 1.0000000000e-03
1.6100000000e+02 3.4256316721e-02 3.5337008536e-02 3.3092550933e-02 5.1850778554e-01 4.8149207001e-01 1.0000000000e-03
1.6200000000e+02 3.4209270030e-02 3.4175105393e-02 3.4245796502e-02 5.1660534069e-01 4.8339451470e-01 1.0000000000e-03
1.6300000000e+02 3.4203339368e-02 3.3265270293e-02 3.5193622112e-02 5.1353639825e-01 4.8646345699e-01 1.0000000000e-03
1.6400000000e+02 3.4207168967e-02 3.2796740532e-02 3.5675648600e-02 5.1008051131e-01 4.8991934380e-01 1.0000000000e-03
1.6500000000e+02 3.4180976450e-02 3.2844286412e-02 3.5556130111e-02 5.0709012335e-01 4.9290973163e-01 1.0000000000e-03
1.6600000000e+02 3.4115910530e-02 3.3378943801e-02 3.4868646413e-02 5.0528970809e-01 4.9471014674e-01 1.0000000000e-03
1.6700000000e+02 3.4042462707e-02 3.4274991602e-02 3.3805146813e-02 5.0510579733e-01 4.9489405733e-01 1.0000000000e-03
1.6800000000e+02 3.4000337124e-02 3.5314045846e-02 3.2651744783e-02 5.0655376957e-01 4.9344608491e-01 1.0000000000e-03
1.6900000000e+02 3.3999864012e-02 3.6213520914e-02 3.1703054905e-02 5.0921897768e-01 4.9078087663e-01 1.0000000000e-03
1.7000000000e+02 3.4012287855e-02 3.6702126265e-02 3.1186100096e-02 5.1235965133e-01 4.8764020282e-01 1.0000000000e-03
1.7100000000e+02 3.3997967839e-02 3.6621194333e-02 3.1211247668e-02 5.1511140631e-01 4.8488844768e-01 1.0000000000e-03
1.7200000000e+02 3.3944580704e-02 3.5992693156e-02 3.1754691154e-02 5.1672805535e-01 4.8327179848e-01 1.0000000000e-03
1.7300000000e+02 3.3877674490e-02 3.5009264946e-02 3.2667476684e-02 5.1678536998e-01 4.8321448369e-01 1.0000000000e-03
1.7400000000e+02 3.3833902329e-02 3.3954896033e-02 3.3705282956e-02 5.1529128641e-01 4.8470856711e-01 1.0000000000e-03
1.7500000000e+02 3.3824570477e-02 3.3103562891e-02 3.4583084285e-02 5.1266923085e-01 4.8733062254e-01 1.0000000000e-03
1.7600000000e+02 3.3825475723e-02 3.2647073269e-02 3.5050161183e-02 5.0962742170e-01 4.9037243158e-01 1.0000000000e-03
1.7700000000e+02 3.3802736551e-02 3.2670464367e-02 3.4967020154e-02 5.0696697783e-01 4.9303287534e-01 1.0000000000e-03
1.7800000000e+02 3.3748023212e-02 3.3154334873e-02 3.4354638308e-02 5.0538127730e-01 4.9461857574e-01 1.0000000000e-03
1.7900000000e+02 3.3686846495e-02 3.3977221698e-02 3.3390283585e-02 5.0527876614e-01 4.9472108676e-01 1.0000000000e-03
1.8000000000e+02 3.3652324229e-02 3.4922834486e-02 3.2347496599e-02 5.0666505247e-01 4.9333480027e-01 1.0000000000e-03
1.8100000000e+02 3.3651508391e-02 3.5718146712e-02 3.1508002430e-02 5.0912986867e-01 4.9086998392e-01 1.0000000000e-03
1.8200000000e+02 3.3658452332e-02 3.6114782095e-02 3.1081719324e-02 5.1196190715e-01 4.8803794530e-01 1.0000000000e-03
1.8300000000e+02 3.3640827984e-02 3.5984285176e-02 3.1158803031e-02 5.1435914024e-01 4.8564071207e-01 1.0000000000e-03
1.8400000000e+02 3.3592186868e-02 3.5370532423e-02 3.1698852777e-02 5.1566044312e-01 4.8433940905e-01 1.0000000000e-03
1.8500000000e+02 3.3537000418e-02 3.4466739744e-02 3.2547682524e-02 5.1552621518e-01 4.8447363686e-01 1.0000000000e-03
1.8600000000e+02 3.3504217863e-02 3.3536247909e-02 3.3470347524e-02 5.1402276074e-01 4.8597709116e-01 1.0000000000e-03
1.8700000000e+02 3.3497378230e-02 3.2824117690e-02 3.4202605486e-02 5.1159216527e-01 4.8840768652e-01 1.0000000000e-03
1.8800000000e+02 3.3492274582e-02 3.2497253269e-02 3.4523461014e-02 5.0892131352e-01 4.9107853817e-01 1.0000000000e-03
1.8900000000e+02 3.3463593572e-02 3.2620433718e-02 3.4329850227e-02 5.0675254363e-01 4.9324730796e-01 1.0000000000e-03
1.9000000000e+02 3.3412273973e-02 3.3152297139e-02 3.3678237349e-02 5.0568379389e-01 4.9431605758e-01 1.0000000000e-03
1.9100000000e+02 3.3364340663e-02 3.3947978169e-02 3.2766528428e-02 5.0600085878e-01 4.9399899255e-01 1.0000000000e-03
1.9200000000e+02 3.3343266696e-02 3.4779109061e-02 3.1863179058e-02 5.0758851258e-01 4.9241133861e-01 1.0000000000e-03
1.9300000000e+02 3.3345129341e-02 3.5389788449e-02 3.1217351556e-02 5.0996177769e-01 4.9003807337e-01 1.0000000000e-03
1.9400000000e+02 3.3343054354e-02 3.5582669079e-02 3.0989393592e-02 5.1241544406e-01 4.8758440687e-01 1.0000000000e-03
1.9500000000e+02 3.3315557986e-02 3.5295810550e-02 3.1219229102e-02 5.1423829746e-01 4.8576155334e-01 1.0000000000e-03
1.9600000000e+02 3.3268243074e-02 3.4624844790e-02 3.1828202307e-02 5.1491868429e-01 4.8508116639e-01 1.0000000000e-03
1.9700000000e+02 3.3226333559e-02 3.3779505640e-02 3.2640635967e-02 5.1428413073e-01 4.8571571982e-01 1.0000000000e-03
1.9800000000e+02 3.3207058907e-02 3.3004388213e-02 3.3420167863e-02 5.1254273883e-01 4.8745711161e-01 1.0000000000e-03
1.9900000000e+02 3.3201694489e-02 3.2504472882e-02 3.3928014338e-02 5.1021703793e-01 4.8978281242e-01 1.0000000000e-03
2.0000000000e+02 3.3186335117e-02 3.2398771495e-02 3.3999487758e-02 5.0798993655e-01 4.9200991370e-01 1.0000000000e-03
2.0100000000e+02 3.3148970455e-02 3.2701902092e-02 3.3607840538e-02 5.0650782434e-01 4.9349202580e-01 1.0000000000e-03
2.0200000000e+02 3.3102836460e-02 3.3322557807e-02 3.2877612859e-02 5.0619309458e-01 4.9380675545e-01 1.0000000000e-03
2.0300000000e+02 3.3071834594e-02 3.4077610821e-02 3.2037023455e-02 5.0711699645e-01 4.9288285344e-01 1.0000000000e-03
2.0400000000e+02 3.3064223826e-02 3.4733373672e-02 3.1334042549e-02 5.0897791187e-01 4.9102193790e-01 1.0000000000e-03
2.0500000000e+02 3.3063780516e-02 3.5076744854e-02 3.0958589166e-02 5.1119825821e-01 4.8880159144e-01 1.0000000000e-03
2.0600000000e+02 3.3047605306e-02 3.4993086010e-02 3.0997395515e-02 5.1310589923e-01 4.8689395030e-01 1.0000000000e-03
2.0700000000e+02 3.3010553569e-02 3.4510757774e-02 3.1423062086e-02 5.1413681267e-01 4.8586303674e-01 1.0000000000e-03
2.0800000000e+02 3.2969627529e-02 3.3786814660e-02 3.2105371356e-02 5.1399902856e-01 4.8600082074e-01 1.0000000000e-03
2.0900000000e+02 3.2944168895e-02 3.3044110984e-02 3.2839003950e-02 5.1275477788e-01 4.8724507131e-01 1.0000000000e-03
2.1000000000e+02 3.2934535295e-02 3.2495006919e-02 3.3393476158e-02 5.1079748207e-01 4.8920236702e-01 1.0000000000e-03
2.1100000000e+02 3.2922789454e-02 3.2283008099e-02 3.3585313708e-02 5.0872915895e-01 4.9127069005e-01 1.0000000000e-03
2.1200000000e+02 3.2893951982e-02 3.2453056425e-02 3.3347699791e-02 5.0717642318e-01 4.9282342572e-01 1.0000000000e-03
2.1300000000e+02 3.2853450626e-02 3.2945521176e-02 3.2758928835e-02 5.0660076692e-01 4.9339908187e-01 1.0000000000e-03
2.1400000000e+02 3.2820925117e-02 3.3608417958e-02 3.2010566443e-02 5.0715820470e-01 4.9284164397e-01 1.0000000000e-03
2.1500000000e+02 3.2807920128e-02 3.4232173115e-02 3.1333513558e-02 5.0865287669e-01 4.9134697186e-01 1.0000000000e-03
2.1600000000e+02 3.2804895192e-02 3.4610509872e-02 3.0921055004e-02 5.1060260215e-01 4.8939724629e-01 1.0000000000e-03
2.1700000000e+02 3.2792087644e-02 3.4613322467e-02 3.0878277496e-02 5.1239387892e-01 4.8760596940e-01 1.0000000000e-03
2.1800000000e+02 3.2761372626e-02 3.4238018095e-02 3.1202955171e-02 5.1347341472e-01 4.8652643349e-01 1.0000000000e-03
2.1900000000e+02 3.2724410295e-02 3.3609777689e-02 3.1789854169e-02 5.1351745206e-01 4.8648239604e-01 1.0000000000e-03
2.2000000000e+02 3.2698318362e-02 3.2930243760e-02 3.2454472035e-02 5.1252952403e-01 4.8747032397e-01 1.0000000000e-03
2.2100000000e+02 3.2686024904e-02 3.2403808087e-02 3.2980754972e-02 5.1083536902e-01 4.8916447889e-01 1.0000000000e-03
2.2200000000e+02 3.2673761249e-02 3.2175563276e-02 3.3190183342e-02 5.0897571468e-01 4.9102413313e-01 1.0000000000e-03
2.2300000000e+02 3.2648157328e-02 3.2297611237e-02 3.3009439707e-02 5.0753314972e-01 4.9246669800e-01 1.0000000000e-03
2.2400000000e+02 3.2612316310e-02 3.2721530646e-02 3.2500028610e-02 5.0694963443e-01 4.9305021319e-01 1.0000000000e-03
2.2500000000e+02 3.2582260668e-02 3.3310484141e-02 3.1832203269e-02 5.0738931150e-01 4.9261053601e-01 1.0000000000e-03
2.2600000000e+02 3.2568182796e-02 3.3871907741e-02 3.1218353659e-02 5.0868873725e-01 4.9131111014e-01 1.0000000000e-03
2.2700000000e+02 3.2562516630e-02 3.4213948995e-02 3.0840843916e-02 5.1041236625e-01 4.8958748102e-01 1.0000000000e-03
2.2800000000e+02 3.2548815012e-02 3.4214396030e-02 3.0801355839e-02 5.1199590099e-01 4.8800394618e-01 1.0000000000e-03
2.2900000000e+02 3.2520484179e-02 3.3870290965e-02 3.1099023297e-02 5.1292905407e-01 4.8707079299e-01 1.0000000000e-03
2.3000000000e+02 3.2487526536e-02 3.3299241215e-02 3.1632762402e-02 5.1291938995e-01 4.8708045701e-01 1.0000000000e-03
2.3100000000e+02 3.2463870943e-02 3.2689809799e-02 3.2226841897e-02 5.1198402960e-01 4.8801581726e-01 1.0000000000e-03
2.3200000000e+02 3.2450899482e-02 3.2230619341e-02 3.2680582255e-02 5.1043902017e-01 4.8956082659e-01 1.0000000000e-03
2.3300000000e+02 3.2436650246e-02 3.2051473856e-02 3.2835625112e-02 5.0879086773e-01 4.9120897894e-01 1.0000000000e-03
2.3400000000e+02 3.2411079854e-02 3.2192490995e-02 3.2636396587e-02 5.0756940618e-01 4.9243044040e-01 1.0000000000e-03
2.3500000000e+02 3.2378628850e-02 3.2598685473e-02 3.2152194530e-02 5.0715723375e-01 4.9284261273e-01 1.0000000000e-03
2.3600000000e+02 3.2352924347e-02 3.3133603632e-02 3.1547937542e-02 5.0766725099e-01 4.9233259538e-01 1.0000000000e-03
2.3700000000e+02 3.2340303063e-02 3.3614158630e-02 3.1020246446e-02 5.0890712113e-01 4.9109272513e-01 1.0000000000e-03
2.3800000000e+02 3.2332208008e-02 3.3868491650e-02 3.0730372295e-02 5.1044532856e-01 4.8955451759e-01 1.0000000000e-03
2.3900000000e+02 3.2315418124e-02 3.3801466227e-02 3.0757805333e-02 5.1175804847e-01 4.8824179758e-01 1.0000000000e-03
2.4000000000e+02 3.2287426293e-02 3.3434581012e-02 3.1081903726e-02 5.1240555043e-01 4.8759429551e-01 1.0000000000e-03
2.4100000000e+02 3.2258547843e-02 3.2896008343e-02 3.1589269638e-02 5.1217819448e-01 4.8782165136e-01 1.0000000000e-03
2.4200000000e+02 3.2238759100e-02 3.2366238534e-02 3.2105468214e-02 5.1116260349e-01 4.8883724225e-01 1.0000000000e-03
2.4300000000e+02 3.2225660980e-02 3.2010931522e-02 3.2448902726e-02 5.0970661132e-01 4.9029323434e-01 1.0000000000e-03
2.4400000000e+02 3.2208353281e-02 3.1930785626e-02 3.2495301217e-02 5.0829783147e-01 4.9170201411e-01 1.0000000000e-03
2.4500000000e+02 3.2181635499e-02 3.2138139009e-02 3.2226454467e-02 5.0739943494e-01 4.9260041054e-01 1.0000000000e-03
2.4600000000e+02 3.2152801752e-02 3.2556138933e-02 3.1737532467e-02 5.0729609869e-01 4.9270374669e-01 1.0000000000e-03
2.4700000000e+02 3.2132603228e-02 3.3037900925e-02 3.1197877601e-02 5.0799872260e-01 4.9200112267e-01 1.0000000000e-03
2.4800000000e+02 3.2121844590e-02 3.3409383148e-02 3.0785813928e-02 5.0924227332e-01 4.9075757185e-01 1.0000000000e-03
2.4900000000e+02 3.2110393047e-02 3.3530946821e-02 3.0628431588e-02 5.1057999494e-01 4.8941985012e-01 1.0000000000e-03
2.5000000000e+02 3.2089542598e-02 3.3354032785e-02 3.0765313655e-02 5.1154065976e-01 4.8845918521e-01 1.0000000000e-03
2.5100000000e+02 3.2062135637e-02 3.2941542566e-02 3.1140251085e-02 5.1179204851e-01 4.8820779635e-01 1.0000000000e-03
2.5200000000e+02 3.2038271427e-02 3.2439012080e-02 3.1619090587e-02 5.1125281841e-01 4.8874702635e-01 1.0000000000e-03
2.5300000000e+02 3.2022275031e-02 3.2014988363e-02 3.2029867172e-02 5.1011591284e-01 4.8988393184e-01 1.0000000000e-03
2.5400000000e+02 3.2007772475e-02 3.1801655889e-02 3.2221265137e-02 5.0877661143e-01 4.9122323316e-01 1.0000000000e-03
2.5500000000e+02 3.1986594200e-02 3.1856950372e-02 3.2120298594e-02 5.0769312854e-01 4.9230671595e-01 1.0000000000e-03
2.5600000000e+02 3.1959734857e-02 3.2151103020e-02 3.1762760133e-02 5.0722760958e-01 4.9277223482e-01 1.0000000000e-03
2.5700000000e+02 3.1936220825e-02 3.2575130463e-02 3.1277809292e-02 5.0752070707e-01 4.9247913723e-01 1.0000000000e-03
2.5800000000e+02 3.1921543181e-02 3.2971967012e-02 3.0835049227e-02 5.0844314458e-01 4.9155669962e-01 1.0000000000e-03
2.5900000000e+02 3.1910628080e-02 3.3190097660e-02 3.0580835417e-02 5.0964463038e-01 4.9035521372e-01 1.0000000000e-03
2.6000000000e+02 3.1894195825e-02 3.3142942935e-02 3.0590938404e-02 5.1068223757e-01 4.8931760642e-01 1.0000000000e-03
2.6100000000e+02 3.1870238483e-02 3.2845232636e-02 3.0850654468e-02 5.1117970977e-01 4.8882013413e-01 1.0000000000e-03
2.6200000000e+02 3.1845834106e-02 3.2405305654e-02 3.1261295080e-02 5.1096016935e-01 4.8903967445e-01 1.0000000000e-03
2.6300000000e+02 3.1827542931e-02 3.1978145242e-02 3.1670741737e-02 5.1010562833e-01 4.8989421538e-01 1.0000000000e-03
2.6400000000e+02 3.1813040376e-02 3.1705632806e-02 3.1924363226e-02 5.0892318085e-01 4.9107666277e-01 1.0000000000e-03
2.6500000000e+02 3.1794879586e-02 3.1670227647e-02 3.1923510134e-02 5.0783171387e-01 4.9216812966e-01 1.0000000000e-03
2.6600000000e+02 3.1770873815e-02 3.1872261316e-02 3.1666528434e-02 5.0721043009e-01 4.9278941335e-01 1.0000000000e-03
2.6700000000e+02 3.1747210771e-02 3.2230958343e-02 3.1249213964e-02 5.0726264760e-01 4.9273719574e-01 1.0000000000e-03
2.6800000000e+02 3.1730331481e-02 3.2608717680e-02 3.0823592097e-02 5.0794348540e-01 4.9205635785e-01 1.0000000000e-03
2.6900000000e+02 3.1718440354e-02 3.2857775688e-02 3.0537446961e-02 5.0897917883e-01 4.9102066432e-01 1.0000000000e-03
2.7000000000e+02 3.1703762710e-02 3.2877150923e-02 3.0482634902e-02 5.0997087090e-01 4.9002897215e-01 1.0000000000e-03
2.7100000000e+02 3.1682491302e-02 3.2655414194e-02 3.0667666346e-02 5.1054330437e-01 4.8945653859e-01 1.0000000000e-03
2.7200000000e+02 3.1659230590e-02 3.2274764031e-02 3.1017346308e-02 5.1048231064e-01 4.8951753222e-01 1.0000000000e-03
2.7300000000e+02 3.1640283763e-02 3.1874097884e-02 3.1397126615e-02 5.0981099751e-01 4.9018884525e-01 1.0000000000e-03
2.7400000000e+02 3.1625311822e-02 3.1592834741e-02 3.1658958644e-02 5.0877761949e-01 4.9122222319e-01 1.0000000000e-03
2.7500000000e+02 3.1608328223e-02 3.1521119177e-02 3.1698297709e-02 5.0775971981e-01 4.9224012278e-01 1.0000000000e-03
2.7600000000e+02 3.1586389989e-02 3.1672626734e-02 3.1497668475e-02 5.0712222133e-01 4.9287762118e-01 1.0000000000e-03
2.7700000000e+02 3.1563874334e-02 3.1982079148e-02 3.1133664772e-02 5.0708210111e-01 4.9291774130e-01 1.0000000000e-03
2.7800000000e+02 3.1546615064e-02 3.2326105982e-02 3.0742980540e-02 5.0762895531e-01 4.9237088701e-01 1.0000000000e-03
2.7900000000e+02 3.1533952802e-02 3.2565623522e-02 3.0466470867e-02 5.0853119747e-01 4.9146864475e-01 1.0000000000e-03
2.8000000000e+02 3.1519558281e-02 3.2600585371e-02 3.0396997929e-02 5.0942701552e-01 4.9057282661e-01 1.0000000000e-03
2.8100000000e+02 3.1499780715e-02 3.2412678003e-02 3.0549766496e-02 5.0996368887e-01 4.9003615315e-01 1.0000000000e-03
2.8200000000e+02 3.1478010118e-02 3.2072763890e-02 3.0859161168e-02 5.0993153054e-01 4.9006831139e-01 1.0000000000e-03
2.8300000000e+02 3.1459622085e-02 3.1708415598e-02 3.1201362610e-02 5.0934136962e-01 4.9065847223e-01 1.0000000000e-03
2.8400000000e+02 3.1444516033e-02 3.1450461596e-02 3.1438373029e-02 5.0841683576e-01 4.9158300600e-01 1.0000000000e-03
2.8500000000e+02 3.1427793205e-02 3.1384337693e-02 3.1472586095e-02 5.0750494641e-01 4.9249489527e-01 1.0000000000e-03
2.8600000000e+02 3.1407088041e-02 3.1522914767e-02 3.1288005412e-02 5.0694144100e-01 4.9305840059e-01 1.0000000000e-03
2.8700000000e+02 3.1386133283e-02 3.1803965569e-02 3.0956581235e-02 5.0692238200e-01 4.9307745950e-01 1.0000000000e-03
2.8800000000e+02 3.1369637698e-02 3.2110862434e-02 3.0606059358e-02 5.0742981431e-01 4.9257002709e-01 1.0000000000e-03
2.8900000000e+02 3.1356692314e-02 3.2314952463e-02 3.0366325751e-02 5.0824121759e-01 4.9175862372e-01 1.0000000000e-03
2.9000000000e+02 3.1341940165e-02 3.2327555120e-02 3.0320120975e-02 5.0901924929e-01 4.9098059192e-01 1.0000000000e-03
2.9100000000e+02 3.1322795898e-02 3.2139018178e-02 3.0475152656e-02 5.0944598146e-01 4.9055385966e-01 1.0000000000e-03
2.9200000000e+02 3.1302563846e-02 3.1822148710e-02 3.0763195828e-02 5.0934738227e-01 4.9065245877e-01 1.0000000000e-03
2.9300000000e+02 3.1285375357e-02 3.1498502940e-02 3.1064651906e-02 5.0875936646e-01 4.9124047449e-01 1.0000000000e-03
2.9400000000e+02 3.1270388514e-02 3.1286645681e-02 3.1253617257e-02 5.0790982754e-01 4.9209001332e-01 1.0000000000e-03
2.9500000000e+02 3.1253494322e-02 3.1257525086e-02 3.1249351799e-02 5.0712537469e-01 4.9287446608e-01 1.0000000000e-03
2.9600000000e+02 3.1233593822e-02 3.1411197037e-02 3.1051175669e-02 5.0670101977e-01 4.9329882092e-01 1.0000000000e-03
2.9700000000e+02 3.1214460731e-02 3.1677883118e-02 3.0738301575e-02 5.0678358427e-01 4.9321625633e-01 1.0000000000e-03
2.9800000000e+02 3.1199332327e-02 3.1942598522e-02 3.0434003100e-02 5.0731448151e-01 4.9268535900e-01 1.0000000000e-03
2.9900000000e+02 3.1186256558e-02 3.2089784741e-02 3.0253143981e-02 5.0805603960e-01 4.9194380082e-01 1.0000000000e-03
3.0000000000e+02 3.1170766801e-02 3.2052312046e-02 3.0258050188e-02 5.0869020545e-01 4.9130963487e-01 1.0000000000e-03
3.0100000000e+02 3.1152002513e-02 3.1841360033e-02 3.0437532812e-02 5.0894822565e-01 4.9105161459e-01 1.0000000000e-03
3.0200000000e+02 3.1133472919e-02 3.1540516764e-02 3.0711989850e-02 5.0871885162e-01 4.9128098853e-01 1.0000000000e-03
3.0300000000e+02 3.1117685139e-02 3.1266961247e-02 3.0963506550e-02 5.0809077360e-01 4.9190906647e-01 1.0000000000e-03
3.0400000000e+02 3.1102718785e-02 3.1121933833e-02 3.1082943082e-02 5.0731302878e-01 4.9268681120e-01 1.0000000000e-03
3.0500000000e+02 3.1085427850e-02 3.1152451411e-02 3.1016593799e-02 5.0669098252e-01 4.9330885738e-01 1.0000000000e-03
3.0600000000e+02 3.1066484749e-02 3.1335607171e-02 3.0790325254e-02 5.0646072825e-01 4.9353911156e-01 1.0000000000e-03
3.0700000000e+02 3.1049499288e-02 3.1587619334e-02 3.0496785417e-02 5.0669315603e-01 4.9330668370e-01 1.0000000000e-03
3.0800000000e+02 3.1035758555e-02 3.1795796007e-02 3.0253315344e-02 5.0726678362e-01 4.9273305602e-01 1.0000000000e-03
3.0900000000e+02 3.1022232026e-02 3.1865041703e-02 3.0152300373e-02 5.0792095374e-01 4.9207888581e-01 1.0000000000e-03
3.1000000000e+02 3.1005918980e-02 3.1760219485e-02 3.0225956813e-02 5.0836643464e-01 4.9163340482e-01 1.0000000000e-03
3.1100000000e+02 3.0987866223e-02 3.1521964818e-02 3.0435513705e-02 5.0840655454e-01 4.9159328484e-01 1.0000000000e-03
3.1200000000e+02 3.0971281230e-02 3.1246701255e-02 3.0686894432e-02 5.0801783210e-01 4.9198200719e-01 1.0000000000e-03
3.1300000000e+02 3.0956627801e-02 3.1042527407e-02 3.0868168920e-02 5.0735685530e-01 4.9264298391e-01 1.0000000000e-03
3.1400000000e+02 3.0941242352e-02 3.0984217301e-02 3.0897106975e-02 5.0669154667e-01 4.9330829246e-01 1.0000000000e-03
3.1500000000e+02 3.0923768878e-02 3.1084975228e-02 3.0758466572e-02 5.0628636389e-01 4.9371347516e-01 1.0000000000e-03
3.1600000000e+02 3.0906433240e-02 3.1293008476e-02 3.0510017648e-02 5.0629117601e-01 4.9370866295e-01 1.0000000000e-03
3.1700000000e+02 3.0891757458e-02 3.1511627138e-02 3.0255114660e-02 5.0667919339e-01 4.9332064548e-01 1.0000000000e-03
3.1800000000e+02 3.0878741294e-02 3.1638782471e-02 3.0096311122e-02 5.0726053198e-01 4.9273930681e-01 1.0000000000e-03
3.1900000000e+02 3.0864242464e-02 3.1612459570e-02 3.0092427507e-02 5.0776616552e-01 4.9223367319e-01 1.0000000000e-03
3.2000000000e+02 3.0847543851e-02 3.1439594924e-02 3.0236333609e-02 5.0796501147e-01 4.9203482715e-01 1.0000000000e-03
3.2100000000e+02 3.0830979347e-02 3.1191322953e-02 3.0459284782e-02 5.0776220119e-01 4.9223763735e-01 1.0000000000e-03
3.2200000000e+02 3.0816245824e-02 3.0969429761e-02 3.0658571050e-02 5.0723817866e-01 4.9276165980e-01 1.0000000000e-03
3.2300000000e+02 3.0801855028e-02 3.0860291794e-02 3.0741866678e-02 5.0661047357e-01 4.9338936480e-01 1.0000000000e-03
3.2400000000e+02 3.0785866082e-02 3.0900100246e-02 3.0668800697e-02 5.0613725604e-01 4.9386258226e-01 1.0000000000e-03
3.2500000000e+02 3.0769132078e-02 3.1061740592e-02 3.0469421297e-02 5.0600483875e-01 4.9399499947e-01 1.0000000000e-03
3.2600000000e+02 3.0754130334e-02 3.1266033649e-02 3.0229285359e-02 5.0624729556e-01 4.9375254258e-01 1.0000000000e-03
3.2700000000e+02 3.0741134658e-02 3.1414832920e-02 3.0049053952e-02 5.0673359950e-01 4.9326623855e-01 1.0000000000e-03
3.2800000000e+02 3.0727695674e-02 3.1434789300e-02 2.9999865219e-02 5.0722807703e-01 4.9277176094e-01 1.0000000000e-03
3.2900000000e+02 3.0712276697e-02 3.1311605126e-02 3.0094712973e-02 5.0749611359e-01 4.9250372430e-01 1.0000000000e-03
3.3000000000e+02 3.0696332455e-02 3.1096268445e-02 3.0284378678e-02 5.0740785045e-01 4.9259198736e-01 1.0000000000e-03
3.3100000000e+02 3.0681747943e-02 3.0879599974e-02 3.0478293076e-02 5.0699407862e-01 4.9300575911e-01 1.0000000000e-03
3.3200000000e+02 3.0667917803e-02 3.0749831349e-02 3.0583878979e-02 5.0642994901e-01 4.9356988864e-01 1.0000000000e-03
3.3300000000e+02 3.0653014779e-02 3.0754154548e-02 3.0549447984e-02 5.0595390721e-01 4.9404593037e-01 1.0000000000e-03
3.3400000000e+02 3.0637171119e-02 3.0880708247e-02 3.0387967825e-02 5.0576062273e-01 4.9423921477e-01 1.0000000000e-03
3.3500000000e+02 3.0622435734e-02 3.1063981354e-02 3.0170328915e-02 5.0591425129e-01 4.9408558613e-01 1.0000000000e-03
3.3600000000e+02 3.0609533191e-02 3.1212829053e-02 2.9990797862e-02 5.0632115016e-01 4.9367868718e-01 1.0000000000e-03
3.3700000000e+02 3.0596680939e-02 3.1252145767e-02 2.9923219234e-02 5.0677518830e-01 4.9322464896e-01 1.0000000000e-03
3.3800000000e+02 3.0582260340e-02 3.1158043072e-02 2.9990015551e-02 5.0705274258e-01 4.9294709460e-01 1.0000000000e-03
3.3900000000e+02 3.0567128211e-02 3.0969517305e-02 3.0153296888e-02 5.0701514887e-01 4.9298468823e-01 1.0000000000e-03
3.4000000000e+02 3.0552987009e-02 3.0768064782e-02 3.0332101509e-02 5.0667038686e-01 4.9332945016e-01 1.0000000000e-03
3.4100000000e+02 3.0539613217e-02 3.0638158321e-02 3.0438616872e-02 5.0616669293e-01 4.9383314402e-01 1.0000000000e-03
3.4200000000e+02 3.0525483191e-02 3.0629441142e-02 3.0419126153e-02 5.0572226761e-01 4.9427756926e-01 1.0000000000e-03
3.4300000000e+02 3.0510518700e-02 3.0736116692e-02 3.0279889703e-02 5.0552389104e-01 4.9447594576e-01 1.0000000000e-03
3.4400000000e+02 3.0496375635e-02 3.0900061131e-02 3.0083488673e-02 5.0564099586e-01 4.9435884086e-01 1.0000000000e-03
3.4500000000e+02 3.0483791605e-02 3.1037185341e-02 2.9916973785e-02 5.0599578466e-01 4.9400405198e-01 1.0000000000e-03
3.4600000000e+02 3.0471350998e-02 3.1075946987e-02 2.9851080850e-02 5.0640138893e-01 4.9359844763e-01 1.0000000000e-03
3.4700000000e+02 3.0457645655e-02 3.0992288142e-02 2.9908597469e-02 5.0665095836e-01 4.9334887813e-01 1.0000000000e-03
3.4800000000e+02 3.0443329364e-02 3.0821349472e-02 3.0055180192e-02 5.0661513554e-01 4.9338470087e-01 1.0000000000e-03
3.4900000000e+02 3.0429806560e-02 3.0638556927e-02 3.0215736479e-02 5.0630101768e-01 4.9369881866e-01 1.0000000000e-03
3.5000000000e+02 3.0416898429e-02 3.0522339046e-02 3.0308976769e-02 5.0584627973e-01 4.9415355653e-01 1.0000000000e-03
3.5100000000e+02 3.0403347686e-02 3.0518064275e-02 3.0286110938e-02 5.0545238150e-01 4.9454745469e-01 1.0000000000e-03
3.5200000000e+02 3.0389185995e-02 3.0618101358e-02 3.0155388638e-02 5.0528782138e-01 4.9471201474e-01 1.0000000000e-03
3.5300000000e+02 3.0375815928e-02 3.0766423792e-02 2.9976673424e-02 5.0540910507e-01 4.9459073097e-01 1.0000000000e-03
3.5400000000e+02 3.0363708735e-02 3.0884368345e-02 2.9830975458e-02 5.0573567109e-01 4.9426416488e-01 1.0000000000e-03
3.5500000000e+02 3.0351586640e-02 3.0908100307e-02 2.9781358317e-02 5.0609038035e-01 4.9390945554e-01 1.0000000000e-03
3.5600000000e+02 3.0338410288e-02 3.0820747837e-02 2.9843797907e-02 5.0628654061e-01 4.9371329521e-01 1.0000000000e-03
3.5700000000e+02 3.0324883759e-02 3.0659964308e-02 2.9981376603e-02 5.0621738736e-01 4.9378244839e-01 1.0000000000e-03
3.5800000000e+02 3.0312072486e-02 3.0498238280e-02 3.0121468008e-02 5.0590640583e-01 4.9409342985e-01 1.0000000000e-03
3.5900000000e+02 3.0299611390e-02 3.0406119302e-02 3.0190747231e-02 5.0549346588e-01 4.9450636972e-01 1.0000000000e-03
3.6000000000e+02 3.0286550522e-02 3.0418895185e-02 3.0151452869e-02 5.0516488100e-01 4.9483495453e-01 1.0000000000e-03
3.6100000000e+02 3.0273161829e-02 3.0521152541e-02 3.0020108446e-02 5.0506218839e-01 4.9493764707e-01 1.0000000000e-03
3.6200000000e+02 3.0260633677e-02 3.0654847622e-02 2.9858119786e-02 5.0521427284e-01 4.9478556256e-01 1.0000000000e-03
3.6300000000e+02 3.0249048024e-02 3.0746683478e-02 2.9740300030e-02 5.0552473799e-01 4.9447509733e-01 1.0000000000e-03
3.6400000000e+02 3.0237182975e-02 3.0744694173e-02 2.9717724770e-02 5.0582151837e-01 4.9417831688e-01 1.0000000000e-03
3.6500000000e+02 3.0224472284e-02 3.0644774437e-02 2.9794070870e-02 5.0594313033e-01 4.9405670485e-01 1.0000000000e-03
3.6600000000e+02 3.0211735517e-02 3.0491799116e-02 2.9925083742e-02 5.0581781309e-01 4.9418202202e-01 1.0000000000e-03
3.6700000000e+02 3.0199620873e-02 3.0356049538e-02 3.0039723963e-02 5.0549790070e-01 4.9450193434e-01 1.0000000000e-03
3.6800000000e+02 3.0187556520e-02 3.0296767130e-02 3.0076090246e-02 5.0513086399e-01 4.9486897098e-01 1.0000000000e-03
3.6900000000e+02 3.0174935237e-02 3.0334420502e-02 3.0012311414e-02 5.0488465123e-01 4.9511518368e-01 1.0000000000e-03
3.7000000000e+02 3.0162367970e-02 3.0441468582e-02 2.9877791181e-02 5.0486342270e-01 4.9513641214e-01 1.0000000000e-03
3.7100000000e+02 3.0150692910e-02 3.0556488782e-02 2.9736617580e-02 5.0505697662e-01 4.9494285815e-01 1.0000000000e-03
3.7200000000e+02 3.0139550567e-02 3.0614307150e-02 2.9654538259e-02 5.0534751018e-01 4.9465232452e-01 1.0000000000e-03
3.7300000000e+02 3.0127888545e-02 3.0579475686e-02 2.9666135088e-02 5.0557076496e-01 4.9442906967e-01 1.0000000000e-03
3.7400000000e+02 3.0115675181e-02 3.0464949086e-02 2.9758496210e-02 5.0560020652e-01 4.9439962804e-01 1.0000000000e-03
3.7500000000e+02 3.0103730038e-02 3.0324146152e-02 2.9878500849e-02 5.0541029852e-01 4.9458953597e-01 1.0000000000e-03
3.7600000000e+02 3.0092213303e-02 3.0222326517e-02 2.9959434643e-02 5.0508767523e-01 4.9491215920e-01 1.0000000000e-03
3.7700000000e+02 3.0080458149e-02 3.0202802271e-02 2.9955759645e-02 5.0478422560e-01 4.9521560876e-01 1.0000000000e-03
3.7800000000e+02 3.0068360269e-02 3.0266886577e-02 2.9866123572e-02 5.0463902512e-01 4.9536080917e-01 1.0000000000e-03
3.7900000000e+02 3.0056677759e-02 3.0373757705e-02 2.9733581468e-02 5.0470764172e-01 4.9529219251e-01 1.0000000000e-03
3.8000000000e+02 3.0045757070e-02 3.0460782349e-02 2.9622469097e-02 5.0493449551e-01 4.9506533865e-01 1.0000000000e-03
3.8100000000e+02 3.0034879223e-02 3.0476324260e-02 2.9584193602e-02 5.0518373062e-01 4.9481610347e-01 1.0000000000e-03
3.8200000000e+02 3.0023444444e-02 3.0407037586e-02 2.9631623998e-02 5.0531111101e-01 4.9468872302e-01 1.0000000000e-03
3.8300000000e+02 3.0011836439e-02 3.0284404755e-02 2.9733503237e-02 5.0523893912e-01 4.9476089485e-01 1.0000000000e-03
3.8400000000e+02 3.0000634491e-02 3.0166827142e-02 2.9831096530e-02 5.0499482202e-01 4.9500501188e-01 1.0000000000e-03
3.8500000000e+02 2.9989536852e-02 3.0108185485e-02 2.9868649319e-02 5.0469502202e-01 4.9530481182e-01 1.0000000000e-03
3.8600000000e+02 2.9978094622e-02 3.0130932108e-02 2.9822500423e-02 5.0448273748e-01 4.9551709630e-01 1.0000000000e-03
3.8700000000e+02 2.9966663569e-02 3.0214890838e-02 2.9713986441e-02 5.0445237104e-01 4.9554746268e-01 1.0000000000e-03
3.8800000000e+02 2.9955867678e-02 3.0308151618e-02 2.9597049579e-02 5.0460064827e-01 4.9539918538e-01 1.0000000000e-03
3.8900000000e+02 2.9945455492e-02 3.0354674906e-02 2.9528260231e-02 5.0483060017e-01 4.9516923341e-01 1.0000000000e-03
3.9000000000e+02 2.9934722930e-02 3.0323866755e-02 2.9537720606e-02 5.0500416826e-01 4.9499566526e-01 1.0000000000e-03
3.9100000000e+02 2.9923640192e-02 3.0227653682e-02 2.9613472521e-02 5.0501691947e-01 4.9498291399e-01 1.0000000000e-03
3.9200000000e+02 2.9912738129e-02 3.0112115666e-02 2.9709463939e-02 5.0485176298e-01 4.9514807041e-01 1.0000000000e-03
3.9300000000e+02 2.9902087525e-02 3.0032463372e-02 2.9769308865e-02 5.0458660062e-01 4.9541323272e-01 1.0000000000e-03
3.9400000000e+02 2.9891263694e-02 3.0023630708e-02 2.9756581411e-02 5.0435129143e-01 4.9564854184e-01 1.0000000000e-03
3.9500000000e+02 2.9880266637e-02 3.0082140118e-02 2.9674937949e-02 5.0425686846e-01 4.9574296476e-01 1.0000000000e-03
3.9600000000e+02 2.9869670048e-02 3.0168881640e-02 2.9565231875e-02 5.0433645375e-01 4.9566337940e-01 1.0000000000e-03
3.9700000000e+02 2.9859565198e-02 3.0229898170e-02 2.9482472688e-02 5.0452865470e-01 4.9547117839e-01 1.0000000000e-03
3.9800000000e+02 2.9849387705e-02 3.0226424336e-02 2.9465185478e-02 5.0471342384e-01 4.9528640918e-01 1.0000000000e-03
3.9900000000e+02 2.9838841408e-02 3.0155086890e-02 2.9516503215e-02 5.0477715482e-01 4.9522267814e-01 1.0000000000e-03
4.0000000000e+02 2.9828310013e-02 3.0050126836e-02 2.9602317140e-02 5.0467477989e-01 4.9532505302e-01 1.0000000000e-03
4.0100000000e+02 2.9818026349e-02 2.9962908477e-02 2.9670551419e-02 5.0445242184e-01 4.9554741100e-01 1.0000000000e-03
4.0200000000e+02 2.9807703570e-02 2.9934002087e-02 2.9679263011e-02 5.0422083096e-01 4.9577900183e-01 1.0000000000e-03
4.0300000000e+02 2.9797187075e-02 2.9971273616e-02 2.9620235786e-02 5.0409327621e-01 4.9590655652e-01 1.0000000000e-03
4.0400000000e+02 2.9786873609e-02 3.0046502128e-02 2.9522934929e-02 5.0412339970e-01 4.9587643296e-01 1.0000000000e-03
4.0500000000e+02 2.9777035117e-02 3.0111433938e-02 2.9436875135e-02 5.0427744751e-01 4.9572238510e-01 1.0000000000e-03
4.0600000000e+02 2.9767272994e-02 3.0123930424e-02 2.9404215515e-02 5.0445421074e-01 4.9554562180e-01 1.0000000000e-03
4.0700000000e+02 2.9757222161e-02 3.0071834102e-02 2.9436850920e-02 5.0454230261e-01 4.9545752987e-01 1.0000000000e-03
4.0800000000e+02 2.9747091234e-02 2.9979590327e-02 2.9510393739e-02 5.0448241311e-01 4.9551741932e-01 1.0000000000e-03
4.0900000000e+02 2.9737155885e-02 2.9893053696e-02 2.9578566551e-02 5.0429856437e-01 4.9570126800e-01 1.0000000000e-03
4.1000000000e+02 2.9727246612e-02 2.9853748158e-02 2.9598673806e-02 5.0408321922e-01 4.9591661310e-01 1.0000000000e-03
4.1100000000e+02 2.9717162251e-02 2.9876166955e-02 2.9555635527e-02 5.0394455206e-01 4.9605528020e-01 1.0000000000e-03
4.1200000000e+02 2.9707204551e-02 2.9940094799e-02 2.9470620677e-02 5.0394519733e-01 4.9605463487e-01 1.0000000000e-03
4.1300000000e+02 2.9697638005e-02 3.0002797022e-02 2.9387481511e-02 5.0406869623e-01 4.9593113592e-01 1.0000000000e-03
4.1400000000e+02 2.9688218608e-02 3.0022474006e-02 2.9348270968e-02 5.0422960870e-01 4.9577022338e-01 1.0000000000e-03
4.1500000000e+02 2.9678581282e-02 2.9983146116e-02 2.9368713498e-02 5.0432425800e-01 4.9567557403e-01 1.0000000000e-03
4.1600000000e+02 2.9668852687e-02 2.9902083799e-02 2.9431596398e-02 5.0428829953e-01 4.9571153244e-01 1.0000000000e-03
4.1700000000e+02 2.9659248888e-02 2.9820416123e-02 2.9495406896e-02 5.0413342613e-01 4.9586640578e-01 1.0000000000e-03
4.1800000000e+02 2.9649699107e-02 2.9778080061e-02 2.9519287869e-02 5.0393829063e-01 4.9606154123e-01 1.0000000000e-03
4.1900000000e+02 2.9640026391e-02 2.9792029411e-02 2.9485706240e-02 5.0380283271e-01 4.9619699910e-01 1.0000000000e-03
4.2000000000e+02 2.9630418867e-02 2.9846960679e-02 2.9410582036e-02 5.0379074608e-01 4.9620908567e-01 1.0000000000e-03
4.2100000000e+02 2.9621146619e-02 2.9904207215e-02 2.9333651066e-02 5.0389324362e-01 4.9610658807e-01 1.0000000000e-03
4.2200000000e+02 2.9612027109e-02 2.9925385490e-02 2.9293576255e-02 5.0403736253e-01 4.9596246911e-01 1.0000000000e-03
4.2300000000e+02 2.9602754861e-02 2.9892362654e-02 2.9308339581e-02 5.0412687462e-01 4.9587295696e-01 1.0000000000e-03
4.2400000000e+02 2.9593374580e-02 2.9820224270e-02 2.9362780973e-02 5.0410064373e-01 4.9589918780e-01 1.0000000000e-03
4.2500000000e+02 2.9584106058e-02 2.9744796455e-02 2.9420856386e-02 5.0396432772e-01 4.9603550375e-01 1.0000000000e-03
4.2600000000e+02 2.9574885964e-02 2.9705138877e-02 2.9442653060e-02 5.0378977624e-01 4.9621005518e-01 1.0000000000e-03
4.2700000000e+02 2.9565576464e-02 2.9715146869e-02 2.9413808137e-02 5.0366560498e-01 4.9633422638e-01 1.0000000000e-03
4.2800000000e+02 2.9556307942e-02 2.9764398932e-02 2.9345164075e-02 5.0365366120e-01 4.9634617011e-01 1.0000000000e-03
4.2900000000e+02 2.9547341168e-02 2.9814453796e-02 2.9276207089e-02 5.0374372798e-01 4.9625610328e-01 1.0000000000e-03
4.3000000000e+02 2.9538489878e-02 2.9833951965e-02 2.9238425195e-02 5.0387341198e-01 4.9612641922e-01 1.0000000000e-03
4.3100000000e+02 2.9529547319e-02 2.9800707474e-02 2.9254080728e-02 5.0394887547e-01 4.9605095568e-01 1.0000000000e-03
4.3200000000e+02 2.9520483688e-02 2.9737116769e-02 2.9300432652e-02 5.0392381530e-01 4.9607601579e-01 1.0000000000e-03
4.3300000000e+02 2.9511570930e-02 2.9666177928e-02 2.9354607686e-02 5.0379537484e-01 4.9620445620e-01 1.0000000000e-03
4.3400000000e+02 2.9502615333e-02 2.9636116698e-02 2.9367160052e-02 5.0364374555e-01 4.9635608544e-01 1.0000000000e-03
4.3500000000e+02 2.9493708163e-02 2.9641039670e-02 2.9344292358e-02 5.0353090578e-01 4.9646892515e-01 1.0000000000e-03
4.3600000000e+02 2.9484745115e-02 2.9694493860e-02 2.9272019863e-02 5.0353603880e-01 4.9646379209e-01 1.0000000000e-03
4.3700000000e+02 2.9476296157e-02 2.9725825414e-02 2.9223153368e-02 5.0360878833e-01 4.9639104251e-01 1.0000000000e-03
4.3800000000e+02 2.9467757791e-02 2.9755897820e-02 2.9175288975e-02 5.0374051687e-01 4.9625931391e-01 1.0000000000e-03
4.3900000000e+02 2.9459781945e-02 2.9697172344e-02 2.9218794778e-02 5.0377243958e-01 4.9622739115e-01 1.0000000000e-03
4.4000000000e+02 2.9451688752e-02 2.9674589634e-02 2.9225405306e-02 5.0377649807e-01 4.9622333260e-01 1.0000000000e-03
4.4100000000e+02 2.9445767403e-02 2.9559904709e-02 2.9329987243e-02 5.0359404936e-01 4.9640578127e-01 1.0000000000e-03
4.4200000000e+02 2.9441352934e-02 2.9619684443e-02 2.9260484502e-02 5.0353966213e-01 4.9646016845e-01 1.0000000000e-03
4.4300000000e+02 2.9445301741e-02 2.9517194256e-02 2.9372461140e-02 5.0330857242e-01 4.9669125813e-01 1.0000000000e-03
4.4400000000e+02 2.9461808503e-02 2.9762106016e-02 2.9157295823e-02 5.0349095875e-01 4.9650887177e-01 1.0000000000e-03
4.4500000000e+02 2.9519528151e-02 2.9550315812e-02 2.9488356784e-02 5.0319432765e-01 4.9680550287e-01 1.0000000000e-03
4.4600000000e+02 2.9656324536e-02 3.0084133148e-02 2.9222313315e-02 5.0360146825e-01 4.9639836236e-01 1.0000000000e-03
4.4700000000e+02 3.0001290143e-02 2.9580304399e-02 3.0426580459e-02 5.0253616408e-01 4.9746366681e-01 1.0000000000e-03
4.4800000000e+02 3.0734393746e-02 3.0990580097e-02 3.0475435778e-02 5.0270158755e-01 4.9729824398e-01 1.0000000000e-03
4.4900000000e+02 3.2198730856e-02 3.0303865671e-02 3.4089755267e-02 4.9949177503e-01 5.0050805782e-01 1.0000000000e-03
4.5000000000e+02 3.4184999764e-02 3.3471327275e-02 3.4894417971e-02 4.9850179816e-01 5.0149803678e-01 1.0000000000e-03
4.5100000000e+02 3.5602062941e-02 3.1813167036e-02 3.9292138070e-02 4.9339253115e-01 5.0660730623e-01 1.0000000000e-03
4.5200000000e+02 3.3873260021e-02 3.3643048257e-02 3.4097768366e-02 4.9371763841e-01 5.0628220046e-01 1.0000000000e-03
4.5300000000e+02 3.0487492681e-02 3.0311489478e-02 3.0659375712e-02 4.9406057751e-01 5.0593926108e-01 1.0000000000e-03
4.5400000000e+02 2.9465608299e-02 3.0318690464e-02 2.8625771403e-02 4.9609053997e-01 5.0390929780e-01 1.0000000000e-03
4.5500000000e+02 3.1470198184e-02 3.2221630216e-02 3.0725749210e-02 4.9766967743e-01 5.0233016067e-01 1.0000000000e-03
4.5600000000e+02 3.2508727163e-02 3.1176645309e-02 3.3818997443e-02 4.9586998748e-01 5.0412985143e-01 1.0000000000e-03
4.5700000000e+02 3.0569240451e-02 3.1130047515e-02 3.0014699325e-02 4.9719503602e-01 5.0280480264e-01 1.0000000000e-03
4.5800000000e+02 2.9321204871e-02 2.9870526865e-02 2.8775379062e-02 4.9840921875e-01 5.0159061900e-01 1.0000000000e-03
4.5900000000e+02 3.0578978360e-02 2.9926892370e-02 3.1224606559e-02 4.9750722396e-01 5.0249261365e-01 1.0000000000e-03
4.6000000000e+02 3.1215844676e-02 3.1611680984e-02 3.0822560191e-02 4.9838845501e-01 5.0161138283e-01 1.0000000000e-03
4.6100000000e+02 2.9917608947e-02 3.0084356666e-02 2.9751652852e-02 4.9882761414e-01 5.0117222320e-01 1.0000000000e-03
4.6200000000e+02 2.9358087108e-02 3.0111961067e-02 2.8603531420e-02 5.0022936838e-01 4.9977046819e-01 1.0000000000e-03
4.6300000000e+02 3.0334042385e-02 3.1181301922e-02 2.9481325299e-02 5.0160759600e-01 4.9839224043e-01 1.0000000000e-03
4.6400000000e+02 3.0404930934e-02 3.0195249245e-02 3.0615547672e-02 5.0110124945e-01 4.9889858690e-01 1.0000000000e-03
4.6500000000e+02 2.9412552714e-02 3.0048336834e-02 2.8771476820e-02 5.0207651539e-01 4.9792332032e-01 1.0000000000e-03
4.6600000000e+02 2.9508600011e-02 2.9865212739e-02 2.9148446396e-02 5.0247614379e-01 4.9752369140e-01 1.0000000000e-03
4.6700000000e+02 3.0154116452e-02 2.9505463317e-02 3.0805772170e-02 5.0115052245e-01 4.9884931265e-01 1.0000000000e-03
4.6800000000e+02 2.9736507684e-02 3.0105892569e-02 2.9364675283e-02 5.0165864162e-01 4.9834119315e-01 1.0000000000e-03
4.6900000000e+02 2.9249127954e-02 2.9677608982e-02 2.8816821054e-02 5.0222855502e-01 4.9777127918e-01 1.0000000000e-03
4.7000000000e+02 2.9643375427e-02 2.9646534473e-02 2.9640205204e-02 5.0201102893e-01 4.9798880498e-01 1.0000000000e-03
4.7100000000e+02 2.9801093042e-02 3.0445201322e-02 2.9149485752e-02 5.0289702408e-01 4.9710280966e-01 1.0000000000e-03
4.7200000000e+02 2.9350958765e-02 2.9699763283e-02 2.8997665271e-02 5.0320537844e-01 4.9679445489e-01 1.0000000000e-03
4.7300000000e+02 2.9297467321e-02 2.9491854832e-02 2.9100572690e-02 5.0321873364e-01 4.9678109929e-01 1.0000000000e-03
4.7400000000e+02 2.9611164704e-02 2.9799290001e-02 2.9420612380e-02 5.0321657336e-01 4.9678325939e-01 1.0000000000e-03
4.7500000000e+02 2.9482908547e-02 2.9197800905e-02 2.9770787805e-02 5.0240906685e-01 4.9759076567e-01 1.0000000000e-03
4.7600000000e+02 2.9208326712e-02 2.9347205535e-02 2.9068114236e-02 5.0240703693e-01 4.9759279522e-01 1.0000000000e-03
4.7700000000e+02 2.9360217974e-02 2.9644535854e-02 2.9072877020e-02 5.0265311280e-01 4.9734671910e-01 1.0000000000e-03
4.7800000000e+02 2.9482357204e-02 2.9412318021e-02 2.9553040862e-02 5.0226846636e-01 4.9773136539e-01 1.0000000000e-03
4.7900000000e+02 2.9263658449e-02 2.9807090759e-02 2.8713729233e-02 5.0297577558e-01 4.9702405591e-01 1.0000000000e-03
4.8000000000e+02 2.9201889411e-02 2.9709862545e-02 2.8686651960e-02 5.0355427806e-01 4.9644555316e-01 1.0000000000e-03
4.8100000000e+02 2.9358904809e-02 2.9363654554e-02 2.9354102910e-02 5.0320697526e-01 4.9679285580e-01 1.0000000000e-03
4.8200000000e+02 2.9314208776e-02 2.9529236257e-02 2.9096376151e-02 5.0325544235e-01 4.9674438855e-01 1.0000000000e-03
4.8300000000e+02 2.9169425368e-02 2.9198611155e-02 2.9139896855e-02 5.0298021161e-01 4.9701961905e-01 1.0000000000e-03
4.8400000000e+02 2.9216168448e-02 2.9127383605e-02 2.9305865988e-02 5.0252945861e-01 4.9747037187e-01 1.0000000000e-03
4.8500000000e+02 2.9287474230e-02 2.9468236491e-02 2.9104841873e-02 5.0258671034e-01 4.9741312002e-01 1.0000000000e-03
4.8600000000e+02 2.9201935977e-02 2.9328797013e-02 2.9073784128e-02 5.0254635401e-01 4.9745347620e-01 1.0000000000e-03
4.8700000000e+02 2.9138581827e-02 2.9523523524e-02 2.8749071062e-02 5.0295621822e-01 4.9704361180e-01 1.0000000000e-03
4.8800000000e+02 2.9201492667e-02 2.9679212719e-02 2.8717076406e-02 5.0348438689e-01 4.9651544301e-01 1.0000000000e-03
4.8900000000e+02 2.9213707894e-02 2.9328905046e-02 2.9096972197e-02 5.0333442430e-01 4.9666540549e-01 1.0000000000e-03
4.9000000000e+02 2.9132761061e-02 2.9357897118e-02 2.8904559091e-02 5.0339002138e-01 4.9660980827e-01 1.0000000000e-03
4.9100000000e+02 2.9123350978e-02 2.9235918075e-02 2.9009321705e-02 5.0324552984e-01 4.9675429967e-01 1.0000000000e-03
4.9200000000e+02 2.9170144349e-02 2.9025590047e-02 2.9316263273e-02 5.0267185624e-01 4.9732797319e-01 1.0000000000e-03
4.9300000000e+02 2.9144946486e-02 2.9253367335e-02 2.9035404325e-02 5.0259163027e-01 4.9740819906e-01 1.0000000000e-03
4.9400000000e+02 2.9094986618e-02 2.9267594218e-02 2.8920564801e-02 5.0263065450e-01 4.9736917470e-01 1.0000000000e-03
4.9500000000e+02 2.9105659574e-02 2.9342167079e-02 2.8866522014e-02 5.0277614918e-01 4.9722367993e-01 1.0000000000e-03
4.9600000000e+02 2.9126223177e-02 2.9517982155e-02 2.8729464859e-02 5.0317539411e-01 4.9682443492e-01 1.0000000000e-03
4.9700000000e+02 2.9099160805e-02 2.9307529330e-02 2.8888104483e-02 5.0321820370e-01 4.9678162524e-01 1.0000000000e-03
4.9800000000e+02 2.9068535194e-02 2.9268672690e-02 2.8865797445e-02 5.0324287757e-01 4.9675695128e-01 1.0000000000e-03
4.9900000000e+02 2.9080098495e-02 2.9200833291e-02 2.8957853094e-02 5.0312747533e-01 4.9687235343e-01 1.0000000000e-03
5.0000000000e+02 2.9088741168e-02 2.8997980058e-02 2.9180480167e-02 5.0265787415e-01 4.9734195455e-01 1.0000000000e-03
