# epoch total_loss data_loss physics_loss w_data w_physics lr
1.0000000000e+00 1.4199924469e+00 1.0740537643e+00 1.7497622967e+00 4.8803554259e-01 5.1196445706e-01 1.0000000000e-03
2.0000000000e+00 1.0443758965e+00 8.7477171421e-01 1.2017877102e+00 4.8135800215e-01 5.1864199705e-01 1.0000000000e-03
3.0000000000e+00 7.5427407026e-01 7.4171042442e-01 7.6598417759e-01 4.8241720591e-01 5.1758279270e-01 1.0000000000e-03
4.0000000000e+00 5.5590319633e-01 6.6079074144e-01 4.5372202992e-01 4.9346513659e-01 5.0653486126e-01 1.0000000000e-03
5.0000000000e+00 4.5296305418e-01 6.0879760981e-01 2.8953772783e-01 5.1188814925e-01 4.8811184771e-01 1.0000000000e-03
6.0000000000e+00 4.0180948377e-01 5.2783370018e-01 2.6105490327e-01 5.2760785489e-01 4.7239214111e-01 1.0000000000e-03
7.0000000000e+00 3.5292434692e-01 4.2060413957e-01 2.7495694160e-01 5.3531683186e-01 4.6468316310e-01 1.0000000000e-03
8.0000000000e+00 2.8976899385e-01 3.0452579260e-01 2.7282279730e-01 5.3453071567e-01 4.6546927806e-01 1.0000000000e-03
9.0000000000e+00 2.1573486924e-01 1.9542738795e-01 2.3828256130e-01 5.2613710926e-01 4.7386288279e-01 1.0000000000e-03
1.0000000000e+01 1.4421321452e-01 1.0808935016e-01 1.8193103373e-01 5.1079296711e-01 4.8920702229e-01 1.0000000000e-03
1.1000000000e+01 9.1934800148e-02 5.5674429983e-02 1.2680439651e-01 4.9022374546e-01 5.0977623952e-01 1.0000000000e-03
1.2000000000e+01 6.6216126084e-02 4.8320140690e-02 8.2610629499e-02 4.7810647498e-01 5.2189350386e-01 1.0000000000e-03
1.3000000000e+01 6.4733892679e-02 8.6829014122e-02 4.2881689966e-02 4.9723633794e-01 5.0276363531e-01 1.0000000000e-03
1.4000000000e+01 9.2589594424e-02 1.5152496099e-01 2.5265108794e-02 5.3322167671e-01 4.6677829355e-01 1.0000000000e-03
1.5000000000e+01 1.2482348830e-01 1.9903804362e-01 2.7311297134e-02 5.6783351149e-01 4.3216645734e-01 1.0000000000e-03
1.6000000000e+01 1.3691064715e-01 2.1061459184e-01 2.6394510642e-02 5.9991365999e-01 4.0008630774e-01 1.0000000000e-03
1.7000000000e+01 1.2803499401e-01 1.8997737765e-01 2.2952431813e-02 6.2914294807e-01 3.7085701819e-01 1.0000000000e-03
1.8000000000e+01 1.0745400190e-01 1.4861281216e-01 3.1427014619e-02 6.4877305833e-01 3.5122690574e-01 1.0000000000e-03
1.9000000000e+01 8.5033625364e-02 1.0141231865e-01 5.4772410542e-02 6.4882675611e-01 3.5117320515e-01 1.0000000000e-03
2.0000000000e+01 6.7871853709e-02 6.2522068620e-02 7.6933331788e-02 6.2877709805e-01 3.7122285992e-01 1.0000000000e-03
2.1000000000e+01 5.7997491211e-02 3.7218086421e-02 8.8586576283e-02 5.9548341372e-01 4.0451654050e-01 1.0000000000e-03
2.2000000000e+01 5.4415792227e-02 2.4394279346e-02 9.2142716050e-02 5.5686771882e-01 4.4313223140e-01 1.0000000000e-03
2.3000000000e+01 5.4109938443e-02 2.1525001153e-02 8.9491009712e-02 5.2057004140e-01 4.7942990479e-01 1.0000000000e-03
2.4000000000e+01 5.4144792259e-02 2.7906017378e-02 7.9804532230e-02 4.9442137668e-01 5.0557856561e-01 1.0000000000e-03
2.5000000000e+01 5.4450266063e-02 4.3714065105e-02 6.4575128257e-02 4.8534712773e-01 5.1465281109e-01 1.0000000000e-03
2.6000000000e+01 5.7708665729e-02 6.6564045846e-02 4.9049910158e-02 4.9438681375e-01 5.0561312254e-01 1.0000000000e-03
2.7000000000e+01 6.4439639449e-02 8.9252531528e-02 3.8087949157e-02 5.1503780381e-01 4.8496213100e-01 1.0000000000e-03
2.8000000000e+01 7.0296011865e-02 1.0243864357e-01 3.2660629600e-02 5.3935873631e-01 4.6064119761e-01 1.0000000000e-03
2.9000000000e+01 7.0418849587e-02 1.0090641677e-01 3.1344231218e-02 5.6172223110e-01 4.3827770187e-01 1.0000000000e-03
3.0000000000e+01 6.3934013247e-02 8.6291216314e-02 3.3353071660e-02 5.7767314112e-01 4.2232679020e-01 1.0000000000e-03
3.1000000000e+01 5.4036594927e-02 6.4930796623e-02 3.8838263601e-02 5.8247822597e-01 4.1752170257e-01 1.0000000000e-03
3.2000000000e+01 4.5544806868e-02 4.4315610081e-02 4.7192003578e-02 5.7265872914e-01 4.2734119563e-01 1.0000000000e-03
3.3000000000e+01 4.1569359601e-02 2.9879434034e-02 5.5870775133e-02 5.5023758819e-01 4.4976233243e-01 1.0000000000e-03
3.4000000000e+01 4.1501104832e-02 2.3023946211e-02 6.1710320413e-02 5.2238576868e-01 4.7761414809e-01 1.0000000000e-03
3.5000000000e+01 4.2973700911e-02 2.1852130070e-02 6.3733406365e-02 4.9567969231e-01 5.0432022110e-01 1.0000000000e-03
3.6000000000e+01 4.3886192143e-02 2.4138731882e-02 6.1698105186e-02 4.7423336629e-01 5.2576654412e-01 1.0000000000e-03
3.7000000000e+01 4.1928350925e-02 2.9163682833e-02 5.2905093879e-02 4.6234568701e-01 5.3765422018e-01 1.0000000000e-03
3.8000000000e+01 3.8349092007e-02 3.6941930652e-02 3.9569173008e-02 4.6439420933e-01 5.3560569406e-01 1.0000000000e-03
3.9000000000e+01 3.7870526314e-02 4.6663887799e-02 2.9786264524e-02 4.7899309935e-01 5.2100680063e-01 1.0000000000e-03
4.0000000000e+01 4.0659260005e-02 5.6183282286e-02 2.5123164058e-02 5.0019443014e-01 4.9980546754e-01 1.0000000000e-03
4.1000000000e+01 4.3362822384e-02 6.2758661807e-02 2.1991737187e-02 5.2422614812e-01 4.7577374799e-01 1.0000000000e-03
4.2000000000e+01 4.4179469347e-02 6.4189739525e-02 1.9906237721e-02 5.4813266818e-01 4.5186722643e-01 1.0000000000e-03
4.3000000000e+01 4.2650073767e-02 5.9762977064e-02 2.0139290020e-02 5.6811448761e-01 4.3188540502e-01 1.0000000000e-03
4.4000000000e+01 3.8766410202e-02 5.0756841898e-02 2.2145090625e-02 5.8092648117e-01 4.1907340849e-01 1.0000000000e-03
4.5000000000e+01 3.4042276442e-02 4.0040839463e-02 2.5627881289e-02 5.8380781413e-01 4.1619207133e-01 1.0000000000e-03
4.6000000000e+01 3.1224083155e-02 3.0707696453e-02 3.1921189278e-02 5.7445822845e-01 4.2554165250e-01 1.0000000000e-03
4.7000000000e+01 3.1634703279e-02 2.4547116831e-02 4.0466040373e-02 5.5476955218e-01 4.4523032530e-01 1.0000000000e-03
4.8000000000e+01 3.3661305904e-02 2.1532285959e-02 4.7368604690e-02 5.3054369202e-01 4.6945618319e-01 1.0000000000e-03
4.9000000000e+01 3.4820582718e-02 2.0787052810e-02 4.9262136221e-02 5.0716425572e-01 4.9283561770e-01 1.0000000000e-03
5.0000000000e+01 3.4315731376e-02 2.1852040663e-02 4.6221308410e-02 4.8854855348e-01 5.1145131790e-01 1.0000000000e-03
5.1000000000e+01 3.2741405070e-02 2.4792041630e-02 4.0019147098e-02 4.7794641081e-01 5.2205345801e-01 1.0000000000e-03
5.2000000000e+01 3.1091602519e-02 2.9431728646e-02 3.2609082758e-02 4.7759106531e-01 5.2240880051e-01 1.0000000000e-03
5.3000000000e+01 3.0588582158e-02 3.4862045199e-02 2.6538040489e-02 4.8661044553e-01 5.1338941741e-01 1.0000000000e-03
5.4000000000e+01 3.1458806247e-02 3.9576094598e-02 2.3312920704e-02 5.0087945023e-01 4.9912041052e-01 1.0000000000e-03
5.5000000000e+01 3.2349739224e-02 4.2006187141e-02 2.2039193660e-02 5.1637965545e-01 4.8362020361e-01 1.0000000000e-03
5.6000000000e+01 3.1889259815e-02 4.1192911565e-02 2.1373435855e-02 5.3058044617e-01 4.6941941100e-01 1.0000000000e-03
5.7000000000e+01 3.0023537576e-02 3.7286154926e-02 2.1463872865e-02 5.4098815635e-01 4.5901169809e-01 1.0000000000e-03
5.8000000000e+01 2.7801640332e-02 3.1596045941e-02 2.3266205564e-02 5.4448092566e-01 4.5551892510e-01 1.0000000000e-03
5.9000000000e+01 2.6422731578e-02 2.6057250798e-02 2.6850545779e-02 5.3928312806e-01 4.6071671872e-01 1.0000000000e-03
6.0000000000e+01 2.6449404657e-02 2.2260090336e-02 3.1118080020e-02 5.2705741768e-01 4.7294242569e-01 1.0000000000e-03
6.1000000000e+01 2.7462184429e-02 2.0624766126e-02 3.4626714885e-02 5.1168056197e-01 4.8831927896e-01 1.0000000000e-03
6.2000000000e+01 2.8250649571e-02 2.0471408963e-02 3.5931192338e-02 4.9680764973e-01 5.0319218939e-01 1.0000000000e-03
6.3000000000e+01 2.7852851897e-02 2.1031660959e-02 3.4280572087e-02 4.8515040324e-01 5.1484943388e-01 1.0000000000e-03
6.4000000000e+01 2.6593096554e-02 2.2251093760e-02 3.0581114814e-02 4.7875188643e-01 5.2124794805e-01 1.0000000000e-03
6.5000000000e+01 2.5483064353e-02 2.4425448850e-02 2.6454968378e-02 4.7888228693e-01 5.2111754445e-01 1.0000000000e-03
6.6000000000e+01 2.5108244270e-02 2.7324691415e-02 2.3018654436e-02 4.8527071690e-01 5.1472911148e-01 1.0000000000e-03
6.7000000000e+01 2.5399774313e-02 2.9979191720e-02 2.0899051800e-02 4.9566703516e-01 5.0433279073e-01 1.0000000000e-03
6.8000000000e+01 2.5696523488e-02 3.1248645857e-02 1.9984612241e-02 5.0709321189e-01 4.9290661189e-01 1.0000000000e-03
6.9000000000e+01 2.5323547423e-02 3.0516449362e-02 1.9763389602e-02 5.1707709084e-01 4.8292273067e-01 1.0000000000e-03
7.0000000000e+01 2.4323321879e-02 2.8011396527e-02 2.0273391157e-02 5.2338225096e-01 4.7661756769e-01 1.0000000000e-03
7.1000000000e+01 2.3330369964e-02 2.4650886655e-02 2.1876554936e-02 5.2402540742e-01 4.7597440787e-01 1.0000000000e-03
7.2000000000e+01 2.2935474291e-02 2.1534752101e-02 2.4443598464e-02 5.1845957820e-01 4.8154023381e-01 1.0000000000e-03
7.3000000000e+01 2.3223221302e-02 1.9384285435e-02 2.7190709487e-02 5.0823312309e-01 4.9176668625e-01 1.0000000000e-03
7.4000000000e+01 2.3684207350e-02 1.8320092931e-02 2.8966410086e-02 4.9615255530e-01 5.0384725196e-01 1.0000000000e-03
7.5000000000e+01 2.3645482957e-02 1.8149511889e-02 2.8824923560e-02 4.8517428998e-01 5.1482551526e-01 1.0000000000e-03
7.6000000000e+01 2.2969037294e-02 1.8787313253e-02 2.6796324179e-02 4.7787188942e-01 5.2212791336e-01 1.0000000000e-03
7.7000000000e+01 2.2143423557e-02 2.0262509584e-02 2.3852158338e-02 4.7601614674e-01 5.2398365309e-01 1.0000000000e-03
7.8000000000e+01 2.1702757105e-02 2.2357307374e-02 2.1098898724e-02 4.7986242464e-01 5.2013737220e-01 1.0000000000e-03
7.9000000000e+01 2.1761171520e-02 2.4416150525e-02 1.9232532009e-02 4.8781405593e-01 5.1218573831e-01 1.0000000000e-03
8.0000000000e+01 2.1950665861e-02 2.5598492473e-02 1.8342183903e-02 4.9728957481e-01 5.0271021726e-01 1.0000000000e-03
8.1000000000e+01 2.1803725511e-02 2.5356208906e-02 1.8167590722e-02 5.0581886522e-01 4.9418092466e-01 1.0000000000e-03
8.2000000000e+01 2.1253950894e-02 2.3767795414e-02 1.8623813987e-02 5.1130418196e-01 4.8869560535e-01 1.0000000000e-03
8.3000000000e+01 2.0663827658e-02 2.1491970867e-02 1.9794164225e-02 5.1222989741e-01 4.8776988695e-01 1.0000000000e-03
8.4000000000e+01 2.0411025733e-02 1.9359860569e-02 2.1498082206e-02 5.0839024250e-01 4.9160953894e-01 1.0000000000e-03
8.5000000000e+01 2.0519748330e-02 1.7895348370e-02 2.3156192154e-02 5.0114359939e-01 4.9885617954e-01 1.0000000000e-03
8.6000000000e+01 2.0641634241e-02 1.7165202647e-02 2.4018149823e-02 4.9270918402e-01 5.0729059274e-01 1.0000000000e-03
8.7000000000e+01 2.0431049168e-02 1.7052320763e-02 2.3617642000e-02 4.8536679324e-01 5.1463298126e-01 1.0000000000e-03
8.8000000000e+01 1.9931858405e-02 1.7541300505e-02 2.2147634998e-02 4.8102705662e-01 5.1897271523e-01 1.0000000000e-03
8.9000000000e+01 1.9480040297e-02 1.8627278507e-02 2.0269781351e-02 4.8081299289e-01 5.1918677607e-01 1.0000000000e-03
9.0000000000e+01 1.9322905689e-02 2.0038731396e-02 1.8650066108e-02 4.8452634092e-01 5.1547342530e-01 1.0000000000e-03
9.1000000000e+01 1.9381236285e-02 2.1205900237e-02 1.7623309046e-02 4.9068696104e-01 5.0931280280e-01 1.0000000000e-03
9.2000000000e+01 1.9358612597e-02 2.1558910608e-02 1.7182247713e-02 4.9726684639e-01 5.0273291526e-01 1.0000000000e-03
9.3000000000e+01 1.9091015682e-02 2.0889969543e-02 1.7275623977e-02 5.0227523107e-01 4.9772452821e-01 1.0000000000e-03
9.4000000000e+01 1.8707431853e-02 1.9485199824e-02 1.7916670069e-02 5.0414455411e-01 4.9585520251e-01 1.0000000000e-03
9.5000000000e+01 1.8455300480e-02 1.7923211679e-02 1.8992280588e-02 5.0228209062e-01 4.9771766324e-01 1.0000000000e-03
9.6000000000e+01 1.8418489024e-02 1.6707049683e-02 2.0112430677e-02 4.9742944086e-01 5.0257031046e-01 1.0000000000e-03
9.7000000000e+01 1.8424704671e-02 1.6046458855e-02 2.0721876994e-02 4.9132854399e-01 5.0867120500e-01 1.0000000000e-03
9.8000000000e+01 1.8266433850e-02 1.5938702971e-02 2.0467162132e-02 4.8597626876e-01 5.1402347787e-01 1.0000000000e-03
9.9000000000e+01 1.7953837290e-02 1.6339121386e-02 1.9462473691e-02 4.8301659960e-01 5.1698314443e-01 1.0000000000e-03
1.0000000000e+02 1.7681762576e-02 1.7154436558e-02 1.8174951896e-02 4.8327063916e-01 5.1672910216e-01 1.0000000000e-03
1.0100000000e+02 1.7584389076e-02 1.8118126318e-02 1.7078887671e-02 4.8641987712e-01 5.1357986166e-01 1.0000000000e-03
1.0200000000e+02 1.7580216751e-02 1.8801264465e-02 1.6401480883e-02 4.9118639189e-01 5.0881334460e-01 1.0000000000e-03
1.0300000000e+02 1.7488051206e-02 1.8839269876e-02 1.6158835962e-02 4.9589713587e-01 5.0410259840e-01 1.0000000000e-03
1.0400000000e+02 1.7256315798e-02 1.8185673282e-02 1.6330698505e-02 4.9899450111e-01 5.0100523076e-01 1.0000000000e-03
1.0500000000e+02 1.7008682713e-02 1.7145510763e-02 1.6872139648e-02 4.9949684394e-01 5.0050288535e-01 1.0000000000e-03
1.0600000000e+02 1.6879599541e-02 1.6149401665e-02 1.7602238804e-02 4.9739489867e-01 5.0260482806e-01 1.0000000000e-03
1.0700000000e+02 1.6845755279e-02 1.5488944016e-02 1.8168674782e-02 4.9367452711e-01 5.0632519724e-01 1.0000000000e-03
1.0800000000e+02 1.6768792644e-02 1.5251288190e-02 1.8226005137e-02 4.8986417331e-01 5.1013554873e-01 1.0000000000e-03
1.0900000000e+02 1.6586327925e-02 1.5419743955e-02 1.7695752904e-02 4.8744127083e-01 5.1255844881e-01 1.0000000000e-03
1.1000000000e+02 1.6382977366e-02 1.5925176442e-02 1.6818167642e-02 4.8733350642e-01 5.1266621072e-01 1.0000000000e-03
1.1100000000e+02 1.6266494989e-02 1.6587374732e-02 1.5958741307e-02 4.8956589809e-01 5.1043381660e-01 1.0000000000e-03
1.1200000000e+02 1.6221692786e-02 1.7101053149e-02 1.5365657397e-02 4.9328186918e-01 5.0671784325e-01 1.0000000000e-03
1.1300000000e+02 1.6144458205e-02 1.7175404355e-02 1.5125300735e-02 4.9712713154e-01 5.0287257869e-01 1.0000000000e-03
1.1400000000e+02 1.5986043960e-02 1.6736343503e-02 1.5236474574e-02 4.9975993960e-01 5.0023976833e-01 1.0000000000e-03
1.1500000000e+02 1.5813615173e-02 1.5984717757e-02 1.5642298386e-02 5.0032526964e-01 4.9967443587e-01 1.0000000000e-03
1.1600000000e+02 1.5709627420e-02 1.5241979621e-02 1.6175057739e-02 4.9880773980e-01 5.0119196334e-01 1.0000000000e-03
1.1700000000e+02 1.5658374876e-02 1.4742269181e-02 1.6560034826e-02 4.9602338552e-01 5.0397631535e-01 1.0000000000e-03
1.1800000000e+02 1.5577390790e-02 1.4565985650e-02 1.6561724246e-02 4.9321530526e-01 5.0678439340e-01 1.0000000000e-03
1.1900000000e+02 1.5439350158e-02 1.4698633924e-02 1.6155408695e-02 4.9153300743e-01 5.0846668895e-01 1.0000000000e-03
1.2000000000e+02 1.5303336084e-02 1.5062420629e-02 1.5536303632e-02 4.9160533969e-01 5.0839435438e-01 1.0000000000e-03
1.2100000000e+02 1.5221109614e-02 1.5488670208e-02 1.4960620552e-02 4.9331188582e-01 5.0668780600e-01 1.0000000000e-03
1.2200000000e+02 1.5163030475e-02 1.5743846074e-02 1.4591718093e-02 4.9587965253e-01 5.0412003714e-01 1.0000000000e-03
1.2300000000e+02 1.5071015805e-02 1.5660462901e-02 1.4485713094e-02 4.9824009263e-01 5.0175959490e-01 1.0000000000e-03
1.2400000000e+02 1.4945209026e-02 1.5261159278e-02 1.4629935846e-02 4.9947193833e-01 5.0052774699e-01 1.0000000000e-03
1.2500000000e+02 1.4838636853e-02 1.4737734571e-02 1.4939219691e-02 4.9918526382e-01 5.0081441928e-01 1.0000000000e-03
1.2600000000e+02 1.4773173258e-02 1.4305915684e-02 1.5236149542e-02 4.9769229852e-01 5.0230738242e-01 1.0000000000e-03
1.2700000000e+02 1.4710644260e-02 1.4088585041e-02 1.5322413296e-02 4.9582548969e-01 5.0417418915e-01 1.0000000000e-03
1.2800000000e+02 1.4614867978e-02 1.4108987525e-02 1.5109810047e-02 4.9453028952e-01 5.0546938722e-01 1.0000000000e-03
1.2900000000e+02 1.4506966807e-02 1.4320703223e-02 1.4689143747e-02 4.9444221689e-01 5.0555745770e-01 1.0000000000e-03
1.3000000000e+02 1.4425650239e-02 1.4608383179e-02 1.4246096835e-02 4.9562575945e-01 5.0437391302e-01 1.0000000000e-03
1.3100000000e+02 1.4367264695e-02 1.4802305959e-02 1.3936440460e-02 4.9756960829e-01 5.0243006214e-01 1.0000000000e-03
1.3200000000e+02 1.4295351692e-02 1.4763643034e-02 1.3828101568e-02 4.9944866364e-01 5.0055100477e-01 1.0000000000e-03
1.3300000000e+02 1.4201911166e-02 1.4484578744e-02 1.3918685727e-02 5.0049995534e-01 4.9949971102e-01 1.0000000000e-03
1.3400000000e+02 1.4115552418e-02 1.4093217440e-02 1.4137931168e-02 5.0037074994e-01 4.9962891437e-01 1.0000000000e-03
1.3500000000e+02 1.4052662998e-02 1.3753406703e-02 1.4351057820e-02 4.9927039031e-01 5.0072927198e-01 1.0000000000e-03
1.3600000000e+02 1.3992377557e-02 1.3570139185e-02 1.4410994016e-02 4.9784079503e-01 5.0215886529e-01 1.0000000000e-03
1.3700000000e+02 1.3914115727e-02 1.3568599708e-02 1.4255279675e-02 4.9682272204e-01 5.0317693631e-01 1.0000000000e-03
1.3800000000e+02 1.3831535354e-02 1.3709180057e-02 1.3952296227e-02 4.9670098290e-01 5.0329867346e-01 1.0000000000e-03
1.3900000000e+02 1.3765281066e-02 1.3893811963e-02 1.3638041914e-02 4.9749536470e-01 5.0250428971e-01 1.0000000000e-03
1.4000000000e+02 1.3709105551e-02 1.3992277905e-02 1.3427324593e-02 4.9877600930e-01 5.0122364320e-01 1.0000000000e-03
1.4100000000e+02 1.3643267564e-02 1.3915503398e-02 1.3371155597e-02 4.9989585111e-01 5.0010379949e-01 1.0000000000e-03
1.4200000000e+02 1.3568041846e-02 1.3680347241e-02 1.3455601409e-02 5.0032035830e-01 4.9967929038e-01 1.0000000000e-03
1.4300000000e+02 1.3501389883e-02 1.3393085450e-02 1.3609655201e-02 4.9988728971e-01 5.0011235707e-01 1.0000000000e-03
1.4400000000e+02 1.3446325436e-02 1.3170067221e-02 1.3721352443e-02 4.9887352186e-01 5.0112612306e-01 1.0000000000e-03
1.4500000000e+02 1.3388073072e-02 1.3076552190e-02 1.3696908951e-02 4.9782762217e-01 5.0217202091e-01 1.0000000000e-03
1.4600000000e+02 1.3320783153e-02 1.3115175068e-02 1.3524174690e-02 4.9727718080e-01 5.0272246043e-01 1.0000000000e-03
1.4700000000e+02 1.3257023878e-02 1.3233258389e-02 1.3280558400e-02 4.9746024510e-01 5.0253939429e-01 1.0000000000e-03
1.4800000000e+02 1.3203408569e-02 1.3338513672e-02 1.3069269247e-02 4.9822398380e-01 5.0177565379e-01 1.0000000000e-03
1.4900000000e+02 1.3149579056e-02 1.3342370279e-02 1.2957465835e-02 4.9913332819e-01 5.0086630762e-01 1.0000000000e-03
1.5000000000e+02 1.3088496402e-02 1.3217339292e-02 1.2959809974e-02 4.9971187326e-01 5.0028776076e-01 1.0000000000e-03
1.5100000000e+02 1.3028560206e-02 1.3015929610e-02 1.3041183352e-02 4.9969220832e-01 5.0030742392e-01 1.0000000000e-03
1.5200000000e+02 1.2976774946e-02 1.2827210128e-02 1.3125841506e-02 4.9914763846e-01 5.0085199203e-01 1.0000000000e-03
1.5300000000e+02 1.2926215306e-02 1.2718885206e-02 1.3132260181e-02 4.9843332626e-01 5.0156630250e-01 1.0000000000e-03
1.5400000000e+02 1.2870564125e-02 1.2709858827e-02 1.3029977679e-02 4.9796813901e-01 5.0203148802e-01 1.0000000000e-03
1.5500000000e+02 1.2815086171e-02 1.2770254165e-02 1.2859569862e-02 4.9799706394e-01 5.0200256137e-01 1.0000000000e-03
1.5600000000e+02 1.2765360996e-02 1.2834609486e-02 1.2696545571e-02 4.9846772107e-01 5.0153190255e-01 1.0000000000e-03
1.5700000000e+02 1.2717388570e-02 1.2833825313e-02 1.2601389550e-02 4.9907784636e-01 5.0092177557e-01 1.0000000000e-03
1.5800000000e+02 1.2665839866e-02 1.2738145888e-02 1.2593699619e-02 4.9945514994e-01 5.0054447033e-01 1.0000000000e-03
1.5900000000e+02 1.2614192441e-02 1.2578795664e-02 1.2649509124e-02 4.9936946811e-01 5.0063015049e-01 1.0000000000e-03
1.6000000000e+02 1.2567078695e-02 1.2422653846e-02 1.2710856274e-02 4.9885915866e-01 5.0114045829e-01 1.0000000000e-03
1.6100000000e+02 1.2521514669e-02 1.2326542288e-02 1.2715097517e-02 4.9819740488e-01 5.0180221045e-01 1.0000000000e-03
1.6200000000e+02 1.2473250739e-02 1.2309494428e-02 1.2635532767e-02 4.9772413091e-01 5.0227548279e-01 1.0000000000e-03
1.6300000000e+02 1.2425291352e-02 1.2349404395e-02 1.2500477023e-02 4.9764772730e-01 5.0235188479e-01 1.0000000000e-03
1.6400000000e+02 1.2380708940e-02 1.2394552119e-02 1.2366988696e-02 4.9793859208e-01 5.0206101841e-01 1.0000000000e-03
1.6500000000e+02 1.2337299064e-02 1.2391464785e-02 1.2283496559e-02 4.9836349347e-01 5.0163611545e-01 1.0000000000e-03
1.6600000000e+02 1.2291825376e-02 1.2319598347e-02 1.2264213525e-02 4.9863976864e-01 5.0135983871e-01 1.0000000000e-03
1.6700000000e+02 1.2246880680e-02 1.2204243802e-02 1.2289288454e-02 4.9860216509e-01 5.0139744070e-01 1.0000000000e-03
1.6800000000e+02 1.2204943225e-02 1.2095321901e-02 1.2313829735e-02 4.9829433420e-01 5.0170527004e-01 1.0000000000e-03
1.6900000000e+02 1.2163123116e-02 1.2032846920e-02 1.2292335741e-02 4.9793150558e-01 5.0206809713e-01 1.0000000000e-03
1.7000000000e+02 1.2120258063e-02 1.2025787495e-02 1.2213891372e-02 4.9775032637e-01 5.0224927482e-01 1.0000000000e-03
1.7100000000e+02 1.2078385800e-02 1.2050765567e-02 1.2105780654e-02 4.9786140107e-01 5.0213819859e-01 1.0000000000e-03
1.7200000000e+02 1.2038543820e-02 1.2065924704e-02 1.2011368759e-02 4.9818853350e-01 5.0181106466e-01 1.0000000000e-03
1.7300000000e+02 1.1998638511e-02 1.2035910971e-02 1.1961596087e-02 4.9852449801e-01 5.0147509867e-01 1.0000000000e-03
1.7400000000e+02 1.1958057061e-02 1.1956919916e-02 1.1959197931e-02 4.9866726480e-01 5.0133233040e-01 1.0000000000e-03
1.7500000000e+02 1.1918737553e-02 1.1857843958e-02 1.1979287490e-02 4.9854578140e-01 5.0145381233e-01 1.0000000000e-03
1.7600000000e+02 1.1880794540e-02 1.1777152307e-02 1.1983728036e-02 4.9825648527e-01 5.0174310699e-01 1.0000000000e-03
1.7700000000e+02 1.1842651293e-02 1.1738390662e-02 1.1946085840e-02 4.9799235315e-01 5.0200723767e-01 1.0000000000e-03
1.7800000000e+02 1.1804373935e-02 1.1737996712e-02 1.1870209128e-02 4.9791308308e-01 5.0208650630e-01 1.0000000000e-03
1.7900000000e+02 1.1767135933e-02 1.1749236844e-02 1.1784903705e-02 4.9804597671e-01 5.0195361124e-01 1.0000000000e-03
1.8000000000e+02 1.1730981059e-02 1.1739662848e-02 1.1722369120e-02 4.9827821243e-01 5.0172137411e-01 1.0000000000e-03
1.8100000000e+02 1.1694386601e-02 1.1692981236e-02 1.1695794761e-02 4.9844435512e-01 5.0155523001e-01 1.0000000000e-03
1.8200000000e+02 1.1658115312e-02 1.1620378122e-02 1.1695628054e-02 4.9843852854e-01 5.0156105518e-01 1.0000000000e-03
1.8300000000e+02 1.1623032391e-02 1.1550500058e-02 1.1695077643e-02 4.9828367562e-01 5.0171590671e-01 1.0000000000e-03
1.8400000000e+02 1.1588344350e-02 1.1507856660e-02 1.1668235995e-02 4.9810928497e-01 5.0189029598e-01 1.0000000000e-03
1.8500000000e+02 1.1553388089e-02 1.1497698724e-02 1.1608657427e-02 4.9805823065e-01 5.0194134893e-01 1.0000000000e-03
1.8600000000e+02 1.1519065127e-02 1.1504310183e-02 1.1533722281e-02 4.9818855212e-01 5.0181102609e-01 1.0000000000e-03
1.8700000000e+02 1.1485599913e-02 1.1501320638e-02 1.1469987221e-02 4.9843787631e-01 5.0156170054e-01 1.0000000000e-03
1.8800000000e+02 1.1452184990e-02 1.1470034719e-02 1.1434439570e-02 4.9867177030e-01 5.0132780521e-01 1.0000000000e-03
1.8900000000e+02 1.1419016868e-02 1.1412689462e-02 1.1425321922e-02 4.9877691474e-01 5.0122265944e-01 1.0000000000e-03
1.9000000000e+02 1.1386474594e-02 1.1349532753e-02 1.1423239484e-02 4.9873737055e-01 5.0126220229e-01 1.0000000000e-03
1.9100000000e+02 1.1354319751e-02 1.1302109808e-02 1.1406255886e-02 4.9863429944e-01 5.0136527208e-01 1.0000000000e-03
1.9200000000e+02 1.1322407052e-02 1.1278959922e-02 1.1365616694e-02 4.9857950638e-01 5.0142006383e-01 1.0000000000e-03
1.9300000000e+02 1.1290593073e-02 1.1271554977e-02 1.1309536174e-02 4.9863743408e-01 5.0136213483e-01 1.0000000000e-03
1.9400000000e+02 1.1259577237e-02 1.1260491796e-02 1.1258676648e-02 4.9877769869e-01 5.0122186891e-01 1.0000000000e-03
1.9500000000e+02 1.1228840798e-02 1.1230833828e-02 1.1226866394e-02 4.9890873968e-01 5.0109082664e-01 1.0000000000e-03
1.9600000000e+02 1.1198334396e-02 1.1182726361e-02 1.1213886552e-02 4.9894827891e-01 5.0105128613e-01 1.0000000000e-03
1.9700000000e+02 1.1168141849e-02 1.1130718514e-02 1.1205408722e-02 4.9888623274e-01 5.0111333103e-01 1.0000000000e-03
1.9800000000e+02 1.1138415895e-02 1.1091785505e-02 1.1184830219e-02 4.9878874769e-01 5.0121081481e-01 1.0000000000e-03
1.9900000000e+02 1.1108778417e-02 1.1073090136e-02 1.1144299060e-02 4.9874959555e-01 5.0124996569e-01 1.0000000000e-03
2.0000000000e+02 1.1079436168e-02 1.1066857725e-02 1.1091965251e-02 4.9881795990e-01 5.0118160009e-01 1.0000000000e-03
2.0100000000e+02 1.1050546542e-02 1.1057633907e-02 1.1043497361e-02 4.9896812277e-01 5.0103143597e-01 1.0000000000e-03
2.0200000000e+02 1.1021852493e-02 1.1033038609e-02 1.1010715738e-02 4.9912192088e-01 5.0087763662e-01 1.0000000000e-03
2.0300000000e+02 1.0993400589e-02 1.0993273929e-02 1.0993535630e-02 4.9920911092e-01 5.0079044535e-01 1.0000000000e-03
2.0400000000e+02 1.0965479538e-02 1.0949795134e-02 1.0981122963e-02 4.9921675317e-01 5.0078280187e-01 1.0000000000e-03
2.0500000000e+02 1.0937768966e-02 1.0915476829e-02 1.0959997773e-02 4.9919329509e-01 5.0080625873e-01 1.0000000000e-03
2.0600000000e+02 1.0910049081e-02 1.0894914158e-02 1.0925146751e-02 4.9920466564e-01 5.0079488697e-01 1.0000000000e-03
2.0700000000e+02 1.0882878676e-02 1.0881629772e-02 1.0884133168e-02 4.9927842534e-01 5.0072112607e-01 1.0000000000e-03
2.0800000000e+02 1.0855998844e-02 1.0863764212e-02 1.0848264210e-02 4.9938625427e-01 5.0061329594e-01 1.0000000000e-03
2.0900000000e+02 1.0829233564e-02 1.0833814740e-02 1.0824671946e-02 4.9946871247e-01 5.0053083655e-01 1.0000000000e-03
2.1000000000e+02 1.0802850127e-02 1.0794340633e-02 1.0811352171e-02 4.9948244991e-01 5.0051709792e-01 1.0000000000e-03
2.1100000000e+02 1.0776753537e-02 1.0755837895e-02 1.0797631927e-02 4.9943722747e-01 5.0056231918e-01 1.0000000000e-03
2.1200000000e+02 1.0750751011e-02 1.0727764107e-02 1.0773692280e-02 4.9938667905e-01 5.0061286643e-01 1.0000000000e-03
2.1300000000e+02 1.0725022294e-02 1.0711066425e-02 1.0738953948e-02 4.9938298204e-01 5.0061656227e-01 1.0000000000e-03
2.1400000000e+02 1.0699623264e-02 1.0698428378e-02 1.0700825602e-02 4.9943905929e-01 5.0056048386e-01 1.0000000000e-03
2.1500000000e+02 1.0674463585e-02 1.0681147687e-02 1.0667803697e-02 4.9952638202e-01 5.0047315997e-01 1.0000000000e-03
2.1600000000e+02 1.0649388656e-02 1.0654916987e-02 1.0643879883e-02 4.9959963049e-01 5.0039991035e-01 1.0000000000e-03
2.1700000000e+02 1.0624845512e-02 1.0623173788e-02 1.0626525618e-02 4.9963175715e-01 5.0036778255e-01 1.0000000000e-03
2.1800000000e+02 1.0600325651e-02 1.0594394989e-02 1.0606258176e-02 4.9964057951e-01 5.0035895905e-01 1.0000000000e-03
2.1900000000e+02 1.0576128028e-02 1.0573677719e-02 1.0578584857e-02 4.9966489836e-01 5.0033463906e-01 1.0000000000e-03
2.2000000000e+02 1.0551994666e-02 1.0558762588e-02 1.0545245372e-02 4.9973041005e-01 5.0026912625e-01 1.0000000000e-03
2.2100000000e+02 1.0528120212e-02 1.0542365722e-02 1.0513894260e-02 4.9982495334e-01 5.0017458184e-01 1.0000000000e-03
2.2200000000e+02 1.0504479520e-02 1.0519042611e-02 1.0489931330e-02 4.9991171714e-01 5.0008781692e-01 1.0000000000e-03
2.2300000000e+02 1.0481082834e-02 1.0488926433e-02 1.0473250411e-02 4.9995791276e-01 5.0004162019e-01 1.0000000000e-03
2.2400000000e+02 1.0457850993e-02 1.0457549244e-02 1.0458161123e-02 4.9996063486e-01 5.0003889699e-01 1.0000000000e-03
2.2500000000e+02 1.0434877127e-02 1.0431530885e-02 1.0438231751e-02 4.9994849342e-01 5.0005103733e-01 1.0000000000e-03
2.2600000000e+02 1.0412132367e-02 1.0412706994e-02 1.0411568917e-02 4.9995635263e-01 5.0004317702e-01 1.0000000000e-03
2.2700000000e+02 1.0389469564e-02 1.0396999307e-02 1.0381949134e-02 4.9999690824e-01 5.0000262032e-01 1.0000000000e-03
2.2800000000e+02 1.0367086157e-02 1.0379116982e-02 1.0355062783e-02 5.0005519943e-01 4.9994432805e-01 1.0000000000e-03
2.2900000000e+02 1.0344844311e-02 1.0356673971e-02 1.0333018377e-02 5.0010682287e-01 4.9989270352e-01 1.0000000000e-03
2.3000000000e+02 1.0322820395e-02 1.0331788100e-02 1.0313858278e-02 5.0013953911e-01 4.9985998620e-01 1.0000000000e-03
2.3100000000e+02 1.0300988331e-02 1.0309168138e-02 1.0292813182e-02 5.0016525359e-01 4.9983427066e-01 1.0000000000e-03
2.3200000000e+02 1.0279377922e-02 1.0291994549e-02 1.0266761295e-02 5.0021007251e-01 4.9978945067e-01 1.0000000000e-03
2.3300000000e+02 1.0257744230e-02 1.0277793743e-02 1.0237681679e-02 5.0028680134e-01 4.9971272078e-01 1.0000000000e-03
2.3400000000e+02 1.0236468166e-02 1.0261771269e-02 1.0211136192e-02 5.0038176034e-01 4.9961776072e-01 1.0000000000e-03
2.3500000000e+02 1.0215330869e-02 1.0241169482e-02 1.0189455003e-02 5.0047012096e-01 4.9952939905e-01 1.0000000000e-03
2.3600000000e+02 1.0194342583e-02 1.0216765106e-02 1.0171881877e-02 5.0053315345e-01 4.9946636551e-01 1.0000000000e-03
2.3700000000e+02 1.0173490271e-02 1.0192354210e-02 1.0154592805e-02 5.0057260728e-01 4.9942691064e-01 1.0000000000e-03
2.3800000000e+02 1.0152807459e-02 1.0171198286e-02 1.0134381242e-02 5.0060597934e-01 4.9939353754e-01 1.0000000000e-03
2.3900000000e+02 1.0132331401e-02 1.0153633542e-02 1.0110982694e-02 5.0065059146e-01 4.9934892439e-01 1.0000000000e-03
2.4000000000e+02 1.0112139396e-02 1.0136695579e-02 1.0087523609e-02 5.0070707457e-01 4.9929244024e-01 1.0000000000e-03
2.4100000000e+02 1.0092033073e-02 1.0117549449e-02 1.0066446848e-02 5.0076293416e-01 4.9923657963e-01 1.0000000000e-03
2.4200000000e+02 1.0072160512e-02 1.0096224025e-02 1.0048027150e-02 5.0080624521e-01 4.9919326755e-01 1.0000000000e-03
2.4300000000e+02 1.0052210651e-02 1.0075358674e-02 1.0028994642e-02 5.0084090420e-01 4.9915860755e-01 1.0000000000e-03
2.4400000000e+02 1.0032644495e-02 1.0057412088e-02 1.0007798672e-02 5.0088041924e-01 4.9911909150e-01 1.0000000000e-03
2.4500000000e+02 1.0013075545e-02 1.0042805225e-02 9.9832443520e-03 5.0094106077e-01 4.9905844896e-01 1.0000000000e-03
2.4600000000e+02 9.9937058985e-03 1.0028941557e-02 9.9583342671e-03 5.0102356018e-01 4.9897594854e-01 1.0000000000e-03
2.4700000000e+02 9.9743679166e-03 1.0012767278e-02 9.9358065054e-03 5.0111407694e-01 4.9888543079e-01 1.0000000000e-03
2.4800000000e+02 9.9553950131e-03 9.9938884377e-03 9.9167264998e-03 5.0119641489e-01 4.9880309184e-01 1.0000000000e-03
2.4900000000e+02 9.9363755435e-03 9.9741909653e-03 9.8983775824e-03 5.0126749697e-01 4.9873200876e-01 1.0000000000e-03
2.5000000000e+02 9.9175758660e-03 9.9553614855e-03 9.8795993254e-03 5.0133170334e-01 4.9866780140e-01 1.0000000000e-03
2.5100000000e+02 9.8988562822e-03 9.9381729960e-03 9.8593290895e-03 5.0139763355e-01 4.9860187021e-01 1.0000000000e-03
2.5200000000e+02 9.8803751171e-03 9.9215926602e-03 9.8389266059e-03 5.0146701452e-01 4.9853248825e-01 1.0000000000e-03
2.5300000000e+02 9.8620206118e-03 9.9039478227e-03 9.8198438063e-03 5.0153349210e-01 4.9846600970e-01 1.0000000000e-03
2.5400000000e+02 9.8437834531e-03 9.8844775930e-03 9.8028415814e-03 5.0158744884e-01 4.9841205198e-01 1.0000000000e-03
2.5500000000e+02 9.8255164921e-03 9.8652793095e-03 9.7855022177e-03 5.0163166548e-01 4.9836783437e-01 1.0000000000e-03
2.5600000000e+02 9.8076537251e-03 9.8483199254e-03 9.7667239606e-03 5.0167646666e-01 4.9832303222e-01 1.0000000000e-03
2.5700000000e+02 9.7896708176e-03 9.8333433270e-03 9.7457040101e-03 5.0173260329e-01 4.9826689464e-01 1.0000000000e-03
2.5800000000e+02 9.7718304023e-03 9.8192039877e-03 9.7241234034e-03 5.0180257313e-01 4.9819692384e-01 1.0000000000e-03
2.5900000000e+02 9.7542125732e-03 9.8049324006e-03 9.7031192854e-03 5.0188324157e-01 4.9811625444e-01 1.0000000000e-03
2.6000000000e+02 9.7367968410e-03 9.7892116755e-03 9.6839787439e-03 5.0196509111e-01 4.9803440394e-01 1.0000000000e-03
2.6100000000e+02 9.7194192931e-03 9.7725382075e-03 9.6658747643e-03 5.0204291867e-01 4.9795657544e-01 1.0000000000e-03
2.6200000000e+02 9.7021665424e-03 9.7568435594e-03 9.6470331773e-03 5.0212156079e-01 4.9787793237e-01 1.0000000000e-03
2.6300000000e+02 9.6850683913e-03 9.7419256344e-03 9.6277175471e-03 5.0220419080e-01 4.9779530141e-01 1.0000000000e-03
2.6400000000e+02 9.6679665148e-03 9.7264815122e-03 9.6089234576e-03 5.0228774258e-01 4.9771174869e-01 1.0000000000e-03
2.6500000000e+02 9.6511580050e-03 9.7100138664e-03 9.5917526633e-03 5.0236529040e-01 4.9763419994e-01 1.0000000000e-03
2.6600000000e+02 9.6343979239e-03 9.6929492429e-03 9.5752840862e-03 5.0243406982e-01 4.9756541958e-01 1.0000000000e-03
2.6700000000e+02 9.6177384257e-03 9.6755111590e-03 9.5593966544e-03 5.0249246945e-01 4.9750701903e-01 1.0000000000e-03
2.6800000000e+02 9.6011050045e-03 9.6591878682e-03 9.5424363390e-03 5.0254721103e-01 4.9745227652e-01 1.0000000000e-03
2.6900000000e+02 9.5846159384e-03 9.6447644755e-03 9.5238471404e-03 5.0260786820e-01 4.9739161843e-01 1.0000000000e-03
2.7000000000e+02 9.5681808889e-03 9.6310107037e-03 9.5046842471e-03 5.0267713574e-01 4.9732234997e-01 1.0000000000e-03
2.7100000000e+02 9.5520829782e-03 9.6167754382e-03 9.4866845757e-03 5.0274988613e-01 4.9724959866e-01 1.0000000000e-03
2.7200000000e+02 9.5358556136e-03 9.6027059481e-03 9.4682537019e-03 5.0282737630e-01 4.9717210757e-01 1.0000000000e-03
2.7300000000e+02 9.5198238268e-03 9.5886504278e-03 9.4502009451e-03 5.0290820948e-01 4.9709127349e-01 1.0000000000e-03
2.7400000000e+02 9.5038730651e-03 9.5748836175e-03 9.4320187345e-03 5.0299318571e-01 4.9700629634e-01 1.0000000000e-03
2.7500000000e+02 9.4881225377e-03 9.5617389306e-03 9.4136027619e-03 5.0308417919e-01 4.9691530196e-01 1.0000000000e-03
2.7600000000e+02 9.4723738730e-03 9.5481863245e-03 9.3956002966e-03 5.0317846837e-01 4.9682101187e-01 1.0000000000e-03
2.7700000000e+02 9.4567583874e-03 9.5330923796e-03 9.3794297427e-03 5.0326684064e-01 4.9673263871e-01 1.0000000000e-03
2.7800000000e+02 9.4412360340e-03 9.5176519826e-03 9.3637993559e-03 5.0334754725e-01 4.9665193120e-01 1.0000000000e-03
2.7900000000e+02 9.4258412719e-03 9.5025841147e-03 9.3480516225e-03 5.0342265247e-01 4.9657682508e-01 1.0000000000e-03
2.8000000000e+02 9.4104502350e-03 9.4876103103e-03 9.3322154135e-03 5.0349320936e-01 4.9650626730e-01 1.0000000000e-03
2.8100000000e+02 9.3951877207e-03 9.4734998420e-03 9.3157617375e-03 5.0356361759e-01 4.9643585819e-01 1.0000000000e-03
2.8200000000e+02 9.3800965697e-03 9.4600357115e-03 9.2989951372e-03 5.0363646374e-01 4.9636301115e-01 1.0000000000e-03
2.8300000000e+02 9.3650240451e-03 9.4463257119e-03 9.2825172469e-03 5.0371010647e-01 4.9628936754e-01 1.0000000000e-03
2.8400000000e+02 9.3500250950e-03 9.4328718260e-03 9.2659238726e-03 5.0378548249e-01 4.9621399063e-01 1.0000000000e-03
2.8500000000e+02 9.3352273107e-03 9.4204917550e-03 9.2486441135e-03 5.0386715252e-01 4.9613231973e-01 1.0000000000e-03
2.8600000000e+02 9.3203950673e-03 9.4083771110e-03 9.2310206965e-03 5.0395616701e-01 4.9604330437e-01 1.0000000000e-03
2.8700000000e+02 9.3057435006e-03 9.3961600214e-03 9.2138592154e-03 5.0405031527e-01 4.9594915523e-01 1.0000000000e-03
2.8800000000e+02 9.2911422253e-03 9.3836886808e-03 9.1970572248e-03 5.0414747391e-01 4.9585199573e-01 1.0000000000e-03
2.8900000000e+02 9.2767290771e-03 9.3704983592e-03 9.1813644394e-03 5.0424244303e-01 4.9575702573e-01 1.0000000000e-03
2.9000000000e+02 9.2621874064e-03 9.3567539006e-03 9.1659780592e-03 5.0433314906e-01 4.9566631884e-01 1.0000000000e-03
2.9100000000e+02 9.2479381710e-03 9.3429693952e-03 9.1512221843e-03 5.0441820530e-01 4.9558126174e-01 1.0000000000e-03
2.9200000000e+02 9.2336572707e-03 9.3297213316e-03 9.1358581558e-03 5.0450128861e-01 4.9549817757e-01 1.0000000000e-03
2.9300000000e+02 9.2195672914e-03 9.3161398545e-03 9.1212196276e-03 5.0457973360e-01 4.9541973173e-01 1.0000000000e-03
2.9400000000e+02 9.2054698616e-03 9.3028489500e-03 9.1062700376e-03 5.0465565001e-01 4.9534381447e-01 1.0000000000e-03
2.9500000000e+02 9.1914888471e-03 9.2900842428e-03 9.0910196304e-03 5.0473155005e-01 4.9526791357e-01 1.0000000000e-03
2.9600000000e+02 9.1776233166e-03 9.2775942758e-03 9.0757226571e-03 5.0480832700e-01 4.9519113578e-01 1.0000000000e-03
2.9700000000e+02 9.1639012098e-03 9.2659723014e-03 9.0598240495e-03 5.0488992044e-01 4.9510954149e-01 1.0000000000e-03
2.9800000000e+02 9.1501604766e-03 9.2548811808e-03 9.0433415025e-03 5.0497893416e-01 4.9502052693e-01 1.0000000000e-03
2.9900000000e+02 9.1364169493e-03 9.2433784157e-03 9.0272733942e-03 5.0507241237e-01 4.9492704787e-01 1.0000000000e-03
3.0000000000e+02 9.1228848323e-03 9.2318682000e-03 9.0116336942e-03 5.0516874052e-01 4.9483071888e-01 1.0000000000e-03
3.0100000000e+02 9.1094039381e-03 9.2201633379e-03 8.9962948114e-03 5.0526630645e-01 4.9473315212e-01 1.0000000000e-03
3.0200000000e+02 9.0960562229e-03 9.2077860609e-03 8.9819142595e-03 5.0536052627e-01 4.9463893147e-01 1.0000000000e-03
3.0300000000e+02 9.0827494860e-03 9.1955969110e-03 8.9674238116e-03 5.0545257119e-01 4.9454688572e-01 1.0000000000e-03
3.0400000000e+02 9.0695042163e-03 9.1833164915e-03 8.9531503618e-03 5.0554182575e-01 4.9445763033e-01 1.0000000000e-03
3.0500000000e+02 9.0562757105e-03 9.1704735532e-03 8.9394878596e-03 5.0562534626e-01 4.9437410899e-01 1.0000000000e-03
3.0600000000e+02 9.0431906283e-03 9.1580003500e-03 8.9257396758e-03 5.0570496460e-01 4.9429448983e-01 1.0000000000e-03
3.0700000000e+02 9.0301660821e-03 9.1459555551e-03 8.9116767049e-03 5.0578313768e-01 4.9421631592e-01 1.0000000000e-03
3.0800000000e+02 9.0173017234e-03 9.1343084350e-03 8.8975299150e-03 5.0586135262e-01 4.9413810017e-01 1.0000000000e-03
3.0900000000e+02 9.0044606477e-03 9.1235134751e-03 8.8825523853e-03 5.0594430009e-01 4.9405515188e-01 1.0000000000e-03
3.1000000000e+02 8.9916381985e-03 9.1129448265e-03 8.8673792779e-03 5.0603271487e-01 4.9396673629e-01 1.0000000000e-03
3.1100000000e+02 8.9789424092e-03 9.1020017862e-03 8.8528422639e-03 5.0612326557e-01 4.9387618478e-01 1.0000000000e-03
3.1200000000e+02 8.9663593099e-03 9.0915160254e-03 8.8380603120e-03 5.0621771972e-01 4.9378172982e-01 1.0000000000e-03
3.1300000000e+02 8.9538404718e-03 9.0808449313e-03 8.8235968724e-03 5.0631431115e-01 4.9368513758e-01 1.0000000000e-03
3.1400000000e+02 8.9413430542e-03 9.0697836131e-03 8.8095767424e-03 5.0641052554e-01 4.9358892239e-01 1.0000000000e-03
3.1500000000e+02 8.9289611205e-03 9.0586235747e-03 8.7958900258e-03 5.0650520684e-01 4.9349424029e-01 1.0000000000e-03
3.1600000000e+02 8.9165754616e-03 9.0470025316e-03 8.7826717645e-03 5.0659592409e-01 4.9340352224e-01 1.0000000000e-03
3.1700000000e+02 8.9043322951e-03 9.0350573882e-03 8.7700774893e-03 5.0668041408e-01 4.9331903145e-01 1.0000000000e-03
3.1800000000e+02 8.8920164853e-03 9.0235155076e-03 8.7569206953e-03 5.0676202994e-01 4.9323741480e-01 1.0000000000e-03
3.1900000000e+02 8.8800340891e-03 9.0122325346e-03 8.7441783398e-03 5.0684060798e-01 4.9315883597e-01 1.0000000000e-03
3.2000000000e+02 8.8679306209e-03 9.0015660971e-03 8.7305540219e-03 5.0692070263e-01 4.9307874053e-01 1.0000000000e-03
3.2100000000e+02 8.8560124859e-03 8.9910868555e-03 8.7171113119e-03 5.0700218760e-01 4.9299725477e-01 1.0000000000e-03
3.2200000000e+02 8.8440552354e-03 8.9809270576e-03 8.7032578886e-03 5.0708701778e-01 4.9291242381e-01 1.0000000000e-03
3.2300000000e+02 8.8322125375e-03 8.9711220935e-03 8.6892666295e-03 5.0717627495e-01 4.9282316585e-01 1.0000000000e-03
3.2400000000e+02 8.8204303756e-03 8.9613199234e-03 8.6753936484e-03 5.0726921829e-01 4.9273022173e-01 1.0000000000e-03
3.2500000000e+02 8.8087189943e-03 8.9514423162e-03 8.6617367342e-03 5.0736467900e-01 4.9263476025e-01 1.0000000000e-03
3.2600000000e+02 8.7971817702e-03 8.9412108064e-03 8.6487997323e-03 5.0745936724e-01 4.9254007123e-01 1.0000000000e-03
3.2700000000e+02 8.7856575847e-03 8.9307231829e-03 8.6361533031e-03 5.0755182576e-01 4.9244761194e-01 1.0000000000e-03
3.2800000000e+02 8.7741035968e-03 8.9199542999e-03 8.6237359792e-03 5.0764084457e-01 4.9235859236e-01 1.0000000000e-03
3.2900000000e+02 8.7626446038e-03 8.9089516550e-03 8.6117563769e-03 5.0772485685e-01 4.9227457931e-01 1.0000000000e-03
3.3000000000e+02 8.7513159961e-03 8.8983466849e-03 8.5996333510e-03 5.0780590730e-01 4.9219352810e-01 1.0000000000e-03
3.3100000000e+02 8.7399631739e-03 8.8878357783e-03 8.5873613134e-03 5.0788500442e-01 4.9211443021e-01 1.0000000000e-03
3.3200000000e+02 8.7287602946e-03 8.8773919269e-03 8.5753276944e-03 5.0796185352e-01 4.9203758035e-01 1.0000000000e-03
3.3300000000e+02 8.7175015360e-03 8.8676819578e-03 8.5624223575e-03 5.0804130672e-01 4.9195812639e-01 1.0000000000e-03
3.3400000000e+02 8.7064541876e-03 8.8582979515e-03 8.5496036336e-03 5.0812379681e-01 4.9187563554e-01 1.0000000000e-03
3.3500000000e+02 8.6953490973e-03 8.8490014896e-03 8.5365762934e-03 5.0820990616e-01 4.9178952544e-01 1.0000000000e-03
3.3600000000e+02 8.6844274774e-03 8.8399136439e-03 8.5237035528e-03 5.0829943984e-01 4.9169999101e-01 1.0000000000e-03
3.3700000000e+02 8.6735412478e-03 8.8305622339e-03 8.5111707449e-03 5.0839034185e-01 4.9160908825e-01 1.0000000000e-03
3.3800000000e+02 8.6627285928e-03 8.8209994137e-03 8.4990048781e-03 5.0848082345e-01 4.9151860590e-01 1.0000000000e-03
3.3900000000e+02 8.6519233882e-03 8.8113537058e-03 8.4869414568e-03 5.0857041172e-01 4.9142901688e-01 1.0000000000e-03
3.4000000000e+02 8.6411945522e-03 8.8011333719e-03 8.4756296128e-03 5.0865536869e-01 4.9134405918e-01 1.0000000000e-03
3.4100000000e+02 8.6305337027e-03 8.7909232825e-03 8.4644490853e-03 5.0873580969e-01 4.9126361744e-01 1.0000000000e-03
3.4200000000e+02 8.6198970675e-03 8.7808975950e-03 8.4531279281e-03 5.0881313678e-01 4.9118628961e-01 1.0000000000e-03
3.4300000000e+02 8.6093973368e-03 8.7709305808e-03 8.4420265630e-03 5.0888719011e-01 4.9111223554e-01 1.0000000000e-03
3.4400000000e+02 8.5989022627e-03 8.7615977973e-03 8.4302779287e-03 5.0896203576e-01 4.9103738917e-01 1.0000000000e-03
3.4500000000e+02 8.5884891450e-03 8.7524475530e-03 8.4185032174e-03 5.0903821322e-01 4.9096121097e-01 1.0000000000e-03
3.4600000000e+02 8.5781067610e-03 8.7433727458e-03 8.4067136049e-03 5.0911587076e-01 4.9088355270e-01 1.0000000000e-03
3.4700000000e+02 8.5678454489e-03 8.7348856032e-03 8.3945551887e-03 5.0919766175e-01 4.9080176098e-01 1.0000000000e-03
3.4800000000e+02 8.5575291887e-03 8.7261721492e-03 8.3825159818e-03 5.0928219808e-01 4.9071722393e-01 1.0000000000e-03
3.4900000000e+02 8.5473200306e-03 8.7174130604e-03 8.3707422018e-03 5.0936830852e-01 4.9063111277e-01 1.0000000000e-03
3.5000000000e+02 8.5372049361e-03 8.7085310370e-03 8.3592841402e-03 5.0945456319e-01 4.9054485738e-01 1.0000000000e-03
3.5100000000e+02 8.5271922871e-03 8.6991516873e-03 8.3485553041e-03 5.0953735712e-01 4.9046206274e-01 1.0000000000e-03
3.5200000000e+02 8.5171600804e-03 8.6896363646e-03 8.3379289135e-03 5.0961635051e-01 4.9038306863e-01 1.0000000000e-03
3.5300000000e+02 8.5072442889e-03 8.6802989244e-03 8.3273584023e-03 5.0969227845e-01 4.9030713999e-01 1.0000000000e-03
3.5400000000e+02 8.4973564371e-03 8.6708310992e-03 8.3169816062e-03 5.0976450100e-01 4.9023491673e-01 1.0000000000e-03
3.5500000000e+02 8.4875132889e-03 8.6615439504e-03 8.3065098152e-03 5.0983420484e-01 4.9016521218e-01 1.0000000000e-03
3.5600000000e+02 8.4777073935e-03 8.6526693776e-03 8.2956841215e-03 5.0990391038e-01 4.9009550593e-01 1.0000000000e-03
3.5700000000e+02 8.4678865969e-03 8.6440360174e-03 8.2845762372e-03 5.0997518218e-01 4.9002423343e-01 1.0000000000e-03
3.5800000000e+02 8.4582790732e-03 8.6358794942e-03 8.2734031603e-03 5.1004946022e-01 4.8994995469e-01 1.0000000000e-03
3.5900000000e+02 8.4486138076e-03 8.6279436946e-03 8.2618771121e-03 5.1012817391e-01 4.8987124030e-01 1.0000000000e-03
3.6000000000e+02 8.4391385317e-03 8.6196623743e-03 8.2510998473e-03 5.1020763766e-01 4.8979177586e-01 1.0000000000e-03
3.6100000000e+02 8.4296250716e-03 8.6113894358e-03 8.2402331755e-03 5.1028809141e-01 4.8971132141e-01 1.0000000000e-03
3.6200000000e+02 8.4201041609e-03 8.6027607322e-03 8.2297232002e-03 5.1036734009e-01 4.8963207204e-01 1.0000000000e-03
3.6300000000e+02 8.4106763825e-03 8.5938898847e-03 8.2196565345e-03 5.1044346805e-01 4.8955594339e-01 1.0000000000e-03
3.6400000000e+02 8.4013603628e-03 8.5851531476e-03 8.2096792758e-03 5.1051691641e-01 4.8948249435e-01 1.0000000000e-03
3.6500000000e+02 8.3921533078e-03 8.5760671645e-03 8.2002943382e-03 5.1058514163e-01 4.8941426844e-01 1.0000000000e-03
3.6600000000e+02 8.3828708157e-03 8.5673136637e-03 8.1904083490e-03 5.1065116900e-01 4.8934824039e-01 1.0000000000e-03
3.6700000000e+02 8.3736889064e-03 8.5587650537e-03 8.1805158406e-03 5.1071584672e-01 4.8928356200e-01 1.0000000000e-03
3.6800000000e+02 8.3645042032e-03 8.5503505543e-03 8.1704771146e-03 5.1078016040e-01 4.8921924764e-01 1.0000000000e-03
3.6900000000e+02 8.3554480225e-03 8.5425404832e-03 8.1600695848e-03 5.1084705724e-01 4.8915235012e-01 1.0000000000e-03
3.7000000000e+02 8.3463490009e-03 8.5348244756e-03 8.1494692713e-03 5.1091716508e-01 4.8908224161e-01 1.0000000000e-03
3.7100000000e+02 8.3374166861e-03 8.5270814598e-03 8.1392377615e-03 5.1098897322e-01 4.8901043280e-01 1.0000000000e-03
3.7200000000e+02 8.3284936845e-03 8.5195014253e-03 8.1288507208e-03 5.1106328652e-01 4.8893611883e-01 1.0000000000e-03
3.7300000000e+02 8.3196535707e-03 8.5113821551e-03 8.1192003563e-03 5.1113602529e-01 4.8886337939e-01 1.0000000000e-03
3.7400000000e+02 8.3108022809e-03 8.5033141077e-03 8.1094708294e-03 5.1120775395e-01 4.8879165007e-01 1.0000000000e-03
3.7500000000e+02 8.3020031452e-03 8.4949526936e-03 8.1001603976e-03 5.1127643131e-01 4.8872297206e-01 1.0000000000e-03
3.7600000000e+02 8.2932859659e-03 8.4863677621e-03 8.0912504345e-03 5.1134047652e-01 4.8865892618e-01 1.0000000000e-03
3.7700000000e+02 8.2846265286e-03 8.4781637415e-03 8.0820657313e-03 5.1140232948e-01 4.8859707256e-01 1.0000000000e-03
3.7800000000e+02 8.2759298384e-03 8.4697892889e-03 8.0729853362e-03 5.1146139267e-01 4.8853800873e-01 1.0000000000e-03
3.7900000000e+02 8.2673812285e-03 8.4618618712e-03 8.0637382343e-03 5.1151978877e-01 4.8847961197e-01 1.0000000000e-03
3.8000000000e+02 8.2588009536e-03 8.4543908015e-03 8.0539472401e-03 5.1158063131e-01 4.8841876878e-01 1.0000000000e-03
3.8100000000e+02 8.2503352314e-03 8.4467846900e-03 8.0445278436e-03 5.1164213940e-01 4.8835726005e-01 1.0000000000e-03
3.8200000000e+02 8.2419496030e-03 8.4397839382e-03 8.0346371979e-03 5.1170751796e-01 4.8829188084e-01 1.0000000000e-03
3.8300000000e+02 8.2335062325e-03 8.4323547781e-03 8.0250753090e-03 5.1177410766e-01 4.8822529050e-01 1.0000000000e-03
3.8400000000e+02 8.2252528518e-03 8.4249656647e-03 8.0158608034e-03 5.1184083937e-01 4.8815855815e-01 1.0000000000e-03
3.8500000000e+02 8.2169212401e-03 8.4176752716e-03 8.0063818023e-03 5.1190883102e-01 4.8809056586e-01 1.0000000000e-03
3.8600000000e+02 8.2087256014e-03 8.4094377235e-03 7.9981768504e-03 5.1197117891e-01 4.8802821733e-01 1.0000000000e-03
3.8700000000e+02 8.2005579025e-03 8.4017170593e-03 7.9894876108e-03 5.1203150123e-01 4.8796789438e-01 1.0000000000e-03
3.8800000000e+02 8.1923780963e-03 8.3935530856e-03 7.9812454060e-03 5.1208729005e-01 4.8791210493e-01 1.0000000000e-03
3.8900000000e+02 8.1842690706e-03 8.3857914433e-03 7.9727256671e-03 5.1214107011e-01 4.8785832424e-01 1.0000000000e-03
3.9000000000e+02 8.1762094051e-03 8.3785168827e-03 7.9637970775e-03 5.1219578449e-01 4.8780360923e-01 1.0000000000e-03
3.9100000000e+02 8.1682065502e-03 8.3709256724e-03 7.9553155228e-03 5.1224900328e-01 4.8775038982e-01 1.0000000000e-03
3.9200000000e+02 8.1603014842e-03 8.3640543744e-03 7.9462770373e-03 5.1230478534e-01 4.8769460715e-01 1.0000000000e-03
3.9300000000e+02 8.1523135304e-03 8.3570191637e-03 7.9372376204e-03 5.1236240264e-01 4.8763698923e-01 1.0000000000e-03
3.9400000000e+02 8.1444559619e-03 8.3502223715e-03 7.9282140359e-03 5.1242234975e-01 4.8757704149e-01 1.0000000000e-03
3.9500000000e+02 8.1365816295e-03 8.3435233682e-03 7.9190507531e-03 5.1248514297e-01 4.8751424766e-01 1.0000000000e-03
3.9600000000e+02 8.1288078800e-03 8.3360504359e-03 7.9109072685e-03 5.1254497487e-01 4.8745441515e-01 1.0000000000e-03
3.9700000000e+02 8.1211412326e-03 8.3288382739e-03 7.9027125612e-03 5.1260309210e-01 4.8739629731e-01 1.0000000000e-03
3.9800000000e+02 8.1134308130e-03 8.3212200552e-03 7.8948568553e-03 5.1265738240e-01 4.8734200640e-01 1.0000000000e-03
3.9900000000e+02 8.1057287753e-03 8.3137070760e-03 7.8869108111e-03 5.1270883467e-01 4.8729055352e-01 1.0000000000e-03
4.0000000000e+02 8.0981515348e-03 8.3064902574e-03 7.8789126128e-03 5.1275879377e-01 4.8724059382e-01 1.0000000000e-03
4.0100000000e+02 8.0905677751e-03 8.2990173250e-03 7.8711705282e-03 5.1280583202e-01 4.8719355497e-01 1.0000000000e-03
4.0200000000e+02 8.0830333754e-03 8.2922242582e-03 7.8628137708e-03 5.1285424668e-01 4.8714513970e-01 1.0000000000e-03
4.0300000000e+02 8.0755781382e-03 8.2853930071e-03 7.8546572477e-03 5.1290315954e-01 4.8709622626e-01 1.0000000000e-03
4.0400000000e+02 8.0681899562e-03 8.2790004089e-03 7.8461747617e-03 5.1295489219e-01 4.8704449300e-01 1.0000000000e-03
4.0500000000e+02 8.0608054996e-03 8.2726785913e-03 7.8376233578e-03 5.1300961033e-01 4.8698977428e-01 1.0000000000e-03
4.0600000000e+02 8.0535160378e-03 8.2659292966e-03 7.8297145665e-03 5.1306368816e-01 4.8693569586e-01 1.0000000000e-03
4.0700000000e+02 8.0461362377e-03 8.2593280822e-03 7.8214649111e-03 5.1311873510e-01 4.8688064833e-01 1.0000000000e-03
4.0800000000e+02 8.0388514325e-03 8.2522109151e-03 7.8139575198e-03 5.1317073103e-01 4.8682865182e-01 1.0000000000e-03
4.0900000000e+02 8.0316569656e-03 8.2453070208e-03 7.8064119443e-03 5.1322075388e-01 4.8677862838e-01 1.0000000000e-03
4.1000000000e+02 8.0244513229e-03 8.2381814718e-03 7.7990791760e-03 5.1326765301e-01 4.8673172867e-01 1.0000000000e-03
4.1100000000e+02 8.0173453316e-03 8.2309804857e-03 7.7920346521e-03 5.1331059109e-01 4.8668879001e-01 1.0000000000e-03
4.1200000000e+02 8.0102086067e-03 8.2243038341e-03 7.7843731269e-03 5.1335353819e-01 4.8664584233e-01 1.0000000000e-03
4.1300000000e+02 8.0031603575e-03 8.2175480202e-03 7.7769784257e-03 5.1339540339e-01 4.8660397656e-01 1.0000000000e-03
4.1400000000e+02 7.9961782321e-03 8.2115018740e-03 7.7689695172e-03 5.1344043447e-01 4.8655894491e-01 1.0000000000e-03
4.1500000000e+02 7.9892342910e-03 8.2051260397e-03 7.7613829635e-03 5.1348596466e-01 4.8651341415e-01 1.0000000000e-03
4.1600000000e+02 7.9822856933e-03 8.1991041079e-03 7.7534127049e-03 5.1353426728e-01 4.8646511097e-01 1.0000000000e-03
4.1700000000e+02 7.9753901809e-03 8.1928381696e-03 7.7458084561e-03 5.1358315357e-01 4.8641622411e-01 1.0000000000e-03
4.1800000000e+02 7.9685579985e-03 8.1865154207e-03 7.7383932658e-03 5.1363179094e-01 4.8636758618e-01 1.0000000000e-03
4.1900000000e+02 7.9617183656e-03 8.1800958142e-03 7.7310646884e-03 5.1367963665e-01 4.8631973991e-01 1.0000000000e-03
4.2000000000e+02 7.9549793154e-03 8.1732738763e-03 7.7243731357e-03 5.1372348713e-01 4.8627588887e-01 1.0000000000e-03
4.2100000000e+02 7.9482765868e-03 8.1667164341e-03 7.7174785547e-03 5.1376520944e-01 4.8623416600e-01 1.0000000000e-03
4.2200000000e+02 7.9416241497e-03 8.1599224359e-03 7.7109406702e-03 5.1380314050e-01 4.8619623439e-01 1.0000000000e-03
4.2300000000e+02 7.9349288717e-03 8.1535512581e-03 7.7038686723e-03 5.1384068731e-01 4.8615868703e-01 1.0000000000e-03
4.2400000000e+02 7.9282987863e-03 8.1472350284e-03 7.6968716457e-03 5.1387781925e-01 4.8612155454e-01 1.0000000000e-03
4.2500000000e+02 7.9216826707e-03 8.1414449960e-03 7.6893451624e-03 5.1391791787e-01 4.8608145537e-01 1.0000000000e-03
4.2600000000e+02 7.9152155668e-03 8.1355944276e-03 7.6821888797e-03 5.1395930813e-01 4.8604006457e-01 1.0000000000e-03
4.2700000000e+02 7.9086879268e-03 8.1298267469e-03 7.6748160645e-03 5.1400282900e-01 4.8599654315e-01 1.0000000000e-03
4.2800000000e+02 7.9022701830e-03 8.1238504499e-03 7.6678907499e-03 5.1404617859e-01 4.8595319303e-01 1.0000000000e-03
4.2900000000e+02 7.8958030790e-03 8.1179132685e-03 7.6608224772e-03 5.1408996733e-01 4.8590940374e-01 1.0000000000e-03
4.3000000000e+02 7.8894225881e-03 8.1118447706e-03 7.6540708542e-03 5.1413272144e-01 4.8586664910e-01 1.0000000000e-03
4.3100000000e+02 7.8831464052e-03 8.1054009497e-03 7.6479357667e-03 5.1417137946e-01 4.8582799055e-01 1.0000000000e-03
4.3200000000e+02 7.8768627718e-03 8.0990688875e-03 7.6416702941e-03 5.1420712215e-01 4.8579224733e-01 1.0000000000e-03
4.3300000000e+02 7.8705940396e-03 8.0926204100e-03 7.6355608180e-03 5.1423937291e-01 4.8575999604e-01 1.0000000000e-03
4.3400000000e+02 7.8643411398e-03 8.0867921934e-03 7.6288268901e-03 5.1427244157e-01 4.8572692685e-01 1.0000000000e-03
4.3500000000e+02 7.8580947593e-03 8.0809462816e-03 7.6221250929e-03 5.1430609282e-01 4.8569327508e-01 1.0000000000e-03
4.3600000000e+02 7.8519824892e-03 8.0753276125e-03 7.6154577546e-03 5.1434086451e-01 4.8565850287e-01 1.0000000000e-03
4.3700000000e+02 7.8458748758e-03 8.0698756501e-03 7.6086204499e-03 5.1437772560e-01 4.8562164126e-01 1.0000000000e-03
4.3800000000e+02 7.8397653997e-03 8.0643566325e-03 7.6018483378e-03 5.1441605399e-01 4.8558331236e-01 1.0000000000e-03
4.3900000000e+02 7.8337695450e-03 8.0591263250e-03 7.5950021856e-03 5.1445684936e-01 4.8554251647e-01 1.0000000000e-03
4.4000000000e+02 7.8277867287e-03 8.0531854182e-03 7.5889383443e-03 5.1449509584e-01 4.8550426948e-01 1.0000000000e-03
4.4100000000e+02 7.8218504786e-03 8.0474829301e-03 7.5827203691e-03 5.1453229840e-01 4.8546706640e-01 1.0000000000e-03
4.4200000000e+02 7.8159011900e-03 8.0412030220e-03 7.5770909898e-03 5.1456483178e-01 4.8543453252e-01 1.0000000000e-03
4.4300000000e+02 7.8099360690e-03 8.0355135724e-03 7.5708013028e-03 5.1459717532e-01 4.8540218847e-01 1.0000000000e-03
4.4400000000e+02 7.8041115776e-03 8.0294711515e-03 7.5651798397e-03 5.1462604838e-01 4.8537331491e-01 1.0000000000e-03
4.4500000000e+02 7.7982624061e-03 8.0239111558e-03 7.5589967892e-03 5.1465515507e-01 4.8534420772e-01 1.0000000000e-03
4.4600000000e+02 7.7924644575e-03 8.0181928352e-03 7.5530875474e-03 5.1468307805e-01 4.8531628423e-01 1.0000000000e-03
4.4700000000e+02 7.7867284417e-03 8.0131310970e-03 7.5466064736e-03 5.1471387755e-01 4.8528548424e-01 1.0000000000e-03
4.4800000000e+02 7.7810045332e-03 8.0080423504e-03 7.5401761569e-03 5.1474702194e-01 4.8525233935e-01 1.0000000000e-03
4.4900000000e+02 7.7752564102e-03 8.0029442906e-03 7.5337057933e-03 5.1478238850e-01 4.8521697230e-01 1.0000000000e-03
4.5000000000e+02 7.7696153894e-03 7.9977205023e-03 7.5275874697e-03 5.1481820248e-01 4.8518115783e-01 1.0000000000e-03
4.5100000000e+02 7.7640647069e-03 7.9920738935e-03 7.5221061707e-03 5.1485098828e-01 4.8514837154e-01 1.0000000000e-03
4.5200000000e+02 7.7584376559e-03 7.9868175089e-03 7.5160525739e-03 5.1488417165e-01 4.8511518769e-01 1.0000000000e-03
4.5300000000e+02 7.7529740520e-03 7.9808384180e-03 7.5111095794e-03 5.1491176311e-01 4.8508759575e-01 1.0000000000e-03
4.5400000000e+02 7.7474368736e-03 7.9756444320e-03 7.5051826425e-03 5.1494005175e-01 4.8505930662e-01 1.0000000000e-03
4.5500000000e+02 7.7420370653e-03 7.9695191234e-03 7.5005316176e-03 5.1496180503e-01 4.8503755286e-01 1.0000000000e-03
4.5600000000e+02 7.7366270125e-03 7.9648643732e-03 7.4942931533e-03 5.1498757330e-01 4.8501178412e-01 1.0000000000e-03
4.5700000000e+02 7.7312868088e-03 7.9592028633e-03 7.4892728589e-03 5.1500974175e-01 4.8498961520e-01 1.0000000000e-03
4.5800000000e+02 7.7259102836e-03 7.9551525414e-03 7.4824597687e-03 5.1503971179e-01 4.8495964468e-01 1.0000000000e-03
4.5900000000e+02 7.7206683345e-03 7.9495273530e-03 7.4775991961e-03 5.1506524726e-01 4.8493410875e-01 1.0000000000e-03
4.6000000000e+02 7.7153965831e-03 7.9456167296e-03 7.4708489701e-03 5.1509849650e-01 4.8490085904e-01 1.0000000000e-03
4.6100000000e+02 7.7102915384e-03 7.9396329820e-03 7.4666528963e-03 5.1512363647e-01 4.8487571860e-01 1.0000000000e-03
4.6200000000e+02 7.7051548287e-03 7.9357083887e-03 7.4601974338e-03 5.1515551664e-01 4.8484383798e-01 1.0000000000e-03
4.6300000000e+02 7.7003263868e-03 7.9291649163e-03 7.4571734294e-03 5.1517373204e-01 4.8482562212e-01 1.0000000000e-03
4.6400000000e+02 7.6954727992e-03 7.9254647717e-03 7.4510690756e-03 5.1519892165e-01 4.8480043206e-01 1.0000000000e-03
4.6500000000e+02 7.6909679919e-03 7.9185180366e-03 7.4491528794e-03 5.1520611467e-01 4.8479323860e-01 1.0000000000e-03
4.6600000000e+02 7.6866345480e-03 7.9157343134e-03 7.4431556277e-03 5.1522392291e-01 4.8477542993e-01 1.0000000000e-03
4.6700000000e+02 7.6830284670e-03 7.9086907208e-03 7.4432096444e-03 5.1521753438e-01 4.8478181804e-01 1.0000000000e-03
4.6800000000e+02 7.6800161041e-03 7.9077240080e-03 7.4380133301e-03 5.1522617456e-01 4.8477317744e-01 1.0000000000e-03
4.6900000000e+02 7.6784873381e-03 7.9003209248e-03 7.4427593499e-03 5.1519462431e-01 4.8480472732e-01 1.0000000000e-03
4.7000000000e+02 7.6787928119e-03 7.9017374665e-03 7.4419020675e-03 5.1517358440e-01 4.8482576689e-01 1.0000000000e-03
4.7100000000e+02 7.6829581521e-03 7.8935883939e-03 7.4592460878e-03 5.1507072705e-01 4.8492862398e-01 1.0000000000e-03
4.7200000000e+02 7.6924841851e-03 7.8995032236e-03 7.4727120809e-03 5.1495181102e-01 4.8504753985e-01 1.0000000000e-03
4.7300000000e+02 7.7133364975e-03 7.8913448378e-03 7.5245955959e-03 5.1464610975e-01 4.8535324117e-01 1.0000000000e-03
4.7400000000e+02 7.7498545870e-03 7.9077193514e-03 7.5827511027e-03 5.1423039538e-01 4.8576895589e-01 1.0000000000e-03
4.7500000000e+02 7.8226579353e-03 7.9038599506e-03 7.7370149083e-03 5.1334068578e-01 4.8665866643e-01 1.0000000000e-03
4.7600000000e+02 7.9428078607e-03 7.9481406137e-03 7.9372217879e-03 5.1204095327e-01 4.8795840076e-01 1.0000000000e-03
4.7700000000e+02 8.1864837557e-03 7.9642049968e-03 8.4173409268e-03 5.0945375999e-01 4.9054559760e-01 1.0000000000e-03
4.7800000000e+02 8.5626039654e-03 8.0881994218e-03 9.0479766950e-03 5.0570791466e-01 4.9429144881e-01 1.0000000000e-03
4.7900000000e+02 9.3618147075e-03 8.1648426130e-03 1.0552869178e-02 4.9875804407e-01 5.0124132963e-01 1.0000000000e-03
4.8000000000e+02 1.0380510241e-02 8.5180252790e-03 1.2170366012e-02 4.9005519044e-01 5.0994419755e-01 1.0000000000e-03
4.8100000000e+02 1.2478686869e-02 8.6771007627e-03 1.5936257318e-02 4.7630328128e-01 5.2369612729e-01 1.0000000000e-03
4.8200000000e+02 1.3380270451e-02 9.4978893176e-03 1.6752721742e-02 4.6485453261e-01 5.3514489700e-01 1.0000000000e-03
4.8300000000e+02 1.4110106044e-02 9.2475200072e-03 1.8123382702e-02 4.5215501885e-01 5.4784443127e-01 1.0000000000e-03
4.8400000000e+02 1.0520780459e-02 1.0018872097e-02 1.0939381085e-02 4.5474344046e-01 5.4525601694e-01 1.0000000000e-03
4.8500000000e+02 7.7891107649e-03 9.5342863351e-03 6.2433839776e-03 4.6969804506e-01 5.3030140321e-01 1.0000000000e-03
4.8600000000e+02 8.4149958566e-03 9.6893189475e-03 7.2388662957e-03 4.7996599573e-01 5.2003344865e-01 1.0000000000e-03
4.8700000000e+02 1.0083276778e-02 9.6415728331e-03 1.0490787216e-02 4.7986029429e-01 5.2013915597e-01 1.0000000000e-03
4.8800000000e+02 9.5471255481e-03 9.5254238695e-03 9.5673101023e-03 4.8176454718e-01 5.1823490568e-01 1.0000000000e-03
4.8900000000e+02 7.6605305076e-03 8.6035998538e-03 6.7558898591e-03 4.8960293679e-01 5.1039650568e-01 1.0000000000e-03
4.9000000000e+02 8.3907321095e-03 8.2752062008e-03 8.5017234087e-03 4.8996752830e-01 5.1003191032e-01 1.0000000000e-03
4.9100000000e+02 9.4883814454e-03 8.1401504576e-03 1.0753291659e-02 4.8405528119e-01 5.1594416064e-01 1.0000000000e-03
4.9200000000e+02 8.1481644884e-03 7.9727247357e-03 8.3131315187e-03 4.8460462358e-01 5.1539481266e-01 1.0000000000e-03
4.9300000000e+02 7.7083269134e-03 8.0394884571e-03 7.3923929594e-03 4.8824074640e-01 5.1175868141e-01 1.0000000000e-03
4.9400000000e+02 8.7011959404e-03 8.4631452337e-03 8.9281694964e-03 4.8807969982e-01 5.1191972771e-01 1.0000000000e-03
4.9500000000e+02 8.2797687501e-03 8.6779780686e-03 7.8946733847e-03 4.9163494316e-01 5.0836448129e-01 1.0000000000e-03
4.9600000000e+02 7.5844358653e-03 8.8991271332e-03 6.2636267394e-03 5.0116211505e-01 4.9883730099e-01 1.0000000000e-03
4.9700000000e+02 8.1177176908e-03 9.1017317027e-03 7.1049327962e-03 5.0720629415e-01 4.9279311859e-01 1.0000000000e-03
4.9800000000e+02 8.1632556394e-03 8.8593978435e-03 7.4362326413e-03 5.1085233938e-01 4.8914707072e-01 1.0000000000e-03
4.9900000000e+02 7.6005351730e-03 8.4837703034e-03 6.6597056575e-03 5.1578967730e-01 4.8420972576e-01 1.0000000000e-03
5.0000000000e+02 7.8386999667e-03 8.0886948854e-03 7.5723365881e-03 5.1585922157e-01 4.8414017733e-01 1.0000000000e-03
