# time_s Ids_A Vds_V Vgs_V
5.5194998794e-08 1.0062500000e+01 5.9238281250e+02 6.6968750954e+00
7.0554996512e-08 1.1828125000e+01 5.9053125000e+02 7.3093748093e+00
8.0154997306e-08 1.4031250000e+01 5.9182031250e+02 7.4632811546e+00
8.9754998100e-08 1.8078125000e+01 5.9149218750e+02 7.7109375000e+00
9.9354998895e-08 1.9093750000e+01 5.9264062500e+02 7.9226560593e+00
1.0895499969e-07 1.9796875000e+01 5.9238281250e+02 8.0132808685e+00
1.1855500048e-07 2.5718750000e+01 5.9407031250e+02 8.2281246185e+00
1.2815499417e-07 2.4796875000e+01 5.9392968750e+02 8.1054687500e+00
1.3775499497e-07 2.7453125000e+01 5.9414062500e+02 8.4078121185e+00
1.4735499576e-07 2.7109375000e+01 5.9411718750e+02 8.4515628815e+00
1.5695499656e-07 3.0453125000e+01 5.9498437500e+02 8.4968748093e+00
1.6655499735e-07 2.8984375000e+01 5.9367187500e+02 8.6015625000e+00
1.7615499814e-07 3.0187500000e+01 5.9596875000e+02 8.7421875000e+00
1.8575499894e-07 3.2375000000e+01 5.9542968750e+02 8.7164058685e+00
1.9535499973e-07 3.3328125000e+01 5.9566406250e+02 8.7828121185e+00
2.0495500053e-07 3.3453125000e+01 5.9678906250e+02 8.8414058685e+00
2.1455500132e-07 3.5859375000e+01 5.9838281250e+02 8.8859376907e+00
2.2415500212e-07 3.7500000000e+01 5.9721093750e+02 8.9101562500e+00
2.3375500291e-07 3.6781250000e+01 5.9798437500e+02 8.8039064407e+00
2.4335500370e-07 3.7796875000e+01 5.9812500000e+02 8.8960933685e+00
2.5295500450e-07 3.9343750000e+01 5.9690625000e+02 8.9328126907e+00
2.6255500529e-07 3.8390625000e+01 5.9714062500e+02 8.9359378815e+00
2.7215500609e-07 3.9296875000e+01 5.9625000000e+02 8.9328126907e+00
2.8175500688e-07 4.0625000000e+01 5.9704687500e+02 9.0007810593e+00
2.9135500768e-07 4.0890625000e+01 5.9753906250e+02 8.8882808685e+00
3.0095500847e-07 4.0796875000e+01 5.9599218750e+02 8.8703126907e+00
3.1055500926e-07 4.2515625000e+01 5.9571093750e+02 9.0593748093e+00
3.2015501006e-07 4.1953125000e+01 5.9573437500e+02 8.9812498093e+00
3.2975501085e-07 4.3125000000e+01 5.9594531250e+02 9.1359376907e+00
3.3935501165e-07 4.4453125000e+01 5.9660156250e+02 9.0984373093e+00
3.4895501244e-07 4.3437500000e+01 5.9610937500e+02 9.0757808685e+00
3.5855501324e-07 4.2375000000e+01 5.9646093750e+02 9.0507812500e+00
3.6815501403e-07 4.4234375000e+01 5.9592187500e+02 9.1335935593e+00
3.7775498640e-07 4.4375000000e+01 5.9817187500e+02 9.1031246185e+00
3.8735498720e-07 4.3343750000e+01 5.9789062500e+02 9.0773439407e+00
3.9695498799e-07 4.5125000000e+01 5.9566406250e+02 9.1031246185e+00
4.0655498879e-07 4.4218750000e+01 5.9711718750e+02 9.0929689407e+00
4.1615498958e-07 4.6062500000e+01 5.9852343750e+02 9.0304689407e+00
4.2575499037e-07 4.5781250000e+01 5.9681250000e+02 9.0976562500e+00
4.3535499117e-07 4.3625000000e+01 5.9725781250e+02 8.9296875000e+00
4.4495499196e-07 4.6093750000e+01 5.9721093750e+02 9.1351566315e+00
4.5455499276e-07 4.6750000000e+01 5.9702343750e+02 9.0000000000e+00
4.6415499355e-07 4.6359375000e+01 5.9718750000e+02 9.0679683685e+00
4.7375499435e-07 4.5406250000e+01 5.9669531250e+02 8.9968748093e+00
4.8335499514e-07 4.6734375000e+01 5.9692968750e+02 9.1203126907e+00
4.9295499593e-07 4.8937500000e+01 5.9369531250e+02 9.1343746185e+00
5.0255499673e-07 4.8046875000e+01 5.9887500000e+02 8.9984378815e+00
5.1215499752e-07 4.8593750000e+01 5.9875781250e+02 8.9828128815e+00
5.2175499832e-07 4.7984375000e+01 5.9758593750e+02 9.1265621185e+00
5.3135499911e-07 4.9453125000e+01 5.9866406250e+02 9.0679683685e+00
5.4095499991e-07 4.7375000000e+01 5.9725781250e+02 9.0406246185e+00
5.5055500070e-07 4.8031250000e+01 5.9831250000e+02 8.9453125000e+00
5.6015500149e-07 4.8296875000e+01 5.9789062500e+02 9.1734371185e+00
5.6975500229e-07 4.9687500000e+01 5.9610937500e+02 9.1125001907e+00
5.7935500308e-07 4.8906250000e+01 5.9864062500e+02 9.1664066315e+00
5.8895500388e-07 5.0640625000e+01 5.9643750000e+02 9.0570316315e+00
5.9855500467e-07 4.9531250000e+01 6.0070312500e+02 9.1140623093e+00
6.0815500547e-07 5.0921875000e+01 5.9322656250e+02 9.1023435593e+00
6.1775500626e-07 4.8875000000e+01 5.9763281250e+02 9.0804691315e+00
6.2735500705e-07 4.8343750000e+01 5.9772656250e+02 9.0960941315e+00
6.3695500785e-07 5.3000000000e+01 5.9505468750e+02 9.0820312500e+00
6.4655500864e-07 4.9078125000e+01 5.9728125000e+02 9.1445312500e+00
6.5615500944e-07 5.1562500000e+01 5.9789062500e+02 9.0570316315e+00
6.6575501023e-07 5.0375000000e+01 5.9782031250e+02 9.0187501907e+00
6.7535501103e-07 5.2171875000e+01 5.9835937500e+02 9.1335935593e+00
6.8495501182e-07 5.0453125000e+01 5.9707031250e+02 9.1218748093e+00
6.9455501261e-07 5.3234375000e+01 5.9887500000e+02 9.1242189407e+00
7.0415501341e-07 5.1218750000e+01 5.9824218750e+02 9.0679683685e+00
7.1375501420e-07 5.2062500000e+01 5.9629687500e+02 9.1203126907e+00
7.2335501500e-07 5.3593750000e+01 5.9824218750e+02 9.1265621185e+00
7.3295501579e-07 5.2875000000e+01 5.9798437500e+02 8.9171876907e+00
7.4255501659e-07 5.2500000000e+01 5.9770312500e+02 9.0656251907e+00
7.5215501738e-07 5.5562500000e+01 5.9866406250e+02 9.0796871185e+00
7.6175501817e-07 5.3203125000e+01 5.9793750000e+02 9.1742191315e+00
7.7135501897e-07 5.2515625000e+01 5.9690625000e+02 9.1570310593e+00
7.8095501976e-07 5.2984375000e+01 5.9561718750e+02 9.0562496185e+00
7.9055502056e-07 5.4187500000e+01 5.9786718750e+02 9.1250000000e+00
8.0015502135e-07 5.3078125000e+01 5.9671875000e+02 9.1468753815e+00
8.0975502215e-07 5.4187500000e+01 5.9831250000e+02 9.0812501907e+00
8.1935502294e-07 5.5234375000e+01 5.9587500000e+02 9.2156248093e+00
8.2895502374e-07 5.5109375000e+01 5.9758593750e+02 9.1117191315e+00
8.3855502453e-07 5.5250000000e+01 5.9667187500e+02 9.0679683685e+00
8.4815502532e-07 5.6187500000e+01 5.9617968750e+02 9.1148433685e+00
8.5775502612e-07 5.5609375000e+01 5.9728125000e+02 9.1320314407e+00
8.6735502691e-07 5.6390625000e+01 5.9688281250e+02 9.1374998093e+00
8.7695502771e-07 5.5921875000e+01 5.9753906250e+02 9.0187501907e+00
8.8655497166e-07 5.5984375000e+01 5.9545312500e+02 9.0296878815e+00
8.9615497245e-07 5.7984375000e+01 5.9826562500e+02 9.0828123093e+00
9.0575497325e-07 5.5234375000e+01 5.9920312500e+02 9.1828126907e+00
9.1535497404e-07 5.7375000000e+01 5.9493750000e+02 9.1109371185e+00
9.2495497483e-07 5.6828125000e+01 5.9632031250e+02 9.0929689407e+00
9.3455497563e-07 5.6250000000e+01 5.9573437500e+02 9.1265621185e+00
9.4415497642e-07 5.8234375000e+01 5.9615625000e+02 9.0585937500e+00
9.5375503406e-07 5.7953125000e+01 5.9742187500e+02 9.1203126907e+00
9.6335497801e-07 5.7453125000e+01 5.9805468750e+02 9.0874996185e+00
9.7295503565e-07 5.9015625000e+01 5.9826562500e+02 9.2164058685e+00
9.8255497960e-07 5.8578125000e+01 5.9789062500e+02 9.2156248093e+00
9.9215503724e-07 5.8328125000e+01 5.9714062500e+02 9.1218748093e+00
1.0017549812e-06 5.9687500000e+01 5.9475000000e+02 9.0031251907e+00
1.0113550388e-06 5.8250000000e+01 5.9810156250e+02 9.0437498093e+00
1.0209549828e-06 5.9625000000e+01 5.9735156250e+02 9.1875000000e+00
1.0305550404e-06 5.7718750000e+01 5.9657812500e+02 9.1890621185e+00
1.0401549844e-06 5.8906250000e+01 5.9634375000e+02 9.1421871185e+00
1.0497550420e-06 6.0234375000e+01 5.9660156250e+02 9.0195312500e+00
1.0593549860e-06 5.8562500000e+01 5.9599218750e+02 9.0749998093e+00
1.0689550436e-06 6.1468750000e+01 5.9676562500e+02 9.0679683685e+00
1.0785549875e-06 5.9718750000e+01 5.9578125000e+02 8.9679689407e+00
1.0881550452e-06 6.0625000000e+01 5.9517187500e+02 9.1515626907e+00
1.0977549891e-06 6.0843750000e+01 5.9603906250e+02 9.1718750000e+00
1.1073550468e-06 6.1140625000e+01 5.9777343750e+02 9.0890626907e+00
1.1169549907e-06 5.9125000000e+01 5.9538281250e+02 9.1445312500e+00
1.1265550484e-06 6.1796875000e+01 5.9753906250e+02 9.0359373093e+00
1.1361549923e-06 6.0000000000e+01 5.9376562500e+02 9.1000003815e+00
1.1457550499e-06 6.2296875000e+01 5.9896875000e+02 9.2124996185e+00
1.1553549939e-06 6.3359375000e+01 5.9908593750e+02 9.0578126907e+00
1.1649550515e-06 6.2796875000e+01 5.9610937500e+02 9.2765626907e+00
1.1745549955e-06 6.2656250000e+01 5.9901562500e+02 9.1499996185e+00
1.1841550531e-06 6.4343750000e+01 5.9749218750e+02 9.2273435593e+00
1.1937549971e-06 6.3546875000e+01 5.9819531250e+02 9.1296873093e+00
1.2033550547e-06 6.3718750000e+01 5.9744531250e+02 9.0757808685e+00
1.2129549987e-06 6.4796875000e+01 5.9554687500e+02 9.1015625000e+00
1.2225550563e-06 6.2453125000e+01 5.9683593750e+02 9.0257816315e+00
1.2321550003e-06 6.5406250000e+01 5.9784375000e+02 9.0453128815e+00
1.2417549442e-06 6.6453125000e+01 5.9864062500e+02 9.1085939407e+00
1.2513550018e-06 6.3734375000e+01 5.9782031250e+02 9.0976562500e+00
1.2609549458e-06 6.3750000000e+01 5.9908593750e+02 9.1296873093e+00
1.2705550034e-06 6.4531250000e+01 5.9723437500e+02 9.0976562500e+00
1.2801549474e-06 6.5328125000e+01 5.9632031250e+02 9.0593748093e+00
1.2897550050e-06 6.4078125000e+01 5.9662500000e+02 9.1265621185e+00
1.2993549490e-06 6.4843750000e+01 5.9622656250e+02 9.1382808685e+00
1.3089550066e-06 6.6578125000e+01 5.9730468750e+02 9.1835937500e+00
1.3185549506e-06 6.7078125000e+01 5.9439843750e+02 9.1640625000e+00
1.3281550082e-06 6.5656250000e+01 5.9878125000e+02 9.1242189407e+00
1.3377549521e-06 6.7656250000e+01 5.9585156250e+02 9.1515626907e+00
1.3473550098e-06 6.5781250000e+01 5.9725781250e+02 9.1578121185e+00
1.3569549537e-06 6.7859375000e+01 5.9702343750e+02 9.1453123093e+00
1.3665550114e-06 6.6015625000e+01 5.9711718750e+02 9.0031251907e+00
1.3761549553e-06 6.9328125000e+01 5.9566406250e+02 9.1320314407e+00
1.3857550130e-06 6.7453125000e+01 5.9707031250e+02 9.1687498093e+00
1.3953549569e-06 6.8875000000e+01 5.9507812500e+02 9.0507812500e+00
1.4049550146e-06 6.7906250000e+01 5.9681250000e+02 9.0734376907e+00
1.4145549585e-06 6.9546875000e+01 5.9475000000e+02 9.1882810593e+00
1.4241550161e-06 6.8125000000e+01 5.9702343750e+02 9.1117191315e+00
1.4337549601e-06 7.0578125000e+01 5.9711718750e+02 9.0124998093e+00
1.4433550177e-06 6.8765625000e+01 5.9749218750e+02 9.1632814407e+00
1.4529549617e-06 7.0390625000e+01 5.9622656250e+02 9.0906248093e+00
1.4625550193e-06 7.0515625000e+01 5.9763281250e+02 9.0937500000e+00
1.4721549633e-06 6.9421875000e+01 5.9777343750e+02 9.1398439407e+00
1.4817550209e-06 6.9703125000e+01 5.9707031250e+02 9.1203126907e+00
1.4913549649e-06 7.1953125000e+01 5.9575781250e+02 9.1515626907e+00
1.5009550225e-06 7.0328125000e+01 5.9800781250e+02 9.1757812500e+00
1.5105549664e-06 6.9781250000e+01 5.9709375000e+02 9.0273437500e+00
1.5201550241e-06 7.0593750000e+01 5.9814843750e+02 9.0890626907e+00
1.5297549680e-06 7.3234375000e+01 5.9742187500e+02 9.1187496185e+00
1.5393550257e-06 7.0343750000e+01 5.9606250000e+02 9.0921878815e+00
1.5489549696e-06 7.3000000000e+01 5.9730468750e+02 9.1257810593e+00
1.5585550273e-06 7.2328125000e+01 5.9721093750e+02 9.0328121185e+00
1.5681549712e-06 7.2640625000e+01 5.9493750000e+02 9.0960941315e+00
1.5777550288e-06 7.1953125000e+01 5.9688281250e+02 9.1499996185e+00
1.5873549728e-06 7.3296875000e+01 5.9629687500e+02 9.1687498093e+00
1.5969550304e-06 7.5562500000e+01 5.9746875000e+02 9.0632810593e+00
1.6065549744e-06 7.2765625000e+01 5.9641406250e+02 9.0171871185e+00
1.6161550320e-06 7.2125000000e+01 5.9683593750e+02 9.1359376907e+00
1.6257549760e-06 7.5703125000e+01 5.9814843750e+02 9.1656246185e+00
1.6353550336e-06 7.4812500000e+01 5.9751562500e+02 9.1265621185e+00
1.6449549776e-06 7.5125000000e+01 5.9957812500e+02 9.1250000000e+00
1.6545550352e-06 7.5750000000e+01 5.9423437500e+02 9.1023435593e+00
1.6641549792e-06 7.3953125000e+01 5.9540625000e+02 9.1164064407e+00
1.6737550368e-06 7.6609375000e+01 5.9573437500e+02 9.1078128815e+00
1.6833549807e-06 7.6156250000e+01 5.9857031250e+02 9.0828123093e+00
1.6929550384e-06 7.4828125000e+01 5.9692968750e+02 9.1093750000e+00
1.7025549823e-06 7.6468750000e+01 5.9580468750e+02 9.1023435593e+00
1.7121550400e-06 7.4578125000e+01 5.9496093750e+02 9.0617189407e+00
1.7217549839e-06 7.6656250000e+01 5.9458593750e+02 9.0742187500e+00
1.7313550416e-06 7.8640625000e+01 5.9435156250e+02 9.1796875000e+00
1.7409549855e-06 7.7187500000e+01 5.9833593750e+02 9.1640625000e+00
1.7505550431e-06 7.7984375000e+01 5.9772656250e+02 9.0039062500e+00
1.7601549871e-06 7.8406250000e+01 5.9671875000e+02 9.0945310593e+00
1.7697550447e-06 7.6234375000e+01 5.9664843750e+02 9.1804685593e+00
1.7793549887e-06 7.8000000000e+01 5.9573437500e+02 9.1999998093e+00
1.7889550463e-06 7.8125000000e+01 5.9571093750e+02 9.0851564407e+00
1.7985549903e-06 7.9250000000e+01 5.9446875000e+02 9.1281251907e+00
1.8081550479e-06 7.9015625000e+01 5.9552343750e+02 9.1195316315e+00
1.8177549919e-06 7.8281250000e+01 5.9632031250e+02 9.1023435593e+00
1.8273550495e-06 8.0156250000e+01 5.9887500000e+02 9.0679683685e+00
1.8369549935e-06 8.0703125000e+01 5.9700000000e+02 9.1093750000e+00
1.8465550511e-06 8.0281250000e+01 5.9709375000e+02 9.1125001907e+00
1.8561549950e-06 7.9765625000e+01 5.9514843750e+02 9.1945314407e+00
1.8657550527e-06 7.9109375000e+01 5.9528906250e+02 9.2164058685e+00
1.8753549966e-06 8.0593750000e+01 5.9491406250e+02 9.0820312500e+00
1.8849550543e-06 8.0750000000e+01 5.9690625000e+02 9.0367183685e+00
1.8945549982e-06 8.2437500000e+01 5.9882812500e+02 9.0937500000e+00
1.9041550559e-06 7.9312500000e+01 5.9730468750e+02 9.0101566315e+00
1.9137551135e-06 8.1578125000e+01 5.9704687500e+02 9.1617183685e+00
1.9233550574e-06 8.1156250000e+01 5.9655468750e+02 9.0914058685e+00
1.9329550014e-06 8.1406250000e+01 5.9552343750e+02 9.0937500000e+00
1.9425549453e-06 8.1312500000e+01 5.9714062500e+02 9.1312503815e+00
1.9521548893e-06 8.1234375000e+01 5.9786718750e+02 9.1531248093e+00
1.9617550606e-06 8.2078125000e+01 5.9817187500e+02 9.0859375000e+00
1.9713550046e-06 8.3453125000e+01 5.9446875000e+02 9.0335941315e+00
1.9809549485e-06 8.3843750000e+01 5.9692968750e+02 9.1601562500e+00
1.9905548925e-06 8.4171875000e+01 5.9475000000e+02 9.1000003815e+00
2.0001550638e-06 8.4546875000e+01 5.9798437500e+02 9.0460939407e+00
2.0097550077e-06 8.1937500000e+01 5.9571093750e+02 9.0601558685e+00
2.0193549517e-06 8.4421875000e+01 5.9749218750e+02 9.0968751907e+00
2.0289548956e-06 8.4968750000e+01 5.9521875000e+02 9.1531248093e+00
2.0385550670e-06 8.3234375000e+01 5.9552343750e+02 9.1679687500e+00
2.0481550109e-06 8.4109375000e+01 5.9746875000e+02 9.1210937500e+00
2.0577549549e-06 8.5203125000e+01 5.9622656250e+02 9.0601558685e+00
2.0673548988e-06 8.6703125000e+01 5.9835937500e+02 9.1328125000e+00
2.0769550702e-06 8.4703125000e+01 5.9632031250e+02 8.9804687500e+00
2.0865550141e-06 8.6312500000e+01 5.9704687500e+02 9.0070314407e+00
2.0961549581e-06 8.6656250000e+01 5.9819531250e+02 9.0234375000e+00
2.1057549020e-06 8.5531250000e+01 5.9655468750e+02 9.1093750000e+00
2.1153550733e-06 8.7078125000e+01 5.9531250000e+02 9.0539064407e+00
2.1249550173e-06 8.7312500000e+01 5.9685937500e+02 9.0773439407e+00
2.1345549612e-06 8.6484375000e+01 5.9730468750e+02 8.9421873093e+00
2.1441549052e-06 8.7546875000e+01 5.9859375000e+02 9.0671873093e+00
2.1537550765e-06 8.6343750000e+01 5.9552343750e+02 8.9843750000e+00
2.1633550205e-06 8.7734375000e+01 5.9925000000e+02 9.1812496185e+00
2.1729549644e-06 8.7281250000e+01 5.9700000000e+02 9.1125001907e+00
2.1825549084e-06 8.9640625000e+01 5.9753906250e+02 9.1179685593e+00
2.1921550797e-06 8.7828125000e+01 5.9639062500e+02 9.0078125000e+00
2.2017550236e-06 8.8187500000e+01 5.9807812500e+02 9.1054687500e+00
2.2113549676e-06 9.0937500000e+01 5.9578125000e+02 9.0765628815e+00
2.2209549115e-06 8.9406250000e+01 5.9728125000e+02 9.0546875000e+00
2.2305550829e-06 9.1984375000e+01 5.9547656250e+02 9.0796871185e+00
2.2401550268e-06 8.9828125000e+01 5.9575781250e+02 9.1078128815e+00
2.2497549708e-06 9.0562500000e+01 5.9414062500e+02 9.1023435593e+00
2.2593549147e-06 9.0625000000e+01 5.9676562500e+02 9.1437501907e+00
2.2689550860e-06 9.2921875000e+01 5.9779687500e+02 8.9875001907e+00
2.2785550300e-06 9.2609375000e+01 5.9634375000e+02 9.0351562500e+00
2.2881549739e-06 9.2171875000e+01 5.9840625000e+02 9.0429687500e+00
2.2977549179e-06 9.1718750000e+01 5.9671875000e+02 9.0749998093e+00
2.3073550892e-06 9.0828125000e+01 5.9423437500e+02 9.1250000000e+00
2.3169550332e-06 9.0734375000e+01 5.9639062500e+02 9.0593748093e+00
2.3265549771e-06 9.2062500000e+01 5.9613281250e+02 9.1484375000e+00
2.3361549211e-06 9.4078125000e+01 5.9566406250e+02 9.0757808685e+00
2.3457550924e-06 9.3140625000e+01 5.9610937500e+02 9.1851558685e+00
2.3553550363e-06 9.3656250000e+01 5.9864062500e+02 9.0468750000e+00
2.3649549803e-06 9.1546875000e+01 5.9507812500e+02 9.0328121185e+00
2.3745549242e-06 9.3218750000e+01 5.9470312500e+02 9.0054683685e+00
2.3841550956e-06 9.4328125000e+01 5.9681250000e+02 9.0679683685e+00
2.3937550395e-06 9.4890625000e+01 5.9629687500e+02 9.1398439407e+00
2.4033549835e-06 9.6718750000e+01 5.9629687500e+02 9.1007814407e+00
2.4129549274e-06 9.3890625000e+01 5.9671875000e+02 9.0578126907e+00
2.4225550987e-06 9.5578125000e+01 5.9608593750e+02 9.1710939407e+00
2.4321550427e-06 9.6109375000e+01 5.9758593750e+02 9.0710935593e+00
2.4417549866e-06 9.6875000000e+01 5.9585156250e+02 9.0953121185e+00
2.4513549306e-06 9.5734375000e+01 5.9639062500e+02 9.1109371185e+00
2.4609551019e-06 9.7109375000e+01 5.9718750000e+02 9.2015628815e+00
2.4705550459e-06 9.7312500000e+01 5.9575781250e+02 9.1906251907e+00
2.4801549898e-06 9.6718750000e+01 5.9599218750e+02 9.1359376907e+00
2.4897549338e-06 9.6765625000e+01 5.9582812500e+02 9.2250003815e+00
2.4993551051e-06 9.7375000000e+01 5.9646093750e+02 9.0343751907e+00
2.5089550491e-06 9.6828125000e+01 5.9587500000e+02 9.0210933685e+00
2.5185549930e-06 9.8671875000e+01 5.9833593750e+02 9.0687503815e+00
2.5281549370e-06 9.7828125000e+01 5.9753906250e+02 9.1890621185e+00
2.5377551083e-06 9.7906250000e+01 5.9732812500e+02 9.0921878815e+00
2.5473550522e-06 9.8500000000e+01 5.9674218750e+02 9.1257810593e+00
2.5569549962e-06 9.8796875000e+01 5.9711718750e+02 9.1851558685e+00
2.5665549401e-06 9.9812500000e+01 5.9526562500e+02 9.0023441315e+00
2.5761551115e-06 1.0059375000e+02 5.9353125000e+02 9.1476564407e+00
2.5857550554e-06 1.0137500000e+02 5.9678906250e+02 9.0937500000e+00
2.5953549994e-06 1.0001562500e+02 5.9505468750e+02 9.0882816315e+00
2.6049549433e-06 1.0168750000e+02 5.9821875000e+02 9.1406250000e+00
2.6145548873e-06 1.0025000000e+02 5.9824218750e+02 9.0843753815e+00
2.6241550586e-06 1.0082812500e+02 5.9606250000e+02 8.9601564407e+00
2.6337550025e-06 1.0248437500e+02 5.9622656250e+02 8.9437503815e+00
2.6433549465e-06 1.0181250000e+02 5.9700000000e+02 8.9929685593e+00
2.6529548904e-06 1.0185937500e+02 5.9674218750e+02 9.1757812500e+00
2.6625550618e-06 1.0246875000e+02 5.9510156250e+02 9.0382814407e+00
2.6721550057e-06 1.0092187500e+02 5.9763281250e+02 8.9914064407e+00
2.6817549497e-06 1.0450000000e+02 5.9655468750e+02 8.9273433685e+00
2.6913548936e-06 1.0346875000e+02 5.9857031250e+02 9.1445312500e+00
2.7009550649e-06 1.0359375000e+02 5.9889843750e+02 9.0406246185e+00
2.7105550089e-06 1.0346875000e+02 5.9850000000e+02 9.0671873093e+00
2.7201549528e-06 1.0545312500e+02 6.0011718750e+02 9.0960941315e+00
2.7297548968e-06 1.0290625000e+02 5.9739843750e+02 9.0976562500e+00
2.7393550681e-06 1.0360937500e+02 5.9578125000e+02 9.0429687500e+00
2.7489550121e-06 1.0420312500e+02 5.9594531250e+02 9.0484371185e+00
2.7585549560e-06 1.0417187500e+02 5.9681250000e+02 9.1312503815e+00
2.7681549000e-06 1.0484375000e+02 5.9751562500e+02 9.1664066315e+00
2.7777550713e-06 1.0515625000e+02 5.9634375000e+02 9.1210937500e+00
2.7873550152e-06 1.0453125000e+02 5.9775000000e+02 9.1554689407e+00
2.7969549592e-06 1.0678125000e+02 5.9596875000e+02 9.1414060593e+00
2.8065549031e-06 1.0612500000e+02 5.9681250000e+02 9.0484371185e+00
2.8161550745e-06 1.0614062500e+02 5.9685937500e+02 9.1039066315e+00
2.8257550184e-06 1.0621875000e+02 5.9803125000e+02 9.0906248093e+00
2.8353549624e-06 1.0564062500e+02 5.9561718750e+02 9.0843753815e+00
2.8449549063e-06 1.0632812500e+02 5.9430468750e+02 9.0718746185e+00
2.8545550776e-06 1.0612500000e+02 5.9505468750e+02 9.0734376907e+00
2.8641550216e-06 1.0835937500e+02 5.9800781250e+02 9.0351562500e+00
2.8737549655e-06 1.0881250000e+02 5.9542968750e+02 8.9750003815e+00
2.8833549095e-06 1.0600000000e+02 5.9760937500e+02 8.9906253815e+00
2.8929550808e-06 1.0707812500e+02 5.9575781250e+02 8.9765625000e+00
2.9025550248e-06 1.0939062500e+02 5.9692968750e+02 9.1187496185e+00
2.9121549687e-06 1.0943750000e+02 5.9524218750e+02 9.1164064407e+00
2.9217549127e-06 1.1073437500e+02 5.9589843750e+02 9.2257814407e+00
2.9313550840e-06 1.1023437500e+02 5.9617968750e+02 9.0835933685e+00
2.9409550280e-06 1.1025000000e+02 5.9796093750e+02 9.0789060593e+00
2.9505549719e-06 1.1214062500e+02 5.9601562500e+02 9.0765628815e+00
2.9601549159e-06 1.1001562500e+02 5.9592187500e+02 9.0742187500e+00
2.9697550872e-06 1.1206250000e+02 5.9503125000e+02 9.1554689407e+00
2.9793550311e-06 1.1071875000e+02 5.9610937500e+02 8.9859371185e+00
2.9889549751e-06 1.1123437500e+02 5.9540625000e+02 8.9539060593e+00
2.9985549190e-06 1.1196875000e+02 5.9404687500e+02 8.9718751907e+00
3.0081550904e-06 1.1243750000e+02 5.9449218750e+02 9.0492191315e+00
3.0177550343e-06 1.1164062500e+02 5.9690625000e+02 9.1546878815e+00
3.0273549783e-06 1.1073437500e+02 5.9491406250e+02 8.9093751907e+00
3.0369549222e-06 1.1193750000e+02 5.9557031250e+02 9.1609373093e+00
3.0465550935e-06 1.1284375000e+02 5.9814843750e+02 9.1328125000e+00
3.0561550375e-06 1.1446875000e+02 5.9817187500e+02 9.1367187500e+00
3.0657549814e-06 1.1595312500e+02 5.9627343750e+02 8.9835939407e+00
3.0753549254e-06 1.1359375000e+02 5.9772656250e+02 9.1453123093e+00
3.0849550967e-06 1.1429687500e+02 5.9793750000e+02 9.1101560593e+00
3.0945550407e-06 1.1393750000e+02 5.9882812500e+02 9.0664062500e+00
3.1041549846e-06 1.1529687500e+02 5.9625000000e+02 9.0273437500e+00
3.1137549286e-06 1.1515625000e+02 5.9753906250e+02 9.0140628815e+00
3.1233550999e-06 1.1445312500e+02 5.9580468750e+02 9.0367183685e+00
3.1329550438e-06 1.1565625000e+02 5.9524218750e+02 9.0546875000e+00
3.1425549878e-06 1.1609375000e+02 5.9524218750e+02 9.0460939407e+00
3.1521549317e-06 1.1517187500e+02 5.9423437500e+02 9.0148439407e+00
3.1617551031e-06 1.1559375000e+02 5.9531250000e+02 9.0585937500e+00
3.1713550470e-06 1.1579687500e+02 5.9601562500e+02 9.1367187500e+00
3.1809549910e-06 1.1628125000e+02 5.9613281250e+02 9.0617189407e+00
3.1905549349e-06 1.1798437500e+02 5.9594531250e+02 9.0773439407e+00
3.2001551062e-06 1.1578125000e+02 5.9594531250e+02 8.9921875000e+00
3.2097550502e-06 1.1632812500e+02 5.9685937500e+02 9.1109371185e+00
3.2193549941e-06 1.1626562500e+02 5.9484375000e+02 9.0500001907e+00
3.2289549381e-06 1.1681250000e+02 5.9709375000e+02 8.9523439407e+00
3.2385551094e-06 1.1829687500e+02 5.9620312500e+02 9.0898437500e+00
3.2481550534e-06 1.1848437500e+02 5.9721093750e+02 9.0640621185e+00
3.2577549973e-06 1.1718750000e+02 5.9589843750e+02 9.1515626907e+00
3.2673549413e-06 1.1784375000e+02 5.9467968750e+02 9.0874996185e+00
3.2769551126e-06 1.1910937500e+02 5.9496093750e+02 9.1750001907e+00
3.2865550565e-06 1.1782812500e+02 5.9789062500e+02 9.1804685593e+00
3.2961550005e-06 1.1901562500e+02 5.9580468750e+02 9.1531248093e+00
3.3057549444e-06 1.2062500000e+02 5.9826562500e+02 9.0906248093e+00
3.3153548884e-06 1.2064062500e+02 5.9660156250e+02 9.0265626907e+00
3.3249550597e-06 1.1914062500e+02 5.9859375000e+02 9.0546875000e+00
3.3345550037e-06 1.2182812500e+02 5.9711718750e+02 8.9328126907e+00
3.3441549476e-06 1.2007812500e+02 5.9625000000e+02 9.1203126907e+00
3.3537548916e-06 1.2210937500e+02 5.9756250000e+02 9.1414060593e+00
3.3633550629e-06 1.1950000000e+02 5.9840625000e+02 8.9859371185e+00
3.3729550069e-06 1.2198437500e+02 5.9650781250e+02 9.0554685593e+00
3.3825549508e-06 1.2131250000e+02 5.9812500000e+02 9.0554685593e+00
3.3921548948e-06 1.2298437500e+02 5.9643750000e+02 9.0562496185e+00
3.4017550661e-06 1.2135937500e+02 5.9657812500e+02 9.1062498093e+00
3.4113550100e-06 1.2346875000e+02 5.9521875000e+02 9.1015625000e+00
3.4209549540e-06 1.2160937500e+02 5.9524218750e+02 9.0757808685e+00
3.4305548979e-06 1.2246875000e+02 5.9728125000e+02 8.9976558685e+00
3.4401550693e-06 1.2401562500e+02 5.9489062500e+02 9.0710935593e+00
3.4497550132e-06 1.2304687500e+02 5.9718750000e+02 9.2070312500e+00
3.4593549572e-06 1.2421875000e+02 5.9634375000e+02 9.1632814407e+00
3.4689549011e-06 1.2460937500e+02 5.9646093750e+02 8.9593753815e+00
3.4785550724e-06 1.2482812500e+02 5.9615625000e+02 9.0601558685e+00
3.4881550164e-06 1.2548437500e+02 5.9578125000e+02 9.1093750000e+00
3.4977549603e-06 1.2382812500e+02 5.9636718750e+02 8.9890623093e+00
3.5073549043e-06 1.2395312500e+02 5.9486718750e+02 9.0132808685e+00
3.5169550756e-06 1.2565625000e+02 5.9819531250e+02 9.1273441315e+00
3.5265550196e-06 1.2650000000e+02 5.9632031250e+02 9.0921878815e+00
3.5361549635e-06 1.2493750000e+02 5.9627343750e+02 9.0437498093e+00
3.5457549075e-06 1.2748437500e+02 5.9786718750e+02 9.0234375000e+00
3.5553550788e-06 1.2671875000e+02 5.9648437500e+02 9.0984373093e+00
3.5649550227e-06 1.2668750000e+02 5.9634375000e+02 9.1476564407e+00
3.5745549667e-06 1.2651562500e+02 5.9746875000e+02 9.1484375000e+00
3.5841549106e-06 1.2479687500e+02 5.9587500000e+02 9.1140623093e+00
3.5937550820e-06 1.2696875000e+02 5.9531250000e+02 9.0664062500e+00
3.6033550259e-06 1.2725000000e+02 5.9451562500e+02 9.1695308685e+00
3.6129549699e-06 1.2578125000e+02 5.9582812500e+02 9.0835933685e+00
3.6225549138e-06 1.2665625000e+02 5.9756250000e+02 9.1187496185e+00
3.6321550851e-06 1.2732812500e+02 5.9425781250e+02 9.0679683685e+00
3.6417550291e-06 1.2765625000e+02 5.9643750000e+02 9.1421871185e+00
3.6513549730e-06 1.2779687500e+02 5.9632031250e+02 9.1484375000e+00
3.6609549170e-06 1.2775000000e+02 5.9491406250e+02 9.0710935593e+00
3.6705550883e-06 1.3009375000e+02 5.9695312500e+02 9.0140628815e+00
3.6801550323e-06 1.2779687500e+02 5.9538281250e+02 9.0968751907e+00
3.6897549762e-06 1.2889062500e+02 5.9648437500e+02 9.1117191315e+00
3.6993549202e-06 1.2909375000e+02 5.9496093750e+02 9.0554685593e+00
3.7089550915e-06 1.2859375000e+02 5.9709375000e+02 9.0851564407e+00
3.7185550354e-06 1.2981250000e+02 5.9671875000e+02 9.1070308685e+00
3.7281549794e-06 1.2921875000e+02 5.9674218750e+02 9.0562496185e+00
3.7377549233e-06 1.2935937500e+02 5.9723437500e+02 9.1156253815e+00
3.7473550947e-06 1.3137500000e+02 5.9491406250e+02 9.0625000000e+00
3.7569550386e-06 1.3148437500e+02 5.9451562500e+02 9.1101560593e+00
3.7665549826e-06 1.3037500000e+02 5.9489062500e+02 9.0617189407e+00
3.7761549265e-06 1.3126562500e+02 5.9472656250e+02 9.1007814407e+00
3.7857550979e-06 1.3089062500e+02 5.9653125000e+02 8.9757814407e+00
3.7953550418e-06 1.3178125000e+02 5.9561718750e+02 9.1640625000e+00
3.8049549858e-06 1.2953125000e+02 5.9524218750e+02 9.0453128815e+00
3.8145549297e-06 1.2964062500e+02 5.9615625000e+02 9.0640621185e+00
3.8241551010e-06 1.3101562500e+02 5.9730468750e+02 8.9109373093e+00
3.8337548176e-06 1.3131250000e+02 5.9573437500e+02 9.0914058685e+00
3.8433549889e-06 1.3221875000e+02 5.9273437500e+02 9.0500001907e+00
3.8529551603e-06 1.3137500000e+02 5.9561718750e+02 9.0070314407e+00
3.8625548768e-06 1.3223437500e+02 5.9615625000e+02 9.0046873093e+00
3.8721550482e-06 1.3368750000e+02 5.9601562500e+02 9.1546878815e+00
3.8817552195e-06 1.3264062500e+02 5.9664843750e+02 9.1031246185e+00
3.8913549361e-06 1.3356250000e+02 5.9496093750e+02 8.8953123093e+00
3.9009551074e-06 1.1804687500e+02 6.5226562500e+02 7.9882812500e+00
3.9105548240e-06 9.1437500000e+01 6.5090625000e+02 6.4015626907e+00
3.9201549953e-06 7.2796875000e+01 6.4703906250e+02 6.0210938454e+00
3.9297551666e-06 5.4703125000e+01 6.5160937500e+02 5.4835939407e+00
3.9393548832e-06 3.9890625000e+01 6.4804687500e+02 5.0492186546e+00
3.9489550545e-06 2.9140625000e+01 6.3958593750e+02 4.3304686546e+00
3.9585552258e-06 2.0765625000e+01 6.2416406250e+02 3.8937499523e+00
3.9681549424e-06 1.3406250000e+01 6.0829687500e+02 3.1156249046e+00
