# time_s Ids_true_A Ids_pred_A Ids_physics_A T_mean_K
4.1760017666e-08 1.1562500000e+01 2.3502716064e+01 2.9968286514e+01 3.3303948975e+02
5.2959990171e-08 2.3562500000e+01 3.2771392822e+01 5.4057964325e+01 3.3387954712e+02
6.2560161496e-08 4.4968750000e+01 4.9521697998e+01 7.2869216919e+01 3.3478796387e+02
7.2160105447e-08 6.3906250000e+01 7.6315124512e+01 9.3710517883e+01 3.3589309692e+02
8.1760049397e-08 8.3343750000e+01 1.0119564819e+02 1.1390159607e+02 3.3718713379e+02
9.1360107035e-08 1.0921875000e+02 1.2397583008e+02 1.3279487610e+02 3.3864761353e+02
1.0096016467e-07 1.3096875000e+02 1.4753460693e+02 1.5187536621e+02 3.4026287842e+02
1.1055999494e-07 1.5284375000e+02 1.6677102661e+02 1.7204576111e+02 3.4208694458e+02
1.2016005257e-07 1.7487500000e+02 1.7892059326e+02 1.8595471191e+02 3.4403952026e+02
1.2976011021e-07 1.9446875000e+02 1.9632614136e+02 2.0306872559e+02 3.4615991211e+02
1.3936016785e-07 2.1603125000e+02 2.1955697632e+02 2.2313185120e+02 3.4850735474e+02
1.4895999811e-07 2.3081250000e+02 2.3927635193e+02 2.3863218689e+02 3.5099691772e+02
1.5856016944e-07 2.4587500000e+02 2.5849819946e+02 2.5155854797e+02 3.5359832764e+02
1.6816011339e-07 2.6171875000e+02 2.6826373291e+02 2.5770617676e+02 3.5620938110e+02
1.7776005734e-07 2.7621875000e+02 2.8177911377e+02 2.6982522583e+02 3.5888537598e+02
1.8736000129e-07 2.8840625000e+02 2.9608477783e+02 2.8538275146e+02 3.6165374756e+02
1.9696017262e-07 2.9646875000e+02 2.9606176758e+02 2.9097280884e+02 3.6438540649e+02
2.0656000288e-07 3.1115625000e+02 3.1046081543e+02 3.0778625488e+02 3.6721890259e+02
2.1616006052e-07 3.2421875000e+02 3.1050512695e+02 3.1483505249e+02 3.7002212524e+02
2.2576011816e-07 3.3465625000e+02 3.0759884644e+02 3.1714196777e+02 3.7276275635e+02
2.3536017579e-07 3.4553125000e+02 3.3603054810e+02 3.4067282104e+02 3.7573278809e+02
2.4496000606e-07 3.5543750000e+02 3.4018310547e+02 3.4435021973e+02 3.7868981934e+02
2.5456006369e-07 3.6456250000e+02 3.5073641968e+02 3.5091741943e+02 3.8167922974e+02
2.6416012133e-07 3.6796875000e+02 3.7247378540e+02 3.5932687378e+02 3.8474673462e+02
2.7376006528e-07 3.7606250000e+02 3.9091384888e+02 3.7106637573e+02 3.8790121460e+02
2.8336000923e-07 3.8690625000e+02 4.1746435547e+02 3.8407000732e+02 3.9117010498e+02
2.9296018056e-07 3.9315625000e+02 4.2508630371e+02 3.8907485962e+02 3.9442999268e+02
3.0256001082e-07 4.0190625000e+02 4.1955657959e+02 3.9154675293e+02 3.9763189697e+02
3.1216006846e-07 4.0668750000e+02 4.1358874512e+02 3.9608175659e+02 4.0079943848e+02
3.2176012610e-07 4.1278125000e+02 4.1225125122e+02 4.0705706787e+02 4.0400558472e+02
3.3136018374e-07 4.1993750000e+02 4.1788146973e+02 4.1718920898e+02 4.0725869751e+02
3.4096001400e-07 4.2409375000e+02 4.0652981567e+02 4.2255880737e+02 4.1046911621e+02
3.5056007164e-07 4.3118750000e+02 4.0495086670e+02 4.2655889893e+02 4.1365505981e+02
3.6016012928e-07 4.3606250000e+02 4.2131964111e+02 4.3740097046e+02 4.1693029785e+02
3.6976007323e-07 4.4215625000e+02 4.2485443115e+02 4.3892755127e+02 4.2017471313e+02
3.7936001718e-07 4.4781250000e+02 4.3338092041e+02 4.4410223389e+02 4.2343466187e+02
3.8896018850e-07 4.5115625000e+02 4.5142312622e+02 4.5748062134e+02 4.2680825806e+02
3.9856001877e-07 4.5659375000e+02 4.6563656616e+02 4.5554882812e+02 4.3013690186e+02
4.0816007640e-07 4.5909375000e+02 4.8157498169e+02 4.7191821289e+02 4.3360375977e+02
4.1776013404e-07 4.6734375000e+02 4.9243862915e+02 4.7016040039e+02 4.3701834106e+02
4.2736019168e-07 4.6743750000e+02 4.7563699341e+02 4.6869512939e+02 4.4033349609e+02
4.3696002194e-07 4.7253125000e+02 4.7680444336e+02 4.7619281006e+02 4.4367517090e+02
4.4656007958e-07 4.7871875000e+02 4.6324240112e+02 4.6852966309e+02 4.4686865234e+02
4.5616013722e-07 4.8018750000e+02 4.6331390381e+02 4.7194564819e+02 4.5005233765e+02
4.6576008117e-07 4.8021875000e+02 4.6437231445e+02 4.8226327515e+02 4.5329483032e+02
4.7536002512e-07 4.8625000000e+02 4.7569403076e+02 4.9275122070e+02 4.5661709595e+02
4.8496019645e-07 4.8693750000e+02 4.8312597656e+02 4.9431842041e+02 4.5992572021e+02
4.9456002671e-07 4.8690625000e+02 4.7447860718e+02 4.8869491577e+02 4.6312133789e+02
5.0416008435e-07 4.9406250000e+02 4.9935934448e+02 5.0872015381e+02 4.6651834106e+02
5.1376014198e-07 4.9403125000e+02 5.0273913574e+02 5.1168316650e+02 4.6990740967e+02
5.2336008594e-07 5.0040625000e+02 5.0458224487e+02 4.9843579102e+02 4.7313464355e+02
5.3296002989e-07 5.0159375000e+02 5.0551397705e+02 5.0294058228e+02 4.7636941528e+02
5.4255997384e-07 5.0331250000e+02 5.1986743164e+02 5.1267657471e+02 4.7969293213e+02
5.5216014516e-07 5.0168750000e+02 5.0775671387e+02 4.9921536255e+02 4.8282604980e+02
5.6175997543e-07 5.0459375000e+02 4.9700616455e+02 5.0562637329e+02 4.8595993042e+02
5.7136003306e-07 5.0700000000e+02 5.0915069580e+02 5.0295602417e+02 4.8906719971e+02
5.8096009070e-07 5.0550000000e+02 4.9482388306e+02 5.1095556641e+02 4.9218145752e+02
5.9056014834e-07 5.0740625000e+02 5.0731201172e+02 5.1829193115e+02 4.9535989380e+02
6.0015997860e-07 5.1003125000e+02 5.0888061523e+02 5.1524902344e+02 4.9848327637e+02
6.0976003624e-07 5.1256250000e+02 5.0171115112e+02 5.1294952393e+02 5.0153814697e+02
6.1936009388e-07 5.1506250000e+02 5.1352783203e+02 5.2153912354e+02 5.0467095947e+02
6.2896003783e-07 5.1421875000e+02 5.1247766113e+02 5.1436138916e+02 5.0770993042e+02
6.3855998178e-07 5.1237500000e+02 5.3303002930e+02 5.3056048584e+02 5.1092782593e+02
6.4816015310e-07 5.1293750000e+02 5.1744409180e+02 5.1954913330e+02 5.1396948242e+02
6.5775998337e-07 5.1578125000e+02 5.0853277588e+02 5.1087249756e+02 5.1688470459e+02
6.6736004101e-07 5.1931250000e+02 5.2068176270e+02 5.2404162598e+02 5.1992480469e+02
6.7696009864e-07 5.1771875000e+02 5.1307055664e+02 5.1900891113e+02 5.2287243652e+02
6.8656015628e-07 5.1796875000e+02 5.1482739258e+02 5.1668109131e+02 5.2578472900e+02
6.9615998655e-07 5.1712500000e+02 5.2184320068e+02 5.1776806641e+02 5.2871569824e+02
7.0576004418e-07 5.1912500000e+02 5.1777862549e+02 5.1868878174e+02 5.3161071777e+02
7.1536010182e-07 5.2162500000e+02 5.2049072266e+02 5.2585546875e+02 5.3454766846e+02
7.2496004577e-07 5.1721875000e+02 5.2633825684e+02 5.2681341553e+02 5.3749792480e+02
7.3455998972e-07 5.1712500000e+02 5.2259332275e+02 5.2294384766e+02 5.4038085938e+02
7.4416016105e-07 5.2046875000e+02 5.2356164551e+02 5.3010662842e+02 5.4329418945e+02
7.5375999131e-07 5.2065625000e+02 5.2650952148e+02 5.3018853760e+02 5.4620153809e+02
7.6336004895e-07 5.2253125000e+02 5.1015823364e+02 5.0795495605e+02 5.4886145020e+02
7.7296010659e-07 5.2021875000e+02 5.1418811035e+02 5.1498803711e+02 5.5156951904e+02
7.8256016423e-07 5.2103125000e+02 5.2518774414e+02 5.2540496826e+02 5.5439093018e+02
7.9215999449e-07 5.2109375000e+02 5.2169360352e+02 5.2065222168e+02 5.5714697266e+02
8.0176005213e-07 5.2131250000e+02 5.1583984375e+02 5.1480834961e+02 5.5981262207e+02
8.1136010976e-07 5.1809375000e+02 5.1135842896e+02 5.1258880615e+02 5.6241845703e+02
8.2096005372e-07 5.1815625000e+02 5.2053839111e+02 5.1976123047e+02 5.6511529541e+02
8.3056011135e-07 5.1834375000e+02 5.1726892090e+02 5.1706774902e+02 5.6775360107e+02
8.4016005530e-07 5.1859375000e+02 5.0392489624e+02 5.0366793823e+02 5.7021722412e+02
8.4975999926e-07 5.1806250000e+02 5.2324792480e+02 5.2392602539e+02 5.7290515137e+02
8.5936005689e-07 5.1700000000e+02 5.1265106201e+02 5.1065307617e+02 5.7544201660e+02
8.6896000084e-07 5.1846875000e+02 5.1484509277e+02 5.1321771240e+02 5.7799523926e+02
8.7856017217e-07 5.1725000000e+02 5.1484973145e+02 5.1451831055e+02 5.8052734375e+02
8.8816000243e-07 5.1537500000e+02 5.1234002686e+02 5.1098336792e+02 5.8301428223e+02
8.9776006007e-07 5.1459375000e+02 5.1810461426e+02 5.1777746582e+02 5.8555889893e+02
9.0736000402e-07 5.1893750000e+02 5.1439996338e+02 5.1320721436e+02 5.8804180908e+02
9.1696006166e-07 5.1212500000e+02 5.0696456909e+02 5.0393679810e+02 5.9044110107e+02
9.2656011930e-07 5.1259375000e+02 5.0510632324e+02 5.0170773315e+02 5.9279492188e+02
9.3616012009e-07 5.1331250000e+02 5.0955953979e+02 5.0703897095e+02 5.9519738770e+02
9.4576012089e-07 5.1240625000e+02 5.0847741699e+02 5.0585742188e+02 5.9755395508e+02
9.5536006484e-07 5.1065625000e+02 5.0311590576e+02 4.9933489990e+02 5.9984155273e+02
9.6496012247e-07 5.1187500000e+02 5.0882205200e+02 5.0588269043e+02 6.0218377686e+02
9.7456006642e-07 5.1328125000e+02 5.0277023315e+02 4.9879632568e+02 6.0444818115e+02
9.8416012406e-07 5.1025000000e+02 5.0339602661e+02 4.9938134766e+02 6.0670343018e+02
9.9376006801e-07 5.0562500000e+02 4.9743438721e+02 4.9251095581e+02 6.0888031006e+02
1.0033600120e-06 5.0693750000e+02 5.0287344360e+02 4.9905780029e+02 6.1112731934e+02
1.0129600696e-06 5.0709375000e+02 5.0145553589e+02 4.9735015869e+02 6.1334704590e+02
1.0225601272e-06 5.0818750000e+02 5.0281561279e+02 4.9815414429e+02 6.1555017090e+02
1.0321600712e-06 5.0212500000e+02 5.0336059570e+02 4.9950216675e+02 6.1777514648e+02
1.0417601288e-06 5.0265625000e+02 5.0449511719e+02 5.0331469727e+02 6.2005273438e+02
1.0513599591e-06 5.0125000000e+02 4.9756689453e+02 4.9383264160e+02 6.2221246338e+02
1.0609601304e-06 5.0065625000e+02 4.9932846069e+02 4.9676739502e+02 6.2440093994e+02
1.0705600744e-06 5.0046875000e+02 5.0187347412e+02 4.9825079346e+02 6.2658459473e+02
1.0801601320e-06 5.0140625000e+02 4.9131640625e+02 4.8481466675e+02 6.2860803223e+02
1.0897600760e-06 4.9596875000e+02 4.9891961670e+02 4.9527890015e+02 6.3074975586e+02
1.0993601336e-06 4.9481250000e+02 4.9502365112e+02 4.9134243774e+02 6.3284716797e+02
1.1089600775e-06 4.9593750000e+02 4.9903231812e+02 4.9323455811e+02 6.3493585205e+02
1.1185600215e-06 4.9490625000e+02 4.8510021973e+02 4.8124472046e+02 6.3692315674e+02
1.1281599654e-06 4.9493750000e+02 4.9651062012e+02 4.8957128906e+02 6.3895501709e+02
1.1377601368e-06 4.9309375000e+02 4.8593411255e+02 4.8255410767e+02 6.4094415283e+02
1.1473600807e-06 4.9012500000e+02 4.8776254272e+02 4.8424075317e+02 6.4294158936e+02
1.1569601384e-06 4.9165625000e+02 4.8068606567e+02 4.7639355469e+02 6.4485382080e+02
1.1665599686e-06 4.8843750000e+02 4.8315777588e+02 4.7696423340e+02 6.4675250244e+02
1.1761601399e-06 4.8762500000e+02 4.8179656982e+02 4.8148272705e+02 6.4872375488e+02
1.1857600839e-06 4.8587500000e+02 4.7368249512e+02 4.6790338135e+02 6.5052825928e+02
1.1953600279e-06 4.8056250000e+02 4.8058483887e+02 4.7467904663e+02 6.5239166260e+02
1.2049600855e-06 4.8390625000e+02 4.8396130371e+02 4.8068835449e+02 6.5432269287e+02
1.2145601431e-06 4.8159375000e+02 4.7917742920e+02 4.7350900269e+02 6.5616577148e+02
1.2241600871e-06 4.8106250000e+02 4.8239544678e+02 4.7584436035e+02 6.5802075195e+02
1.2337600310e-06 4.8228125000e+02 4.7976675415e+02 4.7517239380e+02 6.5987591553e+02
1.2433599750e-06 4.8350000000e+02 4.8073474121e+02 4.7808059692e+02 6.6176373291e+02
1.2529601463e-06 4.7818750000e+02 4.7354165649e+02 4.7064617920e+02 6.6357415771e+02
1.2625600903e-06 4.7640625000e+02 4.7802294922e+02 4.7404693604e+02 6.6540655518e+02
1.2721601479e-06 4.7468750000e+02 4.7383367920e+02 4.6723150635e+02 6.6715490723e+02
1.2817599782e-06 4.7693750000e+02 4.7190844727e+02 4.6819940186e+02 6.6892370605e+02
1.2913601495e-06 4.7553125000e+02 4.7637280273e+02 4.6809429932e+02 6.7066259766e+02
1.3009600934e-06 4.7496875000e+02 4.6546151733e+02 4.5872900391e+02 6.7231640625e+02
1.3105600374e-06 4.7471875000e+02 4.7018911743e+02 4.6759411621e+02 6.7407293701e+02
1.3201600950e-06 4.7106250000e+02 4.6762521362e+02 4.6596652222e+02 6.7581396484e+02
1.3297601527e-06 4.6956250000e+02 4.7211352539e+02 4.6496191406e+02 6.7751434326e+02
1.3393600966e-06 4.6596875000e+02 4.6627279663e+02 4.6143667603e+02 6.7918890381e+02
1.3489600406e-06 4.6484375000e+02 4.5353967285e+02 4.4995199585e+02 6.8075616455e+02
1.3585599845e-06 4.6628125000e+02 4.6303234863e+02 4.6221109009e+02 6.8245050049e+02
1.3681601558e-06 4.6828125000e+02 4.5976077271e+02 4.5746527100e+02 6.8408911133e+02
1.3777600998e-06 4.6456250000e+02 4.5998016357e+02 4.5501733398e+02 6.8568841553e+02
1.3873600437e-06 4.5959375000e+02 4.5906530762e+02 4.5634033203e+02 6.8730786133e+02
1.3969599877e-06 4.5787500000e+02 4.6261343384e+02 4.5831604004e+02 6.8893591309e+02
1.4065600453e-06 4.6075000000e+02 4.5439898682e+02 4.5136303711e+02 6.9049993896e+02
1.4161601030e-06 4.5640625000e+02 4.5331842041e+02 4.5319686890e+02 6.9209179688e+02
1.4257600469e-06 4.5621875000e+02 4.5754534912e+02 4.5321224976e+02 6.9366192627e+02
1.4353599909e-06 4.5600000000e+02 4.5078710938e+02 4.4808621216e+02 6.9518768311e+02
1.4449601622e-06 4.5546875000e+02 4.4260198975e+02 4.4005737305e+02 6.9663531494e+02
1.4545599925e-06 4.5271875000e+02 4.4645605469e+02 4.4505010986e+02 6.9813385010e+02
1.4641600501e-06 4.5346875000e+02 4.4854321289e+02 4.4690243530e+02 6.9964660645e+02
1.4737599940e-06 4.5415625000e+02 4.3984729004e+02 4.4185519409e+02 7.0112542725e+02
1.4833601654e-06 4.5318750000e+02 4.5153320312e+02 4.4707244873e+02 7.0262274170e+02
1.4929599956e-06 4.4637500000e+02 4.4441644287e+02 4.4179269409e+02 7.0407562256e+02
1.5025600533e-06 4.4650000000e+02 4.4776745605e+02 4.4435733032e+02 7.0554748535e+02
1.5121599972e-06 4.4821875000e+02 4.4288336182e+02 4.4166195679e+02 7.0700140381e+02
1.5217600549e-06 4.4481250000e+02 4.4070956421e+02 4.3536761475e+02 7.0837438965e+02
1.5313601125e-06 4.4446875000e+02 4.3647387695e+02 4.3635324097e+02 7.0977966309e+02
1.5409600564e-06 4.4312500000e+02 4.3904943848e+02 4.3963433838e+02 7.1121734619e+02
1.5505600004e-06 4.4443750000e+02 4.3913244629e+02 4.3601406860e+02 7.1260217285e+02
1.5601599443e-06 4.4553125000e+02 4.4256976318e+02 4.4069906616e+02 7.1403564453e+02
1.5697600020e-06 4.4196875000e+02 4.3466326904e+02 4.3870056152e+02 7.1547418213e+02
1.5793600596e-06 4.3759375000e+02 4.3473104858e+02 4.3401373291e+02 7.1684564209e+02
1.5889600036e-06 4.3671875000e+02 4.3420153809e+02 4.3509710693e+02 7.1823309326e+02
1.5985599475e-06 4.4146875000e+02 4.3886492920e+02 4.3571105957e+02 7.1960675049e+02
1.6081600052e-06 4.3412500000e+02 4.2782604980e+02 4.3027276611e+02 7.2095288086e+02
1.6177599491e-06 4.3371875000e+02 4.3903186035e+02 4.3892605591e+02 7.2236749268e+02
1.6273600068e-06 4.3315625000e+02 4.3975701904e+02 4.3823455811e+02 7.2376770020e+02
1.6369599507e-06 4.3265625000e+02 4.2959783936e+02 4.2579318237e+02 7.2503796387e+02
1.6465601220e-06 4.2887500000e+02 4.3275930786e+02 4.2973995972e+02 7.2634869385e+02
1.6561600660e-06 4.2746875000e+02 4.2934561157e+02 4.3011532593e+02 7.2767895508e+02
1.6657600099e-06 4.2953125000e+02 4.2894824219e+02 4.2728280640e+02 7.2897045898e+02
1.6753599539e-06 4.2812500000e+02 4.2901535034e+02 4.2728692627e+02 7.3026074219e+02
1.6849600115e-06 4.3046875000e+02 4.2533551025e+02 4.2458178711e+02 7.3152917480e+02
1.6945599555e-06 4.2846875000e+02 4.2037860107e+02 4.1921624756e+02 7.3274462891e+02
1.7041600131e-06 4.2168750000e+02 4.3858251953e+02 4.3463952637e+02 7.3409283447e+02
1.7137599571e-06 4.2303125000e+02 4.2682595825e+02 4.2673898315e+02 7.3538189697e+02
1.7233601284e-06 4.2196875000e+02 4.2123577881e+02 4.1889804077e+02 7.3658605957e+02
1.7329599586e-06 4.1715625000e+02 4.1623937988e+02 4.1735937500e+02 7.3779205322e+02
1.7425600163e-06 4.1937500000e+02 4.2227429199e+02 4.2250851440e+02 7.3904132080e+02
1.7521599602e-06 4.1809375000e+02 4.1858694458e+02 4.1721942139e+02 7.4023297119e+02
1.7617600179e-06 4.1759375000e+02 4.2127532959e+02 4.1928002930e+02 7.4144067383e+02
1.7713599618e-06 4.1775000000e+02 4.2193103027e+02 4.2415228271e+02 7.4271264648e+02
1.7809600195e-06 4.1712500000e+02 4.1488507080e+02 4.1561734009e+02 7.4389770508e+02
1.7905599634e-06 4.1428125000e+02 4.1798410034e+02 4.1423880005e+02 7.4504803467e+02
1.8001600210e-06 4.1393750000e+02 4.1450903320e+02 4.1527221680e+02 7.4622961426e+02
1.8097599650e-06 4.1478125000e+02 4.1699731445e+02 4.1681057739e+02 7.4742053223e+02
1.8193600226e-06 4.1231250000e+02 4.1252496338e+02 4.1126318359e+02 7.4855432129e+02
1.8289599666e-06 4.0990625000e+02 4.0812445068e+02 4.0949685669e+02 7.4968487549e+02
1.8385600242e-06 4.1012500000e+02 4.1160845947e+02 4.1244326782e+02 7.5083972168e+02
1.8481599682e-06 4.0875000000e+02 4.1318646240e+02 4.1383184814e+02 7.5200622559e+02
1.8577600258e-06 4.0925000000e+02 4.1160018921e+02 4.1178573608e+02 7.5315130615e+02
1.8673599698e-06 4.0756250000e+02 4.0863436890e+02 4.0875756836e+02 7.5426794434e+02
1.8769600274e-06 4.0618750000e+02 4.0448846436e+02 4.0565628052e+02 7.5536145020e+02
1.8865599714e-06 4.0603125000e+02 4.1082754517e+02 4.1291177368e+02 7.5652581787e+02
1.8961600290e-06 4.0362500000e+02 4.0731298828e+02 4.0722149658e+02 7.5762695312e+02
1.9057599729e-06 4.0153125000e+02 4.0872659302e+02 4.0774606323e+02 7.5872851562e+02
1.9153599169e-06 4.0131250000e+02 4.0004101562e+02 3.9951187134e+02 7.5975665283e+02
1.9249600882e-06 4.0075000000e+02 3.9840820312e+02 3.9987377930e+02 7.6079943848e+02
1.9345600322e-06 3.9900000000e+02 3.9735098267e+02 3.9789486694e+02 7.6181964111e+02
1.9441599761e-06 4.0109375000e+02 3.9583544922e+02 3.9709280396e+02 7.6283679199e+02
1.9537599201e-06 3.9903125000e+02 3.9705776978e+02 3.9818295288e+02 7.6386364746e+02
1.9633600914e-06 3.9581250000e+02 4.0112539673e+02 4.0099163818e+02 7.6490960693e+02
1.9729600353e-06 3.9725000000e+02 3.9804483032e+02 3.9820373535e+02 7.6593194580e+02
1.9825599793e-06 4.0025000000e+02 3.9646301270e+02 3.9679708862e+02 7.6694274902e+02
1.9921599232e-06 3.9740625000e+02 3.9643728638e+02 3.9503509521e+02 7.6792846680e+02
2.0017600946e-06 3.9662500000e+02 3.9963360596e+02 3.9942208862e+02 7.6896118164e+02
2.0113600385e-06 3.9290625000e+02 3.9791397095e+02 3.9757586670e+02 7.6997662354e+02
2.0209599825e-06 3.9559375000e+02 3.9943640137e+02 4.0088046265e+02 7.7103167725e+02
2.0305599264e-06 3.9028125000e+02 4.0013586426e+02 3.9994195557e+02 7.7206964111e+02
2.0401600977e-06 3.9175000000e+02 3.9205834961e+02 3.9280624390e+02 7.7304833984e+02
2.0497600417e-06 3.8831250000e+02 3.8841177368e+02 3.8993521118e+02 7.7400628662e+02
2.0593599857e-06 3.8871875000e+02 3.8796981812e+02 3.8747064209e+02 7.7493103027e+02
2.0689599296e-06 3.8843750000e+02 3.9475607300e+02 3.9755560303e+02 7.7596502686e+02
2.0785601009e-06 3.8731250000e+02 3.8802227783e+02 3.8848117065e+02 7.7690527344e+02
2.0881600449e-06 3.8571875000e+02 3.8834179688e+02 3.8925534058e+02 7.7785559082e+02
2.0977599888e-06 3.8571875000e+02 3.9037222290e+02 3.9168310547e+02 7.7883020020e+02
2.1073599328e-06 3.8665625000e+02 3.8509564209e+02 3.8637203979e+02 7.7975793457e+02
2.1169601041e-06 3.8662500000e+02 3.9743670654e+02 3.9908984375e+02 7.8080145264e+02
2.1265600481e-06 3.8462500000e+02 3.9045965576e+02 3.9138311768e+02 7.8177185059e+02
2.1361599920e-06 3.8650000000e+02 3.8588888550e+02 3.8875219727e+02 7.8273052979e+02
2.1457599360e-06 3.8259375000e+02 3.8308035278e+02 3.8351248169e+02 7.8362902832e+02
2.1553601073e-06 3.8371875000e+02 3.8230950928e+02 3.8410797119e+02 7.8454180908e+02
2.1649600512e-06 3.8021875000e+02 3.8503930664e+02 3.8500314331e+02 7.8545184326e+02
2.1745599952e-06 3.8050000000e+02 3.7859313965e+02 3.8030160522e+02 7.8633209229e+02
2.1841599391e-06 3.7828125000e+02 3.7878558350e+02 3.7963259888e+02 7.8720166016e+02
2.1937601105e-06 3.8184375000e+02 3.8258593750e+02 3.8356390381e+02 7.8810711670e+02
2.2033600544e-06 3.8103125000e+02 3.7627740479e+02 3.7814901733e+02 7.8897180176e+02
2.2129599984e-06 3.7868750000e+02 3.7605960083e+02 3.7659075928e+02 7.8981488037e+02
2.2225599423e-06 3.7571875000e+02 3.7653952026e+02 3.7687234497e+02 7.9065985107e+02
2.2321601136e-06 3.7690625000e+02 3.7234130859e+02 3.7155035400e+02 7.9145190430e+02
2.2417600576e-06 3.7575000000e+02 3.7473410034e+02 3.7521807861e+02 7.9228533936e+02
2.2513600015e-06 3.7581250000e+02 3.7496295166e+02 3.7579888916e+02 7.9312683105e+02
2.2609599455e-06 3.7231250000e+02 3.7652960205e+02 3.7942803955e+02 7.9401367188e+02
2.2705598894e-06 3.6850000000e+02 3.7711938477e+02 3.7581036377e+02 7.9484228516e+02
2.2801600608e-06 3.7600000000e+02 3.7958065796e+02 3.8293377686e+02 7.9576287842e+02
2.2897600047e-06 3.7184375000e+02 3.6885662842e+02 3.6859762573e+02 7.9653704834e+02
2.2993599487e-06 3.7281250000e+02 3.7369421387e+02 3.7701815796e+02 7.9740832520e+02
2.3089598926e-06 3.6865625000e+02 3.7132287598e+02 3.7384951782e+02 7.9824786377e+02
2.3185600639e-06 3.7059375000e+02 3.6782208252e+02 3.6967724609e+02 7.9904833984e+02
2.3281600079e-06 3.6743750000e+02 3.7009646606e+02 3.7329635620e+02 7.9988909912e+02
2.3377599518e-06 3.6521875000e+02 3.7796450806e+02 3.8035952759e+02 8.0078448486e+02
2.3473598958e-06 3.6531250000e+02 3.6656689453e+02 3.6901916504e+02 8.0158514404e+02
2.3569600671e-06 3.6628125000e+02 3.7079031372e+02 3.7231268311e+02 8.0240698242e+02
2.3665600111e-06 3.6387500000e+02 3.6928994751e+02 3.7212472534e+02 8.0323706055e+02
2.3761599550e-06 3.6512500000e+02 3.6538345337e+02 3.6769107056e+02 8.0402716064e+02
2.3857598990e-06 3.6178125000e+02 3.6953289795e+02 3.7196893311e+02 8.0485388184e+02
2.3953600703e-06 3.6078125000e+02 3.6478656006e+02 3.6740109253e+02 8.0564489746e+02
2.4049600142e-06 3.6228125000e+02 3.6437161255e+02 3.6684561157e+02 8.0643078613e+02
2.4145599582e-06 3.5884375000e+02 3.5726684570e+02 3.5873089600e+02 8.0714410400e+02
2.4241599021e-06 3.6112500000e+02 3.6625201416e+02 3.6852343750e+02 8.0794335938e+02
2.4337600735e-06 3.6243750000e+02 3.6039373779e+02 3.6270562744e+02 8.0869641113e+02
2.4433600174e-06 3.6221875000e+02 3.6084130859e+02 3.6355374146e+02 8.0946002197e+02
2.4529599614e-06 3.6093750000e+02 3.5971789551e+02 3.6138031006e+02 8.1019812012e+02
2.4625599053e-06 3.5965625000e+02 3.5893475342e+02 3.6134738159e+02 8.1094287109e+02
2.4721600766e-06 3.5756250000e+02 3.5272787476e+02 3.5465521240e+02 8.1163238525e+02
2.4817600206e-06 3.5750000000e+02 3.6449877930e+02 3.6816986084e+02 8.1244268799e+02
2.4913599646e-06 3.5712500000e+02 3.5963137817e+02 3.6275253296e+02 8.1320568848e+02
2.5009599085e-06 3.5475000000e+02 3.5672308350e+02 3.5918179321e+02 8.1393554688e+02
2.5105600798e-06 3.5684375000e+02 3.5758810425e+02 3.6307083130e+02 8.1472259521e+02
2.5201600238e-06 3.5731250000e+02 3.6023614502e+02 3.6228448486e+02 8.1547393799e+02
2.5297599677e-06 3.5309375000e+02 3.5497207642e+02 3.5639447021e+02 8.1617376709e+02
2.5393599117e-06 3.5009375000e+02 3.5292037964e+02 3.5503607178e+02 8.1687017822e+02
2.5489600830e-06 3.5515625000e+02 3.5510757446e+02 3.5853604126e+02 8.1760565186e+02
2.5585600270e-06 3.5196875000e+02 3.5109484863e+02 3.5448516846e+02 8.1831134033e+02
2.5681599709e-06 3.5046875000e+02 3.5135684204e+02 3.5342340088e+02 8.1899621582e+02
2.5777599149e-06 3.5262500000e+02 3.5515490723e+02 3.5811804199e+02 8.1972528076e+02
2.5873600862e-06 3.5321875000e+02 3.5452783203e+02 3.5756228638e+02 8.2045098877e+02
2.5969600301e-06 3.5009375000e+02 3.5246762085e+02 3.5609274292e+02 8.2117150879e+02
2.6065599741e-06 3.4950000000e+02 3.4910183716e+02 3.5052786255e+02 8.2182934570e+02
2.6161599180e-06 3.4821875000e+02 3.5022100830e+02 3.5412356567e+02 8.2253912354e+02
2.6257600894e-06 3.4712500000e+02 3.5242166138e+02 3.5695407104e+02 8.2327551270e+02
2.6353600333e-06 3.4740625000e+02 3.4999948120e+02 3.5371762085e+02 8.2398052979e+02
2.6449599773e-06 3.4703125000e+02 3.4880358887e+02 3.5125140381e+02 8.2465466309e+02
2.6545599212e-06 3.4534375000e+02 3.4691418457e+02 3.4891043091e+02 8.2530737305e+02
2.6641600925e-06 3.4909375000e+02 3.5079177856e+02 3.5501745605e+02 8.2602728271e+02
2.6737600365e-06 3.4487500000e+02 3.4821890259e+02 3.5112457275e+02 8.2670562744e+02
2.6833599804e-06 3.4903125000e+02 3.4480981445e+02 3.4768658447e+02 8.2736004639e+02
2.6929599244e-06 3.4621875000e+02 3.4752404785e+02 3.5080242920e+02 8.2804028320e+02
2.7025600957e-06 3.4359375000e+02 3.4164810181e+02 3.4536071777e+02 8.2869079590e+02
2.7121600397e-06 3.4103125000e+02 3.4692095947e+02 3.5098052979e+02 8.2938104248e+02
2.7217599836e-06 3.4321875000e+02 3.4633578491e+02 3.5093795776e+02 8.3007714844e+02
2.7313599276e-06 3.4115625000e+02 3.4548516846e+02 3.5117568970e+02 8.3078820801e+02
2.7409600989e-06 3.4268750000e+02 3.4412176514e+02 3.4876232910e+02 8.3147058105e+02
2.7505600428e-06 3.4246875000e+02 3.4178115845e+02 3.4517599487e+02 8.3211419678e+02
2.7601599868e-06 3.3803125000e+02 3.4120098877e+02 3.4450741577e+02 8.3275225830e+02
2.7697599307e-06 3.4028125000e+02 3.4480108643e+02 3.5058248901e+02 8.3345989990e+02
2.7793601021e-06 3.4275000000e+02 3.4383728027e+02 3.4791687012e+02 8.3412854004e+02
2.7889600460e-06 3.3737500000e+02 3.4744433594e+02 3.5274429321e+02 8.3484307861e+02
2.7985599900e-06 3.4140625000e+02 3.4067022705e+02 3.4390362549e+02 8.3547485352e+02
2.8081599339e-06 3.3965625000e+02 3.3766452026e+02 3.4129467773e+02 8.3609741211e+02
2.8177601052e-06 3.3668750000e+02 3.4013458252e+02 3.4431262207e+02 8.3674407959e+02
2.8273600492e-06 3.3884375000e+02 3.4613687134e+02 3.5165161133e+02 8.3745263672e+02
2.8369599931e-06 3.3762500000e+02 3.4046478271e+02 3.4476126099e+02 8.3810235596e+02
2.8465599371e-06 3.3378125000e+02 3.3744180298e+02 3.4120043945e+02 8.3872387695e+02
2.8561598810e-06 3.3496875000e+02 3.3468295288e+02 3.3767376709e+02 8.3931433105e+02
2.8657600524e-06 3.3721875000e+02 3.3491647339e+02 3.3784582520e+02 8.3990368652e+02
2.8753599963e-06 3.3340625000e+02 3.3798297119e+02 3.4252343750e+02 8.4054248047e+02
2.8849599403e-06 3.3137500000e+02 3.3335397339e+02 3.3682598877e+02 8.4113562012e+02
2.8945601116e-06 3.3459375000e+02 3.3394219971e+02 3.3783691406e+02 8.4173992920e+02
2.9041600556e-06 3.3287500000e+02 3.3555874634e+02 3.3930645752e+02 8.4234680176e+02
2.9137599995e-06 3.3431250000e+02 3.2987658691e+02 3.3256896973e+02 8.4290509033e+02
2.9233599435e-06 3.3137500000e+02 3.3196746826e+02 3.3524426270e+02 8.4348315430e+02
2.9329598874e-06 3.3287500000e+02 3.3233209229e+02 3.3608258057e+02 8.4407275391e+02
2.9425600587e-06 3.3106250000e+02 3.3425378418e+02 3.3857180786e+02 8.4468206787e+02
2.9521600027e-06 3.3006250000e+02 3.4241870117e+02 3.4986795044e+02 8.4539807129e+02
2.9617599466e-06 3.2731250000e+02 3.3664572144e+02 3.4220785522e+02 8.4604382324e+02
2.9713596632e-06 3.2918750000e+02 3.3690264893e+02 3.4232421875e+02 8.4668640137e+02
2.9809600619e-06 3.2687500000e+02 3.3314932251e+02 3.3819207764e+02 8.4730371094e+02
2.9905600059e-06 3.2843750000e+02 3.3242459106e+02 3.3742147827e+02 8.4791595459e+02
3.0001597224e-06 3.2809375000e+02 3.3327438354e+02 3.3890939331e+02 8.4854522705e+02
3.0097598938e-06 3.2593750000e+02 3.3138775635e+02 3.3687228394e+02 8.4916564941e+02
3.0193600651e-06 3.2503125000e+02 3.3171865845e+02 3.3758581543e+02 8.4979553223e+02
3.0289597817e-06 3.2253125000e+02 3.4011282349e+02 3.4826657104e+02 8.5050549316e+02
3.0385599530e-06 3.2665625000e+02 3.2673309326e+02 3.3055831909e+02 8.5106866455e+02
3.0481598969e-06 3.2603125000e+02 3.3064779663e+02 3.3546307373e+02 8.5166027832e+02
3.0577600683e-06 3.2675000000e+02 3.3077185059e+02 3.3658645630e+02 8.5227856445e+02
3.0673600122e-06 3.2778125000e+02 3.2843395996e+02 3.3308007812e+02 8.5285736084e+02
3.0769599562e-06 3.2340625000e+02 3.2586734009e+02 3.2988177490e+02 8.5341503906e+02
3.0865599001e-06 3.2090625000e+02 3.3057489014e+02 3.3671298218e+02 8.5403454590e+02
3.0961600714e-06 3.2412500000e+02 3.2728665161e+02 3.3217504883e+02 8.5461267090e+02
3.1057600154e-06 3.1859375000e+02 3.2642129517e+02 3.3098986816e+02 8.5517718506e+02
3.1153599593e-06 3.2068750000e+02 3.2590472412e+02 3.3046783447e+02 8.5573858643e+02
3.1249596759e-06 3.2003125000e+02 3.2945788574e+02 3.3582913208e+02 8.5635321045e+02
3.1345598472e-06 3.2181250000e+02 3.2713162231e+02 3.3269470215e+02 8.5694036865e+02
3.1441600186e-06 3.1856250000e+02 3.2336688232e+02 3.2733071899e+02 8.5747424316e+02
3.1537599625e-06 3.1940625000e+02 3.2527120972e+02 3.3036932373e+02 8.5804058838e+02
3.1633599065e-06 3.2106250000e+02 3.2394015503e+02 3.2894216919e+02 8.5861218262e+02
3.1729600778e-06 3.1671875000e+02 3.2432513428e+02 3.2955517578e+02 8.5918041992e+02
3.1825600217e-06 3.1678125000e+02 3.2605279541e+02 3.3230886841e+02 8.5977703857e+02
3.1921599657e-06 3.1768750000e+02 3.1899468994e+02 3.2207360840e+02 8.6028198242e+02
3.2017599096e-06 3.1750000000e+02 3.2307440186e+02 3.2837319946e+02 8.6084832764e+02
3.2113600810e-06 3.2109375000e+02 3.2018569946e+02 3.2425863647e+02 8.6137731934e+02
3.2209600249e-06 3.2028125000e+02 3.2461816406e+02 3.3084500122e+02 8.6195532227e+02
3.2305597415e-06 3.1943750000e+02 3.1942590332e+02 3.2351370239e+02 8.6247442627e+02
3.2401599128e-06 3.1706250000e+02 3.1880941772e+02 3.2279858398e+02 8.6299383545e+02
3.2497600841e-06 3.1412500000e+02 3.2034796143e+02 3.2531008911e+02 8.6352850342e+02
3.2593598007e-06 3.1715625000e+02 3.2108645630e+02 3.2663964844e+02 8.6408392334e+02
3.2689599720e-06 3.1428125000e+02 3.2207904053e+02 3.2831838989e+02 8.6465795898e+02
3.2785599160e-06 3.1003125000e+02 3.2106573486e+02 3.2693145752e+02 8.6522686768e+02
3.2881598599e-06 3.1484375000e+02 3.1866116333e+02 3.2354714966e+02 8.6575909424e+02
3.2977600313e-06 3.1112500000e+02 3.1565548706e+02 3.1922137451e+02 8.6625152588e+02
3.3073599752e-06 3.1059375000e+02 3.1347726440e+02 3.1601037598e+02 8.6672033691e+02
3.3169599192e-06 3.1496875000e+02 3.1793640137e+02 3.2306085205e+02 8.6725714111e+02
3.3265600905e-06 3.1012500000e+02 3.1879992676e+02 3.2455862427e+02 8.6780993652e+02
3.3361600345e-06 3.1065625000e+02 3.1606225586e+02 3.2062728882e+02 8.6832452393e+02
3.3457599784e-06 3.0550000000e+02 3.2057293701e+02 3.2768457031e+02 8.6890802002e+02
3.3553596950e-06 3.1125000000e+02 3.1867837524e+02 3.2520352173e+02 8.6945477295e+02
3.3649598663e-06 3.0906250000e+02 3.1640731812e+02 3.2192187500e+02 8.6997668457e+02
3.3745600376e-06 3.0950000000e+02 3.1441040039e+02 3.1832312012e+02 8.7048724365e+02
3.3841597542e-06 3.0668750000e+02 3.1294696045e+02 3.1691656494e+02 8.7097076416e+02
3.3937599255e-06 3.0846875000e+02 3.1334219360e+02 3.1790353394e+02 8.7146081543e+02
3.4033600969e-06 3.0943750000e+02 3.1664083862e+02 3.2301379395e+02 8.7200555420e+02
3.4129600408e-06 3.0450000000e+02 3.1453506470e+02 3.2012170410e+02 8.7252008057e+02
3.4225599848e-06 3.0515625000e+02 3.1041162109e+02 3.1327575684e+02 8.7298577881e+02
3.4321599287e-06 3.0540625000e+02 3.1210794067e+02 3.1640002441e+02 8.7347827148e+02
3.4417601000e-06 3.0756250000e+02 3.1391598511e+02 3.2023345947e+02 8.7398718262e+02
3.4513600440e-06 3.0600000000e+02 3.1422650146e+02 3.2003549194e+02 8.7451818848e+02
3.4609599879e-06 3.0312500000e+02 3.1261212158e+02 3.1816549683e+02 8.7502386475e+02
3.4705599319e-06 3.0478125000e+02 3.1420690918e+02 3.2061013794e+02 8.7555865479e+02
3.4801601032e-06 3.0303125000e+02 3.1150924683e+02 3.1637841797e+02 8.7605853271e+02
3.4897598198e-06 3.0381250000e+02 3.1026461792e+02 3.1520471191e+02 8.7653912354e+02
3.4993599911e-06 3.0321875000e+02 3.0779739380e+02 3.1077374268e+02 8.7699151611e+02
3.5089597077e-06 3.0050000000e+02 2.9073449707e+02 2.8288922119e+02 8.7718969727e+02
3.5185598790e-06 3.0318750000e+02 2.7286798096e+02 2.4393032837e+02 8.7706793213e+02
3.5281600503e-06 3.0018750000e+02 2.3603279114e+02 1.6707469177e+02 8.7626147461e+02
3.5377599943e-06 2.9521875000e+02 2.1744477844e+02 1.3119770813e+02 8.7515081787e+02
3.5473599382e-06 2.8584375000e+02 2.0245928955e+02 1.0939039612e+02 8.7386004639e+02
3.5569601096e-06 2.8243750000e+02 1.8533407593e+02 8.9376632690e+01 8.7240362549e+02
3.5665600535e-06 2.6578125000e+02 1.7188168335e+02 7.4964309692e+01 8.7084020996e+02
3.5761599975e-06 2.5171875000e+02 1.5483496094e+02 5.8875446320e+01 8.6915234375e+02
3.5857597140e-06 2.3359375000e+02 1.3374404907e+02 4.2296070099e+01 8.6732189941e+02
3.5953601127e-06 2.1046875000e+02 1.1782592773e+02 3.1808874130e+01 8.6540393066e+02
3.6049600567e-06 1.7825000000e+02 1.0517898560e+02 2.5761341095e+01 8.6344079590e+02
3.6145597733e-06 1.5215625000e+02 8.8507598877e+01 1.8749614716e+01 8.6142230225e+02
3.6241599446e-06 1.3175000000e+02 7.4476409912e+01 1.4167646408e+01 8.5937365723e+02
3.6337598885e-06 1.1050000000e+02 5.7986450195e+01 9.7362871170e+00 8.5729693604e+02
3.6433598325e-06 8.8406250000e+01 4.7711608887e+01 7.5080418587e+00 8.5521685791e+02
3.6529600038e-06 6.8781250000e+01 3.6893737793e+01 5.5276908875e+00 8.5313604736e+02
3.6625599478e-06 5.5187500000e+01 2.8006835938e+01 3.9474837780e+00 8.5105938721e+02
3.6721598917e-06 4.3906250000e+01 2.2190216064e+01 2.9865782261e+00 8.4899365234e+02
3.6817600630e-06 3.0968750000e+01 1.7225921631e+01 2.2983884811e+00 8.4694158936e+02
3.6913600070e-06 2.3250000000e+01 1.3916595459e+01 1.7504628897e+00 8.4490472412e+02
3.7009599509e-06 1.8218750000e+01 1.0041015625e+01 1.1754875183e+00 8.4288262939e+02
3.7105596675e-06 1.6625000000e+01 9.0319519043e+00 1.0231848955e+00 8.4087915039e+02
3.7214399526e-06 1.1437500000e+01 7.0568237305e+00 6.5165448189e-01 8.3862860107e+02
