# epoch total_loss data_loss physics_loss w_data w_physics lr
1.0000000000e+00 9.7744303942e-01 9.4697862864e-01 1.0077186823e+00 4.9844630514e-01 5.0155369435e-01 1.0000000000e-03
2.0000000000e+00 7.5392568111e-01 7.9750686884e-01 7.1008205414e-01 5.0150116542e-01 4.9849883346e-01 1.0000000000e-03
3.0000000000e+00 6.4772260189e-01 6.5974789858e-01 6.3558703661e-01 5.0228365909e-01 4.9771633913e-01 1.0000000000e-03
4.0000000000e+00 5.4833930731e-01 5.3782963753e-01 5.5889505148e-01 5.0109491434e-01 4.9890508314e-01 1.0000000000e-03
5.0000000000e+00 4.3970954418e-01 4.3547937274e-01 4.4394823909e-01 5.0050392357e-01 4.9949607303e-01 1.0000000000e-03
6.0000000000e+00 3.4631264210e-01 3.5410109162e-01 3.3847478032e-01 5.0158166040e-01 4.9841833510e-01 1.0000000000e-03
7.0000000000e+00 2.7862608433e-01 2.8629270196e-01 2.7087292075e-01 5.0280726341e-01 4.9719273074e-01 1.0000000000e-03
8.0000000000e+00 2.1651963890e-01 2.2092622519e-01 2.1205002069e-01 5.0355155800e-01 4.9644843443e-01 1.0000000000e-03
9.0000000000e+00 1.5075278282e-01 1.5694637597e-01 1.4442718029e-01 5.0527342339e-01 4.9472656647e-01 1.0000000000e-03
1.0000000000e+01 1.0101275146e-01 1.0611925274e-01 9.5754653215e-02 5.0731317583e-01 4.9268681009e-01 1.0000000000e-03
1.1000000000e+01 8.8286623359e-02 8.5553102195e-02 9.1075576842e-02 5.0501855484e-01 4.9498142683e-01 1.0000000000e-03
1.2000000000e+01 9.9100872874e-02 9.4319678843e-02 1.0392230004e-01 5.0209475251e-01 4.9790522595e-01 1.0000000000e-03
1.3000000000e+01 1.1025748402e-01 1.1280114204e-01 1.0768264532e-01 5.0304601713e-01 4.9695395894e-01 1.0000000000e-03
1.4000000000e+01 1.2293545902e-01 1.2920160592e-01 1.1653456837e-01 5.0531877853e-01 4.9468119587e-01 1.0000000000e-03
1.5000000000e+01 1.3304048777e-01 1.3767498732e-01 1.2828290462e-01 5.0655260733e-01 4.9344736587e-01 1.0000000000e-03
1.6000000000e+01 1.3448840380e-01 1.4130112529e-01 1.2744073570e-01 5.0847609987e-01 4.9152387229e-01 1.0000000000e-03
1.7000000000e+01 1.3108831644e-01 1.4547602832e-01 1.1591529101e-01 5.1328298641e-01 4.8671698470e-01 1.0000000000e-03
1.8000000000e+01 1.2341757119e-01 1.4665813744e-01 9.8049223423e-02 5.2188673515e-01 4.7811323477e-01 1.0000000000e-03
1.9000000000e+01 1.0987088829e-01 1.4057938755e-01 7.4532538652e-02 5.3504979898e-01 4.6495016930e-01 1.0000000000e-03
2.0000000000e+01 9.6858359873e-02 1.3229028881e-01 5.3037226200e-02 5.5292670842e-01 4.4707325764e-01 1.0000000000e-03
2.1000000000e+01 9.0993896127e-02 1.2792998552e-01 4.1390296072e-02 5.7318906073e-01 4.2681090281e-01 1.0000000000e-03
2.2000000000e+01 8.9147329330e-02 1.2520132959e-01 3.6557763815e-02 5.9327002085e-01 4.0672994016e-01 1.0000000000e-03
2.3000000000e+01 8.6469575763e-02 1.1970683187e-01 3.4093290567e-02 6.1177574230e-01 3.8822421611e-01 1.0000000000e-03
2.4000000000e+01 8.3290249109e-02 1.1147016287e-01 3.6095056683e-02 6.2613775365e-01 3.7386220214e-01 1.0000000000e-03
2.5000000000e+01 8.1482872367e-02 1.0275139660e-01 4.4771343470e-02 6.3317519923e-01 3.6682475420e-01 1.0000000000e-03
2.6000000000e+01 8.0984070897e-02 9.4722218812e-02 5.7376652956e-02 6.3213441515e-01 3.6786553636e-01 1.0000000000e-03
2.7000000000e+01 8.0666154623e-02 8.7335117161e-02 6.9571040571e-02 6.2458170286e-01 3.7541824713e-01 1.0000000000e-03
2.8000000000e+01 8.0257691443e-02 8.0507598817e-02 7.9862989485e-02 6.1232450437e-01 3.8767544439e-01 1.0000000000e-03
2.9000000000e+01 8.0171823502e-02 7.4291266501e-02 8.8869653642e-02 5.9662456373e-01 4.0337538402e-01 1.0000000000e-03
3.0000000000e+01 8.0262809992e-02 6.8516902626e-02 9.6384651959e-02 5.7851229082e-01 4.2148765609e-01 1.0000000000e-03
3.1000000000e+01 7.9980380833e-02 6.3118033111e-02 1.0135781765e-01 5.5903631803e-01 4.4096362810e-01 1.0000000000e-03
3.2000000000e+01 7.9356253147e-02 5.8614242822e-02 1.0363307595e-01 5.3925916256e-01 4.6074078280e-01 1.0000000000e-03
3.3000000000e+01 7.8485846519e-02 5.5619612336e-02 1.0329076648e-01 5.2033386064e-01 4.7966608389e-01 1.0000000000e-03
3.4000000000e+01 7.6523773372e-02 5.4104924202e-02 9.9265776575e-02 5.0357769533e-01 4.9642224823e-01 1.0000000000e-03
3.5000000000e+01 7.2866268456e-02 5.3856153041e-02 9.1157138348e-02 4.9035869343e-01 5.0964124888e-01 1.0000000000e-03
3.6000000000e+01 6.8557560444e-02 5.5250305682e-02 8.0934680998e-02 4.8189286266e-01 5.1810707808e-01 1.0000000000e-03
3.7000000000e+01 6.4896479249e-02 5.8803398162e-02 7.0502415299e-02 4.7917979439e-01 5.2082014454e-01 1.0000000000e-03
3.8000000000e+01 6.2048226595e-02 6.4435958862e-02 5.9816449881e-02 4.8312073208e-01 5.1687920491e-01 1.0000000000e-03
3.9000000000e+01 6.0287632048e-02 7.1681506932e-02 4.9158275127e-02 4.9412811458e-01 5.0587182043e-01 1.0000000000e-03
4.0000000000e+01 6.0383237898e-02 7.9889230430e-02 3.9969637990e-02 5.1136804632e-01 4.8863188685e-01 1.0000000000e-03
4.1000000000e+01 6.2197398394e-02 8.7985835969e-02 3.2751966268e-02 5.3310471383e-01 4.6689521774e-01 1.0000000000e-03
4.2000000000e+01 6.4876697958e-02 9.4738483429e-02 2.7262106538e-02 5.5744835518e-01 4.4255157504e-01 1.0000000000e-03
4.3000000000e+01 6.7633166909e-02 9.9071234465e-02 2.3800544441e-02 5.8233328451e-01 4.1766664454e-01 1.0000000000e-03
4.4000000000e+01 6.9436110556e-02 9.9985964596e-02 2.2501453757e-02 6.0572952894e-01 3.9427039905e-01 1.0000000000e-03
4.5000000000e+01 6.9382652640e-02 9.7042791545e-02 2.3099035025e-02 6.2593009701e-01 3.7406982986e-01 1.0000000000e-03
4.6000000000e+01 6.7524537444e-02 9.0911395848e-02 2.5714585558e-02 6.4128831821e-01 3.5871160740e-01 1.0000000000e-03
4.7000000000e+01 6.4491651952e-02 8.2823432982e-02 3.0400564894e-02 6.5030954929e-01 3.4969037492e-01 1.0000000000e-03
4.8000000000e+01 6.0866057873e-02 7.3826447129e-02 3.6567471921e-02 6.5215405369e-01 3.4784586904e-01 1.0000000000e-03
4.9000000000e+01 5.7406060398e-02 6.4849354327e-02 4.3785411865e-02 6.4663348694e-01 3.5336643431e-01 1.0000000000e-03
5.0000000000e+01 5.5132716894e-02 5.6836884469e-02 5.2179351449e-02 6.3410629831e-01 3.6589362165e-01 1.0000000000e-03
5.1000000000e+01 5.4627362639e-02 5.0379246473e-02 6.1434924603e-02 6.1575189121e-01 3.8424802780e-01 1.0000000000e-03
5.2000000000e+01 5.5598497391e-02 4.5524705201e-02 7.0305258036e-02 5.9347974597e-01 4.0652017252e-01 1.0000000000e-03
5.3000000000e+01 5.7308554649e-02 4.2105689645e-02 7.7408857644e-02 5.6936236637e-01 4.3063755190e-01 1.0000000000e-03
5.4000000000e+01 5.8954671025e-02 3.9981495589e-02 8.1706635654e-02 5.4528183381e-01 4.5471808441e-01 1.0000000000e-03
5.5000000000e+01 5.9730418026e-02 3.9054665715e-02 8.2392036915e-02 5.2291151199e-01 4.7708840617e-01 1.0000000000e-03
5.6000000000e+01 5.9173777699e-02 3.9370182902e-02 7.9280860722e-02 5.0380184692e-01 4.9619807100e-01 1.0000000000e-03
5.7000000000e+01 5.7375736535e-02 4.1076708585e-02 7.2999902070e-02 4.8942966137e-01 5.1057025599e-01 1.0000000000e-03
5.8000000000e+01 5.4739750922e-02 4.4200226665e-02 6.4513243735e-02 4.8114423513e-01 5.1885568130e-01 1.0000000000e-03
5.9000000000e+01 5.1955480129e-02 4.8642069101e-02 5.5013488978e-02 4.7995644566e-01 5.2004346948e-01 1.0000000000e-03
6.0000000000e+01 4.9894761294e-02 5.4238196462e-02 4.5784875751e-02 4.8618648107e-01 5.1381343255e-01 1.0000000000e-03
6.1000000000e+01 4.9072280526e-02 6.0569688678e-02 3.7608802319e-02 4.9926126693e-01 5.0073864515e-01 1.0000000000e-03
6.2000000000e+01 4.9491245300e-02 6.6858015954e-02 3.0844932422e-02 5.1776501899e-01 4.8223489165e-01 1.0000000000e-03
6.3000000000e+01 5.0824012607e-02 7.2127185762e-02 2.5856161490e-02 5.3960018726e-01 4.6039972211e-01 1.0000000000e-03
6.4000000000e+01 5.2427276969e-02 7.5455822051e-02 2.2829717025e-02 5.6241220955e-01 4.3758769871e-01 1.0000000000e-03
6.5000000000e+01 5.3560972214e-02 7.6263017952e-02 2.1686835214e-02 5.8403022748e-01 4.1596967974e-01 1.0000000000e-03
6.6000000000e+01 5.3737688810e-02 7.4447602034e-02 2.2341342643e-02 6.0254466115e-01 3.9745524501e-01 1.0000000000e-03
6.7000000000e+01 5.2830569446e-02 7.0305742323e-02 2.4769285694e-02 6.1623783029e-01 3.8376207475e-01 1.0000000000e-03
6.8000000000e+01 5.1106363535e-02 6.4461909235e-02 2.8979538009e-02 6.2360045986e-01 3.7639944397e-01 1.0000000000e-03
6.9000000000e+01 4.9147304147e-02 5.7769875973e-02 3.4861534834e-02 6.2360572736e-01 3.7639417529e-01 1.0000000000e-03
7.0000000000e+01 4.7556154430e-02 5.1069226116e-02 4.1916638613e-02 6.1616664271e-01 3.8383325891e-01 1.0000000000e-03
7.1000000000e+01 4.6731520444e-02 4.5018989593e-02 4.9324739724e-02 6.0226802515e-01 3.9773187572e-01 1.0000000000e-03
7.2000000000e+01 4.6776723117e-02 4.0069933981e-02 5.6179359555e-02 5.8367262412e-01 4.1632727627e-01 1.0000000000e-03
7.3000000000e+01 4.7408297658e-02 3.6453284323e-02 6.1494614929e-02 5.6252237287e-01 4.3747752727e-01 1.0000000000e-03
7.4000000000e+01 4.8088856041e-02 3.4255895764e-02 6.4392775297e-02 5.4099527879e-01 4.5900462120e-01 1.0000000000e-03
7.5000000000e+01 4.8355557024e-02 3.3517185599e-02 6.4500875771e-02 5.2109065510e-01 4.7890924469e-01 1.0000000000e-03
7.6000000000e+01 4.7970034182e-02 3.4210287035e-02 6.1982288957e-02 5.0454595943e-01 4.9545393999e-01 1.0000000000e-03
7.7000000000e+01 4.6965789050e-02 3.6256644875e-02 5.7371545583e-02 4.9281542813e-01 5.0718447066e-01 1.0000000000e-03
7.8000000000e+01 4.5643076301e-02 3.9567634463e-02 5.1411181688e-02 4.8702492179e-01 5.1297497613e-01 1.0000000000e-03
7.9000000000e+01 4.4410716742e-02 4.3946962804e-02 4.4852405787e-02 4.8781259891e-01 5.1218729795e-01 1.0000000000e-03
8.0000000000e+01 4.3634481728e-02 4.8964958638e-02 3.8408055902e-02 4.9507261595e-01 5.0492727979e-01 1.0000000000e-03
8.1000000000e+01 4.3497376144e-02 5.3956523538e-02 3.2705612481e-02 5.0782612911e-01 4.9217376551e-01 1.0000000000e-03
8.2000000000e+01 4.3896608055e-02 5.8162644506e-02 2.8165685013e-02 5.2441727183e-01 4.7558262175e-01 1.0000000000e-03
8.3000000000e+01 4.4525790960e-02 6.0929153115e-02 2.5047970936e-02 5.4284223937e-01 4.5715765322e-01 1.0000000000e-03
8.4000000000e+01 4.5008964837e-02 6.1822012067e-02 2.3523939773e-02 5.6099496585e-01 4.3900492576e-01 1.0000000000e-03
8.5000000000e+01 4.5044858009e-02 6.0703735799e-02 2.3701300845e-02 5.7681502647e-01 4.2318486414e-01 1.0000000000e-03
8.6000000000e+01 4.4557712972e-02 5.7799208909e-02 2.5627242401e-02 5.8841514982e-01 4.1158473974e-01 1.0000000000e-03
8.7000000000e+01 4.3706230819e-02 5.3620111197e-02 2.9181784019e-02 5.9433073319e-01 4.0566915534e-01 1.0000000000e-03
8.8000000000e+01 4.2786203325e-02 4.8790425062e-02 3.4008104354e-02 5.9382433346e-01 4.0617555413e-01 1.0000000000e-03
8.9000000000e+01 4.2100761086e-02 4.3911322951e-02 3.9526671171e-02 5.8706938493e-01 4.1293050192e-01 1.0000000000e-03
9.0000000000e+01 4.1808187962e-02 3.9487924427e-02 4.4949028641e-02 5.7512860547e-01 4.2487128085e-01 1.0000000000e-03
9.1000000000e+01 4.1856970638e-02 3.5902041942e-02 4.9426477402e-02 5.5969081901e-01 4.4030906696e-01 1.0000000000e-03
9.2000000000e+01 4.2039997876e-02 3.3401254565e-02 5.2291993052e-02 5.4269942975e-01 4.5730045596e-01 1.0000000000e-03
9.3000000000e+01 4.2109422386e-02 3.2118234783e-02 5.3200025111e-02 5.2607468847e-01 4.7392519695e-01 1.0000000000e-03
9.4000000000e+01 4.1908819228e-02 3.2127313316e-02 5.2154410630e-02 5.1158617116e-01 4.8841371385e-01 1.0000000000e-03
9.5000000000e+01 4.1426070035e-02 3.3442284912e-02 4.9434792250e-02 5.0077921945e-01 4.9922066499e-01 1.0000000000e-03
9.6000000000e+01 4.0775574744e-02 3.5947527736e-02 4.5504897833e-02 4.9483445016e-01 5.0516543355e-01 1.0000000000e-03
9.7000000000e+01 4.0152542293e-02 3.9349634200e-02 4.0937554091e-02 4.9436209912e-01 5.0563778377e-01 1.0000000000e-03
9.8000000000e+01 3.9737552404e-02 4.3188888580e-02 3.6296397448e-02 4.9926158491e-01 5.0073829711e-01 1.0000000000e-03
9.9000000000e+01 3.9612054825e-02 4.6911161393e-02 3.2053135335e-02 5.0874348474e-01 4.9125639642e-01 1.0000000000e-03
1.0000000000e+02 3.9727628231e-02 4.9956139177e-02 2.8580956161e-02 5.2147746377e-01 4.7852241654e-01 1.0000000000e-03
1.0100000000e+02 3.9930514991e-02 5.1846962422e-02 2.6177166030e-02 5.3577961796e-01 4.6422026149e-01 1.0000000000e-03
1.0200000000e+02 4.0040947497e-02 5.2292246372e-02 2.5080032647e-02 5.4978689506e-01 4.5021298353e-01 1.0000000000e-03
1.0300000000e+02 3.9933491498e-02 5.1256146282e-02 2.5425953791e-02 5.6165058409e-01 4.3834929360e-01 1.0000000000e-03
1.0400000000e+02 3.9595670998e-02 4.8955589533e-02 2.7200026438e-02 5.6976914086e-01 4.3023073593e-01 1.0000000000e-03
1.0500000000e+02 3.9128780365e-02 4.5784816146e-02 3.0195051804e-02 5.7305136035e-01 4.2694851560e-01 1.0000000000e-03
1.0600000000e+02 3.8682214916e-02 4.2208626866e-02 3.3985842019e-02 5.7114213683e-01 4.2885773840e-01 1.0000000000e-03
1.0700000000e+02 3.8375601172e-02 3.8675535470e-02 3.7986870855e-02 5.6447707062e-01 4.3552280404e-01 1.0000000000e-03
1.0800000000e+02 3.8240142167e-02 3.5564173013e-02 4.1565980762e-02 5.5413865631e-01 4.4586121792e-01 1.0000000000e-03
1.0900000000e+02 3.8213007152e-02 3.3171348274e-02 4.4170081615e-02 5.4161427958e-01 4.5838559430e-01 1.0000000000e-03
1.1000000000e+02 3.8184858859e-02 3.1722571701e-02 4.5430406928e-02 5.2856930383e-01 4.7143056970e-01 1.0000000000e-03
1.1100000000e+02 3.8060482591e-02 3.1359776855e-02 4.5223157853e-02 5.1666114732e-01 4.8333872580e-01 1.0000000000e-03
1.1200000000e+02 3.7805214524e-02 3.2105047256e-02 4.3675735593e-02 5.0736071134e-01 4.9263916127e-01 1.0000000000e-03
1.1300000000e+02 3.7455283105e-02 3.3837240189e-02 4.1099179536e-02 5.0177923366e-01 4.9822063834e-01 1.0000000000e-03
1.1400000000e+02 3.7096641958e-02 3.6302942783e-02 3.7892032415e-02 5.0053041606e-01 4.9946945526e-01 1.0000000000e-03
1.1500000000e+02 3.6822017282e-02 3.9140675217e-02 3.4469265491e-02 5.0365045071e-01 4.9634941990e-01 1.0000000000e-03
1.1600000000e+02 3.6685574800e-02 4.1911538690e-02 3.1233571470e-02 5.1058456462e-01 4.8941530526e-01 1.0000000000e-03
1.1700000000e+02 3.6676533520e-02 4.4164378196e-02 2.8556333855e-02 5.2025759837e-01 4.7974227076e-01 1.0000000000e-03
1.1800000000e+02 3.6723665893e-02 4.5530121773e-02 2.6743888855e-02 5.3122836395e-01 4.6877150444e-01 1.0000000000e-03
1.1900000000e+02 3.6732874811e-02 4.5802641660e-02 2.6004368439e-02 5.4189127106e-01 4.5810859656e-01 1.0000000000e-03
1.2000000000e+02 3.6636237055e-02 4.4969860464e-02 2.6422174647e-02 5.5069215971e-01 4.4930770714e-01 1.0000000000e-03
1.2100000000e+02 3.6424238235e-02 4.3195664883e-02 2.7932604775e-02 5.5635218546e-01 4.4364768065e-01 1.0000000000e-03
1.2200000000e+02 3.6145977676e-02 4.0771361440e-02 3.0304806307e-02 5.5807987349e-01 4.4191999194e-01 1.0000000000e-03
1.2300000000e+02 3.5877168179e-02 3.8053873926e-02 3.3154569566e-02 5.5571199340e-01 4.4428787144e-01 1.0000000000e-03
1.2400000000e+02 3.5677734762e-02 3.5410340875e-02 3.6004200578e-02 5.4972500366e-01 4.5027486070e-01 1.0000000000e-03
1.2500000000e+02 3.5561364144e-02 3.3174093813e-02 3.8376454264e-02 5.4111705265e-01 4.5888281130e-01 1.0000000000e-03
1.2600000000e+02 3.5494491458e-02 3.1608778983e-02 3.9897590876e-02 5.3120948560e-01 4.6879037797e-01 1.0000000000e-03
1.2700000000e+02 3.5421252251e-02 3.0881432816e-02 4.0367688984e-02 5.2143142703e-01 4.7856843614e-01 1.0000000000e-03
1.2800000000e+02 3.5294428468e-02 3.1050520018e-02 3.9767324924e-02 5.1313389366e-01 4.8686596907e-01 1.0000000000e-03
1.2900000000e+02 3.5100981593e-02 3.2062191516e-02 3.8231488317e-02 5.0743226773e-01 4.9256759451e-01 1.0000000000e-03
1.3000000000e+02 3.4868389368e-02 3.3744011074e-02 3.6015775055e-02 5.0506075783e-01 4.9493910385e-01 1.0000000000e-03
1.3100000000e+02 3.4649793059e-02 3.5814132541e-02 3.3455956727e-02 5.0625683481e-01 4.9374302627e-01 1.0000000000e-03
1.3200000000e+02 3.4495856613e-02 3.7923976779e-02 3.0917527154e-02 5.1071996999e-01 4.8927989045e-01 1.0000000000e-03
1.3300000000e+02 3.4425467253e-02 3.9720073342e-02 2.8743064031e-02 5.1766469420e-01 4.8233516559e-01 1.0000000000e-03
1.3400000000e+02 3.4414321184e-02 4.0901098400e-02 2.7217591181e-02 5.2594208741e-01 4.7405777172e-01 1.0000000000e-03
1.3500000000e+02 3.4407719970e-02 4.1267957538e-02 2.6539849117e-02 5.3420805611e-01 4.6579180235e-01 1.0000000000e-03
1.3600000000e+02 3.4351345152e-02 4.0763225406e-02 2.6790052652e-02 5.4112957665e-01 4.5887028116e-01 1.0000000000e-03
1.3700000000e+02 3.4221038222e-02 3.9481032640e-02 2.7905197814e-02 5.4560577959e-01 4.5439407761e-01 1.0000000000e-03
1.3800000000e+02 3.4034043550e-02 3.7640918046e-02 2.9679464176e-02 5.4695830136e-01 4.5304155526e-01 1.0000000000e-03
1.3900000000e+02 3.3836551011e-02 3.5538699478e-02 3.1797390431e-02 5.4504054944e-01 4.5495930667e-01 1.0000000000e-03
1.4000000000e+02 3.3674687147e-02 3.3491808921e-02 3.3889587969e-02 5.4024131734e-01 4.5975853832e-01 1.0000000000e-03
1.4100000000e+02 3.3569253981e-02 3.1791146845e-02 3.5601850599e-02 5.3338995330e-01 4.6660990195e-01 1.0000000000e-03
1.4200000000e+02 3.3505804837e-02 3.0664606020e-02 3.6653682590e-02 5.2560262320e-01 4.7439723168e-01 1.0000000000e-03
1.4300000000e+02 3.3445946872e-02 3.0247604474e-02 3.6884553730e-02 5.1809915747e-01 4.8190069702e-01 1.0000000000e-03
1.4400000000e+02 3.3352062106e-02 3.0562458560e-02 3.6279022694e-02 5.1201302494e-01 4.8798682914e-01 1.0000000000e-03
1.4500000000e+02 3.3210195601e-02 3.1518388540e-02 3.4958604723e-02 5.0822419141e-01 4.9177566222e-01 1.0000000000e-03
1.4600000000e+02 3.3039592206e-02 3.2932169735e-02 3.3150177449e-02 5.0723681317e-01 4.9276303996e-01 1.0000000000e-03
1.4700000000e+02 3.2881829888e-02 3.4554760903e-02 3.1146839261e-02 5.0910660836e-01 4.9089324424e-01 1.0000000000e-03
1.4800000000e+02 3.2774414867e-02 3.6101028323e-02 2.9264235869e-02 5.1342562225e-01 4.8657422979e-01 1.0000000000e-03
1.4900000000e+02 3.2727081329e-02 3.7293042988e-02 2.7792878449e-02 5.1938122288e-01 4.8061862859e-01 1.0000000000e-03
1.5000000000e+02 3.2714448869e-02 3.7912968546e-02 2.6948049664e-02 5.2589571781e-01 4.7410413309e-01 1.0000000000e-03
1.5100000000e+02 3.2691452652e-02 3.7845753133e-02 2.6836618781e-02 5.3181628745e-01 4.6818356290e-01 1.0000000000e-03
1.5200000000e+02 3.2620970160e-02 3.7100385875e-02 2.7444085106e-02 5.3611499678e-01 4.6388485305e-01 1.0000000000e-03
1.5300000000e+02 3.2495968044e-02 3.5807535052e-02 2.8638636693e-02 5.3806541572e-01 4.6193443361e-01 1.0000000000e-03
1.5400000000e+02 3.2342433929e-02 3.4193206578e-02 3.0192710459e-02 5.3736552051e-01 4.6263432836e-01 1.0000000000e-03
1.5500000000e+02 3.2201163471e-02 3.2533273101e-02 3.1820327044e-02 5.3418288925e-01 4.6581695919e-01 1.0000000000e-03
1.5600000000e+02 3.2101918012e-02 3.1098470092e-02 3.3229429275e-02 5.2910826701e-01 4.7089158103e-01 1.0000000000e-03
1.5700000000e+02 3.2045304775e-02 3.0104272068e-02 3.4173797816e-02 5.2303186991e-01 4.7696797778e-01 1.0000000000e-03
1.5800000000e+02 3.2003730536e-02 2.9679087922e-02 3.4491810948e-02 5.1697874925e-01 4.8302109808e-01 1.0000000000e-03
1.5900000000e+02 3.1941436231e-02 2.9853405431e-02 3.4131620079e-02 5.1193772963e-01 4.8806211734e-01 1.0000000000e-03
1.6000000000e+02 3.1839024276e-02 3.0561788008e-02 3.3161532134e-02 5.0870408044e-01 4.9129576615e-01 1.0000000000e-03
1.6100000000e+02 3.1707137823e-02 3.1655486673e-02 3.1760424376e-02 5.0775092685e-01 4.9224891931e-01 1.0000000000e-03
1.6200000000e+02 3.1579516828e-02 3.2927084714e-02 3.0181711540e-02 5.0915093724e-01 4.9084890845e-01 1.0000000000e-03
1.6300000000e+02 3.1490210444e-02 3.4141711891e-02 2.8702033684e-02 5.1256377408e-01 4.8743607114e-01 1.0000000000e-03
1.6400000000e+02 3.1449545175e-02 3.5070866346e-02 2.7568722144e-02 5.1729572864e-01 4.8270411609e-01 1.0000000000e-03
1.6500000000e+02 3.1436614692e-02 3.5530980676e-02 2.6957726106e-02 5.2242598985e-01 4.7757385441e-01 1.0000000000e-03
1.6600000000e+02 3.1413443387e-02 3.5423602909e-02 2.6945834979e-02 5.2697979376e-01 4.7302005003e-01 1.0000000000e-03
1.6700000000e+02 3.1349919736e-02 3.4761138260e-02 2.7501510456e-02 5.3011164719e-01 4.6988819616e-01 1.0000000000e-03
1.6800000000e+02 3.1243838370e-02 3.3666141331e-02 2.8498494998e-02 5.3125689342e-01 4.6874294951e-01 1.0000000000e-03
1.6900000000e+02 3.1120739877e-02 3.2343897969e-02 2.9740182683e-02 5.3022812235e-01 4.6977172018e-01 1.0000000000e-03
1.7000000000e+02 3.1015865505e-02 3.1036490574e-02 3.0992873013e-02 5.2724046085e-01 4.7275938130e-01 1.0000000000e-03
1.7100000000e+02 3.0949372798e-02 2.9970856383e-02 3.2021675259e-02 5.2286232153e-01 4.7713752028e-01 1.0000000000e-03
1.7200000000e+02 3.0912989751e-02 2.9314346611e-02 3.2630350441e-02 5.1789949763e-01 4.8210034385e-01 1.0000000000e-03
1.7300000000e+02 3.0877871439e-02 2.9148386791e-02 3.2701428980e-02 5.1323722597e-01 4.8676261520e-01 1.0000000000e-03
1.7400000000e+02 3.0815795064e-02 2.9465025291e-02 3.2219912857e-02 5.0968046464e-01 4.9031937620e-01 1.0000000000e-03
1.7500000000e+02 3.0720237643e-02 3.0179286376e-02 3.1278382987e-02 5.0781822023e-01 4.9218162025e-01 1.0000000000e-03
1.7600000000e+02 3.0611362308e-02 3.1145490706e-02 3.0060045421e-02 5.0792311138e-01 4.9207672871e-01 1.0000000000e-03
1.7700000000e+02 3.0521109700e-02 3.2175645232e-02 2.8799751773e-02 5.0989903389e-01 4.9010080580e-01 1.0000000000e-03
1.7800000000e+02 3.0470091850e-02 3.3066455275e-02 2.7731874958e-02 5.1329623243e-01 4.8670360684e-01 1.0000000000e-03
1.7900000000e+02 3.0451595783e-02 3.3634658903e-02 2.7038985863e-02 5.1740196912e-01 4.8259786975e-01 1.0000000000e-03
1.8000000000e+02 3.0436940491e-02 3.3754516393e-02 2.6822932065e-02 5.2138302109e-01 4.7861681738e-01 1.0000000000e-03
1.8100000000e+02 3.0395891517e-02 3.3389694989e-02 2.7094265446e-02 5.2444892391e-01 4.7555091418e-01 1.0000000000e-03
1.8200000000e+02 3.0317757279e-02 3.2607261091e-02 2.7777059004e-02 5.2600357252e-01 4.7399626519e-01 1.0000000000e-03
1.8300000000e+02 3.0218861997e-02 3.1563740224e-02 2.8727918863e-02 5.2575495922e-01 4.7424487814e-01 1.0000000000e-03
1.8400000000e+02 3.0128769577e-02 3.0465604737e-02 2.9758324847e-02 5.2376666325e-01 4.7623317377e-01 1.0000000000e-03
1.8500000000e+02 3.0068814754e-02 2.9518799856e-02 3.0665716156e-02 5.2043715541e-01 4.7956268129e-01 1.0000000000e-03
1.8600000000e+02 3.0036527663e-02 2.8885105625e-02 3.1266126782e-02 5.1641423623e-01 4.8358560018e-01 1.0000000000e-03
1.8700000000e+02 3.0008539557e-02 2.8655348346e-02 3.1430926174e-02 5.1246314423e-01 4.8753669189e-01 1.0000000000e-03
1.8800000000e+02 2.9959714040e-02 2.8841383755e-02 3.1120521948e-02 5.0931633333e-01 4.9068350251e-01 1.0000000000e-03
1.8900000000e+02 2.9882479459e-02 2.9383195564e-02 3.0397051945e-02 5.0753670567e-01 4.9246312985e-01 1.0000000000e-03
1.9000000000e+02 2.9792960733e-02 3.0163474381e-02 2.9411301017e-02 5.0741431171e-01 4.9258552348e-01 1.0000000000e-03
1.9100000000e+02 2.9717916623e-02 3.1023940071e-02 2.8364500031e-02 5.0891189337e-01 4.9108794146e-01 1.0000000000e-03
1.9200000000e+02 2.9674831778e-02 3.1785991043e-02 2.7462786064e-02 5.1166904452e-01 4.8833078994e-01 1.0000000000e-03
1.9300000000e+02 2.9657602310e-02 3.2282266766e-02 2.6869734749e-02 5.1507723556e-01 4.8492259856e-01 1.0000000000e-03
1.9400000000e+02 2.9641520232e-02 3.2394979149e-02 2.6677569374e-02 5.1840881465e-01 4.8159101913e-01 1.0000000000e-03
1.9500000000e+02 2.9602117836e-02 3.2088275999e-02 2.6898333803e-02 5.2096717848e-01 4.7903265496e-01 1.0000000000e-03
1.9600000000e+02 2.9533550143e-02 3.1421240419e-02 2.7470251545e-02 5.2222491649e-01 4.7777491663e-01 1.0000000000e-03
1.9700000000e+02 2.9451565817e-02 3.0534273013e-02 2.8269544244e-02 5.2192808077e-01 4.7807175204e-01 1.0000000000e-03
1.9800000000e+02 2.9381219298e-02 2.9611641541e-02 2.9131459072e-02 5.2014397804e-01 4.7985585446e-01 1.0000000000e-03
1.9900000000e+02 2.9336858541e-02 2.8834015131e-02 2.9875630513e-02 5.1724248137e-01 4.8275735085e-01 1.0000000000e-03
2.0000000000e+02 2.9311362654e-02 2.8338534757e-02 3.0339479446e-02 5.1381320420e-01 4.8618662775e-01 1.0000000000e-03
2.0100000000e+02 2.9283083975e-02 2.8197534382e-02 3.0415399000e-02 5.1053991719e-01 4.8945991451e-01 1.0000000000e-03
2.0200000000e+02 2.9233820736e-02 2.8414258733e-02 3.0080256984e-02 5.0806185353e-01 4.9193797790e-01 1.0000000000e-03
2.0300000000e+02 2.9163386673e-02 2.8928190470e-02 2.9405122623e-02 5.0684686055e-01 4.9315297060e-01 1.0000000000e-03
2.0400000000e+02 2.9090052471e-02 2.9626561329e-02 2.8538102284e-02 5.0709783610e-01 4.9290199473e-01 1.0000000000e-03
2.0500000000e+02 2.9035428539e-02 3.0360231176e-02 2.7663653716e-02 5.0871172231e-01 4.9128810821e-01 1.0000000000e-03
2.0600000000e+02 2.9007108882e-02 3.0966008082e-02 2.6957621798e-02 5.1130060222e-01 4.8869922799e-01 1.0000000000e-03
2.0700000000e+02 2.8992647305e-02 3.1299982220e-02 2.6549687609e-02 5.1427625583e-01 4.8572357407e-01 1.0000000000e-03
2.0800000000e+02 2.8969475999e-02 3.1275175512e-02 2.6501683518e-02 5.1697959310e-01 4.8302023650e-01 1.0000000000e-03
2.0900000000e+02 2.8922665864e-02 3.0887944624e-02 2.6803649962e-02 5.1882139030e-01 4.8117843901e-01 1.0000000000e-03
2.1000000000e+02 2.8856802732e-02 3.0221097171e-02 2.7382357046e-02 5.1940327853e-01 4.8059655048e-01 1.0000000000e-03
2.1100000000e+02 2.8790622950e-02 2.9421003535e-02 2.8111537918e-02 5.1860096349e-01 4.8139886524e-01 1.0000000000e-03
2.1200000000e+02 2.8742004186e-02 2.8657652438e-02 2.8832154348e-02 5.1658909078e-01 4.8341073769e-01 1.0000000000e-03
2.1300000000e+02 2.8713379055e-02 2.8081417084e-02 2.9381223023e-02 5.1379917231e-01 4.8620065591e-01 1.0000000000e-03
2.1400000000e+02 2.8690338135e-02 2.7792224661e-02 2.9628196731e-02 5.1082053662e-01 4.8917929136e-01 1.0000000000e-03
2.1500000000e+02 2.8654623777e-02 2.7827745304e-02 2.9509335756e-02 5.0827206705e-01 4.9172776069e-01 1.0000000000e-03
2.1600000000e+02 2.8599586338e-02 2.8163680807e-02 2.9047293589e-02 5.0667261110e-01 4.9332721638e-01 1.0000000000e-03
2.1700000000e+02 2.8535660356e-02 2.8719609603e-02 2.8347002342e-02 5.0633180813e-01 4.9366801909e-01 1.0000000000e-03
2.1800000000e+02 2.8481770307e-02 2.9370775446e-02 2.7566498145e-02 5.0728306126e-01 4.9271676567e-01 1.0000000000e-03
2.1900000000e+02 2.8449058533e-02 2.9968244955e-02 2.6872433722e-02 5.0927798150e-01 4.9072184515e-01 1.0000000000e-03
2.2000000000e+02 2.8432091698e-02 3.0367167667e-02 2.6403144002e-02 5.1184145621e-01 4.8815837016e-01 1.0000000000e-03
2.2100000000e+02 2.8413124382e-02 3.0463056639e-02 2.6241803542e-02 5.1437942747e-01 4.8562039862e-01 1.0000000000e-03
2.2200000000e+02 2.8376821429e-02 3.0223885551e-02 2.6405179873e-02 5.1631315877e-01 4.8368666705e-01 1.0000000000e-03
2.2300000000e+02 2.8322558850e-02 2.9700988904e-02 2.6845887303e-02 5.1720637766e-01 4.8279344790e-01 1.0000000000e-03
2.2400000000e+02 2.8264436871e-02 2.9013657942e-02 2.7462938800e-02 5.1685861729e-01 4.8314120800e-01 1.0000000000e-03
2.2500000000e+02 2.8218589723e-02 2.8315169737e-02 2.8115900233e-02 5.1534930677e-01 4.8465051828e-01 1.0000000000e-03
2.2600000000e+02 2.8189742938e-02 2.7752265334e-02 2.8650617227e-02 5.1301799682e-01 4.8698182799e-01 1.0000000000e-03
2.2700000000e+02 2.8167746961e-02 2.7431635186e-02 2.8935089707e-02 5.1038255193e-01 4.8961727266e-01 1.0000000000e-03
2.2800000000e+02 2.8136977926e-02 2.7403129265e-02 2.8894761577e-02 5.0801952060e-01 4.9198030377e-01 1.0000000000e-03
2.2900000000e+02 2.8090197593e-02 2.7657708153e-02 2.8533982113e-02 5.0643784132e-01 4.9356198281e-01 1.0000000000e-03
2.3000000000e+02 2.8034955263e-02 2.8130458668e-02 2.7937153354e-02 5.0596643414e-01 4.9403338975e-01 1.0000000000e-03
2.3100000000e+02 2.7986645699e-02 2.8710165992e-02 2.7243537828e-02 5.0668035446e-01 4.9331946917e-01 1.0000000000e-03
2.3200000000e+02 2.7955733240e-02 2.9258623719e-02 2.6608407497e-02 5.0838420605e-01 4.9161561731e-01 1.0000000000e-03
2.3300000000e+02 2.7938175946e-02 2.9638148844e-02 2.6164153591e-02 5.1065854646e-01 4.8934127664e-01 1.0000000000e-03
2.3400000000e+02 2.7919270098e-02 2.9746567830e-02 2.5994749740e-02 5.1295806564e-01 4.8704175722e-01 1.0000000000e-03
2.3500000000e+02 2.7886029333e-02 2.9548691586e-02 2.6122376323e-02 5.1473953492e-01 4.8526028769e-01 1.0000000000e-03
2.3600000000e+02 2.7838274837e-02 2.9088126495e-02 2.6508001611e-02 5.1558598980e-01 4.8441383256e-01 1.0000000000e-03
2.3700000000e+02 2.7787785977e-02 2.8473651037e-02 2.7058631182e-02 5.1530143318e-01 4.8469838894e-01 1.0000000000e-03
2.3800000000e+02 2.7747988701e-02 2.7847046033e-02 2.7643250301e-02 5.1395491268e-01 4.8604490920e-01 1.0000000000e-03
2.3900000000e+02 2.7721948922e-02 2.7344761416e-02 2.8117479756e-02 5.1186279594e-01 4.8813702573e-01 1.0000000000e-03
2.4000000000e+02 2.7700331062e-02 2.7066050097e-02 2.8359219432e-02 5.0950991931e-01 4.9048990215e-01 1.0000000000e-03
2.4100000000e+02 2.7670260519e-02 2.7056923136e-02 2.8302120045e-02 5.0743426318e-01 4.9256555807e-01 1.0000000000e-03
2.4200000000e+02 2.7627086267e-02 2.7306400239e-02 2.7955709025e-02 5.0610334692e-01 4.9389647411e-01 1.0000000000e-03
2.4300000000e+02 2.7578471228e-02 2.7749583125e-02 2.7403349057e-02 5.0580688856e-01 4.9419293223e-01 1.0000000000e-03
2.4400000000e+02 2.7537835762e-02 2.8277764097e-02 2.6778155938e-02 5.0658808584e-01 4.9341173471e-01 1.0000000000e-03
2.4500000000e+02 2.7511954308e-02 2.8758959845e-02 2.6223191991e-02 5.0823525957e-01 4.9176456074e-01 1.0000000000e-03
2.4600000000e+02 2.7495220304e-02 2.9066741467e-02 2.5857379660e-02 5.1033335635e-01 4.8966646372e-01 1.0000000000e-03
2.4700000000e+02 2.7474422008e-02 2.9114454985e-02 2.5751223788e-02 5.1236497923e-01 4.8763484061e-01 1.0000000000e-03
2.4800000000e+02 2.7440585196e-02 2.8882769868e-02 2.5916328654e-02 5.1383512316e-01 4.8616469644e-01 1.0000000000e-03
2.4900000000e+02 2.7396570891e-02 2.8426533565e-02 2.6305578649e-02 5.1438917952e-01 4.8561063985e-01 1.0000000000e-03
2.5000000000e+02 2.7353640646e-02 2.7856400236e-02 2.6822149754e-02 5.1389600748e-01 4.8610381167e-01 1.0000000000e-03
2.5100000000e+02 2.7321387082e-02 2.7306877077e-02 2.7336649597e-02 5.1247915509e-01 4.8752066384e-01 1.0000000000e-03
2.5200000000e+02 2.7299053967e-02 2.6899641380e-02 2.7715586126e-02 5.1048423674e-01 4.8951558199e-01 1.0000000000e-03
2.5300000000e+02 2.7276810259e-02 2.6715762913e-02 2.7857018635e-02 5.0839017687e-01 4.9160964166e-01 1.0000000000e-03
2.5400000000e+02 2.7244949713e-02 2.6783712208e-02 2.7718715370e-02 5.0669338731e-01 4.9330643102e-01 1.0000000000e-03
2.5500000000e+02 2.7203444391e-02 2.7077494189e-02 2.7332358062e-02 5.0578983197e-01 4.9420998615e-01 1.0000000000e-03
2.5600000000e+02 2.7161750942e-02 2.7520231903e-02 2.6794748381e-02 5.0587868790e-01 4.9412112999e-01 1.0000000000e-03
2.5700000000e+02 2.7130007744e-02 2.7998859063e-02 2.6236794889e-02 5.0691526145e-01 4.9308455622e-01 1.0000000000e-03
2.5800000000e+02 2.7110021561e-02 2.8387451544e-02 2.5787765160e-02 5.0862305742e-01 4.9137676003e-01 1.0000000000e-03
2.5900000000e+02 2.7093216777e-02 2.8577910736e-02 2.5544447824e-02 5.1056315389e-01 4.8943666333e-01 1.0000000000e-03
2.6000000000e+02 2.7068719268e-02 2.8512679040e-02 2.5552270934e-02 5.1224465437e-01 4.8775516263e-01 1.0000000000e-03
2.6100000000e+02 2.7033140883e-02 2.8203733265e-02 2.5798842311e-02 5.1324682394e-01 4.8675299284e-01 1.0000000000e-03
2.6200000000e+02 2.6993039995e-02 2.7728108689e-02 2.6217736304e-02 5.1332202889e-01 4.8667778768e-01 1.0000000000e-03
2.6300000000e+02 2.6958610862e-02 2.7203539386e-02 2.6701174676e-02 5.1245579138e-01 4.8754402498e-01 1.0000000000e-03
2.6400000000e+02 2.6934064925e-02 2.6754492894e-02 2.7121627703e-02 5.1086948175e-01 4.8913033441e-01 1.0000000000e-03
2.6500000000e+02 2.6914004236e-02 2.6479681954e-02 2.7364192531e-02 5.0896115842e-01 4.9103865755e-01 1.0000000000e-03
2.6600000000e+02 2.6888964698e-02 2.6431912556e-02 2.7359386906e-02 5.0720292902e-01 4.9279688677e-01 1.0000000000e-03
2.6700000000e+02 2.6854667813e-02 2.6611382142e-02 2.7103900909e-02 5.0602417379e-01 4.9397564181e-01 1.0000000000e-03
2.6800000000e+02 2.6816260070e-02 2.6966469362e-02 2.6662595570e-02 5.0570505776e-01 4.9429475762e-01 1.0000000000e-03
2.6900000000e+02 2.6783289388e-02 2.7402749285e-02 2.6148015633e-02 5.0630607906e-01 4.9369373611e-01 1.0000000000e-03
2.7000000000e+02 2.6760842651e-02 2.7803478763e-02 2.5685794652e-02 5.0765500236e-01 4.9234481260e-01 1.0000000000e-03
2.7100000000e+02 2.6744537055e-02 2.8056167066e-02 2.5382703170e-02 5.0939091484e-01 4.9060889991e-01 1.0000000000e-03
2.7200000000e+02 2.6724662632e-02 2.8085531667e-02 2.5302244350e-02 5.1105848447e-01 4.8894133007e-01 1.0000000000e-03
2.7300000000e+02 2.6695480570e-02 2.7878195047e-02 2.5453487411e-02 5.1222586000e-01 4.8777395434e-01 1.0000000000e-03
2.7400000000e+02 2.6659937575e-02 2.7485989034e-02 2.5791207328e-02 5.1259379631e-01 4.8740601783e-01 1.0000000000e-03
2.7500000000e+02 2.6626702398e-02 2.7009541169e-02 2.6224931702e-02 5.1207134453e-01 4.8792846941e-01 1.0000000000e-03
2.7600000000e+02 2.6601623744e-02 2.6567583904e-02 2.6637174189e-02 5.1079880214e-01 4.8920101161e-01 1.0000000000e-03
2.7700000000e+02 2.6582214981e-02 2.6262870058e-02 2.6913417503e-02 5.0910722322e-01 4.9089259035e-01 1.0000000000e-03
2.7800000000e+02 2.6560561731e-02 2.6159865782e-02 2.6973357424e-02 5.0743097094e-01 4.9256884246e-01 1.0000000000e-03
2.7900000000e+02 2.6531320065e-02 2.6273211464e-02 2.6795914397e-02 5.0619539085e-01 4.9380442235e-01 1.0000000000e-03
2.8000000000e+02 2.6497025043e-02 2.6565745473e-02 2.6426730677e-02 5.0570700696e-01 4.9429280606e-01 1.0000000000e-03
2.8100000000e+02 2.6465805247e-02 2.6956701651e-02 2.5962842628e-02 5.0607532497e-01 4.9392448785e-01 1.0000000000e-03
2.8200000000e+02 2.6443310082e-02 2.7338167652e-02 2.5522368029e-02 5.0718532073e-01 4.9281449189e-01 1.0000000000e-03
2.8300000000e+02 2.6427134871e-02 2.7600841597e-02 2.5211727247e-02 5.0872865922e-01 4.9127115320e-01 1.0000000000e-03
2.8400000000e+02 2.6409324259e-02 2.7665669098e-02 2.5100206956e-02 5.1028676939e-01 4.8971304284e-01 1.0000000000e-03
2.8500000000e+02 2.6383938268e-02 2.7508953586e-02 2.5206236169e-02 5.1144219440e-01 4.8855761763e-01 1.0000000000e-03
2.8600000000e+02 2.6352461427e-02 2.7170265093e-02 2.5494828820e-02 5.1188861673e-01 4.8811119512e-01 1.0000000000e-03
2.8700000000e+02 2.6322051883e-02 2.6738792658e-02 2.5885680690e-02 5.1151031120e-01 4.8848950046e-01 1.0000000000e-03
2.8800000000e+02 2.6298373938e-02 2.6325926185e-02 2.6269659400e-02 5.1041276059e-01 4.8958705089e-01 1.0000000000e-03
2.8900000000e+02 2.6279866695e-02 2.6031991467e-02 2.6536727324e-02 5.0889140267e-01 4.9110840864e-01 1.0000000000e-03
2.9000000000e+02 2.6260036975e-02 2.5921866298e-02 2.6608305052e-02 5.0734887731e-01 4.9265093383e-01 1.0000000000e-03
2.9100000000e+02 2.6233721524e-02 2.6014000177e-02 2.6458961889e-02 5.0618998871e-01 4.9380982226e-01 1.0000000000e-03
2.9200000000e+02 2.6203088462e-02 2.6275927201e-02 2.6128577068e-02 5.0571156946e-01 4.9428824133e-01 1.0000000000e-03
2.9300000000e+02 2.6174938306e-02 2.6632567868e-02 2.5706155226e-02 5.0602541926e-01 4.9397439134e-01 1.0000000000e-03
2.9400000000e+02 2.6154123247e-02 2.6982193813e-02 2.5302449241e-02 5.0702921349e-01 4.9297059693e-01 1.0000000000e-03
2.9500000000e+02 2.6138778776e-02 2.7221532539e-02 2.5018878281e-02 5.0843447219e-01 4.9156533804e-01 1.0000000000e-03
2.9600000000e+02 2.6121862233e-02 2.7276612818e-02 2.4920716882e-02 5.0984773571e-01 4.9015207435e-01 1.0000000000e-03
2.9700000000e+02 2.6098420843e-02 2.7126662433e-02 2.5024451315e-02 5.1087845190e-01 4.8912135798e-01 1.0000000000e-03
2.9800000000e+02 2.6070112363e-02 2.6810517535e-02 2.5295650586e-02 5.1124423179e-01 4.8875557791e-01 1.0000000000e-03
2.9900000000e+02 2.6043165475e-02 2.6413664222e-02 2.5656245649e-02 5.1084710815e-01 4.8915270137e-01 1.0000000000e-03
3.0000000000e+02 2.6022132486e-02 2.6041343808e-02 2.6002163067e-02 5.0980003001e-01 4.9019977934e-01 1.0000000000e-03
3.0100000000e+02 2.6004921645e-02 2.5786057115e-02 2.6231268421e-02 5.0839207227e-01 4.9160773692e-01 1.0000000000e-03
3.0200000000e+02 2.5985863060e-02 2.5706293061e-02 2.6273390278e-02 5.0700735661e-01 4.9299245242e-01 1.0000000000e-03
3.0300000000e+02 2.5961322710e-02 2.5813721120e-02 2.6112532243e-02 5.0601888494e-01 4.9398092394e-01 1.0000000000e-03
3.0400000000e+02 2.5933843106e-02 2.6071580127e-02 2.5792947039e-02 5.0568560299e-01 4.9431420571e-01 1.0000000000e-03
3.0500000000e+02 2.5909479707e-02 2.6404218748e-02 2.5402562693e-02 5.0608375577e-01 4.9391605276e-01 1.0000000000e-03
3.0600000000e+02 2.5891596451e-02 2.6713011786e-02 2.5046577677e-02 5.0708515319e-01 4.9291465517e-01 1.0000000000e-03
3.0700000000e+02 2.5877255946e-02 2.6903437451e-02 2.4816036224e-02 5.0839463097e-01 4.9160517722e-01 1.0000000000e-03
3.0800000000e+02 2.5860423222e-02 2.6914605871e-02 2.4764822796e-02 5.0963507928e-01 4.9036472874e-01 1.0000000000e-03
3.0900000000e+02 2.5837831199e-02 2.6738157496e-02 2.4899071082e-02 5.1045233700e-01 4.8954747085e-01 1.0000000000e-03
3.1000000000e+02 2.5812197477e-02 2.6422634721e-02 2.5175286457e-02 5.1061581287e-01 4.8938399482e-01 1.0000000000e-03
3.1100000000e+02 2.5789171457e-02 2.6055708528e-02 2.5511676446e-02 5.1008171807e-01 4.8991808945e-01 1.0000000000e-03
3.1200000000e+02 2.5771114975e-02 2.5735391304e-02 2.5808162987e-02 5.0900294416e-01 4.9099686321e-01 1.0000000000e-03
3.1300000000e+02 2.5755150244e-02 2.5543278083e-02 2.5973645970e-02 5.0768494448e-01 4.9231486274e-01 1.0000000000e-03
3.1400000000e+02 2.5736238807e-02 2.5522932410e-02 2.5955170393e-02 5.0649661337e-01 4.9350319371e-01 1.0000000000e-03
3.1500000000e+02 2.5712754577e-02 2.5670865551e-02 2.5755628943e-02 5.0576453014e-01 4.9423527678e-01 1.0000000000e-03
3.1600000000e+02 2.5688506663e-02 2.5940001011e-02 2.5431238115e-02 5.0568324992e-01 4.9431655684e-01 1.0000000000e-03
3.1700000000e+02 2.5668460876e-02 2.6248181239e-02 2.5074051693e-02 5.0625879499e-01 4.9374101161e-01 1.0000000000e-03
3.1800000000e+02 2.5653528050e-02 2.6500632986e-02 2.4781299755e-02 5.0730925919e-01 4.9269054725e-01 1.0000000000e-03
3.1900000000e+02 2.5639841333e-02 2.6617273688e-02 2.4628536776e-02 5.0851871289e-01 4.9148109339e-01 1.0000000000e-03
3.2000000000e+02 2.5622300804e-02 2.6557423174e-02 2.4650856853e-02 5.0952841160e-01 4.9047139453e-01 1.0000000000e-03
3.2100000000e+02 2.5600319728e-02 2.6335671544e-02 2.4834834039e-02 5.1004206680e-01 4.8995773917e-01 1.0000000000e-03
3.2200000000e+02 2.5577697903e-02 2.6015276089e-02 2.5122433901e-02 5.0991082844e-01 4.9008897738e-01 1.0000000000e-03
3.2300000000e+02 2.5558786467e-02 2.5686547160e-02 2.5426261127e-02 5.0917435495e-01 4.9082545072e-01 1.0000000000e-03
3.2400000000e+02 2.5543527678e-02 2.5438429788e-02 2.5652075186e-02 5.0804782448e-01 4.9195198105e-01 1.0000000000e-03
3.2500000000e+02 2.5527823716e-02 2.5333330035e-02 2.5727735832e-02 5.0685682240e-01 4.9314298299e-01 1.0000000000e-03
3.2600000000e+02 2.5508474559e-02 2.5392688811e-02 2.5627056137e-02 5.0594144744e-01 4.9405835781e-01 1.0000000000e-03
3.2700000000e+02 2.5486432016e-02 2.5592409074e-02 2.5378083810e-02 5.0555753730e-01 4.9444226781e-01 1.0000000000e-03
3.2800000000e+02 2.5466043502e-02 2.5868505239e-02 2.5054140016e-02 5.0580138369e-01 4.9419842128e-01 1.0000000000e-03
3.2900000000e+02 2.5450367481e-02 2.6135062799e-02 2.4747407064e-02 5.0658482443e-01 4.9341498038e-01 1.0000000000e-03
3.3000000000e+02 2.5437593460e-02 2.6305628940e-02 2.4542557076e-02 5.0765999431e-01 4.9233981035e-01 1.0000000000e-03
3.3100000000e+02 2.5423243642e-02 2.6323340833e-02 2.4491289631e-02 5.0869666551e-01 4.9130313901e-01 1.0000000000e-03
3.3200000000e+02 2.5404632092e-02 2.6178298518e-02 2.4601394311e-02 5.0937968057e-01 4.9062012381e-01 1.0000000000e-03
3.3300000000e+02 2.5384031236e-02 2.5912374258e-02 2.4835223332e-02 5.0950298513e-01 4.9049681911e-01 1.0000000000e-03
3.3400000000e+02 2.5365253910e-02 2.5603016838e-02 2.5118755177e-02 5.0903004727e-01 4.9096975682e-01 1.0000000000e-03
3.3500000000e+02 2.5350194424e-02 2.5338431820e-02 2.5362357497e-02 5.0810343771e-01 4.9189636625e-01 1.0000000000e-03
3.3600000000e+02 2.5336131454e-02 2.5188775733e-02 2.5487676263e-02 5.0699817346e-01 4.9300163037e-01 1.0000000000e-03
3.3700000000e+02 2.5319643319e-02 2.5190902874e-02 2.5451540947e-02 5.0604101464e-01 4.9395878906e-01 1.0000000000e-03
3.3800000000e+02 2.5300145149e-02 2.5335960090e-02 2.5263542309e-02 5.0550846306e-01 4.9449134051e-01 1.0000000000e-03
3.3900000000e+02 2.5280795991e-02 2.5575226173e-02 2.4979768321e-02 5.0554652764e-01 4.9445327579e-01 1.0000000000e-03
3.4000000000e+02 2.5265015662e-02 2.5831731036e-02 2.4684248492e-02 5.0612762670e-01 4.9387217659e-01 1.0000000000e-03
3.4100000000e+02 2.5252614170e-02 2.6020752266e-02 2.4462489411e-02 5.0705820048e-01 4.9294160267e-01 1.0000000000e-03
3.4200000000e+02 2.5239845738e-02 2.6078866795e-02 2.4373404682e-02 5.0804254396e-01 4.9195725906e-01 1.0000000000e-03
3.4300000000e+02 2.5223828852e-02 2.5982884690e-02 2.4437675253e-02 5.0877060012e-01 4.9122920276e-01 1.0000000000e-03
3.4400000000e+02 2.5205176324e-02 2.5760611519e-02 2.4629352614e-02 5.0901603414e-01 4.9098376861e-01 1.0000000000e-03
3.4500000000e+02 2.5187496096e-02 2.5478659198e-02 2.4886028841e-02 5.0870275984e-01 4.9129704278e-01 1.0000000000e-03
3.4600000000e+02 2.5172822177e-02 2.5219412521e-02 2.5124737993e-02 5.0792650124e-01 4.9207330126e-01 1.0000000000e-03
3.4700000000e+02 2.5159770623e-02 2.5056438521e-02 2.5266015902e-02 5.0692560676e-01 4.9307419561e-01 1.0000000000e-03
3.4800000000e+02 2.5145025924e-02 2.5030694902e-02 2.5262147188e-02 5.0600293159e-01 4.9399687066e-01 1.0000000000e-03
3.4900000000e+02 2.5127535686e-02 2.5143088773e-02 2.5111651048e-02 5.0543390684e-01 4.9456589529e-01 1.0000000000e-03
3.5000000000e+02 2.5109697133e-02 2.5353522971e-02 2.4860577658e-02 5.0538134962e-01 4.9461845238e-01 1.0000000000e-03
3.5100000000e+02 2.5094587356e-02 2.5591095909e-02 2.4586344138e-02 5.0584440321e-01 4.9415539866e-01 1.0000000000e-03
3.5200000000e+02 2.5082528591e-02 2.5777325034e-02 2.4368971586e-02 5.0666419736e-01 4.9333560438e-01 1.0000000000e-03
3.5300000000e+02 2.5070670992e-02 2.5846088305e-02 2.4271426722e-02 5.0756873667e-01 4.9243106495e-01 1.0000000000e-03
3.5400000000e+02 2.5056190789e-02 2.5773072615e-02 2.4315215647e-02 5.0826714000e-01 4.9173266149e-01 1.0000000000e-03
3.5500000000e+02 2.5039238855e-02 2.5576779619e-02 2.4483041838e-02 5.0853284656e-01 4.9146695481e-01 1.0000000000e-03
3.5600000000e+02 2.5022856891e-02 2.5319874287e-02 2.4715842679e-02 5.0828315222e-01 4.9171664902e-01 1.0000000000e-03
3.5700000000e+02 2.5009047240e-02 2.5077546015e-02 2.4938443676e-02 5.0759388484e-01 4.9240591628e-01 1.0000000000e-03
3.5800000000e+02 2.4996615946e-02 2.4922156706e-02 2.5073103607e-02 5.0668352518e-01 4.9331627583e-01 1.0000000000e-03
3.5900000000e+02 2.4982936680e-02 2.4893125519e-02 2.5074878708e-02 5.0583329312e-01 4.9416650778e-01 1.0000000000e-03
3.6000000000e+02 2.4966884404e-02 2.4994045496e-02 2.4939149618e-02 5.0530492311e-01 4.9469487767e-01 1.0000000000e-03
3.6100000000e+02 2.4950522929e-02 2.5186335668e-02 2.4709716439e-02 5.0525203284e-01 4.9474776782e-01 1.0000000000e-03
3.6200000000e+02 2.4936500937e-02 2.5404551998e-02 2.4457713589e-02 5.0567627320e-01 4.9432352734e-01 1.0000000000e-03
3.6300000000e+02 2.4925071746e-02 2.5573203340e-02 2.4260072038e-02 5.0642616016e-01 4.9357364026e-01 1.0000000000e-03
3.6400000000e+02 2.4913655594e-02 2.5632254779e-02 2.4173930287e-02 5.0724753320e-01 4.9275226710e-01 1.0000000000e-03
3.6500000000e+02 2.4899937212e-02 2.5558823720e-02 2.4219997227e-02 5.0786754478e-01 4.9213225540e-01 1.0000000000e-03
3.6600000000e+02 2.4884328246e-02 2.5373404846e-02 2.4379193783e-02 5.0807993496e-01 4.9191986510e-01 1.0000000000e-03
3.6700000000e+02 2.4869270623e-02 2.5135569274e-02 2.4594523013e-02 5.0781591407e-01 4.9218388588e-01 1.0000000000e-03
3.6800000000e+02 2.4856409058e-02 2.4917276576e-02 2.4793783203e-02 5.0715852374e-01 4.9284127609e-01 1.0000000000e-03
3.6900000000e+02 2.4844612926e-02 2.4784730747e-02 2.4906039238e-02 5.0632059793e-01 4.9367920180e-01 1.0000000000e-03
3.7000000000e+02 2.4831419811e-02 2.4771517143e-02 2.4892682210e-02 5.0556654378e-01 4.9443325584e-01 1.0000000000e-03
3.7100000000e+02 2.4816365913e-02 2.4877930060e-02 2.4753535166e-02 5.0513519788e-01 4.9486460163e-01 1.0000000000e-03
3.7200000000e+02 2.4801466614e-02 2.5061069056e-02 2.4536466226e-02 5.0515052768e-01 4.9484927172e-01 1.0000000000e-03
3.7300000000e+02 2.4788638577e-02 2.5259396061e-02 2.4307236075e-02 5.0559594948e-01 4.9440384980e-01 1.0000000000e-03
3.7400000000e+02 2.4777831510e-02 2.5399222970e-02 2.4140572175e-02 5.0630668734e-01 4.9369311183e-01 1.0000000000e-03
3.7500000000e+02 2.4766618386e-02 2.5432476774e-02 2.4081751704e-02 5.0703998492e-01 4.9295981413e-01 1.0000000000e-03
3.7600000000e+02 2.4753304198e-02 2.5340773165e-02 2.4147851393e-02 5.0754122455e-01 4.9245857440e-01 1.0000000000e-03
3.7700000000e+02 2.4738729000e-02 2.5156447664e-02 2.4308048189e-02 5.0764467608e-01 4.9235512275e-01 1.0000000000e-03
3.7800000000e+02 2.4725086987e-02 2.4934208021e-02 2.4509774521e-02 5.0730940470e-01 4.9269039402e-01 1.0000000000e-03
3.7900000000e+02 2.4713171646e-02 2.4749001488e-02 2.4676384404e-02 5.0665191542e-01 4.9334788320e-01 1.0000000000e-03
3.8000000000e+02 2.4701738730e-02 2.4649642408e-02 2.4755084887e-02 5.0588000084e-01 4.9411979768e-01 1.0000000000e-03
3.8100000000e+02 2.4688791484e-02 2.4670453742e-02 2.4707525969e-02 5.0525445140e-01 4.9474534701e-01 1.0000000000e-03
3.8200000000e+02 2.4674482644e-02 2.4788079783e-02 2.4558618665e-02 5.0496149504e-01 4.9503830327e-01 1.0000000000e-03
3.8300000000e+02 2.4660963565e-02 2.4971812963e-02 2.4343714118e-02 5.0510215179e-01 4.9489764641e-01 1.0000000000e-03
3.8400000000e+02 2.4649452418e-02 2.5136953220e-02 2.4150928482e-02 5.0559219722e-01 4.9440760087e-01 1.0000000000e-03
3.8500000000e+02 2.4639215320e-02 2.5247132406e-02 2.4015836418e-02 5.0628268470e-01 4.9371711328e-01 1.0000000000e-03
3.8600000000e+02 2.4627881125e-02 2.5227090344e-02 2.4011941627e-02 5.0688833414e-01 4.9311146373e-01 1.0000000000e-03
3.8700000000e+02 2.4614952505e-02 2.5126850232e-02 2.4087993428e-02 5.0725492072e-01 4.9274487705e-01 1.0000000000e-03
3.8800000000e+02 2.4601727724e-02 2.4913338944e-02 2.4281056598e-02 5.0717205492e-01 4.9282774275e-01 1.0000000000e-03
3.8900000000e+02 2.4590313435e-02 2.4750189856e-02 2.4426048622e-02 5.0678441018e-01 4.9321538738e-01 1.0000000000e-03
3.9000000000e+02 2.4581097066e-02 2.4553559721e-02 2.4609318003e-02 5.0604925130e-01 4.9395054617e-01 1.0000000000e-03
3.9100000000e+02 2.4573672563e-02 2.4583578110e-02 2.4563556537e-02 5.0546468500e-01 4.9453511237e-01 1.0000000000e-03
3.9200000000e+02 2.4570014328e-02 2.4532757699e-02 2.4608010426e-02 5.0484163781e-01 4.9515815947e-01 1.0000000000e-03
3.9300000000e+02 2.4578219280e-02 2.4858415127e-02 2.4292446673e-02 5.0493320996e-01 4.9506658725e-01 1.0000000000e-03
3.9400000000e+02 2.4616394192e-02 2.4802178144e-02 2.4427002296e-02 5.0482092900e-01 4.9517886818e-01 1.0000000000e-03
3.9500000000e+02 2.4725196883e-02 2.5408497080e-02 2.4026045576e-02 5.0573709039e-01 4.9426270684e-01 1.0000000000e-03
3.9600000000e+02 2.4988938123e-02 2.5052787736e-02 2.4923734367e-02 5.0529248531e-01 4.9470731219e-01 1.0000000000e-03
3.9700000000e+02 2.5568963960e-02 2.6277137920e-02 2.4843117222e-02 5.0616582213e-01 4.9383397606e-01 1.0000000000e-03
3.9800000000e+02 2.6666253805e-02 2.5581404567e-02 2.7766412124e-02 5.0350134247e-01 4.9649845715e-01 1.0000000000e-03
3.9900000000e+02 2.8139257804e-02 2.8127513826e-02 2.8151160106e-02 5.0313019114e-01 4.9686961075e-01 1.0000000000e-03
4.0000000000e+02 2.9025707394e-02 2.6354111731e-02 3.1678467989e-02 4.9822977873e-01 5.0177002574e-01 1.0000000000e-03
4.0100000000e+02 2.7772363275e-02 2.7755388990e-02 2.7789235115e-02 4.9837632435e-01 5.0162348167e-01 1.0000000000e-03
4.0200000000e+02 2.5312533602e-02 2.4710111320e-02 2.5908624753e-02 4.9735481882e-01 5.0264498684e-01 1.0000000000e-03
4.0300000000e+02 2.4484429508e-02 2.4816391990e-02 2.4154730141e-02 4.9829488988e-01 5.0170491479e-01 1.0000000000e-03
4.0400000000e+02 2.5841958821e-02 2.6684490964e-02 2.4999111891e-02 5.0009586845e-01 4.9990393642e-01 1.0000000000e-03
4.0500000000e+02 2.6781858876e-02 2.5977751240e-02 2.7581453323e-02 4.9858914232e-01 5.0141066339e-01 1.0000000000e-03
4.0600000000e+02 2.5657780468e-02 2.6680693030e-02 2.4631900713e-02 5.0072660146e-01 4.9927320419e-01 1.0000000000e-03
4.0700000000e+02 2.4428267032e-02 2.5246744975e-02 2.3602111265e-02 5.0233732093e-01 4.9766248368e-01 1.0000000000e-03
4.0800000000e+02 2.4968009442e-02 2.5146381930e-02 2.4787882343e-02 5.0246255028e-01 4.9753725384e-01 1.0000000000e-03
4.0900000000e+02 2.5808783248e-02 2.6473745704e-02 2.5134420022e-02 5.0351387617e-01 4.9648592816e-01 1.0000000000e-03
4.1000000000e+02 2.5224003941e-02 2.4783963338e-02 2.5668099523e-02 5.0228626471e-01 4.9771353937e-01 1.0000000000e-03
4.1100000000e+02 2.4382013828e-02 2.4699600413e-02 2.4060970172e-02 5.0271249123e-01 4.9728731193e-01 1.0000000000e-03
4.1200000000e+02 2.4765547365e-02 2.5146560743e-02 2.4379611015e-02 5.0321551917e-01 4.9678428349e-01 1.0000000000e-03
4.1300000000e+02 2.5291915983e-02 2.4671072140e-02 2.5916909799e-02 5.0166260027e-01 4.9833720235e-01 1.0000000000e-03
4.1400000000e+02 2.4805381894e-02 2.5359863415e-02 2.4245070294e-02 5.0262000155e-01 4.9737980065e-01 1.0000000000e-03
4.1500000000e+02 2.4323511869e-02 2.4888968095e-02 2.3750029504e-02 5.0352879892e-01 4.9647100250e-01 1.0000000000e-03
4.1600000000e+02 2.4677351117e-02 2.4960314855e-02 2.4390114471e-02 5.0375361437e-01 4.9624618664e-01 1.0000000000e-03
4.1700000000e+02 2.4927288294e-02 2.5897020474e-02 2.3936606944e-02 5.0534520100e-01 4.9465459985e-01 1.0000000000e-03
4.1800000000e+02 2.4519018829e-02 2.4984734133e-02 2.4042436853e-02 5.0577166546e-01 4.9422813491e-01 1.0000000000e-03
4.1900000000e+02 2.4305554107e-02 2.4910217151e-02 2.3685082793e-02 5.0645503657e-01 4.9354476319e-01 1.0000000000e-03
4.2000000000e+02 2.4602483958e-02 2.5256291032e-02 2.3929692805e-02 5.0715807558e-01 4.9284172387e-01 1.0000000000e-03
4.2100000000e+02 2.4653797969e-02 2.4468360469e-02 2.4843795225e-02 5.0606158634e-01 4.9393821288e-01 1.0000000000e-03
4.2200000000e+02 2.4340085685e-02 2.4581342936e-02 2.4093022570e-02 5.0595703699e-01 4.9404276177e-01 1.0000000000e-03
4.2300000000e+02 2.4301189929e-02 2.4451686069e-02 2.4147247896e-02 5.0567453780e-01 4.9432526050e-01 1.0000000000e-03
4.2400000000e+02 2.4510812014e-02 2.4248138070e-02 2.4778338149e-02 5.0456634562e-01 4.9543345246e-01 1.0000000000e-03
4.2500000000e+02 2.4454975501e-02 2.4833843112e-02 2.4068629369e-02 5.0489208825e-01 4.9510770957e-01 1.0000000000e-03
4.2600000000e+02 2.4246234447e-02 2.4570904672e-02 2.3914910853e-02 5.0507934911e-01 4.9492044830e-01 1.0000000000e-03
4.2700000000e+02 2.4280846119e-02 2.4679429829e-02 2.3873567581e-02 5.0540128272e-01 4.9459851436e-01 1.0000000000e-03
4.2800000000e+02 2.4406466633e-02 2.5193706155e-02 2.3598512635e-02 5.0649582411e-01 4.9350397277e-01 1.0000000000e-03
4.2900000000e+02 2.4322926998e-02 2.4733001366e-02 2.3901723325e-02 5.0670084494e-01 4.9329895168e-01 1.0000000000e-03
4.3000000000e+02 2.4197639897e-02 2.4745078757e-02 2.3634262383e-02 5.0717877747e-01 4.9282101882e-01 1.0000000000e-03
4.3100000000e+02 2.4248301983e-02 2.4701030925e-02 2.3781962693e-02 5.0740871459e-01 4.9259108145e-01 1.0000000000e-03
4.3200000000e+02 2.4310266599e-02 2.4248534814e-02 2.4373644963e-02 5.0653917744e-01 4.9346061842e-01 1.0000000000e-03
4.3300000000e+02 2.4230591953e-02 2.4370916188e-02 2.4086765945e-02 5.0617844354e-01 4.9382135211e-01 1.0000000000e-03
4.3400000000e+02 2.4160411209e-02 2.4146037176e-02 2.4175116792e-02 5.0553049890e-01 4.9446929649e-01 1.0000000000e-03
4.3500000000e+02 2.4204550311e-02 2.4086624384e-02 2.4324737489e-02 5.0473151185e-01 4.9526828334e-01 1.0000000000e-03
4.3600000000e+02 2.4231031537e-02 2.4502970278e-02 2.3953804746e-02 5.0482500529e-01 4.9517478975e-01 1.0000000000e-03
4.3700000000e+02 2.4166973308e-02 2.4372423068e-02 2.3957574740e-02 5.0477167738e-01 4.9522811746e-01 1.0000000000e-03
4.3800000000e+02 2.4124218151e-02 2.4573368952e-02 2.3665571585e-02 5.0523543742e-01 4.9476435721e-01 1.0000000000e-03
4.3900000000e+02 2.4155873805e-02 2.4784928188e-02 2.3511469364e-02 5.0603026174e-01 4.9396953272e-01 1.0000000000e-03
4.4000000000e+02 2.4168623611e-02 2.4568600580e-02 2.3758506402e-02 5.0626536147e-01 4.9373443285e-01 1.0000000000e-03
4.4100000000e+02 2.4121996015e-02 2.4641769007e-02 2.3588048294e-02 5.0673121024e-01 4.9326858392e-01 1.0000000000e-03
4.4200000000e+02 2.4089973420e-02 2.4402298033e-02 2.3769157007e-02 5.0671525319e-01 4.9328454079e-01 1.0000000000e-03
4.4300000000e+02 2.4106707424e-02 2.4163326249e-02 2.4048687890e-02 5.0616260730e-01 4.9383718654e-01 1.0000000000e-03
4.4400000000e+02 2.4113589898e-02 2.4234628305e-02 2.3989722133e-02 5.0580025991e-01 4.9419953381e-01 1.0000000000e-03
4.4500000000e+02 2.4081649259e-02 2.4001089856e-02 2.4163862690e-02 5.0505124922e-01 4.9494854436e-01 1.0000000000e-03
4.4600000000e+02 2.4055652320e-02 2.4090848863e-02 2.4019807577e-02 5.0461994502e-01 4.9537984842e-01 1.0000000000e-03
4.4700000000e+02 2.4061219767e-02 2.4278044701e-02 2.3840365931e-02 5.0461273350e-01 4.9538705982e-01 1.0000000000e-03
4.4800000000e+02 2.4064749479e-02 2.4280408397e-02 2.3845089599e-02 5.0460372425e-01 4.9539606895e-01 1.0000000000e-03
4.4900000000e+02 2.4043947458e-02 2.4539386854e-02 2.3538133129e-02 5.0518463216e-01 4.9481516093e-01 1.0000000000e-03
4.5000000000e+02 2.4022506550e-02 2.4524629116e-02 2.3508766666e-02 5.0572361264e-01 4.9427618031e-01 1.0000000000e-03
4.5100000000e+02 2.4021040648e-02 2.4478817359e-02 2.3551931605e-02 5.0611612865e-01 4.9388366419e-01 1.0000000000e-03
4.5200000000e+02 2.4022892118e-02 2.4494299665e-02 2.3539081216e-02 5.0649883290e-01 4.9350095984e-01 1.0000000000e-03
4.5300000000e+02 2.4008478969e-02 2.4218561128e-02 2.3793054745e-02 5.0629206768e-01 4.9370772495e-01 1.0000000000e-03
4.5400000000e+02 2.3988846689e-02 2.4139104411e-02 2.3834964260e-02 5.0597983433e-01 4.9401995820e-01 1.0000000000e-03
4.5500000000e+02 2.3981573060e-02 2.4038193747e-02 2.3923702538e-02 5.0550119687e-01 4.9449859556e-01 1.0000000000e-03
4.5600000000e+02 2.3981504142e-02 2.3934269324e-02 2.4029674008e-02 5.0485161219e-01 4.9514818014e-01 1.0000000000e-03
4.5700000000e+02 2.3973170668e-02 2.4084312841e-02 2.3859975860e-02 5.0460039639e-01 4.9539939585e-01 1.0000000000e-03
4.5800000000e+02 2.3956561461e-02 2.4106197059e-02 2.3804247379e-02 5.0445546510e-01 4.9554432705e-01 1.0000000000e-03
4.5900000000e+02 2.3944687098e-02 2.4259209633e-02 2.3624241352e-02 5.0467294322e-01 4.9532684883e-01 1.0000000000e-03
4.6000000000e+02 2.3941427469e-02 2.4400750175e-02 2.3472508416e-02 5.0517511660e-01 4.9482467535e-01 1.0000000000e-03
4.6100000000e+02 2.3937501013e-02 2.4368226528e-02 2.3497082293e-02 5.0556758973e-01 4.9443220214e-01 1.0000000000e-03
4.6200000000e+02 2.3926641792e-02 2.4408550933e-02 2.3432979360e-02 5.0603040659e-01 4.9396938518e-01 1.0000000000e-03
4.6300000000e+02 2.3913292214e-02 2.4250702932e-02 2.3567499593e-02 5.0614173114e-01 4.9385806055e-01 1.0000000000e-03
4.6400000000e+02 2.3904532194e-02 2.4106742814e-02 2.3697458208e-02 5.0595563182e-01 4.9404415978e-01 1.0000000000e-03
4.6500000000e+02 2.3899637163e-02 2.4022787809e-02 2.3773692548e-02 5.0562063721e-01 4.9437915431e-01 1.0000000000e-03
4.6600000000e+02 2.3892793804e-02 2.3876763880e-02 2.3909157142e-02 5.0502466888e-01 4.9497512256e-01 1.0000000000e-03
4.6700000000e+02 2.3882042617e-02 2.3924501613e-02 2.3838803172e-02 5.0461190310e-01 4.9538788826e-01 1.0000000000e-03
4.6800000000e+02 2.3870959878e-02 2.3958614096e-02 2.3781783879e-02 5.0433590205e-01 4.9566388923e-01 1.0000000000e-03
4.6900000000e+02 2.3862894624e-02 2.4060621858e-02 2.3661734536e-02 5.0432022629e-01 4.9567956491e-01 1.0000000000e-03
4.7000000000e+02 2.3856833577e-02 2.4218708277e-02 2.3488169536e-02 5.0465384650e-01 4.9534594462e-01 1.0000000000e-03
4.7100000000e+02 2.3849710822e-02 2.4244563654e-02 2.3446852341e-02 5.0502477707e-01 4.9497501396e-01 1.0000000000e-03
4.7200000000e+02 2.3840548471e-02 2.4300759658e-02 2.3370111361e-02 5.0549840708e-01 4.9450138387e-01 1.0000000000e-03
4.7300000000e+02 2.3830959573e-02 2.4219205603e-02 2.3433655500e-02 5.0577279803e-01 4.9422699284e-01 1.0000000000e-03
4.7400000000e+02 2.3822648451e-02 2.4095399305e-02 2.3543534800e-02 5.0577472345e-01 4.9422506734e-01 1.0000000000e-03
4.7500000000e+02 2.3815467954e-02 2.3995459080e-02 2.3631423712e-02 5.0557941478e-01 4.9442037593e-01 1.0000000000e-03
4.7600000000e+02 2.3807901889e-02 2.3849090561e-02 2.3765871301e-02 5.0510885051e-01 4.9489094014e-01 1.0000000000e-03
4.7700000000e+02 2.3799233139e-02 2.3837506771e-02 2.3760249838e-02 5.0467911100e-01 4.9532067957e-01 1.0000000000e-03
4.7800000000e+02 2.3789994419e-02 2.3839548230e-02 2.3739591241e-02 5.0431623224e-01 4.9568355825e-01 1.0000000000e-03
4.7900000000e+02 2.3781366646e-02 2.3920133710e-02 2.3640273139e-02 5.0417881436e-01 4.9582097606e-01 1.0000000000e-03
4.8000000000e+02 2.3773808032e-02 2.4051008746e-02 2.3491749540e-02 5.0434908673e-01 4.9565070361e-01 1.0000000000e-03
4.8100000000e+02 2.3766607046e-02 2.4114891887e-02 2.3411786184e-02 5.0465386320e-01 4.9534592707e-01 1.0000000000e-03
4.8200000000e+02 2.3759031668e-02 2.4191617966e-02 2.3317523301e-02 5.0510838877e-01 4.9489140142e-01 1.0000000000e-03
4.8300000000e+02 2.3750619963e-02 2.4147301912e-02 2.3345218971e-02 5.0544196998e-01 4.9455782014e-01 1.0000000000e-03
4.8400000000e+02 2.3741956800e-02 2.4069571868e-02 2.3406937718e-02 5.0559561705e-01 4.9440417299e-01 1.0000000000e-03
4.8500000000e+02 2.3733813316e-02 2.3958312348e-02 2.3504314944e-02 5.0551431301e-01 4.9448547696e-01 1.0000000000e-03
4.8600000000e+02 2.3726262152e-02 2.3825138807e-02 2.3625327274e-02 5.0517341862e-01 4.9482637128e-01 1.0000000000e-03
4.8700000000e+02 2.3718725890e-02 2.3778051138e-02 2.3658266291e-02 5.0478232478e-01 4.9521746505e-01 1.0000000000e-03
4.8800000000e+02 2.3710533977e-02 2.3744657636e-02 2.3675819859e-02 5.0437666407e-01 4.9562312568e-01 1.0000000000e-03
4.8900000000e+02 2.3701790720e-02 2.3811845109e-02 2.3589894176e-02 5.0417310394e-01 4.9582668575e-01 1.0000000000e-03
4.9000000000e+02 2.3693375289e-02 2.3900711909e-02 2.3482538760e-02 5.0419704974e-01 4.9580273987e-01 1.0000000000e-03
4.9100000000e+02 2.3685768247e-02 2.3990556598e-02 2.3375546560e-02 5.0442654310e-01 4.9557324644e-01 1.0000000000e-03
4.9200000000e+02 2.3678734899e-02 2.4068934843e-02 2.3280957714e-02 5.0481595717e-01 4.9518383230e-01 1.0000000000e-03
4.9300000000e+02 2.3671364412e-02 2.4055043235e-02 2.3279704154e-02 5.0515334640e-01 4.9484644299e-01 1.0000000000e-03
4.9400000000e+02 2.3663207889e-02 2.4015499279e-02 2.3303249851e-02 5.0539060909e-01 4.9460918023e-01 1.0000000000e-03
4.9500000000e+02 2.3654703051e-02 2.3900019005e-02 2.3404063657e-02 5.0537575794e-01 4.9462403130e-01 1.0000000000e-03
4.9600000000e+02 2.3646648973e-02 2.3794883862e-02 2.3495333269e-02 5.0515488669e-01 4.9484490249e-01 1.0000000000e-03
4.9700000000e+02 2.3639112711e-02 2.3711943999e-02 2.3564882576e-02 5.0479491966e-01 4.9520486945e-01 1.0000000000e-03
4.9800000000e+02 2.3631546646e-02 2.3672252893e-02 2.3590127006e-02 5.0440230003e-01 4.9559748900e-01 1.0000000000e-03
4.9900000000e+02 2.3623479530e-02 2.3713931441e-02 2.3531520739e-02 5.0415510519e-01 4.9584468378e-01 1.0000000000e-03
5.0000000000e+02 2.3615293205e-02 2.3775078356e-02 2.3452887312e-02 5.0408068598e-01 4.9591910292e-01 1.0000000000e-03
