# time_s Ids_true_A Ids_pred_A Ids_physics_A T_mean_K
2.8299837140e-08 1.0500000000e+01 8.2305908203e+00 1.2944656372e+01 3.4331900024e+02
4.0199665818e-08 2.1500000000e+01 2.2053771973e+01 2.7439842224e+01 3.4427255249e+02
4.9799837143e-08 2.9200000763e+01 3.3069854736e+01 3.6863109589e+01 3.4526107788e+02
5.9400008467e-08 4.2000000000e+01 4.6658157349e+01 4.7196346283e+01 3.4648318481e+02
6.8999952418e-08 5.4000000000e+01 6.3173065186e+01 6.2609298706e+01 3.4806784058e+02
7.8599668996e-08 6.6800003052e+01 7.5677841187e+01 7.5275413513e+01 3.4992279053e+02
8.8199840320e-08 7.8900001526e+01 8.6311782837e+01 8.9929321289e+01 3.5210269165e+02
9.7800011645e-08 9.3300003052e+01 9.7965408325e+01 1.0339033508e+02 3.5455938721e+02
1.0700000530e-07 1.0300000000e+02 1.1219927979e+02 1.1820114136e+02 3.5719512939e+02
1.1699967217e-07 1.1500000000e+02 1.2208738708e+02 1.2741687012e+02 3.6020922852e+02
1.2699979379e-07 1.2700000000e+02 1.3425921631e+02 1.3719790649e+02 3.6337695312e+02
1.3599992599e-07 1.3700000000e+02 1.3972798157e+02 1.4699577332e+02 3.6634603882e+02
1.4599982023e-07 1.4700000000e+02 1.4486108398e+02 1.5353723145e+02 3.6969235229e+02
1.5499983874e-07 1.5500000000e+02 1.4639593506e+02 1.5574383545e+02 3.7265841675e+02
1.6499996036e-07 1.6300000000e+02 1.5839204407e+02 1.6712405396e+02 3.7614050293e+02
1.7499985461e-07 1.7100000000e+02 1.6599972534e+02 1.7446536255e+02 3.7970059204e+02
1.8399975943e-07 1.8000000000e+02 1.8508097839e+02 1.8685507202e+02 3.8311526489e+02
1.9399988105e-07 1.8900000000e+02 2.0182704163e+02 2.0021542358e+02 3.8713287354e+02
2.0299989956e-07 1.9700000000e+02 2.0232176208e+02 2.0320252991e+02 3.9071347046e+02
2.1299979380e-07 2.0300000000e+02 2.1344262695e+02 2.1196968079e+02 3.9479711914e+02
2.2299991542e-07 2.1000000000e+02 2.2139517212e+02 2.2096345520e+02 3.9898291016e+02
2.3199982024e-07 2.1500000000e+02 2.1836035156e+02 2.1855456543e+02 4.0260379028e+02
2.4199982818e-07 2.2300000000e+02 2.2303604126e+02 2.2191271973e+02 4.0660284424e+02
2.5099996037e-07 2.2800000000e+02 2.1925527954e+02 2.3035589600e+02 4.1028945923e+02
2.6099985462e-07 2.3300000000e+02 2.4005409241e+02 2.3995904541e+02 4.1453762817e+02
2.7099986255e-07 2.4200000000e+02 2.5061804199e+02 2.4363153076e+02 4.1878118896e+02
2.7999988106e-07 2.4400000000e+02 2.5120770264e+02 2.4672415161e+02 4.2258776855e+02
2.8999977530e-07 2.4800000000e+02 2.6924719238e+02 2.6285507202e+02 4.2710968018e+02
2.9899979381e-07 2.5500000000e+02 2.7868746948e+02 2.5999148560e+02 4.3105285645e+02
3.0899991543e-07 2.6100000000e+02 2.6738903809e+02 2.6322827148e+02 4.3539349365e+02
3.1899980968e-07 2.6300000000e+02 2.6807098389e+02 2.6657601929e+02 4.3972259521e+02
3.2799982819e-07 2.7100000000e+02 2.6625381470e+02 2.7601330566e+02 4.4373727417e+02
3.3799994981e-07 2.7300000000e+02 2.6937484741e+02 2.7281631470e+02 4.4804235840e+02
3.4699985463e-07 2.7900000000e+02 2.8200021362e+02 2.8928927612e+02 4.5219854736e+02
3.5699986256e-07 2.8400000000e+02 3.0783554077e+02 2.9314691162e+02 4.5684729004e+02
3.6699998418e-07 2.8700000000e+02 3.1132226562e+02 3.0358712769e+02 4.6164413452e+02
3.7599977531e-07 2.9000000000e+02 3.0258190918e+02 2.9941427612e+02 4.6580233765e+02
3.8599978325e-07 2.9300000000e+02 2.9690145874e+02 3.0244369507e+02 4.7039785767e+02
3.9499991544e-07 2.9800000000e+02 3.0671737671e+02 3.1255584717e+02 4.7468502808e+02
4.0499980969e-07 3.0400000000e+02 2.8300762939e+02 3.0080456543e+02 4.7908285522e+02
4.1499981762e-07 3.0700000000e+02 3.0520465088e+02 3.1109909058e+02 4.8366625977e+02
4.2399994982e-07 3.0900000000e+02 3.0580767822e+02 3.1359707642e+02 4.8778762817e+02
4.3399984406e-07 3.1300000000e+02 3.1284890747e+02 3.1639895630e+02 4.9236801147e+02
4.4299986257e-07 3.1600000000e+02 3.3554513550e+02 3.2660607910e+02 4.9666418457e+02
4.5299998419e-07 3.1900000000e+02 3.1743362427e+02 3.1401873779e+02 5.0107583618e+02
4.6299976475e-07 3.2300000000e+02 3.1757833862e+02 3.3125555420e+02 5.0579174805e+02
4.7199978326e-07 3.2400000000e+02 3.2157077026e+02 3.2595135498e+02 5.0989245605e+02
4.8199990488e-07 3.2800000000e+02 3.2840930176e+02 3.2830197144e+02 5.1444799805e+02
4.9099980970e-07 3.3100000000e+02 3.1646261597e+02 3.2998480225e+02 5.1851922607e+02
5.0099981763e-07 3.3400000000e+02 3.3241021729e+02 3.4001028442e+02 5.2321740723e+02
5.1099993925e-07 3.3500000000e+02 3.3601556396e+02 3.3443008423e+02 5.2775042725e+02
5.1999984407e-07 3.3800000000e+02 3.3344256592e+02 3.4377795410e+02 5.3195806885e+02
5.2999996569e-07 3.3900000000e+02 3.4588220215e+02 3.4590908813e+02 5.3664154053e+02
5.3899987051e-07 3.4300000000e+02 3.4040975952e+02 3.4739215088e+02 5.4083392334e+02
5.4899976476e-07 3.4500000000e+02 3.4667257690e+02 3.4921478271e+02 5.4548779297e+02
5.5899977269e-07 3.4700000000e+02 3.4133996582e+02 3.5068722534e+02 5.5011120605e+02
5.6799990489e-07 3.4900000000e+02 3.3861169434e+02 3.4414694214e+02 5.5411187744e+02
5.7799979913e-07 3.5000000000e+02 3.5861178589e+02 3.5381796265e+02 5.5874243164e+02
5.8699981764e-07 3.5500000000e+02 3.5357968140e+02 3.5490652466e+02 5.6288330078e+02
5.9699993926e-07 3.5500000000e+02 3.6409307861e+02 3.5643560791e+02 5.6748937988e+02
6.0699983351e-07 3.5500000000e+02 3.5080014038e+02 3.4939578247e+02 5.7188720703e+02
6.1599985202e-07 3.5700000000e+02 3.4920202637e+02 3.5818551636e+02 5.7596630859e+02
6.2599985995e-07 3.6100000000e+02 3.5471517944e+02 3.5934423828e+02 5.8049017334e+02
6.3499976477e-07 3.6400000000e+02 3.5635754395e+02 3.5234762573e+02 5.8440930176e+02
6.4499977270e-07 3.6300000000e+02 3.7155847168e+02 3.7768322754e+02 5.8925122070e+02
6.5499989432e-07 3.6400000000e+02 3.5876885986e+02 3.7005599976e+02 5.9387280273e+02
6.6399979914e-07 3.6700000000e+02 3.6497738647e+02 3.6289627075e+02 5.9788708496e+02
6.7399992076e-07 3.6600000000e+02 3.6057244873e+02 3.6344171143e+02 6.0231182861e+02
6.8299993927e-07 3.6600000000e+02 3.6939471436e+02 3.6425759888e+02 6.0629772949e+02
6.9299983352e-07 3.6800000000e+02 3.6084194946e+02 3.6454934692e+02 6.1067828369e+02
7.0299995514e-07 3.6900000000e+02 3.6096734619e+02 3.6504104614e+02 6.1503436279e+02
7.1199985996e-07 3.7300000000e+02 3.6893981934e+02 3.7368121338e+02 6.1909197998e+02
7.2199975421e-07 3.7300000000e+02 3.7316088867e+02 3.6622573853e+02 6.2343780518e+02
7.3099977271e-07 3.7200000000e+02 3.6929907227e+02 3.6639251709e+02 6.2731640625e+02
7.4099989433e-07 3.7400000000e+02 3.6538104248e+02 3.6654177856e+02 6.3158905029e+02
7.5099978858e-07 3.7600000000e+02 3.8758859253e+02 3.8362274170e+02 6.3621105957e+02
7.5999980709e-07 3.7600000000e+02 3.7661221313e+02 3.7530584717e+02 6.4017413330e+02
7.6999992871e-07 3.7700000000e+02 3.6902874756e+02 3.6722854614e+02 6.4437811279e+02
7.7899983353e-07 3.7500000000e+02 3.7973968506e+02 3.7565023804e+02 6.4830584717e+02
7.8899995515e-07 3.7600000000e+02 3.6883352661e+02 3.6737228394e+02 6.5245898438e+02
7.9899996308e-07 3.7900000000e+02 3.6461352539e+02 3.5945739746e+02 6.5643103027e+02
8.0799975422e-07 3.7800000000e+02 3.7589080811e+02 3.7553723145e+02 6.6027874756e+02
8.1799987584e-07 3.8000000000e+02 3.7165551758e+02 3.6744586182e+02 6.6436987305e+02
8.2699989434e-07 3.7800000000e+02 3.7230270386e+02 3.7524291992e+02 6.6815905762e+02
8.3699978859e-07 3.8000000000e+02 3.6396731567e+02 3.5923333740e+02 6.7203369141e+02
8.4699991021e-07 3.7800000000e+02 3.6797711182e+02 3.6697027588e+02 6.7603808594e+02
8.5599992872e-07 3.7900000000e+02 3.7077203369e+02 3.6694247437e+02 6.7963092041e+02
8.6599982296e-07 3.8000000000e+02 3.6761080933e+02 3.6660839844e+02 6.8358666992e+02
8.7499995516e-07 3.8200000000e+02 3.7151367188e+02 3.7433853149e+02 6.8726245117e+02
8.8499984940e-07 3.8000000000e+02 3.7690872192e+02 3.7432629395e+02 6.9134466553e+02
8.9499985734e-07 3.7800000000e+02 3.7657763672e+02 3.7401980591e+02 6.9539782715e+02
9.0399976216e-07 3.8000000000e+02 3.8341326904e+02 3.7412167358e+02 6.9905444336e+02
9.1399977009e-07 3.8200000000e+02 3.8724746704e+02 3.8175460815e+02 7.0324371338e+02
9.2299990229e-07 3.8100000000e+02 3.8221936035e+02 3.8111398315e+02 7.0696398926e+02
9.3299991022e-07 3.8000000000e+02 3.7754217529e+02 3.7273931885e+02 7.1091638184e+02
9.4299991815e-07 3.7900000000e+02 3.7483673096e+02 3.7219329834e+02 7.1482873535e+02
9.5199993666e-07 3.8000000000e+02 3.7871588135e+02 3.7971420288e+02 7.1846160889e+02
9.6199983091e-07 3.8000000000e+02 3.7407925415e+02 3.7134579468e+02 7.2232025146e+02
9.7099984941e-07 3.7900000000e+02 3.7581985474e+02 3.7106274414e+02 7.2578027344e+02
9.8099985735e-07 3.7900000000e+02 3.7328372192e+02 3.7045538330e+02 7.2958746338e+02
9.9099986528e-07 3.7900000000e+02 3.7485552979e+02 3.7009817505e+02 7.3338012695e+02
9.9999977010e-07 3.7900000000e+02 3.7245074463e+02 3.6951559448e+02 7.3675964355e+02
1.0099998917e-06 3.7900000000e+02 3.8530041504e+02 3.7745822144e+02 7.4069824219e+02
1.0199998997e-06 3.7800000000e+02 3.7514849854e+02 3.6871298218e+02 7.4442382812e+02
1.0299999076e-06 3.7700000000e+02 3.6467117310e+02 3.6014727783e+02 7.4794415283e+02
1.0399999155e-06 3.7800000000e+02 3.7057809448e+02 3.6739721680e+02 7.5159692383e+02
1.0499998098e-06 3.7800000000e+02 3.7178845215e+02 3.6697622681e+02 7.5523657227e+02
1.0599999314e-06 3.7900000000e+02 3.7123709106e+02 3.6641586304e+02 7.5885101318e+02
1.0699999393e-06 3.7800000000e+02 3.7966650391e+02 3.7390982056e+02 7.6261999512e+02
1.0799998336e-06 3.7500000000e+02 3.7615686035e+02 3.7302114868e+02 7.6633734131e+02
1.0899998415e-06 3.7500000000e+02 3.7231103516e+02 3.6489682007e+02 7.6989654541e+02
1.0999999631e-06 3.7600000000e+02 3.7350183105e+02 3.7165188599e+02 7.7354968262e+02
1.1099998574e-06 3.7500000000e+02 3.7292349243e+02 3.7101586914e+02 7.7717669678e+02
1.1199998653e-06 3.7400000000e+02 3.7026831055e+02 3.6307250977e+02 7.8066015625e+02
1.1199998653e-06 3.7300000000e+02 3.6904403687e+02 3.6294268799e+02 7.8066015625e+02
1.1299998732e-06 3.7500000000e+02 3.6839242554e+02 3.6234173584e+02 7.8410858154e+02
1.1399998812e-06 3.7200000000e+02 3.6773419189e+02 3.6173760986e+02 7.8753393555e+02
1.1499998891e-06 3.7200000000e+02 3.7395846558e+02 3.6888879395e+02 7.9109881592e+02
1.1600000107e-06 3.7000000000e+02 3.7421237183e+02 3.6835736084e+02 7.9464990234e+02
1.1699999050e-06 3.7100000000e+02 3.6088314819e+02 3.5934179688e+02 7.9795751953e+02
1.1799999129e-06 3.6900000000e+02 3.6503952026e+02 3.5924346924e+02 8.0128930664e+02
1.1899999208e-06 3.6800000000e+02 3.7185491943e+02 3.6642996216e+02 8.0477069092e+02
1.1999999288e-06 3.6900000000e+02 3.7488906860e+02 3.7312838745e+02 8.0835412598e+02
1.2099999367e-06 3.6800000000e+02 3.6296078491e+02 3.5730868530e+02 8.1161486816e+02
1.2199998309e-06 3.6800000000e+02 3.6136608887e+02 3.5656646729e+02 8.1484368896e+02
1.2299998389e-06 3.6700000000e+02 3.6714218140e+02 3.6353640747e+02 8.1820910645e+02
1.2399998468e-06 3.6500000000e+02 3.6160787964e+02 3.5555725098e+02 8.2141735840e+02
1.2499999684e-06 3.6300000000e+02 3.6407891846e+02 3.6197692871e+02 8.2471630859e+02
1.2599998627e-06 3.6600000000e+02 3.6254067993e+02 3.6119000244e+02 8.2798199463e+02
1.2699998706e-06 3.6600000000e+02 3.6482467651e+02 3.6104089355e+02 8.3127111816e+02
1.2799998785e-06 3.6300000000e+02 3.6203973389e+02 3.5999588013e+02 8.3450439453e+02
1.2900000002e-06 3.6300000000e+02 3.6267517090e+02 3.5959225464e+02 8.3773889160e+02
1.2999998944e-06 3.6100000000e+02 3.6131942749e+02 3.5880630493e+02 8.4094097900e+02
1.3100000160e-06 3.6000000000e+02 3.5084613037e+02 3.4390551758e+02 8.4386303711e+02
1.3199999103e-06 3.5900000000e+02 3.5556066895e+02 3.5052218628e+02 8.4690826416e+02
1.3299999182e-06 3.5900000000e+02 3.6489938354e+02 3.6440362549e+02 8.5020703125e+02
1.3399999261e-06 3.5900000000e+02 3.5403491211e+02 3.4925177002e+02 8.5321203613e+02
1.3500000478e-06 3.5800000000e+02 3.5234530640e+02 3.4840222168e+02 8.5617749023e+02
1.3599999420e-06 3.5700000000e+02 3.5737414551e+02 3.5512570190e+02 8.5927545166e+02
1.3599999420e-06 3.5600000000e+02 3.5209201050e+02 3.4789837646e+02 8.5927545166e+02
1.3699998362e-06 3.5600000000e+02 3.5661410522e+02 3.5448010254e+02 8.6235375977e+02
1.3799999579e-06 3.5600000000e+02 3.5061450195e+02 3.4667712402e+02 8.6527465820e+02
1.3899998521e-06 3.5500000000e+02 3.6052560425e+02 3.6059045410e+02 8.6846673584e+02
1.3999999737e-06 3.5500000000e+02 3.5399829102e+02 3.5243316650e+02 8.7147644043e+02
1.4099998680e-06 3.5200000000e+02 3.5410876465e+02 3.5217233276e+02 8.7450030518e+02
1.4199998759e-06 3.5200000000e+02 3.5812683105e+02 3.5859432983e+02 8.7763250732e+02
1.4299998838e-06 3.5100000000e+02 3.5230120850e+02 3.5075344849e+02 8.8060650635e+02
1.4400000055e-06 3.5100000000e+02 3.4591513062e+02 3.4283752441e+02 8.8340618896e+02
1.4499998997e-06 3.4900000000e+02 3.4567605591e+02 3.4250515747e+02 8.8621166992e+02
1.4599999076e-06 3.5000000000e+02 3.4998587036e+02 3.4894314575e+02 8.8913592529e+02
1.4699999156e-06 3.4900000000e+02 3.5417657471e+02 3.5541384888e+02 8.9217828369e+02
1.4800000372e-06 3.4800000000e+02 3.4326812744e+02 3.4058718872e+02 8.9492218018e+02
1.4899999314e-06 3.4700000000e+02 3.4254272461e+02 3.4002413940e+02 8.9765130615e+02
1.5000000531e-06 3.4600000000e+02 3.4650659180e+02 3.4616009521e+02 9.0047698975e+02
1.5099999473e-06 3.4400000000e+02 3.4109960938e+02 3.3888409424e+02 9.0317578125e+02
1.5199998415e-06 3.4500000000e+02 3.4048223877e+02 3.3844900513e+02 9.0587072754e+02
1.5299999632e-06 3.4300000000e+02 3.3966787720e+02 3.3777694702e+02 9.0854107666e+02
1.5399998574e-06 3.4200000000e+02 3.3895666504e+02 3.3722891235e+02 9.1119750977e+02
1.5499999790e-06 3.4300000000e+02 3.3830615234e+02 3.3680224609e+02 9.1385040283e+02
1.5599998733e-06 3.4100000000e+02 3.4706646729e+02 3.4954116821e+02 9.1670861816e+02
1.5699998812e-06 3.4100000000e+02 3.4653356934e+02 3.4916622925e+02 9.1957092285e+02
1.5799998891e-06 3.4100000000e+02 3.4093530273e+02 3.4153256226e+02 9.2227514648e+02
1.5899998971e-06 3.3900000000e+02 3.4025912476e+02 3.4144244385e+02 9.2500598145e+02
1.5999999050e-06 3.3700000000e+02 3.4425927734e+02 3.4773266602e+02 9.2785198975e+02
1.5999999050e-06 3.3700000000e+02 3.3475985718e+02 3.3391821289e+02 9.2785198975e+02
1.6099999129e-06 3.3800000000e+02 3.3880822754e+02 3.4026785278e+02 9.3055108643e+02
1.6199999209e-06 3.3900000000e+02 3.3823721313e+02 3.3934228516e+02 9.3320446777e+02
1.6299999288e-06 3.3400000000e+02 3.3754730225e+02 3.3866610718e+02 9.3583337402e+02
1.6399999367e-06 3.3400000000e+02 3.3687872314e+02 3.3823385620e+02 9.3845867920e+02
1.6499998310e-06 3.3600000000e+02 3.4547531128e+02 3.5144821167e+02 9.4133782959e+02
1.6599998389e-06 3.3400000000e+02 3.3074649048e+02 3.3041140747e+02 9.4380664062e+02
1.6699998469e-06 3.3100000000e+02 3.3956610107e+02 3.4330926514e+02 9.4651605225e+02
1.6799998548e-06 3.3400000000e+02 3.2944888306e+02 3.2936093140e+02 9.4895886230e+02
1.6899998627e-06 3.3300000000e+02 3.3780993652e+02 3.4256420898e+02 9.5167211914e+02
1.6999998707e-06 3.2900000000e+02 3.3744006348e+02 3.4174273682e+02 9.5434924316e+02
1.7099998786e-06 3.3100000000e+02 3.3215576172e+02 3.3448828125e+02 9.5688598633e+02
1.7199998865e-06 3.2900000000e+02 3.2690438843e+02 3.2726647949e+02 9.5927655029e+02
1.7299998945e-06 3.2700000000e+02 3.3071392822e+02 3.3358355713e+02 9.6179949951e+02
1.7399999024e-06 3.2800000000e+02 3.3034188843e+02 3.3282739258e+02 9.6428967285e+02
1.7499999103e-06 3.2900000000e+02 3.2504153442e+02 3.2577880859e+02 9.6664526367e+02
1.7599999182e-06 3.2700000000e+02 3.2432885742e+02 3.2542132568e+02 9.6900030518e+02
1.7699999262e-06 3.2700000000e+02 3.2832846069e+02 3.3145932007e+02 9.7146667480e+02
1.7799999341e-06 3.2700000000e+02 3.2321817017e+02 3.2434353638e+02 9.7378973389e+02
1.7899999420e-06 3.2400000000e+02 3.2709094238e+02 3.3047576904e+02 9.7623364258e+02
1.7999998363e-06 3.2600000000e+02 3.2190478516e+02 3.2350820923e+02 9.7854473877e+02
1.8099998442e-06 3.2300000000e+02 3.3055447388e+02 3.3592291260e+02 9.8107836914e+02
1.8199998522e-06 3.2000000000e+02 3.2084854126e+02 3.2243344116e+02 9.8335729980e+02
1.8299998601e-06 3.2200000000e+02 3.2035467529e+02 3.2186920166e+02 9.8561700439e+02
1.8399998680e-06 3.2200000000e+02 3.2425009155e+02 3.2794726562e+02 9.8799609375e+02
1.8399998680e-06 3.2100000000e+02 3.2425009155e+02 3.2794726562e+02 9.8799609375e+02
1.8499998760e-06 3.2200000000e+02 3.2379617310e+02 3.2734960938e+02 9.9035430908e+02
1.8599998839e-06 3.1800000000e+02 3.1868933105e+02 3.2037802124e+02 9.9257354736e+02
1.8699998918e-06 3.1900000000e+02 3.1798394775e+02 3.2016799927e+02 9.9480285645e+02
1.8799998998e-06 3.1800000000e+02 3.1290447998e+02 3.1323370361e+02 9.9688769531e+02
1.8899999077e-06 3.1900000000e+02 3.2160083008e+02 3.2544091797e+02 9.9919854736e+02
1.8999999156e-06 3.1700000000e+02 3.2080520630e+02 3.2520614624e+02 1.0015183105e+03
1.9100000372e-06 3.1700000000e+02 3.1576803589e+02 3.1842056274e+02 1.0037103882e+03
1.9199999315e-06 3.1500000000e+02 3.1983822632e+02 3.2418884277e+02 1.0060007935e+03
1.9300000531e-06 3.1400000000e+02 3.1871139526e+02 3.2407394409e+02 1.0083099365e+03
1.9399999474e-06 3.1500000000e+02 3.1884072876e+02 3.2315881348e+02 1.0105700684e+03
1.9500000690e-06 3.1300000000e+02 3.2282092285e+02 3.2894158936e+02 1.0129275513e+03
1.9599999632e-06 3.1200000000e+02 3.1326037598e+02 3.1599063110e+02 1.0150512695e+03
1.9700000848e-06 3.1300000000e+02 3.1677285767e+02 3.2216378784e+02 1.0173107910e+03
1.9799999791e-06 3.1000000000e+02 3.1659600830e+02 3.2149142456e+02 1.0195410156e+03
1.9900001007e-06 3.1300000000e+02 3.2043188477e+02 3.2735159302e+02 1.0218779907e+03
1.9999999950e-06 3.1100000000e+02 3.1554440308e+02 3.2059402466e+02 1.0240877686e+03
2.0099998892e-06 3.0900000000e+02 3.1502383423e+02 3.2016119385e+02 1.0262882080e+03
2.0200000108e-06 3.0900000000e+02 3.1450671387e+02 3.1973114014e+02 1.0284793701e+03
2.0299999051e-06 3.0900000000e+02 3.0933502197e+02 3.1335494995e+02 1.0305662842e+03
2.0400000267e-06 3.0500000000e+02 3.0899835205e+02 3.1284970093e+02 1.0326361084e+03
2.0499999209e-06 3.0700000000e+02 3.0850302124e+02 3.1245904541e+02 1.0346981201e+03
2.0600000425e-06 3.0500000000e+02 3.0801107788e+02 3.1207061768e+02 1.0367525635e+03
2.0699999368e-06 3.0600000000e+02 3.0763235474e+02 3.1157467651e+02 1.0387901611e+03
2.0800000584e-06 3.0400000000e+02 3.1147357178e+02 3.1730685425e+02 1.0409327393e+03
2.0800000584e-06 3.0500000000e+02 3.1157568359e+02 3.1696603394e+02 1.0409327393e+03
2.0899999527e-06 3.0300000000e+02 3.0671377563e+02 3.1068261719e+02 1.0429450684e+03
2.1000000743e-06 3.0300000000e+02 3.0182061768e+02 3.0429498291e+02 1.0448402100e+03
2.1099999685e-06 3.0200000000e+02 3.0999960327e+02 3.1614559937e+02 1.0469603271e+03
2.1200000901e-06 3.0100000000e+02 3.0916958618e+02 3.1596319580e+02 1.0490905762e+03
2.1299999844e-06 3.0200000000e+02 3.0037612915e+02 3.0340017700e+02 1.0509814453e+03
2.1400001060e-06 2.9900000000e+02 3.0855239868e+02 3.1497515869e+02 1.0530780029e+03
2.1500000003e-06 3.0100000000e+02 3.0372817993e+02 3.0864797974e+02 1.0550646973e+03
2.1599998945e-06 3.0100000000e+02 3.0312127686e+02 3.0839102173e+02 1.0570532227e+03
2.1700000161e-06 2.9900000000e+02 2.9857556152e+02 3.0197406006e+02 1.0589168701e+03
2.1799999104e-06 2.9700000000e+02 3.0674087524e+02 3.1336447144e+02 1.0609752197e+03
2.1900000320e-06 2.9900000000e+02 3.0190283203e+02 3.0719952393e+02 1.0629340820e+03
2.1999999262e-06 2.9700000000e+02 3.0145355225e+02 3.0684237671e+02 1.0648859863e+03
2.2100000479e-06 2.9900000000e+02 3.0496615601e+02 3.1257629395e+02 1.0669497070e+03
2.2199999421e-06 2.9600000000e+02 3.0488305664e+02 3.1186120605e+02 1.0689777832e+03
2.2300000637e-06 2.9500000000e+02 2.9598599243e+02 2.9975775146e+02 1.0707912598e+03
2.2399999580e-06 2.9500000000e+02 3.0396801758e+02 3.1103747559e+02 1.0727967529e+03
2.2500000796e-06 2.9300000000e+02 2.9927450562e+02 3.0473425293e+02 1.0746871338e+03
2.2599999738e-06 2.9400000000e+02 3.0306408691e+02 3.1042675781e+02 1.0766878662e+03
2.2700000955e-06 2.9300000000e+02 2.9844769287e+02 3.0414389038e+02 1.0785731201e+03
2.2799999897e-06 2.9300000000e+02 2.9801229858e+02 3.0391406250e+02 1.0804615479e+03
2.2900001113e-06 2.9200000000e+02 3.0168054199e+02 3.0947433472e+02 1.0824510498e+03
2.3000000056e-06 2.9000000000e+02 3.0114443970e+02 3.0921945190e+02 1.0844422607e+03
2.3099998998e-06 2.9100000000e+02 2.9650317383e+02 3.0254943848e+02 1.0862830811e+03
2.3200000214e-06 2.9100000000e+02 2.9606805420e+02 3.0222366333e+02 1.0881185303e+03
2.3200000214e-06 2.8900000000e+02 2.9629077148e+02 3.0244033813e+02 1.0881185303e+03
2.3299999157e-06 2.9000000000e+02 2.9563488770e+02 3.0189984131e+02 1.0899477539e+03
2.3400000373e-06 2.8900000000e+02 2.9949691772e+02 3.0752966309e+02 1.0918864746e+03
2.3499999315e-06 2.8800000000e+02 2.9910391235e+02 3.0728790283e+02 1.0938271484e+03
2.3600000532e-06 2.8800000000e+02 2.9460421753e+02 3.0110992432e+02 1.0956552734e+03
2.3699999474e-06 2.8700000000e+02 2.9422653198e+02 3.0089645386e+02 1.0974863281e+03
2.3800000690e-06 2.8700000000e+02 2.9377343750e+02 3.0047079468e+02 1.0993027344e+03
2.3899999633e-06 2.8600000000e+02 2.8942752075e+02 2.9463449097e+02 1.1010268555e+03
2.4000000849e-06 2.8500000000e+02 2.8872650146e+02 2.9403137207e+02 1.1027207031e+03
2.4099999791e-06 2.8400000000e+02 2.9242282104e+02 2.9945574951e+02 1.1045133057e+03
2.4200001008e-06 2.8300000000e+02 2.9614184570e+02 3.0502719116e+02 1.1064139404e+03
2.4299999950e-06 2.8300000000e+02 2.9140817261e+02 2.9871292114e+02 1.1081859131e+03
2.4399998892e-06 2.8400000000e+02 2.9531353760e+02 3.0437677002e+02 1.1100743408e+03
2.4500000109e-06 2.8100000000e+02 2.8673818970e+02 2.9251547241e+02 1.1117409668e+03
2.4599999051e-06 2.8100000000e+02 2.9017593384e+02 2.9779931641e+02 1.1134969482e+03
2.4700000267e-06 2.7900000000e+02 2.8595596313e+02 2.9194650269e+02 1.1151545410e+03
2.4799999210e-06 2.8000000000e+02 2.8178182983e+02 2.8619427490e+02 1.1167156982e+03
2.4900000426e-06 2.8100000000e+02 2.8490643311e+02 2.9131076050e+02 1.1183574219e+03
2.4999999368e-06 2.7800000000e+02 2.8479632568e+02 2.9114291382e+02 1.1200036621e+03
2.5100000585e-06 2.7800000000e+02 2.8441342163e+02 2.9087200928e+02 1.1216458740e+03
2.5199999527e-06 2.7800000000e+02 2.8426104736e+02 2.9070504761e+02 1.1232923584e+03
2.5300000743e-06 2.7800000000e+02 2.8779412842e+02 2.9604904175e+02 1.1250362549e+03
2.5399999686e-06 2.7700000000e+02 2.8351583862e+02 2.9015014648e+02 1.1266735840e+03
2.5500000902e-06 2.7800000000e+02 2.8333264160e+02 2.8998550415e+02 1.1283154297e+03
2.5599999844e-06 2.7700000000e+02 2.8252578735e+02 2.8951342773e+02 1.1299362793e+03
2.5599999844e-06 2.7300000000e+02 2.8277804565e+02 2.8961718750e+02 1.1299362793e+03
2.5700001061e-06 2.7600000000e+02 2.8241189575e+02 2.8935256958e+02 1.1315616455e+03
2.5800000003e-06 2.7600000000e+02 2.8240078735e+02 2.8929360962e+02 1.1331997070e+03
2.5899998946e-06 2.7600000000e+02 2.8141455078e+02 2.8872232056e+02 1.1348083496e+03
2.6000000162e-06 2.7400000000e+02 2.8154223633e+02 2.8866690063e+02 1.1364299316e+03
2.6099999104e-06 2.7300000000e+02 2.8096548462e+02 2.8830389404e+02 1.1380390625e+03
2.6200000320e-06 2.7100000000e+02 2.7729891968e+02 2.8276943970e+02 1.1395621338e+03
2.6299999263e-06 2.7200000000e+02 2.7645227051e+02 2.8233230591e+02 1.1410657959e+03
2.6400000479e-06 2.7300000000e+02 2.7664169312e+02 2.8229806519e+02 1.1425830078e+03
2.6499999422e-06 2.7100000000e+02 2.7954800415e+02 2.8731872559e+02 1.1441788330e+03
2.6600000638e-06 2.7000000000e+02 2.7543515015e+02 2.8161630249e+02 1.1456728516e+03
2.6699999580e-06 2.7000000000e+02 2.7885003662e+02 2.8682730103e+02 1.1472617188e+03
2.6800000796e-06 2.7200000000e+02 2.7476596069e+02 2.8114071655e+02 1.1487490234e+03
2.6899999739e-06 2.6800000000e+02 2.7843685913e+02 2.8644134521e+02 1.1503393555e+03
2.7000000955e-06 2.6800000000e+02 2.7326599121e+02 2.8046954346e+02 1.1518038330e+03
2.7099999897e-06 2.6800000000e+02 2.7337890625e+02 2.8034466553e+02 1.1532736816e+03
2.7200001114e-06 2.6700000000e+02 2.7743487549e+02 2.8572833252e+02 1.1548542480e+03
2.7300000056e-06 2.6800000000e+02 2.7312396240e+02 2.7997845459e+02 1.1563256836e+03
2.7399998999e-06 2.6600000000e+02 2.7280087280e+02 2.7975451660e+02 1.1577943115e+03
2.7500000215e-06 2.6700000000e+02 2.7671429443e+02 2.8512139893e+02 1.1593734131e+03
2.7599999157e-06 2.6500000000e+02 2.6962557983e+02 2.7426965332e+02 1.1607639160e+03
2.7700000373e-06 2.6600000000e+02 2.7184210205e+02 2.7908230591e+02 1.1622238770e+03
2.7799999316e-06 2.6500000000e+02 2.6873141479e+02 2.7375415039e+02 1.1636018066e+03
2.7900000532e-06 2.6300000000e+02 2.6805554199e+02 2.7345565796e+02 1.1649698486e+03
2.7999999475e-06 2.6400000000e+02 2.7089923096e+02 2.7844897461e+02 1.1664227295e+03
2.7999999475e-06 2.6200000000e+02 2.7514517212e+02 2.8402416992e+02 1.1664227295e+03
2.8100000691e-06 2.6300000000e+02 2.7483691406e+02 2.8378253174e+02 1.1679849854e+03
2.8199999633e-06 2.6200000000e+02 2.7069683838e+02 2.7809597778e+02 1.1694392090e+03
2.8300000849e-06 2.6200000000e+02 2.6997216797e+02 2.7778054810e+02 1.1708825684e+03
2.8399999792e-06 2.6200000000e+02 2.6703628540e+02 2.7249349976e+02 1.1722447510e+03
2.8500001008e-06 2.6100000000e+02 2.6285757446e+02 2.6700561523e+02 1.1735041504e+03
2.8599999951e-06 2.6100000000e+02 2.6555413818e+02 2.7192218018e+02 1.1748474121e+03
2.8699998893e-06 2.6000000000e+02 2.6621264648e+02 2.7192117310e+02 1.1762047119e+03
2.8800000109e-06 2.5900000000e+02 2.6969030762e+02 2.7707012939e+02 1.1776619873e+03
2.8899999052e-06 2.5900000000e+02 2.6521090698e+02 2.7142111206e+02 1.1790064697e+03
2.9000000268e-06 2.5900000000e+02 2.6787060547e+02 2.7636343384e+02 1.1804345703e+03
2.9099999210e-06 2.5700000000e+02 2.6413525391e+02 2.7092889404e+02 1.1817664795e+03
2.9200000426e-06 2.5800000000e+02 2.6101602173e+02 2.6567953491e+02 1.1830123291e+03
2.9299999369e-06 2.5800000000e+02 2.6794168091e+02 2.7597113037e+02 1.1844503174e+03
2.9400000585e-06 2.5800000000e+02 2.5991342163e+02 2.6521517944e+02 1.1856846924e+03
2.9499999528e-06 2.5500000000e+02 2.6358776855e+02 2.7027850342e+02 1.1870175781e+03
2.9600000744e-06 2.5400000000e+02 2.6055639648e+02 2.6504986572e+02 1.1882642822e+03
2.9699999686e-06 2.5500000000e+02 2.6031408691e+02 2.6487878418e+02 1.1895097656e+03
2.9800000902e-06 2.5400000000e+02 2.5950338745e+02 2.6461447144e+02 1.1907464600e+03
2.9899997571e-06 2.5300000000e+02 2.5925714111e+02 2.6444549561e+02 1.1919819336e+03
3.0000001061e-06 2.5500000000e+02 2.5508215332e+02 2.5913577271e+02 1.1931187744e+03
3.0100000004e-06 2.5300000000e+02 2.5936154175e+02 2.6421557617e+02 1.1943603516e+03
3.0199998946e-06 2.5100000000e+02 2.5912759399e+02 2.6404675293e+02 1.1956007080e+03
3.0300000162e-06 2.5300000000e+02 2.5828884888e+02 2.6378500366e+02 1.1968321533e+03
3.0399996831e-06 2.5200000000e+02 2.5414735413e+02 2.5849639893e+02 1.1979650879e+03
3.0399996831e-06 2.5300000000e+02 2.5549996948e+02 2.5868154907e+02 1.1979650879e+03
3.0500000321e-06 2.5100000000e+02 2.5391763306e+02 2.5834762573e+02 1.1990977783e+03
3.0599999263e-06 2.5100000000e+02 2.5368951416e+02 2.5819912720e+02 1.2002301025e+03
3.0699998206e-06 2.5000000000e+02 2.5798281860e+02 2.6325256348e+02 1.2014664307e+03
3.0799997148e-06 2.5100000000e+02 2.5711581421e+02 2.6299304199e+02 1.2026937256e+03
3.0900000638e-06 2.5100000000e+02 2.5544244385e+02 2.6264212036e+02 1.2039046631e+03
3.0999999581e-06 2.5000000000e+02 2.5595304871e+02 2.6257302856e+02 1.2051218262e+03
3.1099998523e-06 2.4900000000e+02 2.5093414307e+02 2.5723168945e+02 1.2062341309e+03
3.1199999739e-06 2.4800000000e+02 2.5447895813e+02 2.5754351807e+02 1.2073830566e+03
3.1300000956e-06 2.5000000000e+02 2.5289901733e+02 2.5721237183e+02 1.2085164795e+03
3.1399999898e-06 2.4900000000e+02 2.5192138672e+02 2.5697485352e+02 1.2096418457e+03
3.1499998840e-06 2.4800000000e+02 2.5020559692e+02 2.5209257507e+02 1.2106937256e+03
3.1599997783e-06 2.4600000000e+02 2.4925062561e+02 2.5187167358e+02 1.2117385254e+03
3.1699996725e-06 2.4800000000e+02 2.4606216431e+02 2.4689425659e+02 1.2126973877e+03
3.1800000215e-06 2.4500000000e+02 2.4502745056e+02 2.4669062805e+02 1.2136497803e+03
3.1899999158e-06 2.4700000000e+02 2.4604103088e+02 2.5123532104e+02 1.2146745605e+03
3.2000000374e-06 2.4500000000e+02 2.4929211426e+02 2.5146447754e+02 1.2157285156e+03
3.2099997043e-06 2.4400000000e+02 2.4656973267e+02 2.5106640625e+02 1.2167604980e+03
3.2200000533e-06 2.4500000000e+02 2.4893690491e+02 2.5120556641e+02 1.2178144531e+03
3.2299999475e-06 2.4500000000e+02 2.4320365906e+02 2.4598710632e+02 1.2187611084e+03
3.2399998418e-06 2.4200000000e+02 2.4396444702e+02 2.4596086121e+02 1.2197155762e+03
3.2499999634e-06 2.4200000000e+02 2.4671136475e+02 2.5066235352e+02 1.2207559814e+03
3.2600000850e-06 2.4400000000e+02 2.4362106323e+02 2.4572230530e+02 1.2217109375e+03
3.2699999792e-06 2.4300000000e+02 2.4634428406e+02 2.5041671753e+02 1.2227518311e+03
3.2799998735e-06 2.4300000000e+02 2.4042242432e+02 2.4074095154e+02 1.2236234131e+03
3.2799998735e-06 2.4100000000e+02 2.4591287231e+02 2.4575805664e+02 1.2236234131e+03
3.2899997677e-06 2.4000000000e+02 2.4122064209e+02 2.4072567749e+02 1.2245029297e+03
3.2999998894e-06 2.4300000000e+02 2.4107418823e+02 2.4062414551e+02 1.2253837891e+03
3.3100000110e-06 2.4000000000e+02 2.3895909119e+02 2.4035205078e+02 1.2262519531e+03
3.3199999052e-06 2.4000000000e+02 2.3981581116e+02 2.4033747864e+02 1.2271279297e+03
3.3300000268e-06 2.4100000000e+02 2.4157389832e+02 2.4040734863e+02 1.2280190430e+03
3.3399996937e-06 2.3900000000e+02 2.4050057983e+02 2.4021983337e+02 1.2289040527e+03
3.3500000427e-06 2.4100000000e+02 2.4220431519e+02 2.4028874207e+02 1.2298039551e+03
3.3599999369e-06 2.3800000000e+02 2.3819448853e+02 2.3984510803e+02 1.2306770020e+03
3.3700000586e-06 2.3800000000e+02 2.3636015320e+02 2.3517611694e+02 1.2314754639e+03
3.3799999528e-06 2.4000000000e+02 2.3725451660e+02 2.3517114258e+02 1.2322823486e+03
3.3900000744e-06 2.3800000000e+02 2.3713154602e+02 2.3508187866e+02 1.2330906982e+03
3.3999999687e-06 2.3900000000e+02 2.3700968933e+02 2.3499258423e+02 1.2339006348e+03
3.4099998629e-06 2.3800000000e+02 2.3623483276e+02 2.3048199463e+02 1.2346436768e+03
3.4199997572e-06 2.3800000000e+02 2.3620913696e+02 2.3920869446e+02 1.2355184326e+03
3.4300001062e-06 2.3600000000e+02 2.3665051270e+02 2.3472514343e+02 1.2363323975e+03
3.4400000004e-06 2.3700000000e+02 2.3285607910e+02 2.2997752380e+02 1.2370599365e+03
3.4499998947e-06 2.3700000000e+02 2.3641638184e+02 2.3455577087e+02 1.2378771973e+03
3.4599997889e-06 2.3600000000e+02 2.3372135925e+02 2.2989491272e+02 1.2386145020e+03
3.4699996831e-06 2.3500000000e+02 2.3253152466e+02 2.2973506165e+02 1.2393469238e+03
3.4800000321e-06 2.3400000000e+02 2.3242524719e+02 2.2965737915e+02 1.2400814209e+03
3.4899999264e-06 2.3500000000e+02 2.2723124695e+02 2.2063250732e+02 1.2406591797e+03
3.5000000480e-06 2.3500000000e+02 2.2732960510e+02 2.2485733032e+02 1.2413057861e+03
3.5099999423e-06 2.3500000000e+02 2.3178984070e+02 2.2511079407e+02 1.2419804688e+03
3.5200000639e-06 2.3500000000e+02 2.2833499146e+02 2.2480194092e+02 1.2426381836e+03
3.5200000639e-06 2.3500000000e+02 2.3085725403e+02 2.2930543518e+02 1.2426381836e+03
3.5299999581e-06 2.3500000000e+02 2.2573989868e+02 2.2030050659e+02 1.2432197266e+03
3.5399998524e-06 2.3400000000e+02 2.2814814758e+02 2.2467526245e+02 1.2438824463e+03
3.5499999740e-06 2.3200000000e+02 2.3037322998e+02 2.2476733398e+02 1.2445600586e+03
3.5600000956e-06 2.3200000000e+02 2.2304154968e+02 2.1574079895e+02 1.2450716553e+03
3.5699999898e-06 2.3400000000e+02 2.2997210693e+02 2.2037297058e+02 1.2456887207e+03
3.5800001115e-06 2.3400000000e+02 2.2883055115e+02 2.2023387146e+02 1.2463018799e+03
3.5899997783e-06 2.3200000000e+02 2.3004891968e+02 2.2452072144e+02 1.2469896240e+03
3.5999996726e-06 2.3200000000e+02 2.2996980286e+02 2.2445089722e+02 1.2476790771e+03
3.6100000216e-06 2.3100000000e+02 2.2273507690e+02 2.1129174805e+02 1.2481386719e+03
3.6199999158e-06 2.3300000000e+02 2.2265826416e+02 2.1539993286e+02 1.2486656494e+03
3.6300000374e-06 2.3000000000e+02 2.2259649658e+02 2.1534986877e+02 1.2491955566e+03
3.6399999317e-06 2.3000000000e+02 2.2612193298e+02 2.1973272705e+02 1.2498114014e+03
3.6500000533e-06 2.2900000000e+02 2.2605346680e+02 2.1967239380e+02 1.2504295654e+03
3.6599999476e-06 2.3000000000e+02 2.2113714600e+02 2.1510620117e+02 1.2509606934e+03
3.6699998418e-06 2.3000000000e+02 2.2235511780e+02 2.1513243103e+02 1.2515007324e+03
3.6799999634e-06 2.3100000000e+02 2.2333036804e+02 2.1935113525e+02 1.2521140137e+03
3.6900000850e-06 2.3000000000e+02 2.2119229126e+02 2.1080990601e+02 1.2525894775e+03
3.6999999793e-06 2.2900000000e+02 2.2217999268e+02 2.1497843933e+02 1.2531375732e+03
3.7100001009e-06 2.3000000000e+02 2.1756542969e+02 2.0641316223e+02 1.2535383301e+03
3.7199997678e-06 2.3000000000e+02 2.1849783325e+02 2.1052987671e+02 1.2540109863e+03
3.7299996620e-06 2.3000000000e+02 2.1749902344e+02 2.0633601379e+02 1.2544183350e+03
3.7400000110e-06 2.2800000000e+02 2.1840191650e+02 2.1044949341e+02 1.2548977051e+03
3.7499999053e-06 2.2900000000e+02 2.1743400574e+02 2.0625778198e+02 1.2553115234e+03
3.7600000269e-06 2.2700000000e+02 2.2214724731e+02 2.1059274292e+02 1.2558151855e+03
3.7600000269e-06 2.3000000000e+02 2.2113214111e+02 2.0643547058e+02 1.2558151855e+03
3.7699999211e-06 2.2800000000e+02 2.1604977417e+02 2.0610369873e+02 1.2562292480e+03
3.7800000428e-06 2.2700000000e+02 2.1733901978e+02 2.0614057922e+02 1.2566527100e+03
3.7899999370e-06 2.2700000000e+02 2.1859872437e+02 2.0617666626e+02 1.2570852051e+03
3.8000000586e-06 2.2700000000e+02 2.2074847412e+02 2.1035643005e+02 1.2575952148e+03
3.8099999529e-06 2.2800000000e+02 2.1374267578e+02 2.0179039001e+02 1.2579484863e+03
3.8200000745e-06 2.2900000000e+02 2.1978193665e+02 2.0613615417e+02 1.2583962402e+03
3.8299999687e-06 2.2600000000e+02 2.1933119202e+02 2.1016267395e+02 1.2589095459e+03
3.8399998630e-06 2.2600000000e+02 2.1367774963e+02 2.0167909241e+02 1.2592720947e+03
3.8500002120e-06 2.2800000000e+02 2.1578251648e+02 2.0580041504e+02 1.2597111816e+03
3.8600001062e-06 2.2800000000e+02 2.1363558960e+02 2.0161131287e+02 1.2600802002e+03
3.8700000005e-06 2.2600000000e+02 2.1150250244e+02 1.9748631287e+02 1.2603806152e+03
3.8799998947e-06 2.2600000000e+02 2.1754670715e+02 2.0176988220e+02 1.2607741699e+03
3.8899997890e-06 2.2600000000e+02 2.1415270996e+02 1.9757023621e+02 1.2610930176e+03
3.9000001379e-06 2.2600000000e+02 2.1623599243e+02 2.0163781738e+02 1.2614877930e+03
3.9100000322e-06 2.2500000000e+02 1.6904559326e+02 1.2690680695e+02 1.2605755615e+03
3.9199999264e-06 2.1200000000e+02 1.5121903992e+02 9.3058998108e+01 1.2591636963e+03
3.9299998207e-06 1.9000000000e+02 1.3439535522e+02 7.8800910950e+01 1.2575035400e+03
3.9400001697e-06 1.7100000000e+02 1.1679853821e+02 6.3630683899e+01 1.2555849609e+03
3.9500000639e-06 1.5300000000e+02 1.0634938049e+02 5.5034214020e+01 1.2535239258e+03
3.9599999582e-06 1.4400000000e+02 1.0252267456e+02 5.4989410400e+01 1.2514644775e+03
3.9699998524e-06 1.9600000000e+02 1.5894329834e+02 1.0846591949e+02 1.2499044189e+03
3.9800006562e-06 2.7700000000e+02 1.8024615479e+02 2.9695329666e+01 1.2472740479e+03
3.9900000957e-06 3.3300000000e+02 1.5893251038e+02 8.9224557877e+00 1.2443607178e+03
3.9999999899e-06 3.8500000000e+02 2.0217495728e+02 4.1561646461e+00 1.2413988037e+03
3.9999999899e-06 4.3600000000e+02 2.1814733887e+02 4.7227907181e+00 1.2413988037e+03
4.0099998841e-06 4.9600000000e+02 2.6001370239e+02 8.4457397461e+00 1.2385142822e+03
4.0200002331e-06 5.7200000000e+02 2.8382482910e+02 1.9979228973e+01 1.2358093262e+03
4.0300001274e-06 6.6000000000e+02 3.4991168213e+02 5.0016532898e+01 1.2335184326e+03
