# epoch total_loss data_loss physics_loss w_data w_physics lr
1.0000000000e+00 1.5800950527e+00 1.0986515284e+00 2.0336296558e+00 4.8507512449e-01 5.1492487519e-01 1.0000000000e-03
2.0000000000e+00 1.1466326714e+00 9.4704961777e-01 1.3295154572e+00 4.7816754802e-01 5.2183245125e-01 1.0000000000e-03
3.0000000000e+00 8.1670349836e-01 8.4814351797e-01 7.8742426634e-01 4.8220700614e-01 5.1779299259e-01 1.0000000000e-03
4.0000000000e+00 5.9935790300e-01 7.8685909510e-01 4.1214725375e-01 4.9961223731e-01 5.0038776072e-01 1.0000000000e-03
5.0000000000e+00 4.8304226995e-01 7.2194892168e-01 2.1738509834e-01 5.2650854228e-01 4.7349145488e-01 1.0000000000e-03
6.0000000000e+00 4.1825801134e-01 6.2103903294e-01 1.6781115532e-01 5.5258480687e-01 4.4741518930e-01 1.0000000000e-03
7.0000000000e+00 3.6193162203e-01 4.9292719364e-01 1.8852624297e-01 5.6966100966e-01 4.3033898543e-01 1.0000000000e-03
8.0000000000e+00 2.9555529356e-01 3.5541105270e-01 2.1455697715e-01 5.7505122130e-01 4.2494877252e-01 1.0000000000e-03
9.0000000000e+00 2.1815958619e-01 2.2748379409e-01 2.0579715073e-01 5.7004870552e-01 4.2995128661e-01 1.0000000000e-03
1.0000000000e+01 1.4177036285e-01 1.2679710984e-01 1.6060908139e-01 5.5716157123e-01 4.4283841822e-01 1.0000000000e-03
1.1000000000e+01 8.8243961334e-02 6.7974142730e-02 1.1196454614e-01 5.3922169189e-01 4.6077829305e-01 1.0000000000e-03
1.2000000000e+01 6.8864151835e-02 5.9211671352e-02 7.9659149051e-02 5.2793746991e-01 4.7206250934e-01 1.0000000000e-03
1.3000000000e+01 7.0454388857e-02 8.7864607573e-02 5.0112813711e-02 5.3882414279e-01 4.6117583128e-01 1.0000000000e-03
1.4000000000e+01 8.5188888013e-02 1.2193333358e-01 3.8218136877e-02 5.6107797978e-01 4.3892199064e-01 1.0000000000e-03
1.5000000000e+01 1.0719890893e-01 1.3842332363e-01 6.5313205123e-02 5.7291249813e-01 4.2708747034e-01 1.0000000000e-03
1.6000000000e+01 1.0332264751e-01 1.3368429244e-01 6.0625679791e-02 5.8442074637e-01 4.1557922011e-01 1.0000000000e-03
1.7000000000e+01 7.9907923937e-02 1.1264891922e-01 2.9741087928e-02 6.0509160498e-01 3.9490835783e-01 1.0000000000e-03
1.8000000000e+01 5.8048363775e-02 8.3781220019e-02 1.4219227247e-02 6.3007308642e-01 3.6992686990e-01 1.0000000000e-03
1.9000000000e+01 4.2218089104e-02 5.6918252259e-02 1.5422031283e-02 6.4574703476e-01 3.5425291211e-01 1.0000000000e-03
2.0000000000e+01 3.3032871783e-02 4.0005285293e-02 2.0219868049e-02 6.4759852770e-01 3.5240140788e-01 1.0000000000e-03
2.1000000000e+01 3.1802050769e-02 3.5912875086e-02 2.4418413639e-02 6.4236478467e-01 3.5763514078e-01 1.0000000000e-03
2.2000000000e+01 3.6761291325e-02 4.1832026094e-02 2.7817143127e-02 6.3818935295e-01 3.6181056559e-01 1.0000000000e-03
2.3000000000e+01 4.2984943837e-02 5.1497671753e-02 2.7901725844e-02 6.3922943022e-01 3.6077048387e-01 1.0000000000e-03
2.4000000000e+01 4.6413421631e-02 5.8915909380e-02 2.3520704359e-02 6.4677461230e-01 3.5322529825e-01 1.0000000000e-03
2.5000000000e+01 4.6634212136e-02 6.1052490026e-02 1.8828833476e-02 6.5852613310e-01 3.4147377388e-01 1.0000000000e-03
2.6000000000e+01 4.5036863536e-02 5.7955134660e-02 1.9052611664e-02 6.6793234750e-01 3.3206755579e-01 1.0000000000e-03
2.7000000000e+01 4.2487531900e-02 5.1434211433e-02 2.4408563972e-02 6.6895599363e-01 3.3104390615e-01 1.0000000000e-03
2.8000000000e+01 3.8978852332e-02 4.3769665062e-02 2.9607810080e-02 6.6171038769e-01 3.3828950848e-01 1.0000000000e-03
2.9000000000e+01 3.3999018371e-02 3.6819770932e-02 2.8720736504e-02 6.5171798830e-01 3.4828190300e-01 1.0000000000e-03
3.0000000000e+01 2.7986958623e-02 3.1601678580e-02 2.1385222673e-02 6.4618672678e-01 3.5381315651e-01 1.0000000000e-03
3.1000000000e+01 2.3610860109e-02 2.8425682336e-02 1.4771560207e-02 6.4737242976e-01 3.5262744206e-01 1.0000000000e-03
3.2000000000e+01 2.3563291878e-02 2.7337266132e-02 1.6715615988e-02 6.4469074050e-01 3.5530912144e-01 1.0000000000e-03
3.3000000000e+01 2.6888079941e-02 2.8325144202e-02 2.4399342015e-02 6.3394459646e-01 3.6605526031e-01 1.0000000000e-03
3.4000000000e+01 2.9293430969e-02 3.1059030443e-02 2.6355214417e-02 6.2464651152e-01 3.7535334216e-01 1.0000000000e-03
3.5000000000e+01 2.9535427690e-02 3.4314736724e-02 2.1619683132e-02 6.2353000821e-01 3.7646984222e-01 1.0000000000e-03
3.6000000000e+01 2.9667604715e-02 3.5935539752e-02 1.9158279523e-02 6.2640307758e-01 3.7359676966e-01 1.0000000000e-03
3.7000000000e+01 2.9099531472e-02 3.4399386495e-02 2.0199559629e-02 6.2676651373e-01 3.7323333047e-01 1.0000000000e-03
3.8000000000e+01 2.6598058641e-02 3.0461899936e-02 2.0179104060e-02 6.2424248872e-01 3.7575735131e-01 1.0000000000e-03
3.9000000000e+01 2.3701712489e-02 2.6513343677e-02 1.9115796313e-02 6.1992439279e-01 3.8007544133e-01 1.0000000000e-03
4.0000000000e+01 2.2662838921e-02 2.4391196668e-02 1.9925510511e-02 6.1297031876e-01 3.8702950938e-01 1.0000000000e-03
4.1000000000e+01 2.3111127317e-02 2.4054216221e-02 2.1671010181e-02 6.0427928330e-01 3.9572054016e-01 1.0000000000e-03
4.2000000000e+01 2.3103553802e-02 2.4264173582e-02 2.1384190768e-02 5.9700587345e-01 4.0299394575e-01 1.0000000000e-03
4.3000000000e+01 2.2476594895e-02 2.4142414331e-02 2.0060306415e-02 5.9192275866e-01 4.0807705600e-01 1.0000000000e-03
4.4000000000e+01 2.2425327450e-02 2.3763796315e-02 2.0527791232e-02 5.8638354033e-01 4.1361627029e-01 1.0000000000e-03
4.5000000000e+01 2.2989735007e-02 2.3583022878e-02 2.2172840312e-02 5.7928616067e-01 4.2071364703e-01 1.0000000000e-03
4.6000000000e+01 2.3136492819e-02 2.3755175993e-02 2.2306520492e-02 5.7293004985e-01 4.2706975537e-01 1.0000000000e-03
4.7000000000e+01 2.2579286247e-02 2.4032812566e-02 2.0657129586e-02 5.6941381438e-01 4.3058598794e-01 1.0000000000e-03
4.8000000000e+01 2.2014413029e-02 2.4081302807e-02 1.9296988845e-02 5.6798706097e-01 4.3201273806e-01 1.0000000000e-03
4.9000000000e+01 2.1600514650e-02 2.3775909096e-02 1.8750794232e-02 5.6709652937e-01 4.3290326624e-01 1.0000000000e-03
5.0000000000e+01 2.0810464397e-02 2.3301277310e-02 1.7543036491e-02 5.6743587405e-01 4.3256391752e-01 1.0000000000e-03
5.1000000000e+01 1.9929559901e-02 2.3035584018e-02 1.5812464058e-02 5.6998890315e-01 4.3001088352e-01 1.0000000000e-03
5.2000000000e+01 1.9788177684e-02 2.3248381913e-02 1.5134221874e-02 5.7356009814e-01 4.2643968381e-01 1.0000000000e-03
5.3000000000e+01 2.0205250010e-02 2.3857869208e-02 1.5217530541e-02 5.7726005514e-01 4.2273972303e-01 1.0000000000e-03
5.4000000000e+01 2.0426459610e-02 2.4514002725e-02 1.4735409990e-02 5.8199102613e-01 4.1800874874e-01 1.0000000000e-03
5.5000000000e+01 2.0416369662e-02 2.4894839153e-02 1.4031480066e-02 5.8774565266e-01 4.1225411904e-01 1.0000000000e-03
5.6000000000e+01 2.0500261337e-02 2.4896543473e-02 1.4099800959e-02 5.9281434617e-01 4.0718542271e-01 1.0000000000e-03
5.7000000000e+01 2.0490378141e-02 2.4614004418e-02 1.4390874654e-02 5.9663783251e-01 4.0336193385e-01 1.0000000000e-03
5.8000000000e+01 2.0170863718e-02 2.4205291644e-02 1.4115737751e-02 6.0013854590e-01 3.9986121772e-01 1.0000000000e-03
5.9000000000e+01 1.9844334573e-02 2.3743305355e-02 1.3918046840e-02 6.0316889357e-01 3.9683086714e-01 1.0000000000e-03
6.0000000000e+01 1.9687432796e-02 2.3189840838e-02 1.4330670238e-02 6.0465775790e-01 3.9534200009e-01 1.0000000000e-03
6.1000000000e+01 1.9468137994e-02 2.2547440603e-02 1.4759035781e-02 6.0463037444e-01 3.9536938095e-01 1.0000000000e-03
6.2000000000e+01 1.9141651690e-02 2.1973535419e-02 1.4824465849e-02 6.0388125810e-01 3.9611849457e-01 1.0000000000e-03
6.3000000000e+01 1.8970500678e-02 2.1641863510e-02 1.4918275177e-02 6.0268836067e-01 3.9731138938e-01 1.0000000000e-03
6.4000000000e+01 1.9004123285e-02 2.1519625559e-02 1.5215108171e-02 6.0100064801e-01 3.9899909981e-01 1.0000000000e-03
6.5000000000e+01 1.9010558724e-02 2.1385107189e-02 1.5464521945e-02 5.9893400685e-01 4.0106573905e-01 1.0000000000e-03
6.6000000000e+01 1.8909053877e-02 2.1065935493e-02 1.5723135322e-02 5.9630198652e-01 4.0369775761e-01 1.0000000000e-03
6.7000000000e+01 1.8797695637e-02 2.0584842190e-02 1.6197763383e-02 5.9263529636e-01 4.0736444617e-01 1.0000000000e-03
6.8000000000e+01 1.8659742549e-02 2.0079612732e-02 1.6632784158e-02 5.8806611785e-01 4.1193362319e-01 1.0000000000e-03
6.9000000000e+01 1.8431868404e-02 1.9658794627e-02 1.6714368016e-02 5.8330701746e-01 4.1669272199e-01 1.0000000000e-03
7.0000000000e+01 1.8220750615e-02 1.9354714081e-02 1.6663059592e-02 5.7871286501e-01 4.2128687272e-01 1.0000000000e-03
7.1000000000e+01 1.8131852150e-02 1.9163170829e-02 1.6741024330e-02 5.7421463257e-01 4.2578510354e-01 1.0000000000e-03
7.2000000000e+01 1.8066458404e-02 1.9085558131e-02 1.6714999452e-02 5.7010393900e-01 4.2989579557e-01 1.0000000000e-03
7.3000000000e+01 1.7952691764e-02 1.9126081839e-02 1.6416778788e-02 5.6690484819e-01 4.3309488479e-01 1.0000000000e-03
7.4000000000e+01 1.7874641344e-02 1.9255829975e-02 1.6082856804e-02 5.6470372413e-01 4.3529600725e-01 1.0000000000e-03
7.5000000000e+01 1.7826737836e-02 1.9406782463e-02 1.5788028017e-02 5.6337437019e-01 4.3662535964e-01 1.0000000000e-03
7.6000000000e+01 1.7725292593e-02 1.9521834329e-02 1.5411513858e-02 5.6292000695e-01 4.3707972127e-01 1.0000000000e-03
7.7000000000e+01 1.7605315894e-02 1.9587161019e-02 1.5050216578e-02 5.6317719307e-01 4.3682253346e-01 1.0000000000e-03
7.8000000000e+01 1.7509378493e-02 1.9605683163e-02 1.4799372293e-02 5.6384434765e-01 4.3615537716e-01 1.0000000000e-03
7.9000000000e+01 1.7392078415e-02 1.9578775391e-02 1.4553966001e-02 5.6482058436e-01 4.3517913867e-01 1.0000000000e-03
8.0000000000e+01 1.7270982265e-02 1.9524514675e-02 1.4331972227e-02 5.6600696910e-01 4.3399275209e-01 1.0000000000e-03
8.1000000000e+01 1.7209231853e-02 1.9476836547e-02 1.4237754978e-02 5.6717600894e-01 4.3282371048e-01 1.0000000000e-03
8.2000000000e+01 1.7176421359e-02 1.9459033385e-02 1.4171303250e-02 5.6831993887e-01 4.3167977887e-01 1.0000000000e-03
8.3000000000e+01 1.7125360668e-02 1.9473237917e-02 1.4017730020e-02 5.6963267266e-01 4.3036704345e-01 1.0000000000e-03
8.4000000000e+01 1.7074173316e-02 1.9502045587e-02 1.3840575702e-02 5.7115922708e-01 4.2884048742e-01 1.0000000000e-03
8.5000000000e+01 1.7024431378e-02 1.9509973004e-02 1.3691694476e-02 5.7280531426e-01 4.2719439867e-01 1.0000000000e-03
8.6000000000e+01 1.6950994730e-02 1.9463323057e-02 1.3559417799e-02 5.7446391586e-01 4.2553579549e-01 1.0000000000e-03
8.7000000000e+01 1.6870098189e-02 1.9355926663e-02 1.3493963517e-02 5.7593985450e-01 4.2405985528e-01 1.0000000000e-03
8.8000000000e+01 1.6798399389e-02 1.9203621894e-02 1.3517049141e-02 5.7703542344e-01 4.2296428480e-01 1.0000000000e-03
8.9000000000e+01 1.6715407372e-02 1.9019203261e-02 1.3563812710e-02 5.7770338802e-01 4.2229631870e-01 1.0000000000e-03
9.0000000000e+01 1.6622070223e-02 1.8805010244e-02 1.3633347116e-02 5.7790455572e-01 4.2209514950e-01 1.0000000000e-03
9.1000000000e+01 1.6542989761e-02 1.8564144149e-02 1.3780248351e-02 5.7750932997e-01 4.2249037381e-01 1.0000000000e-03
9.2000000000e+01 1.6472402960e-02 1.8308948725e-02 1.3972626999e-02 5.7647478285e-01 4.2352491958e-01 1.0000000000e-03
9.3000000000e+01 1.6396671534e-02 1.8056923524e-02 1.4151469804e-02 5.7489007595e-01 4.2510962519e-01 1.0000000000e-03
9.4000000000e+01 1.6323745251e-02 1.7819959670e-02 1.4317180961e-02 5.7285078720e-01 4.2714891271e-01 1.0000000000e-03
9.5000000000e+01 1.6251072288e-02 1.7603216693e-02 1.4455225319e-02 5.7047546110e-01 4.2952423763e-01 1.0000000000e-03
9.6000000000e+01 1.6170684248e-02 1.7414851114e-02 1.4535281807e-02 5.6793424742e-01 4.3206545013e-01 1.0000000000e-03
9.7000000000e+01 1.6095407307e-02 1.7264263704e-02 1.4574995264e-02 5.6536400136e-01 4.3463569503e-01 1.0000000000e-03
9.8000000000e+01 1.6030244529e-02 1.7147893086e-02 1.4591201209e-02 5.6285525408e-01 4.3714444117e-01 1.0000000000e-03
9.9000000000e+01 1.5963066369e-02 1.7052100971e-02 1.4574287459e-02 5.6048703136e-01 4.3951266274e-01 1.0000000000e-03
1.0000000000e+02 1.5894120559e-02 1.6972780228e-02 1.4530647546e-02 5.5831429042e-01 4.4168540252e-01 1.0000000000e-03
1.0100000000e+02 1.5826592222e-02 1.6920486465e-02 1.4454477467e-02 5.5641274353e-01 4.4358694825e-01 1.0000000000e-03
1.0200000000e+02 1.5753904358e-02 1.6906848177e-02 1.4316441491e-02 5.5491964812e-01 4.4508004245e-01 1.0000000000e-03
1.0300000000e+02 1.5679165721e-02 1.6933619976e-02 1.4121234417e-02 5.5395575905e-01 4.4604393027e-01 1.0000000000e-03
1.0400000000e+02 1.5609290451e-02 1.6992812976e-02 1.3893690892e-02 5.5357711723e-01 4.4642257078e-01 1.0000000000e-03
1.0500000000e+02 1.5542348847e-02 1.7072796822e-02 1.3642826118e-02 5.5380281756e-01 4.4619686909e-01 1.0000000000e-03
1.0600000000e+02 1.5481085517e-02 1.7162572592e-02 1.3387341984e-02 5.5460130819e-01 4.4539837706e-01 1.0000000000e-03
1.0700000000e+02 1.5429401770e-02 1.7249563709e-02 1.3151200488e-02 5.5588171825e-01 4.4411796559e-01 1.0000000000e-03
1.0800000000e+02 1.5381267294e-02 1.7317067832e-02 1.2942161411e-02 5.5752257222e-01 4.4247711019e-01 1.0000000000e-03
1.0900000000e+02 1.5333095565e-02 1.7347915098e-02 1.2775438838e-02 5.5935988280e-01 4.4063979817e-01 1.0000000000e-03
1.1000000000e+02 1.5285282396e-02 1.7330324277e-02 1.2669893913e-02 5.6119120271e-01 4.3880847683e-01 1.0000000000e-03
1.1100000000e+02 1.5234481543e-02 1.7261894420e-02 1.2624310330e-02 5.6283080018e-01 4.3716887794e-01 1.0000000000e-03
1.1200000000e+02 1.5180395916e-02 1.7149921507e-02 1.2631279416e-02 5.6413410088e-01 4.3586557585e-01 1.0000000000e-03
1.1300000000e+02 1.5124904923e-02 1.7006983981e-02 1.2680295855e-02 5.6500777923e-01 4.3499189615e-01 1.0000000000e-03
1.1400000000e+02 1.5066178516e-02 1.6845794395e-02 1.2750729918e-02 5.6542513306e-01 4.3457454099e-01 1.0000000000e-03
1.1500000000e+02 1.5005057678e-02 1.6676319763e-02 1.2830822729e-02 5.6539881449e-01 4.3460085827e-01 1.0000000000e-03
1.1600000000e+02 1.4945043251e-02 1.6503779218e-02 1.2920923531e-02 5.6494709049e-01 4.3505258100e-01 1.0000000000e-03
1.1700000000e+02 1.4886058867e-02 1.6329847276e-02 1.3017693534e-02 5.6409534593e-01 4.3590432433e-01 1.0000000000e-03
1.1800000000e+02 1.4827931300e-02 1.6158135608e-02 1.3115010224e-02 5.6288360314e-01 4.3711606595e-01 1.0000000000e-03
1.1900000000e+02 1.4771013521e-02 1.5996839851e-02 1.3202110305e-02 5.6138089192e-01 4.3861877601e-01 1.0000000000e-03
1.2000000000e+02 1.4713806100e-02 1.5855511650e-02 1.3262532651e-02 5.5969531348e-01 4.4030435331e-01 1.0000000000e-03
1.2100000000e+02 1.4656489715e-02 1.5741314739e-02 1.3287233189e-02 5.5795277742e-01 4.4204688824e-01 1.0000000000e-03
1.2200000000e+02 1.4600384980e-02 1.5658373013e-02 1.3274033554e-02 5.5627801525e-01 4.4372164928e-01 1.0000000000e-03
1.2300000000e+02 1.4544675127e-02 1.5608540736e-02 1.3218942098e-02 5.5479484859e-01 4.4520481480e-01 1.0000000000e-03
1.2400000000e+02 1.4489202760e-02 1.5591240488e-02 1.3122449629e-02 5.5361432355e-01 4.4638533868e-01 1.0000000000e-03
1.2500000000e+02 1.4434494078e-02 1.5602321364e-02 1.2990796939e-02 5.5281957308e-01 4.4718008795e-01 1.0000000000e-03
1.2600000000e+02 1.4380375855e-02 1.5634143725e-02 1.2832698412e-02 5.5245813754e-01 4.4754152225e-01 1.0000000000e-03
1.2700000000e+02 1.4328053221e-02 1.5676921234e-02 1.2662490830e-02 5.5253074630e-01 4.4746891223e-01 1.0000000000e-03
1.2800000000e+02 1.4278735965e-02 1.5720270574e-02 1.2495426461e-02 5.5299227969e-01 4.4700737755e-01 1.0000000000e-03
1.2900000000e+02 1.4232318848e-02 1.5755482018e-02 1.2342108414e-02 5.5376717113e-01 4.4623248479e-01 1.0000000000e-03
1.3000000000e+02 1.4188731089e-02 1.5777336434e-02 1.2209329754e-02 5.5476490995e-01 4.4523474465e-01 1.0000000000e-03
1.3100000000e+02 1.4147050679e-02 1.5783209354e-02 1.2099049054e-02 5.5589503762e-01 4.4410461565e-01 1.0000000000e-03
1.3200000000e+02 1.4105508104e-02 1.5770692378e-02 1.2011215091e-02 5.5707156664e-01 4.4292808531e-01 1.0000000000e-03
1.3300000000e+02 1.4063348994e-02 1.5736488625e-02 1.1949368753e-02 5.5820383787e-01 4.4179581277e-01 1.0000000000e-03
1.3400000000e+02 1.4020003378e-02 1.5677351505e-02 1.1917531490e-02 5.5919596467e-01 4.4080368466e-01 1.0000000000e-03
1.3500000000e+02 1.3975056820e-02 1.5592310578e-02 1.1917107739e-02 5.5995624682e-01 4.4004340123e-01 1.0000000000e-03
1.3600000000e+02 1.3928757049e-02 1.5483799390e-02 1.1946336366e-02 5.6040873411e-01 4.3959091268e-01 1.0000000000e-03
1.3700000000e+02 1.3881283812e-02 1.5356921591e-02 1.1999360286e-02 5.6050456834e-01 4.3949507722e-01 1.0000000000e-03
1.3800000000e+02 1.3833200559e-02 1.5218394808e-02 1.2068620883e-02 5.6022565282e-01 4.3977399153e-01 1.0000000000e-03
1.3900000000e+02 1.3785585761e-02 1.5076255426e-02 1.2145684101e-02 5.5958580512e-01 4.4041383806e-01 1.0000000000e-03
1.4000000000e+02 1.3738906011e-02 1.4939540997e-02 1.2219271623e-02 5.5863528297e-01 4.4136435907e-01 1.0000000000e-03
1.4100000000e+02 1.3693194836e-02 1.4817289077e-02 1.2277206406e-02 5.5745918599e-01 4.4254045494e-01 1.0000000000e-03
1.4200000000e+02 1.3648156077e-02 1.4716856182e-02 1.2308971956e-02 5.5616803067e-01 4.4383160917e-01 1.0000000000e-03
1.4300000000e+02 1.3603251427e-02 1.4642687514e-02 1.2307497673e-02 5.5488362636e-01 4.4511601239e-01 1.0000000000e-03
1.4400000000e+02 1.3558374718e-02 1.4595942572e-02 1.2271017767e-02 5.5372197934e-01 4.4627765831e-01 1.0000000000e-03
1.4500000000e+02 1.3513745740e-02 1.4574908651e-02 1.2202117592e-02 5.5278040815e-01 4.4721922839e-01 1.0000000000e-03
1.4600000000e+02 1.3469588012e-02 1.4576204121e-02 1.2105355039e-02 5.5213260304e-01 4.4786703237e-01 1.0000000000e-03
1.4700000000e+02 1.3426443562e-02 1.4595731162e-02 1.1986733414e-02 5.5182668825e-01 4.4817294600e-01 1.0000000000e-03
1.4800000000e+02 1.3384864666e-02 1.4628401026e-02 1.1853380129e-02 5.5188348922e-01 4.4811614384e-01 1.0000000000e-03
1.4900000000e+02 1.3345263898e-02 1.4667510055e-02 1.1714147404e-02 5.5229249811e-01 4.4770713374e-01 1.0000000000e-03
1.5000000000e+02 1.3307968155e-02 1.4704736881e-02 1.1579933576e-02 5.5300738240e-01 4.4699224823e-01 1.0000000000e-03
1.5100000000e+02 1.3272628188e-02 1.4731223695e-02 1.1461214162e-02 5.5394890061e-01 4.4605072877e-01 1.0000000000e-03
1.5200000000e+02 1.3238472864e-02 1.4738929458e-02 1.1367036030e-02 5.5501207880e-01 4.4498754934e-01 1.0000000000e-03
1.5300000000e+02 1.3204456307e-02 1.4721813612e-02 1.1303754523e-02 5.5607758208e-01 4.4392204482e-01 1.0000000000e-03
1.5400000000e+02 1.3169622049e-02 1.4676588587e-02 1.1274679564e-02 5.5702421977e-01 4.4297540590e-01 1.0000000000e-03
1.5500000000e+02 1.3133509085e-02 1.4603372663e-02 1.1279840954e-02 5.5774202149e-01 4.4225760299e-01 1.0000000000e-03
1.5600000000e+02 1.3096245006e-02 1.4505980536e-02 1.1315489188e-02 5.5814577928e-01 4.4185384402e-01 1.0000000000e-03
1.5700000000e+02 1.3058202341e-02 1.4391499572e-02 1.1373721063e-02 5.5818748215e-01 4.4181214000e-01 1.0000000000e-03
1.5800000000e+02 1.3019935228e-02 1.4269092120e-02 1.1443831958e-02 5.5786256469e-01 4.4213705636e-01 1.0000000000e-03
1.5900000000e+02 1.2981859967e-02 1.4148266986e-02 1.1514062993e-02 5.5720872015e-01 4.4279089983e-01 1.0000000000e-03
1.6000000000e+02 1.2944309972e-02 1.4037508518e-02 1.1573707685e-02 5.5629783031e-01 4.4370178862e-01 1.0000000000e-03
1.6100000000e+02 1.2907357886e-02 1.3943577185e-02 1.1613822542e-02 5.5522591263e-01 4.4477370529e-01 1.0000000000e-03
1.6200000000e+02 1.2870831415e-02 1.3871381059e-02 1.1627486907e-02 5.5410328782e-01 4.4589632909e-01 1.0000000000e-03
1.6300000000e+02 1.2834476307e-02 1.3823915273e-02 1.1610193178e-02 5.5304481440e-01 4.4695480150e-01 1.0000000000e-03
1.6400000000e+02 1.2798238546e-02 1.3801929541e-02 1.1560765095e-02 5.5215854166e-01 4.4784107322e-01 1.0000000000e-03
1.6500000000e+02 1.2762378901e-02 1.3803614303e-02 1.1481855065e-02 5.5153375971e-01 4.4846585413e-01 1.0000000000e-03
1.6600000000e+02 1.2727491558e-02 1.3824554160e-02 1.1379964650e-02 5.5122986839e-01 4.4876974439e-01 1.0000000000e-03
1.6700000000e+02 1.2694135308e-02 1.3858038932e-02 1.1264281347e-02 5.5126911681e-01 4.4873049489e-01 1.0000000000e-03
1.6800000000e+02 1.2662649155e-02 1.3895710930e-02 1.1145600118e-02 5.5163333079e-01 4.4836627980e-01 1.0000000000e-03
1.6900000000e+02 1.2632994913e-02 1.3928479515e-02 1.1035069823e-02 5.5226524440e-01 4.4773436507e-01 1.0000000000e-03
1.7000000000e+02 1.2604664080e-02 1.3947705738e-02 1.0942641646e-02 5.5307530282e-01 4.4692430554e-01 1.0000000000e-03
1.7100000000e+02 1.2576973997e-02 1.3946411200e-02 1.0876264423e-02 5.5395190753e-01 4.4604769970e-01 1.0000000000e-03
1.7200000000e+02 1.2549130246e-02 1.3920379803e-02 1.0840477422e-02 5.5477599083e-01 4.4522361529e-01 1.0000000000e-03
1.7300000000e+02 1.2520522811e-02 1.3868841343e-02 1.0835944675e-02 5.5543664657e-01 4.4456295846e-01 1.0000000000e-03
1.7400000000e+02 1.2490874156e-02 1.3794402592e-02 1.0859561153e-02 5.5584502735e-01 4.4415457661e-01 1.0000000000e-03
1.7500000000e+02 1.2460365891e-02 1.3702416793e-02 1.0905371048e-02 5.5594375512e-01 4.4405584781e-01 1.0000000000e-03
1.7600000000e+02 1.2429473922e-02 1.3600174338e-02 1.0965177789e-02 5.5571259496e-01 4.4428700697e-01 1.0000000000e-03
1.7700000000e+02 1.2398723513e-02 1.3496070169e-02 1.1029186659e-02 5.5517058454e-01 4.4482901642e-01 1.0000000000e-03
1.7800000000e+02 1.2368394062e-02 1.3398702256e-02 1.1086660437e-02 5.5437477712e-01 4.4562482291e-01 1.0000000000e-03
1.7900000000e+02 1.2338523753e-02 1.3315880671e-02 1.1127382517e-02 5.5341396695e-01 4.4658563217e-01 1.0000000000e-03
1.8000000000e+02 1.2308953330e-02 1.3253704645e-02 1.1143018492e-02 5.5239830547e-01 4.4760129275e-01 1.0000000000e-03
1.8100000000e+02 1.2279573828e-02 1.3215824962e-02 1.1128572747e-02 5.5144537777e-01 4.4855421955e-01 1.0000000000e-03
1.8200000000e+02 1.2250447646e-02 1.3202961534e-02 1.1083141901e-02 5.5066508221e-01 4.4933451419e-01 1.0000000000e-03
1.8300000000e+02 1.2221843004e-02 1.3212696649e-02 1.1010099202e-02 5.5014508991e-01 4.4985450557e-01 1.0000000000e-03
1.8400000000e+02 1.2194199488e-02 1.3239637949e-02 1.0916769505e-02 5.4993853402e-01 4.5006106052e-01 1.0000000000e-03
1.8500000000e+02 1.2167965993e-02 1.3276018202e-02 1.0813383386e-02 5.5005610646e-01 4.4994348712e-01 1.0000000000e-03
1.8600000000e+02 1.2143332511e-02 1.3312675059e-02 1.0711463168e-02 5.5046421926e-01 4.4953537333e-01 1.0000000000e-03
1.8700000000e+02 1.2120136991e-02 1.3340321369e-02 1.0622228496e-02 5.5108931759e-01 4.4891027401e-01 1.0000000000e-03
1.8800000000e+02 1.2097772211e-02 1.3350879773e-02 1.0554845445e-02 5.5182840578e-01 4.4817118483e-01 1.0000000000e-03
1.8900000000e+02 1.2075508013e-02 1.3338651508e-02 1.0515598580e-02 5.5256283725e-01 4.4743675238e-01 1.0000000000e-03
1.9000000000e+02 1.2052684091e-02 1.3301165774e-02 1.0507060215e-02 5.5317447158e-01 4.4682511708e-01 1.0000000000e-03
1.9100000000e+02 1.2028994039e-02 1.3239568099e-02 1.0527952574e-02 5.5356145700e-01 4.4643813072e-01 1.0000000000e-03
1.9200000000e+02 1.2004563585e-02 1.3158565387e-02 1.0573143139e-02 5.5365247739e-01 4.4634710942e-01 1.0000000000e-03
1.9300000000e+02 1.1979768984e-02 1.3065773062e-02 1.0633972473e-02 5.5341764246e-01 4.4658194347e-01 1.0000000000e-03
1.9400000000e+02 1.1955000460e-02 1.2970585376e-02 1.0699234903e-02 5.5287384349e-01 4.4712574161e-01 1.0000000000e-03
1.9500000000e+02 1.1930556968e-02 1.2882757001e-02 1.0756926611e-02 5.5208275343e-01 4.4791683085e-01 1.0000000000e-03
1.9600000000e+02 1.1906469241e-02 1.2810976245e-02 1.0795855895e-02 5.5114254228e-01 4.4885704122e-01 1.0000000000e-03
1.9700000000e+02 1.1882640421e-02 1.2761615217e-02 1.0807594284e-02 5.5017354821e-01 4.4982603451e-01 1.0000000000e-03
1.9800000000e+02 1.1858955026e-02 1.2737820856e-02 1.0787826031e-02 5.4930057251e-01 4.5069900943e-01 1.0000000000e-03
1.9900000000e+02 1.1835517362e-02 1.2739052996e-02 1.0737283155e-02 5.4863387002e-01 4.5136571113e-01 1.0000000000e-03
2.0000000000e+02 1.1812697165e-02 1.2761193328e-02 1.0661587119e-02 5.4825243450e-01 4.5174714584e-01 1.0000000000e-03
2.0100000000e+02 1.1790971272e-02 1.2797031552e-02 1.0570298880e-02 5.4819179547e-01 4.5180778404e-01 1.0000000000e-03
2.0200000000e+02 1.1770665646e-02 1.2837252580e-02 1.0475265794e-02 5.4843851171e-01 4.5156106695e-01 1.0000000000e-03
2.0300000000e+02 1.1751739308e-02 1.2871724553e-02 1.0388772003e-02 5.4893191006e-01 4.5106766774e-01 1.0000000000e-03
2.0400000000e+02 1.1733751744e-02 1.2891039252e-02 1.0321736336e-02 5.4957293835e-01 4.5042663860e-01 1.0000000000e-03
2.0500000000e+02 1.1715980247e-02 1.2888059951e-02 1.0282060131e-02 5.5023924225e-01 4.4976033385e-01 1.0000000000e-03
2.0600000000e+02 1.1697797105e-02 1.2859199196e-02 1.0273698717e-02 5.5080365670e-01 4.4919591856e-01 1.0000000000e-03
2.0700000000e+02 1.1678809300e-02 1.2805142440e-02 1.0295751505e-02 5.5115463895e-01 4.4884493549e-01 1.0000000000e-03
2.0800000000e+02 1.1659085751e-02 1.2730826624e-02 1.0342746042e-02 5.5121407706e-01 4.4878549660e-01 1.0000000000e-03
2.0900000000e+02 1.1638969183e-02 1.2644606642e-02 1.0405134410e-02 5.5095055747e-01 4.4904901544e-01 1.0000000000e-03
2.1000000000e+02 1.1618884280e-02 1.2556787580e-02 1.0470785201e-02 5.5038483595e-01 4.4961473624e-01 1.0000000000e-03
2.1100000000e+02 1.1599089950e-02 1.2477892451e-02 1.0526798666e-02 5.4958697208e-01 4.5041259942e-01 1.0000000000e-03
2.1200000000e+02 1.1579587124e-02 1.2416915037e-02 1.0561699048e-02 5.4866508313e-01 4.5133448770e-01 1.0000000000e-03
2.1300000000e+02 1.1560238898e-02 1.2379908934e-02 1.0567503050e-02 5.4774759333e-01 4.5225197684e-01 1.0000000000e-03
2.1400000000e+02 1.1541008949e-02 1.2369113043e-02 1.0541232303e-02 5.4696201424e-01 4.5303755526e-01 1.0000000000e-03
2.1500000000e+02 1.1522095650e-02 1.2382657267e-02 1.0485425591e-02 5.4641399799e-01 4.5358557083e-01 1.0000000000e-03
2.1600000000e+02 1.1503925547e-02 1.2414738536e-02 1.0407802649e-02 5.4616940263e-01 4.5383016549e-01 1.0000000000e-03
2.1700000000e+02 1.1486921459e-02 1.2456462719e-02 1.0319775902e-02 5.4624304345e-01 4.5375652396e-01 1.0000000000e-03
2.1800000000e+02 1.1471234262e-02 1.2497105636e-02 1.0234517977e-02 5.4659545503e-01 4.5340411165e-01 1.0000000000e-03
2.1900000000e+02 1.1456594802e-02 1.2525922619e-02 1.0164661333e-02 5.4713905954e-01 4.5286050640e-01 1.0000000000e-03
2.2000000000e+02 1.1442380026e-02 1.2534040958e-02 1.0120192543e-02 5.4775271709e-01 4.5224684812e-01 1.0000000000e-03
2.2100000000e+02 1.1427903548e-02 1.2516186573e-02 1.0106879286e-02 5.4830231212e-01 4.5169725236e-01 1.0000000000e-03
2.2200000000e+02 1.1412691325e-02 1.2471804395e-02 1.0125192814e-02 5.4866436491e-01 4.5133519886e-01 1.0000000000e-03
2.2300000000e+02 1.1396721005e-02 1.2405252084e-02 1.0170299560e-02 5.4874784409e-01 4.5125171902e-01 1.0000000000e-03
2.2400000000e+02 1.1380312964e-02 1.2324998155e-02 1.0232631117e-02 5.4851086112e-01 4.5148870134e-01 1.0000000000e-03
2.2500000000e+02 1.1363890022e-02 1.2242009863e-02 1.0299409740e-02 5.4796870784e-01 4.5203085401e-01 1.0000000000e-03
2.2600000000e+02 1.1347701773e-02 1.2167665176e-02 1.0356836952e-02 5.4719149842e-01 4.5280806285e-01 1.0000000000e-03
2.2700000000e+02 1.1331756599e-02 1.2111759745e-02 1.0392595083e-02 5.4629195130e-01 4.5370760941e-01 1.0000000000e-03
2.2800000000e+02 1.1315917596e-02 1.2080806307e-02 1.0398241691e-02 5.4540524978e-01 4.5459431038e-01 1.0000000000e-03
2.2900000000e+02 1.1300166138e-02 1.2076964602e-02 1.0370982811e-02 5.4466456226e-01 4.5533499733e-01 1.0000000000e-03
2.3000000000e+02 1.1284740642e-02 1.2097643688e-02 1.0314280167e-02 5.4417668623e-01 4.5582287279e-01 1.0000000000e-03
2.3100000000e+02 1.1270073242e-02 1.2135825120e-02 1.0237248614e-02 5.4400198770e-01 4.5599757071e-01 1.0000000000e-03
2.3200000000e+02 1.1256547645e-02 1.2181154452e-02 1.0152884759e-02 5.4414252329e-01 4.5585703451e-01 1.0000000000e-03
2.3300000000e+02 1.1244215071e-02 1.2221706100e-02 1.0075548664e-02 5.4454085102e-01 4.5545870615e-01 1.0000000000e-03
2.3400000000e+02 1.1232648976e-02 1.2246202677e-02 1.0018178262e-02 5.4509030368e-01 4.5490925286e-01 1.0000000000e-03
2.3500000000e+02 1.1221179739e-02 1.2246291153e-02 9.9900644273e-03 5.4565453207e-01 4.5434502385e-01 1.0000000000e-03
2.3600000000e+02 1.1209163815e-02 1.2218391523e-02 9.9949734285e-03 5.4609373956e-01 4.5390581574e-01 1.0000000000e-03
2.3700000000e+02 1.1196361855e-02 1.2164541520e-02 1.0030629113e-02 5.4629149568e-01 4.5370805904e-01 1.0000000000e-03
2.3800000000e+02 1.1182969436e-02 1.2092033401e-02 1.0088915005e-02 5.4617772448e-01 4.5382182968e-01 1.0000000000e-03
2.3900000000e+02 1.1169373989e-02 1.2011906132e-02 1.0157167912e-02 5.4574309333e-01 4.5425646031e-01 1.0000000000e-03
2.4000000000e+02 1.1155957356e-02 1.1936685070e-02 1.0220654309e-02 5.4504113518e-01 4.5495841796e-01 1.0000000000e-03
2.4100000000e+02 1.1142766103e-02 1.1877881363e-02 1.0265165009e-02 5.4417858389e-01 4.5582096877e-01 1.0000000000e-03
2.4200000000e+02 1.1129666120e-02 1.1843809858e-02 1.0280133225e-02 5.4329460263e-01 4.5670494958e-01 1.0000000000e-03
2.4300000000e+02 1.1116608977e-02 1.1838023551e-02 1.0261056945e-02 5.4253306432e-01 4.5746648741e-01 1.0000000000e-03
2.4400000000e+02 1.1103762314e-02 1.1858623475e-02 1.0210416280e-02 5.4201394041e-01 4.5798561084e-01 1.0000000000e-03
2.4500000000e+02 1.1091559194e-02 1.1898521334e-02 1.0137341917e-02 5.4180868802e-01 4.5819086272e-01 1.0000000000e-03
2.4600000000e+02 1.1080414057e-02 1.1946646497e-02 1.0055628605e-02 5.4192511807e-01 4.5807443215e-01 1.0000000000e-03
2.4700000000e+02 1.1070396751e-02 1.1989984661e-02 9.9808219820e-03 5.4230492761e-01 4.5769462207e-01 1.0000000000e-03
2.4800000000e+02 1.1061081663e-02 1.2016252615e-02 9.9269263446e-03 5.4283517467e-01 4.5716437447e-01 1.0000000000e-03
2.4900000000e+02 1.1051775888e-02 1.2016556226e-02 9.9037336186e-03 5.4337096310e-01 4.5662858550e-01 1.0000000000e-03
2.5000000000e+02 1.1041881517e-02 1.1987519450e-02 9.9148275331e-03 5.4376550805e-01 4.5623404004e-01 1.0000000000e-03
2.5100000000e+02 1.1031191796e-02 1.1932123452e-02 9.9568357691e-03 5.4390099631e-01 4.5609855129e-01 1.0000000000e-03
2.5200000000e+02 1.1019989848e-02 1.1859143153e-02 1.0020058602e-02 5.4371368645e-01 4.5628586067e-01 1.0000000000e-03
2.5300000000e+02 1.1008689180e-02 1.1781151406e-02 1.0090099648e-02 5.4320821689e-01 4.5679132981e-01 1.0000000000e-03
2.5400000000e+02 1.0997588746e-02 1.1711804196e-02 1.0150833055e-02 5.4245732230e-01 4.5754222398e-01 1.0000000000e-03
2.5500000000e+02 1.0986655951e-02 1.1662841775e-02 1.0187792592e-02 5.4158686624e-01 4.5841267965e-01 1.0000000000e-03
2.5600000000e+02 1.0975753888e-02 1.1641724035e-02 1.0191611014e-02 5.4074902445e-01 4.5925052105e-01 1.0000000000e-03
2.5700000000e+02 1.0964874178e-02 1.1650086381e-02 1.0160215199e-02 5.4008961925e-01 4.5990992586e-01 1.0000000000e-03
2.5800000000e+02 1.0954331607e-02 1.1683392338e-02 1.0099464096e-02 5.3971635478e-01 4.6028318990e-01 1.0000000000e-03
2.5900000000e+02 1.0944606736e-02 1.1731694452e-02 1.0021853261e-02 5.3967472288e-01 4.6032482137e-01 1.0000000000e-03
2.6000000000e+02 1.0935972445e-02 1.1781555600e-02 9.9435923621e-03 5.3993726181e-01 4.6006228198e-01 1.0000000000e-03
2.6100000000e+02 1.0928239673e-02 1.1818892322e-02 9.8809786141e-03 5.4040877604e-01 4.5959076728e-01 1.0000000000e-03
2.6200000000e+02 1.0920772329e-02 1.1832186021e-02 9.8467729986e-03 5.4094699771e-01 4.5905254516e-01 1.0000000000e-03
2.6300000000e+02 1.0912873782e-02 1.1815275997e-02 9.8475785926e-03 5.4139391199e-01 4.5860563043e-01 1.0000000000e-03
2.6400000000e+02 1.0904204100e-02 1.1769005097e-02 9.8824044690e-03 5.4161125736e-01 4.5838828463e-01 1.0000000000e-03
2.6500000000e+02 1.0894895531e-02 1.1701118201e-02 9.9426880479e-03 5.4151230840e-01 4.5848723319e-01 1.0000000000e-03
2.6600000000e+02 1.0885398835e-02 1.1624441482e-02 1.0014047846e-02 5.4108218504e-01 4.5891735618e-01 1.0000000000e-03
2.6700000000e+02 1.0876057670e-02 1.1553811841e-02 1.0079218075e-02 5.4038214165e-01 4.5961739922e-01 1.0000000000e-03
2.6800000000e+02 1.0866891593e-02 1.1502621695e-02 1.0122001171e-02 5.3953614474e-01 4.6046339580e-01 1.0000000000e-03
2.6900000000e+02 1.0857756250e-02 1.1479831301e-02 1.0131307878e-02 5.3870247871e-01 4.6129706150e-01 1.0000000000e-03
2.7000000000e+02 1.0848583654e-02 1.1488032527e-02 1.0103843175e-02 5.3803755383e-01 4.6196198605e-01 1.0000000000e-03
2.7100000000e+02 1.0839674622e-02 1.1522834189e-02 1.0045235045e-02 5.3765920580e-01 4.6234033373e-01 1.0000000000e-03
2.7200000000e+02 1.0831529275e-02 1.1573672295e-02 9.9686384201e-03 5.3761856602e-01 4.6238097314e-01 1.0000000000e-03
2.7300000000e+02 1.0824440047e-02 1.1625993997e-02 9.8914625123e-03 5.3788720595e-01 4.6211233281e-01 1.0000000000e-03
2.7400000000e+02 1.0818189010e-02 1.1664554477e-02 9.8311649635e-03 5.3836300571e-01 4.6163653266e-01 1.0000000000e-03
2.7500000000e+02 1.0812131688e-02 1.1677164584e-02 9.8011782393e-03 5.3889383785e-01 4.6110570012e-01 1.0000000000e-03
2.7600000000e+02 1.0805554688e-02 1.1657815427e-02 9.8078446463e-03 5.3931356898e-01 4.6068596861e-01 1.0000000000e-03
2.7700000000e+02 1.0798189789e-02 1.1608438566e-02 9.8490202799e-03 5.3948196937e-01 4.6051756786e-01 1.0000000000e-03
2.7800000000e+02 1.0790266097e-02 1.1538516730e-02 9.9142976105e-03 5.3931930923e-01 4.6068022766e-01 1.0000000000e-03
2.7900000000e+02 1.0782247409e-02 1.1462675408e-02 9.9872583523e-03 5.3882656461e-01 4.6117297197e-01 1.0000000000e-03
2.8000000000e+02 1.0774428956e-02 1.1396965012e-02 1.0049243458e-02 5.3808598086e-01 4.6191355544e-01 1.0000000000e-03
2.8100000000e+02 1.0766733438e-02 1.1354872026e-02 1.0083940811e-02 5.3724144760e-01 4.6275808842e-01 1.0000000000e-03
2.8200000000e+02 1.0758990422e-02 1.1344195344e-02 1.0081727058e-02 5.3646340166e-01 4.6353613408e-01 1.0000000000e-03
2.8300000000e+02 1.0751247406e-02 1.1365192942e-02 1.0042309761e-02 5.3590680200e-01 4.6409273346e-01 1.0000000000e-03
2.8400000000e+02 1.0743912309e-02 1.1410452425e-02 9.9749667570e-03 5.3567232208e-01 4.6432721307e-01 1.0000000000e-03
2.8500000000e+02 1.0737478733e-02 1.1466422118e-02 9.8961750045e-03 5.3578028997e-01 4.6421924486e-01 1.0000000000e-03
2.8600000000e+02 1.0732043535e-02 1.1516553350e-02 9.8252072930e-03 5.3616476269e-01 4.6383477180e-01 1.0000000000e-03
2.8700000000e+02 1.0727146640e-02 1.1545426212e-02 9.7792791203e-03 5.3668934309e-01 4.6331019106e-01 1.0000000000e-03
2.8800000000e+02 1.0722033679e-02 1.1542844586e-02 9.7693512216e-03 5.3718113099e-01 4.6281840281e-01 1.0000000000e-03
2.8900000000e+02 1.0716170073e-02 1.1506803334e-02 9.7974296659e-03 5.3747480951e-01 4.6252472398e-01 1.0000000000e-03
2.9000000000e+02 1.0709591210e-02 1.1444204487e-02 9.8560154438e-03 5.3745540813e-01 4.6254412506e-01 1.0000000000e-03
2.9100000000e+02 1.0702757165e-02 1.1369025335e-02 9.9297361448e-03 5.3708865185e-01 4.6291088108e-01 1.0000000000e-03
2.9200000000e+02 1.0696049780e-02 1.1298509315e-02 9.9989073351e-03 5.3643084067e-01 4.6356869200e-01 1.0000000000e-03
2.9300000000e+02 1.0689530522e-02 1.1248641647e-02 1.0044669732e-02 5.3561484472e-01 4.6438468773e-01 1.0000000000e-03
2.9400000000e+02 1.0682985187e-02 1.1230049655e-02 1.0054043494e-02 5.3481597644e-01 4.6518355578e-01 1.0000000000e-03
2.9500000000e+02 1.0676352307e-02 1.1245364323e-02 1.0023777373e-02 5.3420608935e-01 4.6579344262e-01 1.0000000000e-03
2.9600000000e+02 1.0669969022e-02 1.1288539506e-02 9.9614085630e-03 5.3390812409e-01 4.6609140763e-01 1.0000000000e-03
2.9700000000e+02 1.0664381087e-02 1.1346169747e-02 9.8832296208e-03 5.3396283883e-01 4.6603669261e-01 1.0000000000e-03
2.9800000000e+02 1.0659793392e-02 1.1400707997e-02 9.8096905276e-03 5.3431708967e-01 4.6568244149e-01 1.0000000000e-03
2.9900000000e+02 1.0655833408e-02 1.1435025372e-02 9.7599392757e-03 5.3483696857e-01 4.6516256229e-01 1.0000000000e-03
3.0000000000e+02 1.0651709512e-02 1.1437212117e-02 9.7467210144e-03 5.3534327748e-01 4.6465625309e-01 1.0000000000e-03
3.0100000000e+02 1.0646848008e-02 1.1404175311e-02 9.7732115537e-03 5.3565964433e-01 4.6433988596e-01 1.0000000000e-03
3.0200000000e+02 1.0641254485e-02 1.1342710815e-02 9.8320655525e-03 5.3566074130e-01 4.6433878873e-01 1.0000000000e-03
3.0300000000e+02 1.0635393672e-02 1.1267599650e-02 9.9071282893e-03 5.3530713045e-01 4.6469239936e-01 1.0000000000e-03
3.0400000000e+02 1.0629680008e-02 1.1197400279e-02 9.9774049595e-03 5.3465716348e-01 4.6534236611e-01 1.0000000000e-03
3.0500000000e+02 1.0624142364e-02 1.1149254628e-02 1.0022771545e-02 5.3385173232e-01 4.6614779709e-01 1.0000000000e-03
3.0600000000e+02 1.0618541390e-02 1.1134231463e-02 1.0029801168e-02 5.3307574939e-01 4.6692377983e-01 1.0000000000e-03
3.0700000000e+02 1.0612841696e-02 1.1154454201e-02 9.9959187210e-03 5.3250695579e-01 4.6749257323e-01 1.0000000000e-03
3.0800000000e+02 1.0607425123e-02 1.1202511378e-02 9.9302437156e-03 5.3226641448e-01 4.6773311431e-01 1.0000000000e-03
3.0900000000e+02 1.0602839291e-02 1.1263189837e-02 9.8510347307e-03 5.3238383247e-01 4.6761569608e-01 1.0000000000e-03
3.1000000000e+02 1.0599216446e-02 1.1317346245e-02 9.7803035751e-03 5.3278811074e-01 4.6721141756e-01 1.0000000000e-03
3.1100000000e+02 1.0596063919e-02 1.1347282678e-02 9.7375614569e-03 5.3332652128e-01 4.6667300676e-01 1.0000000000e-03
3.1200000000e+02 1.0592570528e-02 1.1342007667e-02 9.7344461828e-03 5.3380748679e-01 4.6619204100e-01 1.0000000000e-03
3.1300000000e+02 1.0588267818e-02 1.1300778016e-02 9.7716161981e-03 5.3405506595e-01 4.6594446160e-01 1.0000000000e-03
3.1400000000e+02 1.0583326221e-02 1.1233475059e-02 9.8384357989e-03 5.3395972094e-01 4.6603980640e-01 1.0000000000e-03
3.1500000000e+02 1.0578287765e-02 1.1157687753e-02 9.9156554788e-03 5.3351065118e-01 4.6648887598e-01 1.0000000000e-03
3.1600000000e+02 1.0573463514e-02 1.1093423702e-02 9.9805044010e-03 5.3280007332e-01 4.6719945367e-01 1.0000000000e-03
3.1700000000e+02 1.0568731464e-02 1.1057278141e-02 1.0013391264e-02 5.3199715004e-01 4.6800237679e-01 1.0000000000e-03
3.1800000000e+02 1.0563850403e-02 1.1057753116e-02 1.0003993288e-02 5.3129900662e-01 4.6870052005e-01 1.0000000000e-03
3.1900000000e+02 1.0558953509e-02 1.1092970148e-02 9.9546601996e-03 5.3087320944e-01 4.6912631705e-01 1.0000000000e-03
3.2000000000e+02 1.0554566979e-02 1.1151044630e-02 9.8797678947e-03 5.3080827797e-01 4.6919124832e-01 1.0000000000e-03
3.2100000000e+02 1.0551139712e-02 1.1213174090e-02 9.8013365641e-03 5.3108662155e-01 4.6891290453e-01 1.0000000000e-03
3.2200000000e+02 1.0548499413e-02 1.1258902960e-02 9.7422888502e-03 5.3158871492e-01 4.6841081093e-01 1.0000000000e-03
3.2300000000e+02 1.0545884259e-02 1.1272270232e-02 9.7197508439e-03 5.3212769759e-01 4.6787182804e-01 1.0000000000e-03
3.2400000000e+02 1.0542592034e-02 1.1247053742e-02 9.7401784733e-03 5.3250488323e-01 4.6749464219e-01 1.0000000000e-03
3.2500000000e+02 1.0538510978e-02 1.1188927107e-02 9.7974650562e-03 5.3256952257e-01 4.6743000265e-01 1.0000000000e-03
3.2600000000e+02 1.0534105822e-02 1.1113765649e-02 9.8744845018e-03 5.3226486636e-01 4.6773465870e-01 1.0000000000e-03
3.2700000000e+02 1.0529858992e-02 1.1042688973e-02 9.9477330223e-03 5.3164658224e-01 4.6835294267e-01 1.0000000000e-03
3.2800000000e+02 1.0525787249e-02 1.0995458812e-02 9.9943196401e-03 5.3086672454e-01 4.6913280024e-01 1.0000000000e-03
3.2900000000e+02 1.0521617718e-02 1.0984547436e-02 9.9993329495e-03 5.3012757790e-01 4.6987194674e-01 1.0000000000e-03
3.3000000000e+02 1.0517300107e-02 1.1011609808e-02 9.9607454613e-03 5.2962015113e-01 4.7037937337e-01 1.0000000000e-03
3.3100000000e+02 1.0513301939e-02 1.1066943407e-02 9.8903328180e-03 5.2946527569e-01 4.7053424865e-01 1.0000000000e-03
3.3200000000e+02 1.0510183871e-02 1.1132052168e-02 9.8098497838e-03 5.2967555727e-01 4.7032396688e-01 1.0000000000e-03
3.3300000000e+02 1.0507944971e-02 1.1184943840e-02 9.7440676764e-03 5.3015026988e-01 4.6984925407e-01 1.0000000000e-03
3.3400000000e+02 1.0505919345e-02 1.1207012460e-02 9.7130918875e-03 5.3070575534e-01 4.6929376842e-01 1.0000000000e-03
3.3500000000e+02 1.0503292084e-02 1.1189221404e-02 9.7262840718e-03 5.3113240973e-01 4.6886711384e-01 1.0000000000e-03
3.3600000000e+02 1.0499827564e-02 1.1135350913e-02 9.7795482725e-03 5.3126037967e-01 4.6873914373e-01 1.0000000000e-03
3.3700000000e+02 1.0495971888e-02 1.1060889810e-02 9.8563497886e-03 5.3101361610e-01 4.6898590716e-01 1.0000000000e-03
3.3800000000e+02 1.0492233559e-02 1.0987927206e-02 9.9322944880e-03 5.3043522539e-01 4.6956429773e-01 1.0000000000e-03
3.3900000000e+02 1.0488705710e-02 1.0937958956e-02 9.9827731028e-03 5.2967454696e-01 4.7032497606e-01 1.0000000000e-03
3.4000000000e+02 1.0485081002e-02 1.0925121605e-02 9.9909799173e-03 5.2894013564e-01 4.7105938726e-01 1.0000000000e-03
3.4100000000e+02 1.0481278412e-02 1.0951953940e-02 9.9538546056e-03 5.2843323104e-01 4.7156629174e-01 1.0000000000e-03
3.4200000000e+02 1.0477751493e-02 1.1008606292e-02 9.8832473159e-03 5.2828317886e-01 4.7171634378e-01 1.0000000000e-03
3.4300000000e+02 1.0475087911e-02 1.1075561866e-02 9.8020201549e-03 5.2850485761e-01 4.7149466486e-01 1.0000000000e-03
3.4400000000e+02 1.0473305359e-02 1.1129507795e-02 9.7363283858e-03 5.2899276848e-01 4.7100675382e-01 1.0000000000e-03
3.4500000000e+02 1.0471675545e-02 1.1150898412e-02 9.7071230412e-03 5.2955442555e-01 4.7044509658e-01 1.0000000000e-03
3.4600000000e+02 1.0469411500e-02 1.1130763218e-02 9.7237238660e-03 5.2997242649e-01 4.7002709547e-01 1.0000000000e-03
3.4700000000e+02 1.0466315784e-02 1.1074061505e-02 9.7807878628e-03 5.3007581286e-01 4.6992370896e-01 1.0000000000e-03
3.4800000000e+02 1.0462886654e-02 1.0998116806e-02 9.8598320037e-03 5.2979686579e-01 4.7020265590e-01 1.0000000000e-03
3.4900000000e+02 1.0459635407e-02 1.0926665738e-02 9.9346945062e-03 5.2919468659e-01 4.7080483500e-01 1.0000000000e-03
3.5000000000e+02 1.0456560180e-02 1.0881793685e-02 9.9800517783e-03 5.2843641569e-01 4.7156310580e-01 1.0000000000e-03
3.5100000000e+02 1.0453327559e-02 1.0876758024e-02 9.9801588804e-03 5.2774215391e-01 4.7225736749e-01 1.0000000000e-03
3.5200000000e+02 1.0449947789e-02 1.0911870748e-02 9.9346553907e-03 5.2731174603e-01 4.7268777526e-01 1.0000000000e-03
3.5300000000e+02 1.0446960106e-02 1.0974316858e-02 9.8588000983e-03 5.2725781417e-01 4.7274170699e-01 1.0000000000e-03
3.5400000000e+02 1.0444899090e-02 1.1041953228e-02 9.7781782970e-03 5.2756699034e-01 4.7243253067e-01 1.0000000000e-03
3.5500000000e+02 1.0443591513e-02 1.1090334505e-02 9.7198262811e-03 5.2810314805e-01 4.7189637281e-01 1.0000000000e-03
3.5600000000e+02 1.0442189872e-02 1.1101148091e-02 9.7031258047e-03 5.2865274771e-01 4.7134677300e-01 1.0000000000e-03
3.5700000000e+02 1.0439998470e-02 1.1068946682e-02 9.7336200997e-03 5.2899697096e-01 4.7100254960e-01 1.0000000000e-03
3.5800000000e+02 1.0437067598e-02 1.1003343388e-02 9.8011037335e-03 5.2898662985e-01 4.7101289059e-01 1.0000000000e-03
3.5900000000e+02 1.0434025899e-02 1.0925651528e-02 9.8827695474e-03 5.2859385493e-01 4.7140566541e-01 1.0000000000e-03
3.6000000000e+02 1.0431235656e-02 1.0861288756e-02 9.9503183737e-03 5.2792305569e-01 4.7207646457e-01 1.0000000000e-03
3.6100000000e+02 1.0428498499e-02 1.0830932297e-02 9.9798161536e-03 5.2717562067e-01 4.7282389950e-01 1.0000000000e-03
3.6200000000e+02 1.0425522923e-02 1.0843599215e-02 9.9605098367e-03 5.2658042528e-01 4.7341909481e-01 1.0000000000e-03
3.6300000000e+02 1.0422550142e-02 1.0893776082e-02 9.8989773542e-03 5.2631453406e-01 4.7368498593e-01 1.0000000000e-03
3.6400000000e+02 1.0420247912e-02 1.0963085108e-02 9.8168021068e-03 5.2644121028e-01 4.7355830959e-01 1.0000000000e-03
3.6500000000e+02 1.0418902151e-02 1.1026086286e-02 9.7427172586e-03 5.2688671935e-01 4.7311280039e-01 1.0000000000e-03
3.6600000000e+02 1.0417942889e-02 1.1058977805e-02 9.7024003044e-03 5.2746509173e-01 4.7253442786e-01 1.0000000000e-03
3.6700000000e+02 1.0416461155e-02 1.1048379354e-02 9.7097409889e-03 5.2794292970e-01 4.7205658976e-01 1.0000000000e-03
3.6800000000e+02 1.0414111428e-02 1.0996569879e-02 9.7622396424e-03 5.2812163872e-01 4.7187788062e-01 1.0000000000e-03
3.6900000000e+02 1.0411337949e-02 1.0920855217e-02 9.8415873945e-03 5.2790853635e-01 4.7209098290e-01 1.0000000000e-03
3.7000000000e+02 1.0408725590e-02 1.0847135447e-02 9.9195875227e-03 5.2735091296e-01 4.7264860621e-01 1.0000000000e-03
3.7100000000e+02 1.0406317189e-02 1.0800394230e-02 9.9679296836e-03 5.2661996545e-01 4.7337955365e-01 1.0000000000e-03
3.7200000000e+02 1.0403738357e-02 1.0795936920e-02 9.9686114118e-03 5.2595010255e-01 4.7404941648e-01 1.0000000000e-03
3.7300000000e+02 1.0400967672e-02 1.0834180750e-02 9.9210962653e-03 5.2555471132e-01 4.7444480762e-01 1.0000000000e-03
3.7400000000e+02 1.0398611426e-02 1.0900533758e-02 9.8426416516e-03 5.2554919114e-01 4.7445032770e-01 1.0000000000e-03
3.7500000000e+02 1.0397186503e-02 1.0970058851e-02 9.7617125139e-03 5.2590848455e-01 4.7409103417e-01 1.0000000000e-03
3.7600000000e+02 1.0396435857e-02 1.1016079225e-02 9.7075132653e-03 5.2647479943e-01 4.7352471917e-01 1.0000000000e-03
3.7700000000e+02 1.0395416990e-02 1.1020102538e-02 9.6993837506e-03 5.2701443555e-01 4.7298508293e-01 1.0000000000e-03
3.7800000000e+02 1.0393530130e-02 1.0979184881e-02 9.7402296960e-03 5.2730280761e-01 4.7269671075e-01 1.0000000000e-03
3.7900000000e+02 1.0391034186e-02 1.0907284915e-02 9.8153781146e-03 5.2720707308e-01 4.7279244519e-01 1.0000000000e-03
3.8000000000e+02 1.0388597846e-02 1.0829963721e-02 9.8973726854e-03 5.2673600501e-01 4.7326351319e-01 1.0000000000e-03
3.8100000000e+02 1.0386412963e-02 1.0774653405e-02 9.9555253983e-03 5.2603806912e-01 4.7396144902e-01 1.0000000000e-03
3.8200000000e+02 1.0384138674e-02 1.0760449804e-02 9.9676474929e-03 5.2534662280e-01 4.7465289528e-01 1.0000000000e-03
3.8300000000e+02 1.0381609201e-02 1.0791439563e-02 9.9288420752e-03 5.2489346473e-01 4.7510605328e-01 1.0000000000e-03
3.8400000000e+02 1.0379331186e-02 1.0855328292e-02 9.8536117002e-03 5.2482265370e-01 4.7517686422e-01 1.0000000000e-03
3.8500000000e+02 1.0377937928e-02 1.0927480645e-02 9.7702275962e-03 5.2513596956e-01 4.7486354826e-01 1.0000000000e-03
3.8600000000e+02 1.0377319530e-02 1.0979558341e-02 9.7098499537e-03 5.2569084550e-01 4.7430867220e-01 1.0000000000e-03
3.8700000000e+02 1.0376574472e-02 1.0990341194e-02 9.6947932616e-03 5.2625332703e-01 4.7374619056e-01 1.0000000000e-03
3.8800000000e+02 1.0374976322e-02 1.0954326950e-02 9.7305662930e-03 5.2658607115e-01 4.7341344634e-01 1.0000000000e-03
3.8900000000e+02 1.0372703895e-02 1.0884182528e-02 9.8038986325e-03 5.2653832331e-01 4.7346119409e-01 1.0000000000e-03
3.9000000000e+02 1.0370439850e-02 1.0805777274e-02 9.8871514201e-03 5.2610412703e-01 4.7389539030e-01 1.0000000000e-03
3.9100000000e+02 1.0368449613e-02 1.0748012923e-02 9.9482266232e-03 5.2542589121e-01 4.7457362607e-01 1.0000000000e-03
3.9200000000e+02 1.0366389528e-02 1.0731674731e-02 9.9630858749e-03 5.2474024187e-01 4.7525927536e-01 1.0000000000e-03
3.9300000000e+02 1.0364055634e-02 1.0761890560e-02 9.9256094545e-03 5.2428741575e-01 4.7571210142e-01 1.0000000000e-03
3.9400000000e+02 1.0361941531e-02 1.0826383717e-02 9.8502263427e-03 5.2421918419e-01 4.7578033290e-01 1.0000000000e-03
3.9500000000e+02 1.0360710323e-02 1.0899598710e-02 9.7662052140e-03 5.2453943577e-01 4.7546008123e-01 1.0000000000e-03
3.9600000000e+02 1.0360244662e-02 1.0952000506e-02 9.7059411928e-03 5.2510139941e-01 4.7489811748e-01 1.0000000000e-03
3.9700000000e+02 1.0359620675e-02 1.0961720720e-02 9.6923764795e-03 5.2566409682e-01 4.7433541996e-01 1.0000000000e-03
3.9800000000e+02 1.0358128697e-02 1.0923627764e-02 9.7306380048e-03 5.2598566000e-01 4.7401385669e-01 1.0000000000e-03
3.9900000000e+02 1.0355994105e-02 1.0851748288e-02 9.8060443997e-03 5.2591808411e-01 4.7408143249e-01 1.0000000000e-03
4.0000000000e+02 1.0353922844e-02 1.0773574002e-02 9.8892394453e-03 5.2546616854e-01 4.7453334801e-01 1.0000000000e-03
4.0100000000e+02 1.0352116078e-02 1.0718916543e-02 9.9470634013e-03 5.2478697527e-01 4.7521254124e-01 1.0000000000e-03
4.0200000000e+02 1.0350185446e-02 1.0708081536e-02 9.9560068920e-03 5.2412801512e-01 4.7587150135e-01 1.0000000000e-03
4.0300000000e+02 1.0347995907e-02 1.0744336993e-02 9.9121695384e-03 5.2372948705e-01 4.7627002936e-01 1.0000000000e-03
4.0400000000e+02 1.0346118361e-02 1.0812737048e-02 9.8330136389e-03 5.2372921287e-01 4.7627030346e-01 1.0000000000e-03
4.0500000000e+02 1.0345177725e-02 1.0885450989e-02 9.7501771525e-03 5.2410702754e-01 4.7589248870e-01 1.0000000000e-03
4.0600000000e+02 1.0344880633e-02 1.0932262987e-02 9.6964808181e-03 5.2469159096e-01 4.7530792518e-01 1.0000000000e-03
4.0700000000e+02 1.0344242677e-02 1.0932967998e-02 9.6929613501e-03 5.2522834744e-01 4.7477116860e-01 1.0000000000e-03
4.0800000000e+02 1.0342694819e-02 1.0886119679e-02 9.7409151495e-03 5.2548146664e-01 4.7451804932e-01 1.0000000000e-03
4.0900000000e+02 1.0340651497e-02 1.0809893720e-02 9.8213404417e-03 5.2532906323e-01 4.7467045267e-01 1.0000000000e-03
4.1000000000e+02 1.0338791646e-02 1.0734462179e-02 9.9018085748e-03 5.2481358343e-01 4.7518593241e-01 1.0000000000e-03
4.1100000000e+02 1.0337127373e-02 1.0689411312e-02 9.9491328001e-03 5.2412563685e-01 4.7587387896e-01 1.0000000000e-03
4.1200000000e+02 1.0335246101e-02 1.0691859759e-02 9.9434247240e-03 5.2352653174e-01 4.7647298403e-01 1.0000000000e-03
4.1300000000e+02 1.0333189741e-02 1.0739968158e-02 9.8867602646e-03 5.2324206277e-01 4.7675745294e-01 1.0000000000e-03
4.1400000000e+02 1.0331670754e-02 1.0813667439e-02 9.8024178296e-03 5.2337040533e-01 4.7662911030e-01 1.0000000000e-03
4.1500000000e+02 1.0331112891e-02 1.0882031173e-02 9.7250379622e-03 5.2384061177e-01 4.7615890377e-01 1.0000000000e-03
4.1600000000e+02 1.0330911726e-02 1.0915700346e-02 9.6860248595e-03 5.2444092418e-01 4.7555859127e-01 1.0000000000e-03
4.1700000000e+02 1.0330071673e-02 1.0899467394e-02 9.7009874880e-03 5.2490567365e-01 4.7509384171e-01 1.0000000000e-03
4.1800000000e+02 1.0328372940e-02 1.0839101858e-02 9.7638368607e-03 5.2502457499e-01 4.7497494029e-01 1.0000000000e-03
4.1900000000e+02 1.0326450691e-02 1.0759098455e-02 9.8487883806e-03 5.2473073704e-01 4.7526877819e-01 1.0000000000e-03
4.2000000000e+02 1.0324818082e-02 1.0692103766e-02 9.9202953279e-03 5.2412983275e-01 4.7586968244e-01 1.0000000000e-03
4.2100000000e+02 1.0323230177e-02 1.0664974339e-02 9.9478540942e-03 5.2345632424e-01 4.7654319092e-01 1.0000000000e-03
4.2200000000e+02 1.0321328416e-02 1.0687983595e-02 9.9193649366e-03 5.2297558065e-01 4.7702393447e-01 1.0000000000e-03
4.2300000000e+02 1.0319508612e-02 1.0750935413e-02 9.8467264324e-03 5.2287292837e-01 4.7712658669e-01 1.0000000000e-03
4.2400000000e+02 1.0318510234e-02 1.0826946236e-02 9.7606601194e-03 5.2317524110e-01 4.7682427388e-01 1.0000000000e-03
4.2500000000e+02 1.0318315588e-02 1.0883085430e-02 9.6972547472e-03 5.2373867060e-01 4.7626084430e-01 1.0000000000e-03
4.2600000000e+02 1.0317992419e-02 1.0894278996e-02 9.6828164533e-03 5.2430849390e-01 4.7569102090e-01 1.0000000000e-03
4.2700000000e+02 1.0316781700e-02 1.0854632594e-02 9.7232135013e-03 5.2462673822e-01 4.7537277651e-01 1.0000000000e-03
4.2800000000e+02 1.0314960033e-02 1.0780416429e-02 9.8014622927e-03 5.2454223325e-01 4.7545728141e-01 1.0000000000e-03
4.2900000000e+02 1.0313270614e-02 1.0702845640e-02 9.8842913285e-03 5.2407600835e-01 4.7592350628e-01 1.0000000000e-03
4.3000000000e+02 1.0311815888e-02 1.0654237121e-02 9.9357599393e-03 5.2341310624e-01 4.7658640836e-01 1.0000000000e-03
4.3100000000e+02 1.0310156271e-02 1.0654339567e-02 9.9330600351e-03 5.2282352045e-01 4.7717599412e-01 1.0000000000e-03
4.3200000000e+02 1.0308293626e-02 1.0702332482e-02 9.8770493641e-03 5.2254626438e-01 4.7745325013e-01 1.0000000000e-03
4.3300000000e+02 1.0306958109e-02 1.0777195916e-02 9.7920298576e-03 5.2268636974e-01 4.7731314471e-01 1.0000000000e-03
4.3400000000e+02 1.0306566954e-02 1.0845988058e-02 9.7147366032e-03 5.2316870804e-01 4.7683080633e-01 1.0000000000e-03
4.3500000000e+02 1.0306492448e-02 1.0877747089e-02 9.6782231703e-03 5.2376951351e-01 4.7623000077e-01 1.0000000000e-03
4.3600000000e+02 1.0305721313e-02 1.0857422836e-02 9.6978768706e-03 5.2421308878e-01 4.7578642542e-01 1.0000000000e-03
4.3700000000e+02 1.0304117575e-02 1.0793119669e-02 9.7651826218e-03 5.2429180771e-01 4.7570770643e-01 1.0000000000e-03
4.3800000000e+02 1.0302400216e-02 1.0712603107e-02 9.8509192467e-03 5.2395777734e-01 4.7604173676e-01 1.0000000000e-03
4.3900000000e+02 1.0300979018e-02 1.0650501586e-02 9.9172303453e-03 5.2334455124e-01 4.7665496283e-01 1.0000000000e-03
4.4000000000e+02 1.0299513116e-02 1.0633108206e-02 9.9341841415e-03 5.2270918639e-01 4.7729032766e-01 1.0000000000e-03
4.4100000000e+02 1.0297734290e-02 1.0667149909e-02 9.8938085139e-03 5.2231884890e-01 4.7768066510e-01 1.0000000000e-03
4.4200000000e+02 1.0296214372e-02 1.0737186298e-02 9.8140183836e-03 5.2233295757e-01 4.7766655638e-01 1.0000000000e-03
4.4300000000e+02 1.0295618325e-02 1.0811847635e-02 9.7302226350e-03 5.2273234308e-01 4.7726717079e-01 1.0000000000e-03
4.4400000000e+02 1.0295612738e-02 1.0857032612e-02 9.6792550758e-03 5.2332663522e-01 4.7667287856e-01 1.0000000000e-03
4.4500000000e+02 1.0295156389e-02 1.0851359926e-02 9.6832718700e-03 5.2383813637e-01 4.7616137733e-01 1.0000000000e-03
4.4600000000e+02 1.0293781757e-02 1.0796508752e-02 9.7403107211e-03 5.2402577134e-01 4.7597374230e-01 1.0000000000e-03
4.4700000000e+02 1.0292081162e-02 1.0716698132e-02 9.8250424489e-03 5.2379351966e-01 4.7620599394e-01 1.0000000000e-03
4.4800000000e+02 1.0290666483e-02 1.0647263378e-02 9.8993238062e-03 5.2323424906e-01 4.7676526451e-01 1.0000000000e-03
4.4900000000e+02 1.0289324448e-02 1.0618484579e-02 9.9290255457e-03 5.2258851818e-01 4.7741099537e-01 1.0000000000e-03
4.5000000000e+02 1.0287653655e-02 1.0642435402e-02 9.9000111222e-03 5.2213669046e-01 4.7786282306e-01 1.0000000000e-03
4.5100000000e+02 1.0286082514e-02 1.0707766749e-02 9.8254606128e-03 5.2207147984e-01 4.7792803362e-01 1.0000000000e-03
4.5200000000e+02 1.0285352357e-02 1.0784565471e-02 9.7392983735e-03 5.2241077388e-01 4.7758873951e-01 1.0000000000e-03
4.5300000000e+02 1.0285349563e-02 1.0837197304e-02 9.6803214401e-03 5.2298890995e-01 4.7701060336e-01 1.0000000000e-03
4.5400000000e+02 1.0285064578e-02 1.0840414092e-02 9.6748713404e-03 5.2353066231e-01 4.7646885093e-01 1.0000000000e-03
4.5500000000e+02 1.0283861309e-02 1.0791820474e-02 9.7251888365e-03 5.2377695425e-01 4.7622255892e-01 1.0000000000e-03
4.5600000000e+02 1.0282214731e-02 1.0713380761e-02 9.8083335906e-03 5.2360432979e-01 4.7639518333e-01 1.0000000000e-03
4.5700000000e+02 1.0280817747e-02 1.0640724562e-02 9.8860822618e-03 5.2308205883e-01 4.7691745427e-01 1.0000000000e-03
4.5800000000e+02 1.0279539973e-02 1.0606426746e-02 9.9219419062e-03 5.2244099591e-01 4.7755851717e-01 1.0000000000e-03
4.5900000000e+02 1.0277966037e-02 1.0625390336e-02 9.8986206576e-03 5.2196740629e-01 4.7803210675e-01 1.0000000000e-03
4.6000000000e+02 1.0276403278e-02 1.0688303038e-02 9.8268305883e-03 5.2187024260e-01 4.7812927039e-01 1.0000000000e-03
4.6100000000e+02 1.0275632143e-02 1.0765719227e-02 9.7400462255e-03 5.2218413084e-01 4.7781538209e-01 1.0000000000e-03
4.6200000000e+02 1.0275647976e-02 1.0820975527e-02 9.6783339977e-03 5.2275271644e-01 4.7724679642e-01 1.0000000000e-03
4.6300000000e+02 1.0275430977e-02 1.0827088729e-02 9.6698552370e-03 5.2330036056e-01 4.7669915222e-01 1.0000000000e-03
4.6400000000e+02 1.0274304077e-02 1.0780315846e-02 9.7182570025e-03 5.2356086662e-01 4.7643864609e-01 1.0000000000e-03
4.6500000000e+02 1.0272709653e-02 1.0702266358e-02 9.8009770736e-03 5.2340267330e-01 4.7659683937e-01 1.0000000000e-03
4.6600000000e+02 1.0271351784e-02 1.0629273020e-02 9.8790936172e-03 5.2289134011e-01 4.7710817254e-01 1.0000000000e-03
4.6700000000e+02 1.0270118713e-02 1.0594883002e-02 9.9151022732e-03 5.2225937549e-01 4.7774013713e-01 1.0000000000e-03
4.6800000000e+02 1.0268593207e-02 1.0614395142e-02 9.8912771791e-03 5.2179662717e-01 4.7820288543e-01 1.0000000000e-03
4.6900000000e+02 1.0267083533e-02 1.0678042658e-02 9.8188221455e-03 5.2171291937e-01 4.7828659317e-01 1.0000000000e-03
4.7000000000e+02 1.0266387835e-02 1.0755422525e-02 9.7322640941e-03 5.2203861002e-01 4.7796090247e-01 1.0000000000e-03
4.7100000000e+02 1.0266438127e-02 1.0809047148e-02 9.6724433824e-03 5.2260943284e-01 4.7739007957e-01 1.0000000000e-03
4.7200000000e+02 1.0266205296e-02 1.0812156834e-02 9.6672680229e-03 5.2314368097e-01 4.7685583137e-01 1.0000000000e-03
4.7300000000e+02 1.0265059769e-02 1.0762480088e-02 9.7188539803e-03 5.2337703656e-01 4.7662247572e-01 1.0000000000e-03
4.7400000000e+02 1.0263506323e-02 1.0683536530e-02 9.8026292399e-03 5.2318931272e-01 4.7681019952e-01 1.0000000000e-03
4.7500000000e+02 1.0262219235e-02 1.0612912476e-02 9.8782349378e-03 5.2266302675e-01 4.7733648547e-01 1.0000000000e-03
4.7600000000e+02 1.0261012241e-02 1.0583787225e-02 9.9084740505e-03 5.2204442619e-01 4.7795508601e-01 1.0000000000e-03
4.7700000000e+02 1.0259494185e-02 1.0609282181e-02 9.8780924454e-03 5.2162444691e-01 4.7837506526e-01 1.0000000000e-03
4.7800000000e+02 1.0258091614e-02 1.0676618665e-02 9.8017845303e-03 5.2159796882e-01 4.7840154329e-01 1.0000000000e-03
4.7900000000e+02 1.0257554241e-02 1.0752915405e-02 9.7166718915e-03 5.2196932460e-01 4.7803018745e-01 1.0000000000e-03
4.8000000000e+02 1.0257657617e-02 1.0800329968e-02 9.6637364477e-03 5.2254941344e-01 4.7745009854e-01 1.0000000000e-03
4.8100000000e+02 1.0257310234e-02 1.0794611648e-02 9.6680922434e-03 5.2304706251e-01 4.7695244940e-01 1.0000000000e-03
4.8200000000e+02 1.0256074369e-02 1.0737867095e-02 9.7273830324e-03 5.2321111077e-01 4.7678840109e-01 1.0000000000e-03
4.8300000000e+02 1.0254577734e-02 1.0657673702e-02 9.8127005622e-03 5.2295386700e-01 4.7704564482e-01 1.0000000000e-03
4.8400000000e+02 1.0253375396e-02 1.0593068786e-02 9.8818354309e-03 5.2239529675e-01 4.7760421505e-01 1.0000000000e-03
4.8500000000e+02 1.0252151638e-02 1.0574870743e-02 9.9000129849e-03 5.2180375550e-01 4.7819575628e-01 1.0000000000e-03
4.8600000000e+02 1.0250629857e-02 1.0611230507e-02 9.8576890305e-03 5.2146405138e-01 4.7853546036e-01 1.0000000000e-03
4.8700000000e+02 1.0249410756e-02 1.0683852248e-02 9.7758686170e-03 5.2153657482e-01 4.7846293687e-01 1.0000000000e-03
4.8800000000e+02 1.0249115527e-02 1.0756422766e-02 9.6951695159e-03 5.2197744083e-01 4.7802207080e-01 1.0000000000e-03
4.8900000000e+02 1.0249219835e-02 1.0792068206e-02 9.6550798044e-03 5.2255998142e-01 4.7743953014e-01 1.0000000000e-03
4.9000000000e+02 1.0248657316e-02 1.0771932080e-02 9.6749607474e-03 5.2298644659e-01 4.7701306491e-01 1.0000000000e-03
4.9100000000e+02 1.0247301310e-02 1.0705554858e-02 9.7447922453e-03 5.2303678931e-01 4.7696272214e-01 1.0000000000e-03
4.9200000000e+02 1.0245900601e-02 1.0626046918e-02 9.8296394572e-03 5.2267975019e-01 4.7731976122e-01 1.0000000000e-03
4.9300000000e+02 1.0244776495e-02 1.0572748259e-02 9.8864967003e-03 5.2208886840e-01 4.7791064300e-01 1.0000000000e-03
4.9400000000e+02 1.0243484750e-02 1.0571426712e-02 9.8860049620e-03 5.2155519531e-01 4.7844431607e-01 1.0000000000e-03
4.9500000000e+02 1.0241998360e-02 1.0622111149e-02 9.8280012608e-03 5.2134122867e-01 4.7865828267e-01 1.0000000000e-03
4.9600000000e+02 1.0241080076e-02 1.0698963888e-02 9.7419638187e-03 5.2154797217e-01 4.7845153912e-01 1.0000000000e-03
4.9700000000e+02 1.0241045617e-02 1.0762629099e-02 9.6713146195e-03 5.2206349635e-01 4.7793601486e-01 1.0000000000e-03
4.9800000000e+02 1.0241027921e-02 1.0779821314e-02 9.6511859447e-03 5.2261918582e-01 4.7738032533e-01 1.0000000000e-03
4.9900000000e+02 1.0240150616e-02 1.0740861297e-02 9.6913287416e-03 5.2292557254e-01 4.7707393855e-01 1.0000000000e-03
5.0000000000e+02 1.0238712654e-02 1.0665352456e-02 9.7712771967e-03 5.2282042299e-01 4.7717908806e-01 1.0000000000e-03
