# epoch total_loss data_loss physics_loss w_data w_physics lr
1.0000000000e+00 1.6157163382e+00 1.0411435366e+00 2.1516630650e+00 4.8260903848e-01 5.1739096121e-01 1.0000000000e-03
2.0000000000e+00 1.2036287785e+00 1.0510488749e+00 1.3434829712e+00 4.7824184489e-01 5.2175815441e-01 1.0000000000e-03
3.0000000000e+00 9.3851721287e-01 1.0545985699e+00 8.2857519388e-01 4.8641878916e-01 5.1358120968e-01 1.0000000000e-03
4.0000000000e+00 8.1026816368e-01 1.0061044693e+00 6.1454373598e-01 4.9985728400e-01 5.0014271434e-01 1.0000000000e-03
5.0000000000e+00 7.6461756229e-01 9.0134823322e-01 6.2287062407e-01 5.0900664785e-01 4.9099335000e-01 1.0000000000e-03
6.0000000000e+00 6.8662732840e-01 7.6311051846e-01 6.0578548908e-01 5.1385240271e-01 4.8614759462e-01 1.0000000000e-03
7.0000000000e+00 5.4856765270e-01 6.1320281029e-01 4.7893393040e-01 5.1861423467e-01 4.8138576201e-01 1.0000000000e-03
8.0000000000e+00 4.0501999855e-01 4.7007435560e-01 3.3303573728e-01 5.2528455597e-01 4.7471543980e-01 1.0000000000e-03
9.0000000000e+00 3.1727761030e-01 3.5162949562e-01 2.7876743674e-01 5.2853516147e-01 4.7146483314e-01 1.0000000000e-03
1.0000000000e+01 2.9008269310e-01 2.7275788784e-01 3.0904501677e-01 5.2256313749e-01 4.7743685594e-01 1.0000000000e-03
1.1000000000e+01 2.7015662193e-01 2.3031915724e-01 3.1208229065e-01 5.1276968107e-01 4.8723031117e-01 1.0000000000e-03
1.2000000000e+01 2.2546368837e-01 2.0515342057e-01 2.4634495378e-01 5.0693106395e-01 4.9306892685e-01 1.0000000000e-03
1.3000000000e+01 1.6635671258e-01 1.8411709368e-01 1.4774386585e-01 5.1171814673e-01 4.8828184198e-01 1.0000000000e-03
1.4000000000e+01 1.3949781656e-01 1.6522532701e-01 1.1160043627e-01 5.2023200549e-01 4.7976798074e-01 1.0000000000e-03
1.5000000000e+01 1.6667661071e-01 1.5454772115e-01 1.7952845991e-01 5.1447002477e-01 4.8552995984e-01 1.0000000000e-03
1.6000000000e+01 1.7655681074e-01 1.4964359999e-01 2.0405019820e-01 5.0533182061e-01 4.9466816271e-01 1.0000000000e-03
1.7000000000e+01 1.5313711762e-01 1.5086649358e-01 1.5544484556e-01 5.0405130059e-01 4.9594868113e-01 1.0000000000e-03
1.8000000000e+01 1.3743174076e-01 1.6351284087e-01 1.0990884900e-01 5.1344860792e-01 4.8655137197e-01 1.0000000000e-03
1.9000000000e+01 1.4966034889e-01 1.7373996973e-01 1.2351636589e-01 5.2055160612e-01 4.7944837242e-01 1.0000000000e-03
2.0000000000e+01 1.5279009938e-01 1.6773821414e-01 1.3635726273e-01 5.2365616388e-01 4.7634381352e-01 1.0000000000e-03
2.1000000000e+01 1.3683390617e-01 1.5320067108e-01 1.1854986101e-01 5.2766602697e-01 4.7233394901e-01 1.0000000000e-03
2.2000000000e+01 1.1905809492e-01 1.4636930823e-01 8.7313525379e-02 5.3753530544e-01 4.6246466866e-01 1.0000000000e-03
2.3000000000e+01 1.1881157011e-01 1.5444545448e-01 7.5069636106e-02 5.5107384155e-01 4.4892613078e-01 1.0000000000e-03
2.4000000000e+01 1.2160436809e-01 1.5972459316e-01 7.2120219469e-02 5.6485934504e-01 4.3514062575e-01 1.0000000000e-03
2.5000000000e+01 1.1227412522e-01 1.5001262724e-01 6.0216773301e-02 5.7973004273e-01 4.2026992622e-01 1.0000000000e-03
2.6000000000e+01 9.8681375384e-02 1.3147382438e-01 5.0720479339e-02 5.9391835990e-01 4.0608160667e-01 1.0000000000e-03
2.7000000000e+01 9.1944083571e-02 1.1560042202e-01 5.6189522147e-02 6.0181824803e-01 3.9818171606e-01 1.0000000000e-03
2.8000000000e+01 8.9781582355e-02 1.0582298785e-01 6.5370425582e-02 6.0345129072e-01 3.9654867112e-01 1.0000000000e-03
2.9000000000e+01 8.5129894316e-02 9.9907860160e-02 6.2532141805e-02 6.0461062656e-01 3.9538933294e-01 1.0000000000e-03
3.0000000000e+01 7.8225538135e-02 9.5817461610e-02 5.0765786320e-02 6.0951682546e-01 3.9048313127e-01 1.0000000000e-03
3.1000000000e+01 7.4464701116e-02 9.2526555061e-02 4.5541860163e-02 6.1558014284e-01 3.8441981097e-01 1.0000000000e-03
3.2000000000e+01 7.5136505067e-02 8.8982418180e-02 5.2854046226e-02 6.1675804931e-01 3.8324190207e-01 1.0000000000e-03
3.3000000000e+01 7.6072037220e-02 8.4904916584e-02 6.2090236694e-02 6.1284259151e-01 3.8715735793e-01 1.0000000000e-03
3.4000000000e+01 7.3884867132e-02 8.1495061517e-02 6.2065176666e-02 6.0832548243e-01 3.9167446510e-01 1.0000000000e-03
3.5000000000e+01 7.0658251643e-02 7.9942844808e-02 5.6369531900e-02 6.0613972831e-01 3.9386021713e-01 1.0000000000e-03
3.6000000000e+01 6.9431982934e-02 7.9284787178e-02 5.4350126535e-02 6.0485514706e-01 3.9514479635e-01 1.0000000000e-03
3.7000000000e+01 6.8722791970e-02 7.7134609222e-02 5.5982686579e-02 6.0231447188e-01 3.9768546968e-01 1.0000000000e-03
3.8000000000e+01 6.5891377628e-02 7.2871558368e-02 5.5470619351e-02 5.9886213970e-01 4.0113779991e-01 1.0000000000e-03
3.9000000000e+01 6.1912368983e-02 6.8473823369e-02 5.2244748920e-02 5.9569778418e-01 4.0430215319e-01 1.0000000000e-03
4.0000000000e+01 5.9410389513e-02 6.5850608051e-02 5.0028733909e-02 5.9295487521e-01 4.0704505980e-01 1.0000000000e-03
4.1000000000e+01 5.8242436498e-02 6.4783878624e-02 4.8802081496e-02 5.9069449383e-01 4.0930543887e-01 1.0000000000e-03
4.2000000000e+01 5.6408096105e-02 6.4131304622e-02 4.5283272862e-02 5.9023816551e-01 4.0976176478e-01 1.0000000000e-03
4.3000000000e+01 5.4162114859e-02 6.3726551831e-02 4.0255520493e-02 5.9250043826e-01 4.0749948938e-01 1.0000000000e-03
4.4000000000e+01 5.3257234395e-02 6.3903465867e-02 3.7535265088e-02 5.9624749521e-01 4.0375242981e-01 1.0000000000e-03
4.5000000000e+01 5.3325295448e-02 6.4410701394e-02 3.6673437804e-02 6.0034262849e-01 3.9965729414e-01 1.0000000000e-03
4.6000000000e+01 5.2915729582e-02 6.5168388188e-02 3.4072209150e-02 6.0597542465e-01 3.9402449563e-01 1.0000000000e-03
4.7000000000e+01 5.2381806076e-02 6.6631704569e-02 2.9659716412e-02 6.1457584081e-01 3.8542407706e-01 1.0000000000e-03
4.8000000000e+01 5.2642919123e-02 6.8294145167e-02 2.6543043554e-02 6.2513023735e-01 3.7486967819e-01 1.0000000000e-03
4.9000000000e+01 5.2986193448e-02 6.8634733558e-02 2.5719877332e-02 6.3535846668e-01 3.6464144671e-01 1.0000000000e-03
5.0000000000e+01 5.2581045777e-02 6.7398093641e-02 2.5756934658e-02 6.4417307456e-01 3.5582683676e-01 1.0000000000e-03
5.1000000000e+01 5.1981888711e-02 6.5878614783e-02 2.6008393615e-02 6.5145100320e-01 3.4854890610e-01 1.0000000000e-03
5.2000000000e+01 5.1630832255e-02 6.4666889608e-02 2.6647154242e-02 6.5712401563e-01 3.4287589179e-01 1.0000000000e-03
5.3000000000e+01 5.0956018269e-02 6.3124664128e-02 2.7197143063e-02 6.6130022580e-01 3.3869967981e-01 1.0000000000e-03
5.4000000000e+01 4.9818217754e-02 6.1105083674e-02 2.7499854565e-02 6.6413371472e-01 3.3586618903e-01 1.0000000000e-03
5.5000000000e+01 4.8907034099e-02 5.9200834483e-02 2.8448946774e-02 6.6526281384e-01 3.3473708813e-01 1.0000000000e-03
5.6000000000e+01 4.8395339400e-02 5.7455640286e-02 3.0484735966e-02 6.6407129244e-01 3.3592860796e-01 1.0000000000e-03
5.7000000000e+01 4.7822497785e-02 5.5487859994e-02 3.2914008945e-02 6.6043190146e-01 3.3956799759e-01 1.0000000000e-03
5.8000000000e+01 4.7221053392e-02 5.3561840206e-02 3.5196911544e-02 6.5473412303e-01 3.4526577485e-01 1.0000000000e-03
5.9000000000e+01 4.6981249005e-02 5.2224233747e-02 3.7347786129e-02 6.4756488650e-01 3.5243501043e-01 1.0000000000e-03
6.0000000000e+01 4.6888049692e-02 5.1361899823e-02 3.8945481181e-02 6.3968292302e-01 3.6031697315e-01 1.0000000000e-03
6.1000000000e+01 4.6448126435e-02 5.0632759929e-02 3.9260245860e-02 6.3204020783e-01 3.6795968759e-01 1.0000000000e-03
6.2000000000e+01 4.5782815665e-02 5.0204269588e-02 3.8398038596e-02 6.2549866566e-01 3.7450122894e-01 1.0000000000e-03
6.3000000000e+01 4.5222174376e-02 5.0202578306e-02 3.7080168724e-02 6.2046597661e-01 3.7953391707e-01 1.0000000000e-03
6.4000000000e+01 4.4589925557e-02 5.0209838897e-02 3.5537403077e-02 6.1697500346e-01 3.8302488918e-01 1.0000000000e-03
6.5000000000e+01 4.3722361326e-02 5.0025474280e-02 3.3651135862e-02 6.1506179435e-01 3.8493809708e-01 1.0000000000e-03
6.6000000000e+01 4.2976796627e-02 5.0071142614e-02 3.1652677804e-02 6.1482433220e-01 3.8517555785e-01 1.0000000000e-03
6.7000000000e+01 4.2564172298e-02 5.0535608083e-02 2.9761649668e-02 6.1627754984e-01 3.8372233875e-01 1.0000000000e-03
6.8000000000e+01 4.2197488248e-02 5.1027007401e-02 2.7830652893e-02 6.1935752362e-01 3.8064236343e-01 1.0000000000e-03
6.9000000000e+01 4.1800625622e-02 5.1339507103e-02 2.5982365012e-02 6.2381889675e-01 3.7618098866e-01 1.0000000000e-03
7.0000000000e+01 4.1604958475e-02 5.1586791873e-02 2.4675732478e-02 6.2908069649e-01 3.7091918727e-01 1.0000000000e-03
7.1000000000e+01 4.1484013200e-02 5.1595080644e-02 2.3932522163e-02 6.3448549776e-01 3.6551438439e-01 1.0000000000e-03
7.2000000000e+01 4.1154924780e-02 5.1104653627e-02 2.3502130061e-02 6.3953560755e-01 3.6046427297e-01 1.0000000000e-03
7.3000000000e+01 4.0735233575e-02 5.0273809582e-02 2.3500572890e-02 6.4372738544e-01 3.5627249348e-01 1.0000000000e-03
7.4000000000e+01 4.0356364101e-02 4.9299310893e-02 2.3992506787e-02 6.4661905066e-01 3.5338082673e-01 1.0000000000e-03
7.5000000000e+01 3.9847895503e-02 4.8114378005e-02 2.4623041973e-02 6.4810517697e-01 3.5189469893e-01 1.0000000000e-03
7.6000000000e+01 3.9212957025e-02 4.6798683703e-02 2.5232097134e-02 6.4826504646e-01 3.5173482796e-01 1.0000000000e-03
7.7000000000e+01 3.8663916290e-02 4.5570507646e-02 2.5998907164e-02 6.4711169242e-01 3.5288818059e-01 1.0000000000e-03
7.8000000000e+01 3.8166090846e-02 4.4387325644e-02 2.6878278702e-02 6.4468487455e-01 3.5531499713e-01 1.0000000000e-03
7.9000000000e+01 3.7610389292e-02 4.3179094791e-02 2.7660047635e-02 6.4117010169e-01 3.5882976871e-01 1.0000000000e-03
8.0000000000e+01 3.7108406425e-02 4.2137764394e-02 2.8287118301e-02 6.3688671395e-01 3.6311315520e-01 1.0000000000e-03
8.1000000000e+01 3.6689504981e-02 4.1377849877e-02 2.8627231717e-02 6.3230495740e-01 3.6769491055e-01 1.0000000000e-03
8.2000000000e+01 3.6218151450e-02 4.0807984769e-02 2.8470434248e-02 6.2797877769e-01 3.7202108903e-01 1.0000000000e-03
8.3000000000e+01 3.5713441670e-02 4.0422309190e-02 2.7886860073e-02 6.2435641576e-01 3.7564344966e-01 1.0000000000e-03
8.4000000000e+01 3.5257153213e-02 4.0236148983e-02 2.7074750513e-02 6.2169733831e-01 3.7830252570e-01 1.0000000000e-03
8.5000000000e+01 3.4786581993e-02 4.0118750185e-02 2.6081964374e-02 6.2012928287e-01 3.7987057964e-01 1.0000000000e-03
8.6000000000e+01 3.4294798970e-02 4.0002781898e-02 2.4995168671e-02 6.1966102698e-01 3.8033883389e-01 1.0000000000e-03
8.7000000000e+01 3.3872012049e-02 3.9936404675e-02 2.3969614878e-02 6.2018731342e-01 3.7981254571e-01 1.0000000000e-03
8.8000000000e+01 3.3494856209e-02 3.9875924587e-02 2.3013772443e-02 6.2157470444e-01 3.7842515289e-01 1.0000000000e-03
8.9000000000e+01 3.3115718514e-02 3.9744559675e-02 2.2131059319e-02 6.2365021283e-01 3.7634964260e-01 1.0000000000e-03
9.0000000000e+01 3.2776024193e-02 3.9531402290e-02 2.1464293823e-02 6.2609533116e-01 3.7390452233e-01 1.0000000000e-03
9.1000000000e+01 3.2456282526e-02 3.9172574878e-02 2.1094510332e-02 6.2848407735e-01 3.7151577419e-01 1.0000000000e-03
9.2000000000e+01 3.2101266086e-02 3.8608513772e-02 2.1002164111e-02 6.3040344054e-01 3.6959640908e-01 1.0000000000e-03
9.3000000000e+01 3.1741701066e-02 3.7910368294e-02 2.1169004962e-02 6.3153162060e-01 3.6846822713e-01 1.0000000000e-03
9.4000000000e+01 3.1387135386e-02 3.7148971111e-02 2.1503916010e-02 6.3171543410e-01 3.6828441181e-01 1.0000000000e-03
9.5000000000e+01 3.1008571386e-02 3.6343436688e-02 2.1887520328e-02 6.3095644976e-01 3.6904339438e-01 1.0000000000e-03
9.6000000000e+01 3.0633928254e-02 3.5551298410e-02 2.2285161540e-02 6.2932945673e-01 3.7067038571e-01 1.0000000000e-03
9.7000000000e+01 3.0272584409e-02 3.4810516983e-02 2.2645022720e-02 6.2698337719e-01 3.7301646360e-01 1.0000000000e-03
9.8000000000e+01 2.9899988323e-02 3.4126695246e-02 2.2881031036e-02 6.2414830974e-01 3.7585152943e-01 1.0000000000e-03
9.9000000000e+01 2.9536746442e-02 3.3546362072e-02 2.2964218631e-02 6.2109644357e-01 3.7890339399e-01 1.0000000000e-03
1.0000000000e+02 2.9192041606e-02 3.3097095788e-02 2.2871183231e-02 6.1812224246e-01 3.8187759348e-01 1.0000000000e-03
1.0100000000e+02 2.8853829950e-02 3.2767008990e-02 2.2589625791e-02 6.1550256704e-01 3.8449726724e-01 1.0000000000e-03
1.0200000000e+02 2.8540845960e-02 3.2553300261e-02 2.2173527628e-02 6.1343555753e-01 3.8656427505e-01 1.0000000000e-03
1.0300000000e+02 2.8253842145e-02 3.2420106232e-02 2.1681878716e-02 6.1201605127e-01 3.8798377956e-01 1.0000000000e-03
1.0400000000e+02 2.7979023755e-02 3.2309036702e-02 2.1171400324e-02 6.1122724839e-01 3.8877258066e-01 1.0000000000e-03
1.0500000000e+02 2.7722774073e-02 3.2186832279e-02 2.0712597296e-02 6.1094984164e-01 3.8904998560e-01 1.0000000000e-03
1.0600000000e+02 2.7475561947e-02 3.2014537603e-02 2.0346315578e-02 6.1099696947e-01 3.8900285595e-01 1.0000000000e-03
1.0700000000e+02 2.7229174972e-02 3.1763669103e-02 2.0102726296e-02 6.1113858828e-01 3.8886123532e-01 1.0000000000e-03
1.0800000000e+02 2.6992086321e-02 3.1439613551e-02 2.0002234727e-02 6.1114152150e-01 3.8885830030e-01 1.0000000000e-03
1.0900000000e+02 2.6760673150e-02 3.1050823629e-02 2.0027322695e-02 6.1081817674e-01 3.8918164330e-01 1.0000000000e-03
1.1000000000e+02 2.6538241655e-02 3.0617728829e-02 2.0156491548e-02 6.1003806842e-01 3.8996174992e-01 1.0000000000e-03
1.1100000000e+02 2.6329442859e-02 3.0168781057e-02 2.0355900750e-02 6.0874522661e-01 3.9125459010e-01 1.0000000000e-03
1.1200000000e+02 2.6125971228e-02 2.9726745561e-02 2.0564956591e-02 6.0697934092e-01 3.9302047424e-01 1.0000000000e-03
1.1300000000e+02 2.5927625597e-02 2.9326602817e-02 2.0724331960e-02 6.0487491180e-01 3.9512490186e-01 1.0000000000e-03
1.1400000000e+02 2.5731123984e-02 2.8994712979e-02 2.0781597123e-02 6.0263743372e-01 3.9736237849e-01 1.0000000000e-03
1.1500000000e+02 2.5535197929e-02 2.8738478199e-02 2.0720684901e-02 6.0047914662e-01 3.9952066415e-01 1.0000000000e-03
1.1600000000e+02 2.5348260999e-02 2.8556391597e-02 2.0564725623e-02 5.9856587425e-01 4.0143393509e-01 1.0000000000e-03
1.1700000000e+02 2.5172235444e-02 2.8430923820e-02 2.0344892517e-02 5.9699825075e-01 4.0300155715e-01 1.0000000000e-03
1.1800000000e+02 2.5011304766e-02 2.8342390433e-02 2.0101130009e-02 5.9580446389e-01 4.0419534258e-01 1.0000000000e-03
1.1900000000e+02 2.4864446372e-02 2.8268013149e-02 1.9865129143e-02 5.9495279757e-01 4.0504700747e-01 1.0000000000e-03
1.2000000000e+02 2.4724500254e-02 2.8176549822e-02 1.9666619599e-02 5.9435107414e-01 4.0564872950e-01 1.0000000000e-03
1.2100000000e+02 2.4588480592e-02 2.8039654717e-02 1.9542483613e-02 5.9384490479e-01 4.0615489747e-01 1.0000000000e-03
1.2200000000e+02 2.4450358003e-02 2.7837943286e-02 1.9509417936e-02 5.9325553338e-01 4.0674426753e-01 1.0000000000e-03
1.2300000000e+02 2.4310749024e-02 2.7579758316e-02 1.9558887929e-02 5.9243771130e-01 4.0756208830e-01 1.0000000000e-03
1.2400000000e+02 2.4172641337e-02 2.7295734733e-02 1.9653609022e-02 5.9133262058e-01 4.0866717777e-01 1.0000000000e-03
1.2500000000e+02 2.4037348107e-02 2.7016272768e-02 1.9751200452e-02 5.8996657392e-01 4.1003322321e-01 1.0000000000e-03
1.2600000000e+02 2.3907959461e-02 2.6763584465e-02 1.9825458527e-02 5.8841599612e-01 4.1158379983e-01 1.0000000000e-03
1.2700000000e+02 2.3781301454e-02 2.6550319046e-02 1.9849002361e-02 5.8679573622e-01 4.1320405859e-01 1.0000000000e-03
1.2800000000e+02 2.3656124249e-02 2.6390466839e-02 1.9797679037e-02 5.8525303316e-01 4.1474676051e-01 1.0000000000e-03
1.2900000000e+02 2.3531556129e-02 2.6291968301e-02 1.9657211378e-02 5.8394738591e-01 4.1605240663e-01 1.0000000000e-03
1.3000000000e+02 2.3408258334e-02 2.6244439185e-02 1.9443120807e-02 5.8299592826e-01 4.1700386314e-01 1.0000000000e-03
1.3100000000e+02 2.3289989680e-02 2.6220312342e-02 1.9202917814e-02 5.8242077837e-01 4.1757901188e-01 1.0000000000e-03
1.3200000000e+02 2.3176297545e-02 2.6185059920e-02 1.8984504044e-02 5.8214927147e-01 4.1785051761e-01 1.0000000000e-03
1.3300000000e+02 2.3066762835e-02 2.6115726680e-02 1.8820665777e-02 5.8205142814e-01 4.1794835978e-01 1.0000000000e-03
1.3400000000e+02 2.2957611829e-02 2.5999413803e-02 1.8722701818e-02 5.8198174612e-01 4.1801804065e-01 1.0000000000e-03
1.3500000000e+02 2.2846322507e-02 2.5828868151e-02 1.8697146326e-02 5.8179204734e-01 4.1820773829e-01 1.0000000000e-03
1.3600000000e+02 2.2732529789e-02 2.5605387986e-02 1.8743211403e-02 5.8134946240e-01 4.1865032212e-01 1.0000000000e-03
1.3700000000e+02 2.2616466507e-02 2.5347599760e-02 1.8835866824e-02 5.8058347333e-01 4.1941631010e-01 1.0000000000e-03
1.3800000000e+02 2.2500406951e-02 2.5091571733e-02 1.8929116428e-02 5.7952461211e-01 4.2047517027e-01 1.0000000000e-03
1.3900000000e+02 2.2384325042e-02 2.4870960042e-02 1.8974326551e-02 5.7829650214e-01 4.2170327919e-01 1.0000000000e-03
1.4000000000e+02 2.2268757224e-02 2.4704348296e-02 1.8945597112e-02 5.7706335487e-01 4.2293642542e-01 1.0000000000e-03
1.4100000000e+02 2.2153183818e-02 2.4594942108e-02 1.8836267292e-02 5.7598665688e-01 4.2401312236e-01 1.0000000000e-03
1.4200000000e+02 2.2038396448e-02 2.4539206177e-02 1.8652148545e-02 5.7520306600e-01 4.2479671216e-01 1.0000000000e-03
1.4300000000e+02 2.1926017478e-02 2.4525322020e-02 1.8412176520e-02 5.7480140194e-01 4.2519837511e-01 1.0000000000e-03
1.4400000000e+02 2.1817052737e-02 2.4526640773e-02 1.8154352903e-02 5.7478626646e-01 4.2521350946e-01 1.0000000000e-03
1.4500000000e+02 2.1711591631e-02 2.4507127702e-02 1.7928496003e-02 5.7505893410e-01 4.2494084067e-01 1.0000000000e-03
1.4600000000e+02 2.1607156843e-02 2.4437326938e-02 1.7771055922e-02 5.7544988366e-01 4.2454988993e-01 1.0000000000e-03
1.4700000000e+02 2.1501589566e-02 2.4306654930e-02 1.7694436014e-02 5.7577636625e-01 4.2422340618e-01 1.0000000000e-03
1.4800000000e+02 2.1393315867e-02 2.4119691923e-02 1.7691293731e-02 5.7588616697e-01 4.2411360430e-01 1.0000000000e-03
1.4900000000e+02 2.1283050999e-02 2.3891305551e-02 1.7744421959e-02 5.7567927804e-01 4.2432049208e-01 1.0000000000e-03
1.5000000000e+02 2.1171992645e-02 2.3645935580e-02 1.7823090777e-02 5.7513205208e-01 4.2486771691e-01 1.0000000000e-03
1.5100000000e+02 2.1061101928e-02 2.3416252807e-02 1.7883619294e-02 5.7431695742e-01 4.2568281047e-01 1.0000000000e-03
1.5200000000e+02 2.0950291306e-02 2.3231752217e-02 1.7883893102e-02 5.7338868363e-01 4.2661108314e-01 1.0000000000e-03
1.5300000000e+02 2.0839368924e-02 2.3106439039e-02 1.7802968621e-02 5.7253177067e-01 4.2746799498e-01 1.0000000000e-03
1.5400000000e+02 2.0728934556e-02 2.3036668077e-02 1.7645992339e-02 5.7190385405e-01 4.2809591046e-01 1.0000000000e-03
1.5500000000e+02 2.0620327443e-02 2.3007638752e-02 1.7434986308e-02 5.7160303263e-01 4.2839673069e-01 1.0000000000e-03
1.5600000000e+02 2.0514771342e-02 2.2997401655e-02 1.7201587558e-02 5.7165162040e-01 4.2834814172e-01 1.0000000000e-03
1.5700000000e+02 2.0412057638e-02 2.2976735607e-02 1.6984738410e-02 5.7198366141e-01 4.2801609947e-01 1.0000000000e-03
1.5800000000e+02 2.0310714841e-02 2.2916175425e-02 1.6822209582e-02 5.7245288708e-01 4.2754687255e-01 1.0000000000e-03
1.5900000000e+02 2.0208682865e-02 2.2799400613e-02 1.6733871773e-02 5.7287900646e-01 4.2712075192e-01 1.0000000000e-03
1.6000000000e+02 2.0104931667e-02 2.2629829124e-02 1.6715239733e-02 5.7310739446e-01 4.2689236266e-01 1.0000000000e-03
1.6100000000e+02 1.9999586046e-02 2.2424822673e-02 1.6744488850e-02 5.7304764073e-01 4.2695211514e-01 1.0000000000e-03
1.6200000000e+02 1.9893590361e-02 2.2208321840e-02 1.6791377217e-02 5.7268771645e-01 4.2731203820e-01 1.0000000000e-03
1.6300000000e+02 1.9787402824e-02 2.2006863728e-02 1.6820024699e-02 5.7209837226e-01 4.2790138117e-01 1.0000000000e-03
1.6400000000e+02 1.9681097940e-02 2.1844219416e-02 1.6797056422e-02 5.7141931278e-01 4.2858043942e-01 1.0000000000e-03
1.6500000000e+02 1.9574776292e-02 2.1731998771e-02 1.6705680639e-02 5.7081563629e-01 4.2918411468e-01 1.0000000000e-03
1.6600000000e+02 1.9469240680e-02 2.1664751694e-02 1.6553921625e-02 5.7042035751e-01 4.2957939219e-01 1.0000000000e-03
1.6700000000e+02 1.9365483895e-02 2.1624218673e-02 1.6367733479e-02 5.7029619978e-01 4.2970354864e-01 1.0000000000e-03
1.6800000000e+02 1.9263863564e-02 2.1587075666e-02 1.6178896651e-02 5.7042668617e-01 4.2957306092e-01 1.0000000000e-03
1.6900000000e+02 1.9163571298e-02 2.1529184654e-02 1.6018511727e-02 5.7072223267e-01 4.2927751308e-01 1.0000000000e-03
1.7000000000e+02 1.9063202664e-02 2.1431170404e-02 1.5910906717e-02 5.7104147318e-01 4.2895827122e-01 1.0000000000e-03
1.7100000000e+02 1.8961716443e-02 2.1287159994e-02 1.5863560140e-02 5.7123676498e-01 4.2876297806e-01 1.0000000000e-03
1.7200000000e+02 1.8859084696e-02 2.1108483896e-02 1.5862599015e-02 5.7120765138e-01 4.2879209031e-01 1.0000000000e-03
1.7300000000e+02 1.8755819649e-02 2.0916759968e-02 1.5880430117e-02 5.7093023280e-01 4.2906950755e-01 1.0000000000e-03
1.7400000000e+02 1.8652323633e-02 2.0734738559e-02 1.5886779875e-02 5.7045619689e-01 4.2954354212e-01 1.0000000000e-03
1.7500000000e+02 1.8548617139e-02 2.0581196994e-02 1.5855425969e-02 5.6989548077e-01 4.3010425689e-01 1.0000000000e-03
1.7600000000e+02 1.8444932997e-02 2.0466869697e-02 1.5771424398e-02 5.6938448545e-01 4.3061525085e-01 1.0000000000e-03
1.7700000000e+02 1.8341917545e-02 2.0388990641e-02 1.5638992190e-02 5.6903811723e-01 4.3096161768e-01 1.0000000000e-03
1.7800000000e+02 1.8240369856e-02 2.0331172273e-02 1.5481192619e-02 5.6890566550e-01 4.3109406800e-01 1.0000000000e-03
1.7900000000e+02 1.8140368164e-02 2.0271103829e-02 1.5327895060e-02 5.6895798714e-01 4.3104174491e-01 1.0000000000e-03
1.8000000000e+02 1.8041130155e-02 2.0189065486e-02 1.5204262920e-02 5.6910418106e-01 4.3089554954e-01 1.0000000000e-03
1.8100000000e+02 1.7941566184e-02 2.0072562620e-02 1.5125730075e-02 5.6922083836e-01 4.3077889076e-01 1.0000000000e-03
1.8200000000e+02 1.7841130495e-02 1.9920744002e-02 1.5093512833e-02 5.6919197493e-01 4.3080775273e-01 1.0000000000e-03
1.8300000000e+02 1.7740033567e-02 1.9746821374e-02 1.5091203153e-02 5.6895456687e-01 4.3104515932e-01 1.0000000000e-03
1.8400000000e+02 1.7638770863e-02 1.9572593272e-02 1.5090725385e-02 5.6852395078e-01 4.3147577394e-01 1.0000000000e-03
1.8500000000e+02 1.7537578940e-02 1.9418081269e-02 1.5065247193e-02 5.6798304448e-01 4.3201667877e-01 1.0000000000e-03
1.8600000000e+02 1.7436519265e-02 1.9295115024e-02 1.4998293482e-02 5.6744951580e-01 4.3255020596e-01 1.0000000000e-03
1.8700000000e+02 1.7335966229e-02 1.9205372781e-02 1.4887682162e-02 5.6703676202e-01 4.3296295823e-01 1.0000000000e-03
1.8800000000e+02 1.7236530781e-02 1.9138639793e-02 1.4747689478e-02 5.6681200979e-01 4.3318770893e-01 1.0000000000e-03
1.8900000000e+02 1.7138499767e-02 1.9074771553e-02 1.4605442993e-02 5.6676573868e-01 4.3323397847e-01 1.0000000000e-03
1.9000000000e+02 1.7041370273e-02 1.8992787227e-02 1.4487966895e-02 5.6681662527e-01 4.3318309030e-01 1.0000000000e-03
1.9100000000e+02 1.6944214702e-02 1.8880018964e-02 1.4410926960e-02 5.6684711906e-01 4.3315259492e-01 1.0000000000e-03
1.9200000000e+02 1.6846463084e-02 1.8735421821e-02 1.4375499450e-02 5.6674620321e-01 4.3325350917e-01 1.0000000000e-03
1.9300000000e+02 1.6748202965e-02 1.8569905311e-02 1.4368089847e-02 5.6644993738e-01 4.3354977340e-01 1.0000000000e-03
1.9400000000e+02 1.6649864614e-02 1.8403656781e-02 1.4362940565e-02 5.6597083408e-01 4.3402887511e-01 1.0000000000e-03
1.9500000000e+02 1.6551701352e-02 1.8257407472e-02 1.4332688414e-02 5.6539507056e-01 4.3460463702e-01 1.0000000000e-03
1.9600000000e+02 1.6453860328e-02 1.8142867833e-02 1.4261487871e-02 5.6484452499e-01 4.3515518097e-01 1.0000000000e-03
1.9700000000e+02 1.6356704757e-02 1.8059445545e-02 1.4150246046e-02 5.6442841418e-01 4.3557129014e-01 1.0000000000e-03
1.9800000000e+02 1.6260735691e-02 1.7995376140e-02 1.4014997520e-02 5.6420288128e-01 4.3579682137e-01 1.0000000000e-03
1.9900000000e+02 1.6166063026e-02 1.7930544913e-02 1.3882230967e-02 5.6414529267e-01 4.3585440828e-01 1.0000000000e-03
2.0000000000e+02 1.6072139144e-02 1.7844375223e-02 1.3778131455e-02 5.6416009635e-01 4.3583960288e-01 1.0000000000e-03
2.0100000000e+02 1.5978138894e-02 1.7726240680e-02 1.3715720735e-02 5.6412172425e-01 4.3587797325e-01 1.0000000000e-03
2.0200000000e+02 1.5883712098e-02 1.7579426989e-02 1.3690833934e-02 5.6392725148e-01 4.3607244429e-01 1.0000000000e-03
2.0300000000e+02 1.5789093450e-02 1.7418628559e-02 1.3685142621e-02 5.6353616954e-01 4.3646352451e-01 1.0000000000e-03
2.0400000000e+02 1.5694631264e-02 1.7264859751e-02 1.3671754859e-02 5.6298973895e-01 4.3700995337e-01 1.0000000000e-03
2.0500000000e+02 1.5600507148e-02 1.7136763781e-02 1.3626159169e-02 5.6239664917e-01 4.3760304141e-01 1.0000000000e-03
2.0600000000e+02 1.5506936237e-02 1.7041319981e-02 1.3539103791e-02 5.6188320484e-01 4.3811648398e-01 1.0000000000e-03
2.0700000000e+02 1.5414373949e-02 1.6971692443e-02 1.3419926167e-02 5.6153819786e-01 4.3846148917e-01 1.0000000000e-03
2.0800000000e+02 1.5323129483e-02 1.6910940409e-02 1.3290955685e-02 5.6137733546e-01 4.3862234976e-01 1.0000000000e-03
2.0900000000e+02 1.5232946724e-02 1.6837894917e-02 1.3179202564e-02 5.6133393055e-01 4.3866575283e-01 1.0000000000e-03
2.1000000000e+02 1.5143077821e-02 1.6736676916e-02 1.3104245998e-02 5.6128684339e-01 4.3871283814e-01 1.0000000000e-03
2.1100000000e+02 1.5053058043e-02 1.6605382785e-02 1.3068393804e-02 5.6111792925e-01 4.3888175043e-01 1.0000000000e-03
2.1200000000e+02 1.4962933958e-02 1.6456067562e-02 1.3056678697e-02 5.6076530506e-01 4.3923437276e-01 1.0000000000e-03
2.1300000000e+02 1.4873038977e-02 1.6308477148e-02 1.3044280000e-02 5.6024904615e-01 4.3975062982e-01 1.0000000000e-03
2.1400000000e+02 1.4783557504e-02 1.6182044521e-02 1.3006095774e-02 5.5966460062e-01 4.4033507350e-01 1.0000000000e-03
2.1500000000e+02 1.4694681391e-02 1.6086526215e-02 1.2929433957e-02 5.5913838991e-01 4.4086128234e-01 1.0000000000e-03
2.1600000000e+02 1.4606794342e-02 1.6016820446e-02 1.2821192853e-02 5.5876518309e-01 4.4123448725e-01 1.0000000000e-03
2.1700000000e+02 1.4520197175e-02 1.5956496820e-02 1.2702799402e-02 5.5856515847e-01 4.4143450995e-01 1.0000000000e-03
2.1800000000e+02 1.4434656128e-02 1.5885146335e-02 1.2599972077e-02 5.5847509768e-01 4.4152456879e-01 1.0000000000e-03
2.1900000000e+02 1.4349536970e-02 1.5787500888e-02 1.2531424873e-02 5.5837650808e-01 4.4162315643e-01 1.0000000000e-03
2.2000000000e+02 1.4264436439e-02 1.5662303194e-02 1.2498604134e-02 5.5815601992e-01 4.4184364263e-01 1.0000000000e-03
2.2100000000e+02 1.4179479331e-02 1.5522675589e-02 1.2485410087e-02 5.5776252077e-01 4.4223713982e-01 1.0000000000e-03
2.2200000000e+02 1.4094918966e-02 1.5388498083e-02 1.2466946617e-02 5.5723037886e-01 4.4276927977e-01 1.0000000000e-03
2.2300000000e+02 1.4010916464e-02 1.5277203172e-02 1.2420949526e-02 5.5666335742e-01 4.4333629925e-01 1.0000000000e-03
2.2400000000e+02 1.3927692547e-02 1.5195022337e-02 1.2339513749e-02 5.5618232341e-01 4.4381733127e-01 1.0000000000e-03
2.2500000000e+02 1.3845602050e-02 1.5133068897e-02 1.2234290130e-02 5.5586012219e-01 4.4413953048e-01 1.0000000000e-03
2.2600000000e+02 1.3764780946e-02 1.5072750859e-02 1.2128969654e-02 5.5568510984e-01 4.4431454080e-01 1.0000000000e-03
2.2700000000e+02 1.3684823178e-02 1.4995085075e-02 1.2046923861e-02 5.5556765490e-01 4.4443199370e-01 1.0000000000e-03
2.2800000000e+02 1.3605191372e-02 1.4890374616e-02 1.1999827810e-02 5.5538558999e-01 4.4461405656e-01 1.0000000000e-03
2.2900000000e+02 1.3525765389e-02 1.4764592983e-02 1.1980394833e-02 5.5505209433e-01 4.4494755018e-01 1.0000000000e-03
2.3000000000e+02 1.3446761295e-02 1.4635545202e-02 1.1966749094e-02 5.5456296560e-01 4.4543667686e-01 1.0000000000e-03
2.3100000000e+02 1.3368364424e-02 1.4522640966e-02 1.1934599839e-02 5.5399763664e-01 4.4600200378e-01 1.0000000000e-03
2.3200000000e+02 1.3290718198e-02 1.4437220991e-02 1.1869601905e-02 5.5347799118e-01 4.4652164718e-01 1.0000000000e-03
2.3300000000e+02 1.3214137405e-02 1.4375575818e-02 1.1776714586e-02 5.5309887779e-01 4.4690075851e-01 1.0000000000e-03
2.3400000000e+02 1.3138836250e-02 1.4321056195e-02 1.1677022092e-02 5.5287402563e-01 4.4712560856e-01 1.0000000000e-03
2.3500000000e+02 1.3064567000e-02 1.4253709465e-02 1.1595054530e-02 5.5272931366e-01 4.4727031843e-01 1.0000000000e-03
2.3600000000e+02 1.2990829535e-02 1.4160893857e-02 1.1545985937e-02 5.5254236885e-01 4.4745726113e-01 1.0000000000e-03
2.3700000000e+02 1.2917395681e-02 1.4045547694e-02 1.1526157148e-02 5.5221423990e-01 4.4778538798e-01 1.0000000000e-03
2.3800000000e+02 1.2844471261e-02 1.3924435712e-02 1.1515275575e-02 5.5172783268e-01 4.4827179310e-01 1.0000000000e-03
2.3900000000e+02 1.2772222050e-02 1.3817726634e-02 1.1488402262e-02 5.5115732078e-01 4.4884230290e-01 1.0000000000e-03
2.4000000000e+02 1.2700762600e-02 1.3737907633e-02 1.1429935694e-02 5.5062672735e-01 4.4937289423e-01 1.0000000000e-03
2.4100000000e+02 1.2630390935e-02 1.3681910932e-02 1.1343988590e-02 5.5023503838e-01 4.4976458109e-01 1.0000000000e-03
2.4200000000e+02 1.2561280280e-02 1.3632840477e-02 1.1251625605e-02 5.4999605334e-01 4.5000356399e-01 1.0000000000e-03
2.4300000000e+02 1.2493210845e-02 1.3570275158e-02 1.1177711189e-02 5.4983028170e-01 4.5016933350e-01 1.0000000000e-03
2.4400000000e+02 1.2425712310e-02 1.3482126407e-02 1.1136576533e-02 5.4961098728e-01 4.5038862578e-01 1.0000000000e-03
2.4500000000e+02 1.2358609587e-02 1.3373064809e-02 1.1122514494e-02 5.4924365498e-01 4.5075595595e-01 1.0000000000e-03
2.4600000000e+02 1.2292125262e-02 1.3261292130e-02 1.1113684624e-02 5.4872462009e-01 4.5127498872e-01 1.0000000000e-03
2.4700000000e+02 1.2226382270e-02 1.3166956604e-02 1.1085387319e-02 5.4814361632e-01 4.5185599037e-01 1.0000000000e-03
2.4800000000e+02 1.2161508203e-02 1.3100073673e-02 1.1025314219e-02 5.4762918264e-01 4.5237042193e-01 1.0000000000e-03
2.4900000000e+02 1.2097769417e-02 1.3053546660e-02 1.0942437686e-02 5.4726512142e-01 4.5273448103e-01 1.0000000000e-03
2.5000000000e+02 1.2035251595e-02 1.3008056208e-02 1.0860417038e-02 5.4703748997e-01 4.5296211033e-01 1.0000000000e-03
2.5100000000e+02 1.1973619461e-02 1.2943982147e-02 1.0802655481e-02 5.4684241247e-01 4.5315718569e-01 1.0000000000e-03
2.5200000000e+02 1.1912489310e-02 1.2854433618e-02 1.0777142830e-02 5.4655330735e-01 4.5344628868e-01 1.0000000000e-03
2.5300000000e+02 1.1851886287e-02 1.2750278227e-02 1.0770992376e-02 5.4610539178e-01 4.5389420213e-01 1.0000000000e-03
2.5400000000e+02 1.1791987345e-02 1.2652307749e-02 1.0759266093e-02 5.4553779063e-01 4.5446180117e-01 1.0000000000e-03
2.5500000000e+02 1.1732891202e-02 1.2578032911e-02 1.0720711201e-02 5.4496987215e-01 4.5502971756e-01 1.0000000000e-03
2.5600000000e+02 1.1674756184e-02 1.2529153377e-02 1.0653350502e-02 5.4451859129e-01 4.5548099631e-01 1.0000000000e-03
2.5700000000e+02 1.1617800221e-02 1.2491266243e-02 1.0574852116e-02 5.4422088429e-01 4.5577870119e-01 1.0000000000e-03
2.5800000000e+02 1.1561878026e-02 1.2442531995e-02 1.0511260480e-02 5.4400564028e-01 4.5599394309e-01 1.0000000000e-03
2.5900000000e+02 1.1506570503e-02 1.2369639240e-02 1.0478015058e-02 5.4374469892e-01 4.5625488234e-01 1.0000000000e-03
2.6000000000e+02 1.1451765895e-02 1.2276633643e-02 1.0470333509e-02 5.4334062501e-01 4.5665895417e-01 1.0000000000e-03
2.6100000000e+02 1.1397608556e-02 1.2182758190e-02 1.0465476662e-02 5.4279774266e-01 4.5720183444e-01 1.0000000000e-03
2.6200000000e+02 1.1344207451e-02 1.2108012103e-02 1.0439532809e-02 5.4221785803e-01 4.5778171701e-01 1.0000000000e-03
2.6300000000e+02 1.1291671544e-02 1.2059703469e-02 1.0383776389e-02 5.4172970967e-01 4.5826986332e-01 1.0000000000e-03
2.6400000000e+02 1.1240210384e-02 1.2026366778e-02 1.0312147439e-02 5.4139362900e-01 4.5860594192e-01 1.0000000000e-03
2.6500000000e+02 1.1189786717e-02 1.1986777186e-02 1.0249818675e-02 5.4115987230e-01 4.5883969656e-01 1.0000000000e-03
2.6600000000e+02 1.1140014976e-02 1.1924183927e-02 1.0216132738e-02 5.4090119308e-01 4.5909837372e-01 1.0000000000e-03
2.6700000000e+02 1.1090712622e-02 1.1840589345e-02 1.0208617896e-02 5.4051179800e-01 4.5948776677e-01 1.0000000000e-03
2.6800000000e+02 1.1042028666e-02 1.1753037572e-02 1.0207443498e-02 5.3997962893e-01 4.6001993383e-01 1.0000000000e-03
2.6900000000e+02 1.0994048789e-02 1.1684173718e-02 1.0185841471e-02 5.3940718163e-01 4.6059237913e-01 1.0000000000e-03
2.7000000000e+02 1.0946866125e-02 1.1639760807e-02 1.0137015954e-02 5.3891677703e-01 4.6108278173e-01 1.0000000000e-03
2.7100000000e+02 1.0900679976e-02 1.1613397859e-02 1.0068765841e-02 5.3858706235e-01 4.6141249442e-01 1.0000000000e-03
2.7200000000e+02 1.0855443776e-02 1.1575644836e-02 1.0015626438e-02 5.3834094486e-01 4.6165860991e-01 1.0000000000e-03
2.7300000000e+02 1.0810838081e-02 1.1523596011e-02 9.9805230275e-03 5.3809467991e-01 4.6190487289e-01 1.0000000000e-03
2.7400000000e+02 1.0766796768e-02 1.1435613036e-02 9.9890269339e-03 5.3766117396e-01 4.6233837688e-01 1.0000000000e-03
2.7500000000e+02 1.0723853484e-02 1.1375636794e-02 9.9673159420e-03 5.3719429592e-01 4.6280525298e-01 1.0000000000e-03
2.7600000000e+02 1.0683307424e-02 1.1281858198e-02 9.9904686213e-03 5.3651021592e-01 4.6348933108e-01 1.0000000000e-03
2.7700000000e+02 1.0650690645e-02 1.1326303706e-02 9.8693221807e-03 5.3629615544e-01 4.6370338969e-01 1.0000000000e-03
2.7800000000e+02 1.0647379793e-02 1.1199101806e-02 1.0011422448e-02 5.3546625569e-01 4.6453328777e-01 1.0000000000e-03
2.7900000000e+02 1.0762082413e-02 1.1588317342e-02 9.8073361441e-03 5.3608162117e-01 4.6391792121e-01 1.0000000000e-03
2.8000000000e+02 1.1335320771e-02 1.1535190977e-02 1.1106831022e-02 5.3341937671e-01 4.6658016727e-01 1.0000000000e-03
2.8100000000e+02 1.3316007331e-02 1.4345855452e-02 1.2134695426e-02 5.3425248283e-01 4.6574706898e-01 1.0000000000e-03
2.8200000000e+02 1.7239885405e-02 1.6000581905e-02 1.8620928749e-02 5.2704294548e-01 4.7295662227e-01 1.0000000000e-03
2.8300000000e+02 1.8459575251e-02 1.8694458529e-02 1.8199972808e-02 5.2500877318e-01 4.7499081069e-01 1.0000000000e-03
2.8400000000e+02 1.3754101470e-02 1.3035440817e-02 1.4532018453e-02 5.1979348704e-01 4.8020610217e-01 1.0000000000e-03
2.8500000000e+02 1.1942815967e-02 1.2419433333e-02 1.1426705867e-02 5.1989564311e-01 4.8010394525e-01 1.0000000000e-03
2.8600000000e+02 1.3456492685e-02 1.4856207184e-02 1.1919402517e-02 5.2339016226e-01 4.7660942991e-01 1.0000000000e-03
2.8700000000e+02 1.3286849484e-02 1.3010119088e-02 1.3586613350e-02 5.1996735868e-01 4.8003223667e-01 1.0000000000e-03
2.8800000000e+02 1.2927003205e-02 1.3194951229e-02 1.2637840584e-02 5.1904890431e-01 4.8095069279e-01 1.0000000000e-03
2.8900000000e+02 1.1351063848e-02 1.2566442601e-02 1.0019650683e-02 5.2278195392e-01 4.7721763920e-01 1.0000000000e-03
2.9000000000e+02 1.1923780665e-02 1.1937136762e-02 1.1909289286e-02 5.2056212674e-01 4.7943746514e-01 1.0000000000e-03
2.9100000000e+02 1.3012224808e-02 1.3032684103e-02 1.2990196235e-02 5.1858753041e-01 4.8141206385e-01 1.0000000000e-03
2.9200000000e+02 1.0424042121e-02 1.1312250048e-02 9.4572100788e-03 5.2119453879e-01 4.7880504789e-01 1.0000000000e-03
2.9300000000e+02 1.1506857350e-02 1.2049991637e-02 1.0914814658e-02 5.2154661999e-01 4.7845296448e-01 1.0000000000e-03
2.9400000000e+02 1.2095587328e-02 1.2516382150e-02 1.1637520045e-02 5.2121123285e-01 4.7878835177e-01 1.0000000000e-03
2.9500000000e+02 1.0291256942e-02 1.1072590016e-02 9.4342930242e-03 5.2308458837e-01 4.7691498903e-01 1.0000000000e-03
2.9600000000e+02 1.1285763234e-02 1.2073944323e-02 1.0416506790e-02 5.2446086397e-01 4.7553871122e-01 1.0000000000e-03
2.9700000000e+02 1.1005063541e-02 1.1601925828e-02 1.0345709510e-02 5.2487660238e-01 4.7512296973e-01 1.0000000000e-03
2.9800000000e+02 1.0694559664e-02 1.1066180654e-02 1.0285115801e-02 5.2421799850e-01 4.7578156957e-01 1.0000000000e-03
2.9900000000e+02 1.0667001829e-02 1.1371193454e-02 9.8878042772e-03 5.2528502370e-01 4.7471454052e-01 1.0000000000e-03
3.0000000000e+02 1.0532705113e-02 1.1351717636e-02 9.6206264570e-03 5.2688357634e-01 4.7311598378e-01 1.0000000000e-03
3.0100000000e+02 1.0856051929e-02 1.1187956668e-02 1.0488026775e-02 5.2580972347e-01 4.7418983450e-01 1.0000000000e-03
3.0200000000e+02 1.0064221919e-02 1.0849598795e-02 9.1878725216e-03 5.2737527095e-01 4.7262428131e-01 1.0000000000e-03
3.0300000000e+02 1.0533168912e-02 1.1486851610e-02 9.4600096345e-03 5.2947577421e-01 4.7052377509e-01 1.0000000000e-03
3.0400000000e+02 1.0518597439e-02 1.0830599815e-02 1.0169445537e-02 5.2810234568e-01 4.7189720107e-01 1.0000000000e-03
3.0500000000e+02 9.9380705506e-03 1.0487023741e-02 9.3234321102e-03 5.2822889624e-01 4.7177064536e-01 1.0000000000e-03
3.0600000000e+02 1.0406083427e-02 1.1166587472e-02 9.5508908853e-03 5.2930533688e-01 4.7069420229e-01 1.0000000000e-03
3.0700000000e+02 1.0139818303e-02 1.0438399389e-02 9.8059056327e-03 5.2793693003e-01 4.7206260583e-01 1.0000000000e-03
3.0800000000e+02 1.0071251541e-02 1.0544639081e-02 9.5424763858e-03 5.2763775198e-01 4.7236178051e-01 1.0000000000e-03
3.0900000000e+02 1.0055455379e-02 1.0826506652e-02 9.1895945370e-03 5.2896293816e-01 4.7103659111e-01 1.0000000000e-03
3.1000000000e+02 1.0016746819e-02 1.0478871875e-02 9.4987237826e-03 5.2851973635e-01 4.7147978995e-01 1.0000000000e-03
3.1100000000e+02 1.0072899051e-02 1.0558910668e-02 9.5287272707e-03 5.2823195888e-01 4.7176756500e-01 1.0000000000e-03
3.1200000000e+02 9.7840838134e-03 1.0365492664e-02 9.1322110966e-03 5.2857136857e-01 4.7142815163e-01 1.0000000000e-03
3.1300000000e+02 9.9843554199e-03 1.0375516489e-02 9.5471572131e-03 5.2779314159e-01 4.7220637640e-01 1.0000000000e-03
3.1400000000e+02 9.9153816700e-03 1.0313094594e-02 9.4720255584e-03 5.2713931012e-01 4.7286020553e-01 1.0000000000e-03
3.1500000000e+02 9.7173117101e-03 1.0145863518e-02 9.2403022572e-03 5.2676093841e-01 4.7323857409e-01 1.0000000000e-03
3.1600000000e+02 9.8648425192e-03 1.0378957726e-02 9.2923948541e-03 5.2684660768e-01 4.7315290273e-01 1.0000000000e-03
3.1700000000e+02 9.7621390596e-03 1.0354602709e-02 9.1010294855e-03 5.2738353994e-01 4.7261596804e-01 1.0000000000e-03
3.1800000000e+02 9.7373584285e-03 1.0182612576e-02 9.2411441728e-03 5.2706865616e-01 4.7293084954e-01 1.0000000000e-03
3.1900000000e+02 9.6973963082e-03 1.0241918266e-02 9.0898871422e-03 5.2734138946e-01 4.7265811394e-01 1.0000000000e-03
3.2000000000e+02 9.6662528813e-03 1.0186576284e-02 9.0854577720e-03 5.2746400122e-01 4.7253549994e-01 1.0000000000e-03
3.2100000000e+02 9.7136404365e-03 9.9558159709e-03 9.4448681921e-03 5.2603440393e-01 4.7396509558e-01 1.0000000000e-03
3.2200000000e+02 9.5787132159e-03 1.0000828654e-02 9.1107506305e-03 5.2575957161e-01 4.7423992562e-01 1.0000000000e-03
3.2300000000e+02 9.5955431461e-03 1.0095589794e-02 9.0407831594e-03 5.2593961238e-01 4.7405988287e-01 1.0000000000e-03
3.2400000000e+02 9.6238041297e-03 9.9691646174e-03 9.2417327687e-03 5.2523890333e-01 4.7476059035e-01 1.0000000000e-03
3.2500000000e+02 9.5300432295e-03 1.0072872974e-02 8.9283315465e-03 5.2572674529e-01 4.7427274639e-01 1.0000000000e-03
3.2600000000e+02 9.5356330276e-03 1.0085184127e-02 8.9253019542e-03 5.2620468072e-01 4.7379480919e-01 1.0000000000e-03
3.2700000000e+02 9.5096640289e-03 9.8746484146e-03 9.1052819043e-03 5.2561097484e-01 4.7438851339e-01 1.0000000000e-03
3.2800000000e+02 9.4952266663e-03 9.8830303177e-03 9.0662585571e-03 5.2520500132e-01 4.7479448532e-01 1.0000000000e-03
3.2900000000e+02 9.4841057435e-03 9.8250061274e-03 9.1079678386e-03 5.2457809675e-01 4.7542138841e-01 1.0000000000e-03
3.3000000000e+02 9.4200121239e-03 9.7469938919e-03 9.0601453558e-03 5.2394629092e-01 4.7605319255e-01 1.0000000000e-03
3.3100000000e+02 9.4349393621e-03 9.8216515034e-03 9.0097403154e-03 5.2370737279e-01 4.7629210923e-01 1.0000000000e-03
3.3200000000e+02 9.4267800450e-03 9.8541649058e-03 8.9568309486e-03 5.2372173912e-01 4.7627774154e-01 1.0000000000e-03
3.3300000000e+02 9.3749174848e-03 9.8756533116e-03 8.8233361021e-03 5.2416337140e-01 4.7583610771e-01 1.0000000000e-03
3.3400000000e+02 9.3712322414e-03 9.7828852013e-03 8.9179696515e-03 5.2405950900e-01 4.7593996873e-01 1.0000000000e-03
3.3500000000e+02 9.3518579379e-03 9.7282705829e-03 8.9378785342e-03 5.2377071044e-01 4.7622876594e-01 1.0000000000e-03
3.3600000000e+02 9.3359462917e-03 9.7181098536e-03 8.9160213247e-03 5.2354581405e-01 4.7645366102e-01 1.0000000000e-03
3.3700000000e+02 9.3250023201e-03 9.5841176808e-03 9.0413093567e-03 5.2264837516e-01 4.7735109872e-01 1.0000000000e-03
3.3800000000e+02 9.2866234481e-03 9.6473265439e-03 8.8920630515e-03 5.2242042533e-01 4.7757904722e-01 1.0000000000e-03
3.3900000000e+02 9.2792743817e-03 9.7153317183e-03 8.8018551469e-03 5.2264491857e-01 4.7735455272e-01 1.0000000000e-03
3.4000000000e+02 9.2754326761e-03 9.6497191116e-03 8.8658891618e-03 5.2249707207e-01 4.7750239808e-01 1.0000000000e-03
3.4100000000e+02 9.2462431639e-03 9.7023127601e-03 8.7465280667e-03 5.2283770153e-01 4.7716176741e-01 1.0000000000e-03
3.4200000000e+02 9.2317266390e-03 9.6247736365e-03 8.8011501357e-03 5.2278886153e-01 4.7721060624e-01 1.0000000000e-03
3.4300000000e+02 9.2151947320e-03 9.5193544403e-03 8.8827284053e-03 5.2223971351e-01 4.7775975314e-01 1.0000000000e-03
3.4400000000e+02 9.1975145042e-03 9.5192352310e-03 8.8464049622e-03 5.2184747766e-01 4.7815198788e-01 1.0000000000e-03
3.4500000000e+02 9.1915195808e-03 9.5003256574e-03 8.8550802320e-03 5.2142034582e-01 4.7857911868e-01 1.0000000000e-03
3.4600000000e+02 9.1707855463e-03 9.5304436982e-03 8.7790833786e-03 5.2133011166e-01 4.7866935177e-01 1.0000000000e-03
3.4700000000e+02 9.1497255489e-03 9.5360092819e-03 8.7288962677e-03 5.2140653588e-01 4.7859292646e-01 1.0000000000e-03
3.4800000000e+02 9.1413147748e-03 9.5511497930e-03 8.6944568902e-03 5.2161352260e-01 4.7838593870e-01 1.0000000000e-03
3.4900000000e+02 9.1265663505e-03 9.4982432202e-03 8.7213609368e-03 5.2158413723e-01 4.7841532305e-01 1.0000000000e-03
3.5000000000e+02 9.1119948775e-03 9.4044907019e-03 8.7937293574e-03 5.2110377501e-01 4.7889568430e-01 1.0000000000e-03
3.5100000000e+02 9.1000031680e-03 9.4188740477e-03 8.7534263730e-03 5.2082430854e-01 4.7917514980e-01 1.0000000000e-03
3.5200000000e+02 9.0813599527e-03 9.3604782596e-03 8.7785720825e-03 5.2034586424e-01 4.7965359314e-01 1.0000000000e-03
3.5300000000e+02 9.0664057061e-03 9.3901949003e-03 8.7153986096e-03 5.2017475144e-01 4.7982470497e-01 1.0000000000e-03
3.5400000000e+02 9.0575432405e-03 9.4531178474e-03 8.6282612756e-03 5.2043820329e-01 4.7956125217e-01 1.0000000000e-03
3.5500000000e+02 9.0440260246e-03 9.3990312889e-03 8.6587620899e-03 5.2044407634e-01 4.7955537820e-01 1.0000000000e-03
3.5600000000e+02 9.0299518779e-03 9.3897515908e-03 8.6394278333e-03 5.2048049924e-01 4.7951895438e-01 1.0000000000e-03
3.5700000000e+02 9.0179629624e-03 9.3218060210e-03 8.6885588244e-03 5.2019042826e-01 4.7980902447e-01 1.0000000000e-03
3.5800000000e+02 9.0024862438e-03 9.2713125050e-03 8.7115857750e-03 5.1972763185e-01 4.8027182000e-01 1.0000000000e-03
3.5900000000e+02 8.9891729876e-03 9.2652598396e-03 8.6908619851e-03 5.1935428846e-01 4.8064516252e-01 1.0000000000e-03
3.6000000000e+02 8.9791119099e-03 9.2918211594e-03 8.6413938552e-03 5.1923230172e-01 4.8076714840e-01 1.0000000000e-03
3.6100000000e+02 8.9667942375e-03 9.3211643398e-03 8.5838735104e-03 5.1936793460e-01 4.8063151466e-01 1.0000000000e-03
3.6200000000e+02 8.9546814561e-03 9.2982836068e-03 8.5833044723e-03 5.1943031686e-01 4.8056913155e-01 1.0000000000e-03
3.6300000000e+02 8.9432671666e-03 9.2931445688e-03 8.5649620742e-03 5.1952605698e-01 4.8047339059e-01 1.0000000000e-03
3.6400000000e+02 8.9302612469e-03 9.2018600553e-03 8.6370315403e-03 5.1915656029e-01 4.8084288647e-01 1.0000000000e-03
3.6500000000e+02 8.9173577726e-03 9.1724265367e-03 8.6424471810e-03 5.1872833848e-01 4.8127110746e-01 1.0000000000e-03
3.6600000000e+02 8.9065032080e-03 9.1724218801e-03 8.6202677339e-03 5.1840710770e-01 4.8159233745e-01 1.0000000000e-03
3.6700000000e+02 8.8952593505e-03 9.1758510098e-03 8.5934717208e-03 5.1820508899e-01 4.8179435537e-01 1.0000000000e-03
3.6800000000e+02 8.8839940727e-03 9.2216031626e-03 8.5206544027e-03 5.1835991599e-01 4.8163952757e-01 1.0000000000e-03
3.6900000000e+02 8.8740196079e-03 9.2063117772e-03 8.5162455216e-03 5.1847075366e-01 4.8152868912e-01 1.0000000000e-03
3.7000000000e+02 8.8630905375e-03 9.1766044497e-03 8.5255457088e-03 5.1846257461e-01 4.8153686740e-01 1.0000000000e-03
3.7100000000e+02 8.8516501710e-03 9.1101005673e-03 8.5737593472e-03 5.1813275903e-01 4.8186668223e-01 1.0000000000e-03
3.7200000000e+02 8.8406689465e-03 9.0890685096e-03 8.5739642382e-03 5.1777759620e-01 4.8222184432e-01 1.0000000000e-03
3.7300000000e+02 8.8300667703e-03 9.0634170920e-03 8.5799293593e-03 5.1736997762e-01 4.8262946217e-01 1.0000000000e-03
3.7400000000e+02 8.8190436363e-03 9.1061666608e-03 8.5113225505e-03 5.1732117096e-01 4.8267826809e-01 1.0000000000e-03
3.7500000000e+02 8.8087590411e-03 9.1213034466e-03 8.4736477584e-03 5.1742948330e-01 4.8256995501e-01 1.0000000000e-03
3.7600000000e+02 8.7989643216e-03 9.1131404042e-03 8.4619559348e-03 5.1753908270e-01 4.8246035488e-01 1.0000000000e-03
3.7700000000e+02 8.7888296694e-03 9.0823750943e-03 8.4739765152e-03 5.1751784716e-01 4.8248158970e-01 1.0000000000e-03
3.7800000000e+02 8.7786521763e-03 9.0226419270e-03 8.5172820836e-03 5.1720663184e-01 4.8279280432e-01 1.0000000000e-03
3.7900000000e+02 8.7689682841e-03 8.9951520786e-03 8.5270451382e-03 5.1682169347e-01 4.8317774200e-01 1.0000000000e-03
3.8000000000e+02 8.7594743818e-03 8.9949797839e-03 8.5078738630e-03 5.1653099906e-01 4.8346843573e-01 1.0000000000e-03
3.8100000000e+02 8.7498147041e-03 9.0269818902e-03 8.4537183866e-03 5.1651757367e-01 4.8348186044e-01 1.0000000000e-03
3.8200000000e+02 8.7408795953e-03 9.0315695852e-03 8.4302490577e-03 5.1658760198e-01 4.8341183145e-01 1.0000000000e-03
3.8300000000e+02 8.7320599705e-03 9.0417256579e-03 8.4009170532e-03 5.1676571434e-01 4.8323371841e-01 1.0000000000e-03
3.8400000000e+02 8.7233018130e-03 8.9728161693e-03 8.4566920996e-03 5.1656971759e-01 4.8342971451e-01 1.0000000000e-03
3.8500000000e+02 8.7146721780e-03 8.9568030089e-03 8.4561789408e-03 5.1635021870e-01 4.8364921277e-01 1.0000000000e-03
3.8600000000e+02 8.7072029710e-03 8.9043918997e-03 8.4970826283e-03 5.1588549719e-01 4.8411393367e-01 1.0000000000e-03
3.8700000000e+02 8.7003316730e-03 8.9539252222e-03 8.4301950410e-03 5.1580326436e-01 4.8419616589e-01 1.0000000000e-03
3.8800000000e+02 8.6961090565e-03 8.9329639450e-03 8.4439795464e-03 5.1562990031e-01 4.8436952937e-01 1.0000000000e-03
3.8900000000e+02 8.6950939149e-03 9.0193934739e-03 8.3493702114e-03 5.1599569718e-01 4.8400373196e-01 1.0000000000e-03
3.9000000000e+02 8.7021375075e-03 8.9121907949e-03 8.4785260260e-03 5.1564292632e-01 4.8435650239e-01 1.0000000000e-03
3.9100000000e+02 8.7225381285e-03 9.0255783871e-03 8.3996327594e-03 5.1587469591e-01 4.8412473255e-01 1.0000000000e-03
3.9200000000e+02 8.7747620419e-03 8.8506443426e-03 8.6942827329e-03 5.1473280104e-01 4.8526662757e-01 1.0000000000e-03
3.9300000000e+02 8.8884923607e-03 9.1876080260e-03 8.5708918050e-03 5.1499588910e-01 4.8500354034e-01 1.0000000000e-03
3.9400000000e+02 9.1403536499e-03 9.0426588431e-03 9.2432536185e-03 5.1294777775e-01 4.8705165406e-01 1.0000000000e-03
3.9500000000e+02 9.6769705415e-03 9.9896769971e-03 9.3471640721e-03 5.1331434319e-01 4.8668509373e-01 1.0000000000e-03
3.9600000000e+02 1.0788284242e-02 1.0088192299e-02 1.1513140053e-02 5.0868460053e-01 4.9131484640e-01 1.0000000000e-03
3.9700000000e+02 1.2939737178e-02 1.2665946037e-02 1.3221030124e-02 5.0674399155e-01 4.9325547206e-01 1.0000000000e-03
3.9800000000e+02 1.6261223704e-02 1.3678578660e-02 1.8824880943e-02 4.9815303403e-01 5.0184645245e-01 1.0000000000e-03
3.9900000000e+02 1.9648237154e-02 1.7399851233e-02 2.1831842139e-02 4.9268923652e-01 5.0731027582e-01 1.0000000000e-03
4.0000000000e+02 1.0438104160e-02 1.0311085731e-02 1.0561536066e-02 4.9282033981e-01 5.0717917339e-01 1.0000000000e-03
4.0100000000e+02 9.0652611107e-03 9.6501633525e-03 8.4879407659e-03 4.9674209146e-01 5.0325741529e-01 1.0000000000e-03
4.0200000000e+02 1.4091817662e-02 1.3785940595e-02 1.4392843470e-02 4.9599098584e-01 5.0400853474e-01 1.0000000000e-03
4.0300000000e+02 1.8431739882e-02 1.4922196977e-02 2.1764323115e-02 4.8706675332e-01 5.1293278795e-01 1.0000000000e-03
4.0400000000e+02 1.1017829180e-02 1.1061009951e-02 1.0976592079e-02 4.8855158665e-01 5.1144795512e-01 1.0000000000e-03
4.0500000000e+02 8.8363625109e-03 9.6650123596e-03 8.0263093114e-03 4.9432777253e-01 5.0567175853e-01 1.0000000000e-03
4.0600000000e+02 1.3111975044e-02 1.1856812984e-02 1.4318856411e-02 4.9019205445e-01 5.0980748531e-01 1.0000000000e-03
4.0700000000e+02 1.5350261703e-02 1.4342803508e-02 1.6310367733e-02 4.8796343623e-01 5.1203611692e-01 1.0000000000e-03
4.0800000000e+02 1.1232684366e-02 1.0841157287e-02 1.1605070904e-02 4.8746541857e-01 5.1253413472e-01 1.0000000000e-03
4.0900000000e+02 8.5758809000e-03 9.5557840541e-03 7.6178414747e-03 4.9436105008e-01 5.0563848965e-01 1.0000000000e-03
4.1000000000e+02 1.1312108487e-02 1.1579318903e-02 1.1049048975e-02 4.9609661529e-01 5.0390292628e-01 1.0000000000e-03
4.1100000000e+02 1.2409267947e-02 1.1319471523e-02 1.3465417549e-02 4.9215779345e-01 5.0784175361e-01 1.0000000000e-03
4.1200000000e+02 9.5061697066e-03 1.0058901273e-02 8.9626032859e-03 4.9582371941e-01 5.0417582038e-01 1.0000000000e-03
4.1300000000e+02 8.8650155813e-03 9.5694940537e-03 8.1599336118e-03 5.0021651709e-01 4.9978301231e-01 1.0000000000e-03
4.1400000000e+02 1.0985257104e-02 1.0487661697e-02 1.1478777975e-02 4.9793886523e-01 5.0206066571e-01 1.0000000000e-03
4.1500000000e+02 1.0416150093e-02 1.0840871371e-02 9.9911242723e-03 5.0018447772e-01 4.9981505212e-01 1.0000000000e-03
4.1600000000e+02 8.5940053686e-03 9.2970663682e-03 7.8787701204e-03 5.0429475294e-01 4.9570476569e-01 1.0000000000e-03
4.1700000000e+02 9.5487721264e-03 9.6242967993e-03 9.4719575718e-03 5.0426412327e-01 4.9573539114e-01 1.0000000000e-03
4.1800000000e+02 1.0324913077e-02 1.0619481094e-02 1.0024067014e-02 5.0527981718e-01 4.9471969734e-01 1.0000000000e-03
4.1900000000e+02 8.9319134131e-03 9.1488799080e-03 8.7097017094e-03 5.0598140666e-01 4.9401810041e-01 1.0000000000e-03
4.2000000000e+02 8.7857805192e-03 9.0984171256e-03 8.4640299901e-03 5.0718932631e-01 4.9281017312e-01 1.0000000000e-03
4.2100000000e+02 9.7840856761e-03 1.0127557442e-02 9.4290897250e-03 5.0825612247e-01 4.9174337588e-01 1.0000000000e-03
4.2200000000e+02 9.1821365058e-03 9.3210591003e-03 9.0385898948e-03 5.0819974893e-01 4.9179974512e-01 1.0000000000e-03
4.2300000000e+02 8.5361264646e-03 9.0887425467e-03 7.9593677074e-03 5.1069205956e-01 4.8930742643e-01 1.0000000000e-03
4.2400000000e+02 9.2269778252e-03 9.6997423097e-03 8.7304692715e-03 5.1225240158e-01 4.8774708155e-01 1.0000000000e-03
4.2500000000e+02 9.2205628753e-03 9.1732647270e-03 9.2699509114e-03 5.1076501589e-01 4.8923446470e-01 1.0000000000e-03
4.2600000000e+02 8.5408296436e-03 8.9326500893e-03 8.1296805292e-03 5.1204153133e-01 4.8795794260e-01 1.0000000000e-03
4.2700000000e+02 8.8186189532e-03 9.2022372410e-03 8.4144100547e-03 5.1307337897e-01 4.8692609080e-01 1.0000000000e-03
4.2800000000e+02 9.1106165200e-03 9.0559627861e-03 9.1678453609e-03 5.1145904565e-01 4.8854042227e-01 1.0000000000e-03
4.2900000000e+02 8.6315367371e-03 9.0921018273e-03 8.1462822855e-03 5.1305646374e-01 4.8694299938e-01 1.0000000000e-03
4.3000000000e+02 8.5807498544e-03 9.0834768489e-03 8.0474158749e-03 5.1477474141e-01 4.8522471702e-01 1.0000000000e-03
4.3100000000e+02 8.9221913368e-03 9.0192621574e-03 8.8195959106e-03 5.1385687746e-01 4.8614257907e-01 1.0000000000e-03
4.3200000000e+02 8.7087024003e-03 9.0704634786e-03 8.3251697943e-03 5.1461334587e-01 4.8538610753e-01 1.0000000000e-03
4.3300000000e+02 8.4862429649e-03 8.7849134579e-03 8.1691471860e-03 5.1496796535e-01 4.8503148372e-01 1.0000000000e-03
4.3400000000e+02 8.7229907513e-03 8.7516773492e-03 8.6927069351e-03 5.1364016412e-01 4.8635928272e-01 1.0000000000e-03
4.3500000000e+02 8.7291095406e-03 9.0207811445e-03 8.4206480533e-03 5.1399654212e-01 4.8600290270e-01 1.0000000000e-03
4.3600000000e+02 8.4856282920e-03 8.7837195024e-03 8.1698577851e-03 5.1440727679e-01 4.8559216457e-01 1.0000000000e-03
4.3700000000e+02 8.5590304807e-03 8.8087888435e-03 8.2943942398e-03 5.1447031686e-01 4.8552912189e-01 1.0000000000e-03
4.3800000000e+02 8.6817918345e-03 9.0632811189e-03 8.2762399688e-03 5.1529275586e-01 4.8470668135e-01 1.0000000000e-03
4.3900000000e+02 8.5244206712e-03 8.7419096380e-03 8.2934144884e-03 5.1507981826e-01 4.8491961652e-01 1.0000000000e-03
4.4000000000e+02 8.4631163627e-03 8.6558293551e-03 8.2587013021e-03 5.1474573190e-01 4.8525370028e-01 1.0000000000e-03
4.4100000000e+02 8.5878521204e-03 8.8053280488e-03 8.3573246375e-03 5.1457629831e-01 4.8542313239e-01 1.0000000000e-03
4.4200000000e+02 8.5512138903e-03 8.6448090151e-03 8.4523633122e-03 5.1368143870e-01 4.8631799044e-01 1.0000000000e-03
4.4300000000e+02 8.4359943867e-03 8.7109534070e-03 8.1452140585e-03 5.1399140171e-01 4.8600802519e-01 1.0000000000e-03
4.4400000000e+02 8.4888702258e-03 8.8368887082e-03 8.1197684631e-03 5.1470679926e-01 4.8529262598e-01 1.0000000000e-03
4.4500000000e+02 8.5369795561e-03 8.7403431535e-03 8.3215096965e-03 5.1446348665e-01 4.8553593745e-01 1.0000000000e-03
4.4600000000e+02 8.4520457312e-03 8.7660877034e-03 8.1186760217e-03 5.1493425483e-01 4.8506516764e-01 1.0000000000e-03
4.4700000000e+02 8.4242606536e-03 8.6526060477e-03 8.1819565967e-03 5.1483866539e-01 4.8516075542e-01 1.0000000000e-03
4.4800000000e+02 8.4828697145e-03 8.5721667856e-03 8.3884764463e-03 5.1389628843e-01 4.8610313134e-01 1.0000000000e-03
4.4900000000e+02 8.4659457207e-03 8.6859995499e-03 8.2333683968e-03 5.1384424172e-01 4.8615517697e-01 1.0000000000e-03
4.5000000000e+02 8.4068085998e-03 8.6192442104e-03 8.1823607907e-03 5.1375991108e-01 4.8623950622e-01 1.0000000000e-03
4.5100000000e+02 8.4212049842e-03 8.6681265384e-03 8.1601785496e-03 5.1389309658e-01 4.8610631957e-01 1.0000000000e-03
4.5200000000e+02 8.4497071803e-03 8.7956516072e-03 8.0829383805e-03 5.1461504979e-01 4.8538436551e-01 1.0000000000e-03
4.5300000000e+02 8.4161777049e-03 8.6357137188e-03 8.1835407764e-03 5.1449772648e-01 4.8550168782e-01 1.0000000000e-03
4.5400000000e+02 8.3864796907e-03 8.5989246145e-03 8.1614879891e-03 5.1435289296e-01 4.8564652025e-01 1.0000000000e-03
4.5500000000e+02 8.4075145423e-03 8.6068790406e-03 8.1965578720e-03 5.1413851736e-01 4.8586089502e-01 1.0000000000e-03
4.5600000000e+02 8.4142889827e-03 8.5187023506e-03 8.3041517064e-03 5.1336231164e-01 4.8663710006e-01 1.0000000000e-03
4.5700000000e+02 8.3821844310e-03 8.6172241718e-03 8.1341434270e-03 5.1346796411e-01 4.8653144672e-01 1.0000000000e-03
4.5800000000e+02 8.3715301007e-03 8.6474213749e-03 8.0799674615e-03 5.1381731878e-01 4.8618209118e-01 1.0000000000e-03
4.5900000000e+02 8.3883237094e-03 8.6242156103e-03 8.1389676780e-03 5.1388291834e-01 4.8611649097e-01 1.0000000000e-03
4.6000000000e+02 8.3832927048e-03 8.6743189022e-03 8.0751609057e-03 5.1428318247e-01 4.8571622621e-01 1.0000000000e-03
4.6100000000e+02 8.3606857806e-03 8.5505861789e-03 8.1598348916e-03 5.1402401804e-01 4.8597538993e-01 1.0000000000e-03
4.6200000000e+02 8.3569940180e-03 8.5006635636e-03 8.2053570077e-03 5.1350541851e-01 4.8649398880e-01 1.0000000000e-03
4.6300000000e+02 8.3658155054e-03 8.5566462949e-03 8.1645427272e-03 5.1332732119e-01 4.8667208558e-01 1.0000000000e-03
4.6400000000e+02 8.3592263982e-03 8.5256835446e-03 8.1838797778e-03 5.1301733741e-01 4.8698206884e-01 1.0000000000e-03
4.6500000000e+02 8.3430344239e-03 8.5987485945e-03 8.0733634531e-03 5.1329121336e-01 4.8670819229e-01 1.0000000000e-03
4.6600000000e+02 8.3408979699e-03 8.6248414591e-03 8.0409487709e-03 5.1371383116e-01 4.8628557392e-01 1.0000000000e-03
4.6700000000e+02 8.3459215239e-03 8.5598630831e-03 8.1199714914e-03 5.1366105023e-01 4.8633835439e-01 1.0000000000e-03
4.6800000000e+02 8.3394292742e-03 8.5541987792e-03 8.1126419827e-03 5.1361957097e-01 4.8637983319e-01 1.0000000000e-03
4.6900000000e+02 8.3279442042e-03 8.4807612002e-03 8.1668496132e-03 5.1320039600e-01 4.8679900768e-01 1.0000000000e-03
4.7000000000e+02 8.3246435970e-03 8.4745995700e-03 8.1668142229e-03 5.1280508300e-01 4.8719432021e-01 1.0000000000e-03
4.7100000000e+02 8.3264987916e-03 8.5433209315e-03 8.0982381478e-03 5.1286180673e-01 4.8713759607e-01 1.0000000000e-03
4.7200000000e+02 8.3228098229e-03 8.5428468883e-03 8.0910976976e-03 5.1293350878e-01 4.8706589362e-01 1.0000000000e-03
4.7300000000e+02 8.3136800677e-03 8.5765616968e-03 8.0364784226e-03 5.1326560678e-01 4.8673379519e-01 1.0000000000e-03
4.7400000000e+02 8.3094220608e-03 8.5427388549e-03 8.0632818863e-03 5.1338263903e-01 4.8661676253e-01 1.0000000000e-03
4.7500000000e+02 8.3099119365e-03 8.4748454392e-03 8.1361383200e-03 5.1306387198e-01 4.8693552922e-01 1.0000000000e-03
4.7600000000e+02 8.3068478853e-03 8.4723653272e-03 8.1326579675e-03 5.1278035946e-01 4.8721904140e-01 1.0000000000e-03
4.7700000000e+02 8.3001153544e-03 8.4472000599e-03 8.1455530599e-03 5.1241126495e-01 4.8758813555e-01 1.0000000000e-03
4.7800000000e+02 8.2949455827e-03 8.4921941161e-03 8.0876816064e-03 5.1238999762e-01 4.8760940252e-01 1.0000000000e-03
4.7900000000e+02 8.2938149571e-03 8.5388440639e-03 8.0360583961e-03 5.1266767455e-01 4.8733172525e-01 1.0000000000e-03
4.8000000000e+02 8.2924310118e-03 8.5167121142e-03 8.0563845113e-03 5.1278965578e-01 4.8720974369e-01 1.0000000000e-03
4.8100000000e+02 8.2873143256e-03 8.5087912157e-03 8.0541307107e-03 5.1288318424e-01 4.8711621491e-01 1.0000000000e-03
4.8200000000e+02 8.2821808755e-03 8.4427250549e-03 8.1133516505e-03 5.1258955559e-01 4.8740984324e-01 1.0000000000e-03
4.8300000000e+02 8.2793980837e-03 8.4150927141e-03 8.1369429827e-03 5.1217079748e-01 4.8782860105e-01 1.0000000000e-03
4.8400000000e+02 8.2774702460e-03 8.4461187944e-03 8.1005394459e-03 5.1199794411e-01 4.8800145414e-01 1.0000000000e-03
4.8500000000e+02 8.2745281979e-03 8.4591507912e-03 8.0808810890e-03 5.1194161628e-01 4.8805778168e-01 1.0000000000e-03
4.8600000000e+02 8.2701425999e-03 8.5081113502e-03 8.0202585086e-03 5.1222322798e-01 4.8777616969e-01 1.0000000000e-03
4.8700000000e+02 8.2665067166e-03 8.4953326732e-03 8.0260308459e-03 5.1242116187e-01 4.8757823550e-01 1.0000000000e-03
4.8800000000e+02 8.2640834153e-03 8.4483409300e-03 8.0705247819e-03 5.1232260459e-01 4.8767679251e-01 1.0000000000e-03
4.8900000000e+02 8.2617048174e-03 8.4223346785e-03 8.0931261182e-03 5.1208698106e-01 4.8791241578e-01 1.0000000000e-03
4.9000000000e+02 8.2585252821e-03 8.3854496479e-03 8.1255482510e-03 5.1166530758e-01 4.8833408901e-01 1.0000000000e-03
4.9100000000e+02 8.2544479519e-03 8.4173856303e-03 8.0838426948e-03 5.1150940684e-01 4.8848998949e-01 1.0000000000e-03
4.9200000000e+02 8.2513559610e-03 8.4532992914e-03 8.0398200080e-03 5.1161192532e-01 4.8838747074e-01 1.0000000000e-03
4.9300000000e+02 8.2492241636e-03 8.4672691301e-03 8.0206440762e-03 5.1180510304e-01 4.8819429276e-01 1.0000000000e-03
4.9400000000e+02 8.2466918975e-03 8.4664998576e-03 8.0160917714e-03 5.1199087610e-01 4.8800851946e-01 1.0000000000e-03
4.9500000000e+02 8.2436613739e-03 8.4104407579e-03 8.0688102171e-03 5.1182830506e-01 4.8817109026e-01 1.0000000000e-03
4.9600000000e+02 8.2402387634e-03 8.3815557882e-03 8.0922646448e-03 5.1152347662e-01 4.8847591847e-01 1.0000000000e-03
4.9700000000e+02 8.2372222096e-03 8.3731105551e-03 8.0951079726e-03 5.1121515593e-01 4.8878423892e-01 1.0000000000e-03
4.9800000000e+02 8.2346480340e-03 8.3957146853e-03 8.0662807450e-03 5.1109419869e-01 4.8890519593e-01 1.0000000000e-03
4.9900000000e+02 8.2322889939e-03 8.4398603067e-03 8.0151492730e-03 5.1127526964e-01 4.8872412475e-01 1.0000000000e-03
5.0000000000e+02 8.2298079506e-03 8.4397085011e-03 8.0100754276e-03 5.1145360424e-01 4.8854578992e-01 1.0000000000e-03
