# epoch total_loss data_loss physics_loss w_data w_physics lr
1.0000000000e+00 1.2672524452e+00 1.0754518509e+00 1.4534041882e+00 4.9252720717e-01 5.0747279244e-01 1.0000000000e-03
2.0000000000e+00 7.3594462872e-01 7.8591740131e-01 6.8663793802e-01 4.9664547869e-01 5.0335452027e-01 1.0000000000e-03
3.0000000000e+00 4.3231266737e-01 5.5455648899e-01 3.0428704619e-01 5.1155107193e-01 4.8844892597e-01 1.0000000000e-03
4.0000000000e+00 2.8770145774e-01 3.7373778224e-01 1.9205337763e-01 5.2645174682e-01 4.7354824952e-01 1.0000000000e-03
5.0000000000e+00 2.3540160060e-01 2.5121706724e-01 2.1775406599e-01 5.2737427473e-01 4.7262571985e-01 1.0000000000e-03
6.0000000000e+00 2.2485868633e-01 1.9891417027e-01 2.5281599164e-01 5.1867069371e-01 4.8132929920e-01 1.0000000000e-03
7.0000000000e+00 2.3123881221e-01 2.0653365552e-01 2.5709173083e-01 5.1135115283e-01 4.8864883863e-01 1.0000000000e-03
8.0000000000e+00 2.3699727654e-01 2.3148061335e-01 2.4271689355e-01 5.0903126856e-01 4.9096872164e-01 1.0000000000e-03
9.0000000000e+00 2.3160050809e-01 2.4548357725e-01 2.1708132327e-01 5.1119822369e-01 4.8880176533e-01 1.0000000000e-03
1.0000000000e+01 2.1445755661e-01 2.4421384931e-01 1.8256826699e-01 5.1730053746e-01 4.8269945032e-01 1.0000000000e-03
1.1000000000e+01 1.9002729654e-01 2.3465201259e-01 1.4006987214e-01 5.2819079384e-01 4.7180919249e-01 1.0000000000e-03
1.2000000000e+01 1.6723428667e-01 2.2623020411e-01 9.6430279315e-02 5.4548572243e-01 4.5451426217e-01 1.0000000000e-03
1.3000000000e+01 1.5892986953e-01 2.2698919475e-01 6.9641254842e-02 5.6745970120e-01 4.3254028157e-01 1.0000000000e-03
1.4000000000e+01 1.6607931256e-01 2.3528558016e-01 6.7094944417e-02 5.8852481786e-01 4.1147516333e-01 1.0000000000e-03
1.5000000000e+01 1.7774352431e-01 2.4247056246e-01 7.8516930342e-02 6.0521127773e-01 3.9478870222e-01 1.0000000000e-03
1.6000000000e+01 1.8193233013e-01 2.4086618423e-01 8.6479216814e-02 6.1827180899e-01 3.8172816991e-01 1.0000000000e-03
1.7000000000e+01 1.7496857047e-01 2.2936344147e-01 8.2338817418e-02 6.3002877051e-01 3.6997120729e-01 1.0000000000e-03
1.8000000000e+01 1.6210234165e-01 2.1266874671e-01 7.1472249925e-02 6.4187209367e-01 3.5812788283e-01 1.0000000000e-03
1.9000000000e+01 1.5183971822e-01 1.9722975791e-01 6.6636979580e-02 6.5243085354e-01 3.4756912152e-01 1.0000000000e-03
2.0000000000e+01 1.4953212440e-01 1.8725550175e-01 7.6931409538e-02 6.5806769701e-01 3.4193227676e-01 1.0000000000e-03
2.1000000000e+01 1.5405139327e-01 1.8267999589e-01 9.9197849631e-02 6.5706913849e-01 3.4293083436e-01 1.0000000000e-03
2.2000000000e+01 1.5868473053e-01 1.8014532328e-01 1.1853430420e-01 6.5167611976e-01 3.4832385246e-01 1.0000000000e-03
2.3000000000e+01 1.5661548078e-01 1.7642022669e-01 1.2048601359e-01 6.4592801361e-01 3.5407195801e-01 1.0000000000e-03
2.4000000000e+01 1.4713458717e-01 1.7110675573e-01 1.0385136306e-01 6.4356532579e-01 3.5643464504e-01 1.0000000000e-03
2.5000000000e+01 1.3584071398e-01 1.6628625989e-01 8.0112606287e-02 6.4669540779e-01 3.5330456190e-01 1.0000000000e-03
2.6000000000e+01 1.2904384732e-01 1.6415405273e-01 6.2551960349e-02 6.5443420028e-01 3.4556576803e-01 1.0000000000e-03
2.7000000000e+01 1.2851195037e-01 1.6487303376e-01 5.6865986437e-02 6.6334531928e-01 3.3665464768e-01 1.0000000000e-03
2.8000000000e+01 1.3107047975e-01 1.6616399586e-01 5.9625208378e-02 6.7060331764e-01 3.2939664820e-01 1.0000000000e-03
2.9000000000e+01 1.3203760982e-01 1.6494473815e-01 6.3454456627e-02 6.7576072337e-01 3.2423924151e-01 1.0000000000e-03
3.0000000000e+01 1.2889568508e-01 1.5968215466e-01 6.3560634851e-02 6.7971311914e-01 3.2028684477e-01 1.0000000000e-03
3.1000000000e+01 1.2262071669e-01 1.5139405429e-01 6.0579765588e-02 6.8316291349e-01 3.1683704931e-01 1.0000000000e-03
3.2000000000e+01 1.1624608934e-01 1.4264579117e-01 5.8647554368e-02 6.8571125192e-01 3.1428870963e-01 1.0000000000e-03
3.3000000000e+01 1.1223069578e-01 1.3559950888e-01 6.1163444072e-02 6.8605528579e-01 3.1394467453e-01 1.0000000000e-03
3.4000000000e+01 1.1063386500e-01 1.3058058918e-01 6.7588977516e-02 6.8334311549e-01 3.1665684375e-01 1.0000000000e-03
3.5000000000e+01 1.0927779227e-01 1.2619733810e-01 7.3625497520e-02 6.7816341357e-01 3.2183654474e-01 1.0000000000e-03
3.6000000000e+01 1.0583128780e-01 1.2100861222e-01 7.4711680412e-02 6.7217438935e-01 3.2782556802e-01 1.0000000000e-03
3.7000000000e+01 1.0008890182e-01 1.1524299532e-01 6.9698244333e-02 6.6727025020e-01 3.3272970602e-01 1.0000000000e-03
3.8000000000e+01 9.4181321561e-02 1.1077786982e-01 6.1244748533e-02 6.6494049133e-01 3.3505946346e-01 1.0000000000e-03
3.9000000000e+01 9.0423241258e-02 1.0921200365e-01 5.2996128798e-02 6.6577475384e-01 3.3422519931e-01 1.0000000000e-03
4.0000000000e+01 8.8914059103e-02 1.0976915807e-01 4.6695526689e-02 6.6935314220e-01 3.3064680924e-01 1.0000000000e-03
4.1000000000e+01 8.7500847876e-02 1.0939210653e-01 4.2112752795e-02 6.7462151821e-01 3.2537843148e-01 1.0000000000e-03
4.2000000000e+01 8.4293812513e-02 1.0548105836e-01 3.9264108986e-02 6.8003299182e-01 3.1996695600e-01 1.0000000000e-03
4.3000000000e+01 7.9652711749e-02 9.8317794502e-02 3.9354842156e-02 6.8344387467e-01 3.1655607110e-01 1.0000000000e-03
4.4000000000e+01 7.5378388166e-02 9.0465024114e-02 4.2881913483e-02 6.8294132817e-01 3.1705861553e-01 1.0000000000e-03
4.5000000000e+01 7.2452947497e-02 8.4185257554e-02 4.7694928944e-02 6.7848184209e-01 3.2151809965e-01 1.0000000000e-03
4.6000000000e+01 7.0003665984e-02 7.9744197428e-02 5.0040476024e-02 6.7207711585e-01 3.2792282401e-01 1.0000000000e-03
4.7000000000e+01 6.6717870533e-02 7.6178699732e-02 4.7827344388e-02 6.6630084023e-01 3.3369909758e-01 1.0000000000e-03
4.8000000000e+01 6.2771581113e-02 7.3172524571e-02 4.2305961251e-02 6.6303538877e-01 3.3696454660e-01 1.0000000000e-03
4.9000000000e+01 5.9502754360e-02 7.1266263723e-02 3.6365419626e-02 6.6294493408e-01 3.3705499847e-01 1.0000000000e-03
5.0000000000e+01 5.7518936694e-02 7.0298284292e-02 3.2117914408e-02 6.6529024406e-01 3.3470968546e-01 1.0000000000e-03
5.1000000000e+01 5.5975094438e-02 6.8706452847e-02 3.0344443396e-02 6.6812600939e-01 3.3187391709e-01 1.0000000000e-03
5.2000000000e+01 5.3720377386e-02 6.4937129617e-02 3.1053462997e-02 6.6896287397e-01 3.3103704944e-01 1.0000000000e-03
5.3000000000e+01 5.0872482359e-02 5.9361476451e-02 3.3970493823e-02 6.6566909054e-01 3.3433082982e-01 1.0000000000e-03
5.4000000000e+01 4.8719547689e-02 5.4071508348e-02 3.8443144411e-02 6.5754860147e-01 3.4245131604e-01 1.0000000000e-03
5.5000000000e+01 4.7583326697e-02 5.0435390323e-02 4.2375631630e-02 6.4613576216e-01 3.5386415282e-01 1.0000000000e-03
5.6000000000e+01 4.6097144485e-02 4.8012141138e-02 4.2774092406e-02 6.3440700557e-01 3.6559290691e-01 1.0000000000e-03
5.7000000000e+01 4.3865751475e-02 4.6504344791e-02 3.9466999471e-02 6.2505914232e-01 3.7494076728e-01 1.0000000000e-03
5.8000000000e+01 4.2483091354e-02 4.6400129795e-02 3.6125168204e-02 6.1877856177e-01 3.8122134475e-01 1.0000000000e-03
5.9000000000e+01 4.2175997049e-02 4.6516172588e-02 3.5278901458e-02 6.1376985993e-01 3.8623004371e-01 1.0000000000e-03
6.0000000000e+01 4.1103541851e-02 4.4593837112e-02 3.5691462457e-02 6.0793707916e-01 3.9206282166e-01 1.0000000000e-03
6.1000000000e+01 3.9478980005e-02 4.1440133005e-02 3.6533705890e-02 6.0028956525e-01 3.9971033267e-01 1.0000000000e-03
6.2000000000e+01 3.8950972259e-02 3.9537388831e-02 3.8102969527e-02 5.9118436098e-01 4.0881553427e-01 1.0000000000e-03
6.3000000000e+01 3.8662165403e-02 3.8694031537e-02 3.8617789745e-02 5.8211522638e-01 4.1788466640e-01 1.0000000000e-03
6.4000000000e+01 3.7435073406e-02 3.7887476385e-02 3.6823969334e-02 5.7461544001e-01 4.2538445011e-01 1.0000000000e-03
6.5000000000e+01 3.6476965994e-02 3.7919472903e-02 3.4568984061e-02 5.6946493870e-01 4.3053494861e-01 1.0000000000e-03
6.6000000000e+01 3.6183264107e-02 3.8576424122e-02 3.3057529479e-02 5.6637058728e-01 4.3362929734e-01 1.0000000000e-03
6.7000000000e+01 3.5445086658e-02 3.8117457181e-02 3.1986679882e-02 5.6410614241e-01 4.3589373948e-01 1.0000000000e-03
6.8000000000e+01 3.4420177341e-02 3.6431815475e-02 3.1848970801e-02 5.6105140195e-01 4.3894847711e-01 1.0000000000e-03
6.9000000000e+01 3.3850125968e-02 3.4802455455e-02 3.2654970884e-02 5.5653798736e-01 4.4346188897e-01 1.0000000000e-03
7.0000000000e+01 3.3414110541e-02 3.3823829144e-02 3.2910164446e-02 5.5156873821e-01 4.4843113550e-01 1.0000000000e-03
7.1000000000e+01 3.2631076872e-02 3.3452339470e-02 3.1636171043e-02 5.4780700935e-01 4.5219286162e-01 1.0000000000e-03
7.2000000000e+01 3.1928271055e-02 3.3740874380e-02 2.9746850953e-02 5.4617180842e-01 4.5382805971e-01 1.0000000000e-03
7.3000000000e+01 3.1619720161e-02 3.4193467349e-02 2.8523493558e-02 5.4607490630e-01 4.5392495907e-01 1.0000000000e-03
7.4000000000e+01 3.1123045832e-02 3.3735435456e-02 2.7979625389e-02 5.4613062029e-01 4.5386924234e-01 1.0000000000e-03
7.5000000000e+01 3.0445836484e-02 3.2511372119e-02 2.7969019488e-02 5.4527277690e-01 4.5472708293e-01 1.0000000000e-03
7.6000000000e+01 3.0133612454e-02 3.1591054052e-02 2.8399074450e-02 5.4340591114e-01 4.5659394604e-01 1.0000000000e-03
7.7000000000e+01 2.9820032418e-02 3.1157910824e-02 2.8239831328e-02 5.4152170044e-01 4.5847815419e-01 1.0000000000e-03
7.8000000000e+01 2.9302196577e-02 3.1129395589e-02 2.7150457725e-02 5.4078316903e-01 4.5921668297e-01 1.0000000000e-03
7.9000000000e+01 2.9001604766e-02 3.1518481672e-02 2.6029426605e-02 5.4147396041e-01 4.5852588902e-01 1.0000000000e-03
8.0000000000e+01 2.8799057007e-02 3.1684748828e-02 2.5372292846e-02 5.4285826097e-01 4.5714158599e-01 1.0000000000e-03
8.1000000000e+01 2.8452310711e-02 3.1221169978e-02 2.5149684399e-02 5.4395773067e-01 4.5604211385e-01 1.0000000000e-03
8.2000000000e+01 2.8126150370e-02 3.0586253852e-02 2.5186527520e-02 5.4440277353e-01 4.5559706861e-01 1.0000000000e-03
8.3000000000e+01 2.7918051928e-02 3.0240101740e-02 2.5141574442e-02 5.4456556774e-01 4.5543427213e-01 1.0000000000e-03
8.4000000000e+01 2.7649225667e-02 3.0104300007e-02 2.4708168581e-02 5.4503135854e-01 4.5496847910e-01 1.0000000000e-03
8.5000000000e+01 2.7302581817e-02 3.0027255416e-02 2.4024715647e-02 5.4608077567e-01 4.5391905971e-01 1.0000000000e-03
8.6000000000e+01 2.7079805732e-02 2.9977828264e-02 2.3574050516e-02 5.4745172881e-01 4.5254810436e-01 1.0000000000e-03
8.7000000000e+01 2.6842961088e-02 2.9655771330e-02 2.3424809799e-02 5.4857588726e-01 4.5142394375e-01 1.0000000000e-03
8.8000000000e+01 2.6508348063e-02 2.8963152319e-02 2.3521315306e-02 5.4890252372e-01 4.5109730514e-01 1.0000000000e-03
8.9000000000e+01 2.6261497289e-02 2.8252009302e-02 2.3845883086e-02 5.4824096004e-01 4.5175886674e-01 1.0000000000e-03
9.0000000000e+01 2.6019576937e-02 2.7727114037e-02 2.3957189173e-02 5.4706392310e-01 4.5293590165e-01 1.0000000000e-03
9.1000000000e+01 2.5713037699e-02 2.7468478307e-02 2.3600647226e-02 5.4614437880e-01 4.5385544389e-01 1.0000000000e-03
9.2000000000e+01 2.5451108813e-02 2.7461083606e-02 2.3034686223e-02 5.4591286896e-01 4.5408695166e-01 1.0000000000e-03
9.3000000000e+01 2.5221675634e-02 2.7404986322e-02 2.2594541311e-02 5.4613206155e-01 4.5386775700e-01 1.0000000000e-03
9.4000000000e+01 2.4948345497e-02 2.7015971020e-02 2.2460512817e-02 5.4612250437e-01 4.5387731212e-01 1.0000000000e-03
9.5000000000e+01 2.4687293917e-02 2.6417929679e-02 2.2611059248e-02 5.4539250782e-01 4.5460730662e-01 1.0000000000e-03
9.6000000000e+01 2.4474050850e-02 2.5927131996e-02 2.2739669308e-02 5.4412802747e-01 4.5587178499e-01 1.0000000000e-03
9.7000000000e+01 2.4220801890e-02 2.5669200346e-02 2.2499816492e-02 5.4300507098e-01 4.5699473947e-01 1.0000000000e-03
9.8000000000e+01 2.3986566812e-02 2.5601124391e-02 2.2072779015e-02 5.4240505239e-01 4.5759475604e-01 1.0000000000e-03
9.9000000000e+01 2.3789130151e-02 2.5448920205e-02 2.1824952215e-02 5.4199748598e-01 4.5800232045e-01 1.0000000000e-03
1.0000000000e+02 2.3560218513e-02 2.5021700189e-02 2.1836291999e-02 5.4119672799e-01 4.5880307645e-01 1.0000000000e-03
1.0100000000e+02 2.3344427347e-02 2.4534799159e-02 2.1947830915e-02 5.3985976960e-01 4.6014003289e-01 1.0000000000e-03
1.0200000000e+02 2.3152176291e-02 2.4230273440e-02 2.1894687787e-02 5.3840558355e-01 4.6159421701e-01 1.0000000000e-03
1.0300000000e+02 2.2946903482e-02 2.4111358449e-02 2.1594619378e-02 5.3731819736e-01 4.6268160127e-01 1.0000000000e-03
1.0400000000e+02 2.2750556469e-02 2.4060567841e-02 2.1232962608e-02 5.3670778876e-01 4.6329200792e-01 1.0000000000e-03
1.0500000000e+02 2.2579625249e-02 2.3942308500e-02 2.1003562957e-02 5.3630620324e-01 4.6369359152e-01 1.0000000000e-03
1.0600000000e+02 2.2391282022e-02 2.3674301803e-02 2.0910525694e-02 5.3577502912e-01 4.6422476374e-01 1.0000000000e-03
1.0700000000e+02 2.2215686738e-02 2.3354953155e-02 2.0905109122e-02 5.3496507031e-01 4.6503472068e-01 1.0000000000e-03
1.0800000000e+02 2.2053550929e-02 2.3104429245e-02 2.0849170163e-02 5.3403405120e-01 4.6596573793e-01 1.0000000000e-03
1.0900000000e+02 2.1880367771e-02 2.2974684834e-02 2.0629797131e-02 5.3331944899e-01 4.6668033829e-01 1.0000000000e-03
1.1000000000e+02 2.1721975878e-02 2.2950967774e-02 2.0319141448e-02 5.3302865163e-01 4.6697113382e-01 1.0000000000e-03
1.1100000000e+02 2.1570712328e-02 2.2893890738e-02 2.0060393959e-02 5.3302404430e-01 4.6697573932e-01 1.0000000000e-03
1.1200000000e+02 2.1413389593e-02 2.2693948820e-02 1.9952235743e-02 5.3293611551e-01 4.6706366629e-01 1.0000000000e-03
1.1300000000e+02 2.1266423166e-02 2.2422417998e-02 1.9949387759e-02 5.3256074123e-01 4.6743903879e-01 1.0000000000e-03
1.1400000000e+02 2.1122902632e-02 2.2210322320e-02 1.9886462018e-02 5.3206479450e-01 4.6793498377e-01 1.0000000000e-03
1.1500000000e+02 2.0974706858e-02 2.2089842707e-02 1.9708573818e-02 5.3170681808e-01 4.6829295844e-01 1.0000000000e-03
1.1600000000e+02 2.0839311182e-02 2.1972276270e-02 1.9554272294e-02 5.3144751884e-01 4.6855225595e-01 1.0000000000e-03
1.1700000000e+02 2.0700842142e-02 2.1755848080e-02 1.9506242126e-02 5.3102875029e-01 4.6897102278e-01 1.0000000000e-03
1.1800000000e+02 2.0564015955e-02 2.1505037323e-02 1.9501304254e-02 5.3036906149e-01 4.6963070989e-01 1.0000000000e-03
1.1900000000e+02 2.0434504375e-02 2.1342836320e-02 1.9411450252e-02 5.2970169209e-01 4.7029807761e-01 1.0000000000e-03
1.2000000000e+02 2.0304137841e-02 2.1282397211e-02 1.9204108045e-02 5.2929815421e-01 4.7070161382e-01 1.0000000000e-03
1.2100000000e+02 2.0178645849e-02 2.1248470992e-02 1.8976157531e-02 5.2919285573e-01 4.7080691064e-01 1.0000000000e-03
1.2200000000e+02 2.0059350878e-02 2.1159296855e-02 1.8822994083e-02 5.2919522889e-01 4.7080453583e-01 1.0000000000e-03
1.2300000000e+02 1.9937971607e-02 2.0986353979e-02 1.8760139123e-02 5.2907621005e-01 4.7092355304e-01 1.0000000000e-03
1.2400000000e+02 1.9823063165e-02 2.0776331425e-02 1.8753588200e-02 5.2872707225e-01 4.7127268923e-01 1.0000000000e-03
1.2500000000e+02 1.9709113985e-02 2.0588461310e-02 1.8724557012e-02 5.2822494595e-01 4.7177481395e-01 1.0000000000e-03
1.2600000000e+02 1.9596647471e-02 2.0460821688e-02 1.8630947918e-02 5.2774292266e-01 4.7225683567e-01 1.0000000000e-03
1.2700000000e+02 1.9489515573e-02 2.0363224670e-02 1.8514718860e-02 5.2734593635e-01 4.7265382042e-01 1.0000000000e-03
1.2800000000e+02 1.9382681698e-02 2.0227750763e-02 1.8441444263e-02 5.2692105725e-01 4.7307869798e-01 1.0000000000e-03
1.2900000000e+02 1.9278649241e-02 2.0060770214e-02 1.8409429118e-02 5.2637519810e-01 4.7362455562e-01 1.0000000000e-03
1.3000000000e+02 1.9177895039e-02 1.9932087511e-02 1.8341589719e-02 5.2581546058e-01 4.7418429164e-01 1.0000000000e-03
1.3100000000e+02 1.9077405334e-02 1.9859515131e-02 1.8211597577e-02 5.2539816322e-01 4.7460158751e-01 1.0000000000e-03
1.3200000000e+02 1.8981028348e-02 1.9780676812e-02 1.8096931279e-02 5.2508094644e-01 4.7491880282e-01 1.0000000000e-03
1.3300000000e+02 1.8885213882e-02 1.9645731896e-02 1.8045675009e-02 5.2469541313e-01 4.7530433466e-01 1.0000000000e-03
1.3400000000e+02 1.8791522831e-02 1.9500801340e-02 1.8010064960e-02 5.2421293068e-01 4.7578681568e-01 1.0000000000e-03
1.3500000000e+02 1.8700521439e-02 1.9405046478e-02 1.7925666645e-02 5.2377307503e-01 4.7622666991e-01 1.0000000000e-03
1.3600000000e+02 1.8610358238e-02 1.9349815324e-02 1.7798021436e-02 5.2348442679e-01 4.7651531673e-01 1.0000000000e-03
1.3700000000e+02 1.8523618579e-02 1.9290698692e-02 1.7681520432e-02 5.2331216918e-01 4.7668757294e-01 1.0000000000e-03
1.3800000000e+02 1.8437810242e-02 1.9193831831e-02 1.7608443275e-02 5.2313486547e-01 4.7686487527e-01 1.0000000000e-03
1.3900000000e+02 1.8353950232e-02 1.9059067592e-02 1.7581349239e-02 5.2283787884e-01 4.7716186053e-01 1.0000000000e-03
1.4000000000e+02 1.8271990120e-02 1.8917109817e-02 1.7566353083e-02 5.2240526716e-01 4.7759447087e-01 1.0000000000e-03
1.4100000000e+02 1.8191028386e-02 1.8804537132e-02 1.7521237954e-02 5.2193110168e-01 4.7806863501e-01 1.0000000000e-03
1.4200000000e+02 1.8112301826e-02 1.8723776564e-02 1.7445875332e-02 5.2150451512e-01 4.7849522026e-01 1.0000000000e-03
1.4300000000e+02 1.8034836277e-02 1.8642622977e-02 1.7373457551e-02 5.2111599197e-01 4.7888374211e-01 1.0000000000e-03
1.4400000000e+02 1.7958959565e-02 1.8556673080e-02 1.7309516668e-02 5.2074300241e-01 4.7925673037e-01 1.0000000000e-03
1.4500000000e+02 1.7884820700e-02 1.8492477015e-02 1.7225364223e-02 5.2044246899e-01 4.7955726252e-01 1.0000000000e-03
1.4600000000e+02 1.7811570317e-02 1.8443064764e-02 1.7126781866e-02 5.2024848665e-01 4.7975124360e-01 1.0000000000e-03
1.4700000000e+02 1.7740108073e-02 1.8366027623e-02 1.7061864957e-02 5.2006421077e-01 4.7993551823e-01 1.0000000000e-03
1.4800000000e+02 1.7669260502e-02 1.8248965964e-02 1.7041837797e-02 5.1976803386e-01 4.8023169390e-01 1.0000000000e-03
1.4900000000e+02 1.7599623650e-02 1.8128070980e-02 1.7028624192e-02 5.1935485366e-01 4.8064487288e-01 1.0000000000e-03
1.5000000000e+02 1.7531003803e-02 1.8032530323e-02 1.6990069300e-02 5.1890762264e-01 4.8109210269e-01 1.0000000000e-03
1.5100000000e+02 1.7463417724e-02 1.7961557955e-02 1.6927009448e-02 5.1849949250e-01 4.8150023164e-01 1.0000000000e-03
1.5200000000e+02 1.7397105694e-02 1.7900213599e-02 1.6856100410e-02 5.1815157664e-01 4.8184814631e-01 1.0000000000e-03
1.5300000000e+02 1.7331549898e-02 1.7830086872e-02 1.6796153039e-02 5.1782939589e-01 4.8217032588e-01 1.0000000000e-03
1.5400000000e+02 1.7267111689e-02 1.7747875303e-02 1.6751505435e-02 5.1749048161e-01 4.8250923900e-01 1.0000000000e-03
1.5500000000e+02 1.7203418538e-02 1.7669506371e-02 1.6704238951e-02 5.1714549508e-01 4.8285422438e-01 1.0000000000e-03
1.5600000000e+02 1.7140559852e-02 1.7603015527e-02 1.6645902768e-02 5.1682821960e-01 4.8317149871e-01 1.0000000000e-03
1.5700000000e+02 1.7078774050e-02 1.7534645274e-02 1.6591744497e-02 5.1652686592e-01 4.8347285126e-01 1.0000000000e-03
1.5800000000e+02 1.7017502338e-02 1.7462277785e-02 1.6542898491e-02 5.1622598680e-01 4.8377372926e-01 1.0000000000e-03
1.5900000000e+02 1.6957297921e-02 1.7402786762e-02 1.6482440755e-02 5.1596140723e-01 4.8403830770e-01 1.0000000000e-03
1.6000000000e+02 1.6897592694e-02 1.7353104427e-02 1.6412446275e-02 5.1575817712e-01 4.8424153671e-01 1.0000000000e-03
1.6100000000e+02 1.6838828102e-02 1.7289204523e-02 1.6359522939e-02 5.1556379546e-01 4.8443591726e-01 1.0000000000e-03
1.6200000000e+02 1.6780421138e-02 1.7205359414e-02 1.6328640282e-02 5.1531460993e-01 4.8468510171e-01 1.0000000000e-03
1.6300000000e+02 1.6722815111e-02 1.7119105905e-02 1.6302013770e-02 5.1500555246e-01 4.8499415809e-01 1.0000000000e-03
1.6400000000e+02 1.6665596515e-02 1.7047096044e-02 1.6261018813e-02 5.1468499044e-01 4.8531471904e-01 1.0000000000e-03
1.6500000000e+02 1.6609013081e-02 1.6995305195e-02 1.6199795529e-02 5.1441470952e-01 4.8558499888e-01 1.0000000000e-03
1.6600000000e+02 1.6553083435e-02 1.6955709085e-02 1.6126884148e-02 5.1422588324e-01 4.8577382409e-01 1.0000000000e-03
1.6700000000e+02 1.6497666016e-02 1.6910895705e-02 1.6060477123e-02 5.1409291111e-01 4.8590679516e-01 1.0000000000e-03
1.6800000000e+02 1.6442846507e-02 1.6855109483e-02 1.6006888822e-02 5.1397418425e-01 4.8602552097e-01 1.0000000000e-03
1.6900000000e+02 1.6388446093e-02 1.6793392599e-02 1.5960438177e-02 5.1384828758e-01 4.8615141658e-01 1.0000000000e-03
1.7000000000e+02 1.6334492713e-02 1.6723660752e-02 1.5923423693e-02 5.1368903046e-01 4.8631067266e-01 1.0000000000e-03
1.7100000000e+02 1.6280896962e-02 1.6645155847e-02 1.5896478668e-02 5.1347044908e-01 4.8652925299e-01 1.0000000000e-03
1.7200000000e+02 1.6227904707e-02 1.6573216766e-02 1.5863848850e-02 5.1321684109e-01 4.8678285995e-01 1.0000000000e-03
1.7300000000e+02 1.6175135970e-02 1.6518142074e-02 1.5813849866e-02 5.1298429802e-01 4.8701540198e-01 1.0000000000e-03
1.7400000000e+02 1.6122777015e-02 1.6470266506e-02 1.5757050365e-02 5.1279239211e-01 4.8720730686e-01 1.0000000000e-03
1.7500000000e+02 1.6070930287e-02 1.6417672858e-02 1.5706241131e-02 5.1262046116e-01 4.8737923679e-01 1.0000000000e-03
1.7600000000e+02 1.6019402072e-02 1.6357395798e-02 1.5664167702e-02 5.1244083858e-01 4.8755885835e-01 1.0000000000e-03
1.7700000000e+02 1.5968365595e-02 1.6293087974e-02 1.5627356246e-02 5.1223953707e-01 4.8776015883e-01 1.0000000000e-03
1.7800000000e+02 1.5917485580e-02 1.6232984141e-02 1.5586439520e-02 5.1203152637e-01 4.8796816851e-01 1.0000000000e-03
1.7900000000e+02 1.5867093578e-02 1.6180263832e-02 1.5538742766e-02 5.1183961421e-01 4.8816007966e-01 1.0000000000e-03
1.8000000000e+02 1.5817085281e-02 1.6128128394e-02 1.5491193160e-02 5.1166282973e-01 4.8833686313e-01 1.0000000000e-03
1.8100000000e+02 1.5767291188e-02 1.6073605046e-02 1.5446577221e-02 5.1149117556e-01 4.8850851628e-01 1.0000000000e-03
1.8200000000e+02 1.5717919916e-02 1.6018014401e-02 1.5403932892e-02 5.1131919559e-01 4.8868049524e-01 1.0000000000e-03
1.8300000000e+02 1.5668952838e-02 1.5957666561e-02 1.5367102809e-02 5.1112990638e-01 4.8886978345e-01 1.0000000000e-03
1.8400000000e+02 1.5620190650e-02 1.5892388299e-02 1.5335860662e-02 5.1090796387e-01 4.8909172495e-01 1.0000000000e-03
1.8500000000e+02 1.5571748838e-02 1.5832085162e-02 1.5300067142e-02 5.1067160223e-01 4.8932808559e-01 1.0000000000e-03
1.8600000000e+02 1.5523681417e-02 1.5783695504e-02 1.5252566896e-02 5.1046008375e-01 4.8953960307e-01 1.0000000000e-03
1.8700000000e+02 1.5475979075e-02 1.5743540600e-02 1.5197172761e-02 5.1029698596e-01 4.8970269986e-01 1.0000000000e-03
1.8800000000e+02 1.5428464860e-02 1.5703322366e-02 1.5142195858e-02 5.1017684628e-01 4.8982283853e-01 1.0000000000e-03
1.8900000000e+02 1.5381443314e-02 1.5655307099e-02 1.5096332878e-02 5.1006799780e-01 4.8993168601e-01 1.0000000000e-03
1.9000000000e+02 1.5334696509e-02 1.5598386526e-02 1.5060320497e-02 5.0993869076e-01 4.9006099206e-01 1.0000000000e-03
1.9100000000e+02 1.5288055874e-02 1.5539104119e-02 1.5026997775e-02 5.0978250811e-01 4.9021717371e-01 1.0000000000e-03
1.9200000000e+02 1.5241812915e-02 1.5482143499e-02 1.4992072247e-02 5.0960831588e-01 4.9039136494e-01 1.0000000000e-03
1.9300000000e+02 1.5195937827e-02 1.5429545194e-02 1.4953356236e-02 5.0943111386e-01 4.9056856596e-01 1.0000000000e-03
1.9400000000e+02 1.5150221996e-02 1.5383664519e-02 1.4907966368e-02 5.0927318304e-01 4.9072649580e-01 1.0000000000e-03
1.9500000000e+02 1.5104915947e-02 1.5341769904e-02 1.4859244227e-02 5.0914470466e-01 4.9085497318e-01 1.0000000000e-03
1.9600000000e+02 1.5059941448e-02 1.5297108330e-02 1.4814058319e-02 5.0903232840e-01 4.9096734844e-01 1.0000000000e-03
1.9700000000e+02 1.5015222132e-02 1.5247588046e-02 1.4774426818e-02 5.0891710242e-01 4.9108257343e-01 1.0000000000e-03
1.9800000000e+02 1.4970730059e-02 1.5196396969e-02 1.4736994170e-02 5.0879275035e-01 4.9120692451e-01 1.0000000000e-03
1.9900000000e+02 1.4926528558e-02 1.5147286467e-02 1.4697993174e-02 5.0866616242e-01 4.9133351145e-01 1.0000000000e-03
2.0000000000e+02 1.4882797375e-02 1.5101846308e-02 1.4656137675e-02 5.0854841828e-01 4.9145125459e-01 1.0000000000e-03
2.0100000000e+02 1.4839095995e-02 1.5057037584e-02 1.4613680542e-02 5.0844068829e-01 4.9155898359e-01 1.0000000000e-03
2.0200000000e+02 1.4795862138e-02 1.5009121969e-02 1.4575387351e-02 5.0832964577e-01 4.9167002513e-01 1.0000000000e-03
2.0300000000e+02 1.4752801508e-02 1.4959105290e-02 1.4539621770e-02 5.0820768370e-01 4.9179198621e-01 1.0000000000e-03
2.0400000000e+02 1.4710098505e-02 1.4908582903e-02 1.4505110681e-02 5.0807275589e-01 4.9192691302e-01 1.0000000000e-03
2.0500000000e+02 1.4667503536e-02 1.4859636314e-02 1.4469185844e-02 5.0793110597e-01 4.9206856196e-01 1.0000000000e-03
2.0600000000e+02 1.4625453390e-02 1.4815500006e-02 1.4429395087e-02 5.0779810167e-01 4.9220156527e-01 1.0000000000e-03
2.0700000000e+02 1.4583491720e-02 1.4776517637e-02 1.4384444803e-02 5.0769053046e-01 4.9230913549e-01 1.0000000000e-03
2.0800000000e+02 1.4541951939e-02 1.4737848192e-02 1.4340013266e-02 5.0760554559e-01 4.9239411938e-01 1.0000000000e-03
2.0900000000e+02 1.4500627294e-02 1.4695482329e-02 1.4299825765e-02 5.0752725042e-01 4.9247241356e-01 1.0000000000e-03
2.1000000000e+02 1.4459752478e-02 1.4647745527e-02 1.4266094193e-02 5.0743448823e-01 4.9256517477e-01 1.0000000000e-03
2.1100000000e+02 1.4418962412e-02 1.4597482048e-02 1.4235149138e-02 5.0731936012e-01 4.9268030190e-01 1.0000000000e-03
2.1200000000e+02 1.4378491789e-02 1.4549709857e-02 1.4202285558e-02 5.0719158074e-01 4.9280808029e-01 1.0000000000e-03
2.1300000000e+02 1.4338439330e-02 1.4506078325e-02 1.4166005887e-02 5.0706544255e-01 4.9293421751e-01 1.0000000000e-03
2.1400000000e+02 1.4298476279e-02 1.4465955086e-02 1.4126282185e-02 5.0695287557e-01 4.9304678351e-01 1.0000000000e-03
2.1500000000e+02 1.4258859679e-02 1.4427581802e-02 1.4085456729e-02 5.0685751522e-01 4.9314214288e-01 1.0000000000e-03
2.1600000000e+02 1.4219693840e-02 1.4387772419e-02 1.4047010802e-02 5.0677094445e-01 4.9322871267e-01 1.0000000000e-03
2.1700000000e+02 1.4180598781e-02 1.4345616102e-02 1.4011118561e-02 5.0668363481e-01 4.9331602133e-01 1.0000000000e-03
2.1800000000e+02 1.4141825028e-02 1.4302225783e-02 1.3977149501e-02 5.0659001204e-01 4.9340964312e-01 1.0000000000e-03
2.1900000000e+02 1.4103434980e-02 1.4259838499e-02 1.3942925259e-02 5.0649284075e-01 4.9350681344e-01 1.0000000000e-03
2.2000000000e+02 1.4065355062e-02 1.4219464734e-02 1.3907259330e-02 5.0639853651e-01 4.9360111671e-01 1.0000000000e-03
2.2100000000e+02 1.4027239755e-02 1.4179351740e-02 1.3871250674e-02 5.0630785281e-01 4.9369179944e-01 1.0000000000e-03
2.2200000000e+02 1.3989715837e-02 1.4137995429e-02 1.3837713748e-02 5.0621373234e-01 4.9378591894e-01 1.0000000000e-03
2.2300000000e+02 1.3952426612e-02 1.4096108265e-02 1.3805198483e-02 5.0611366027e-01 4.9388599003e-01 1.0000000000e-03
2.2400000000e+02 1.3915240765e-02 1.4054734260e-02 1.3772362843e-02 5.0600964382e-01 4.9399000552e-01 1.0000000000e-03
2.2500000000e+02 1.3878549449e-02 1.4015499502e-02 1.3738333248e-02 5.0590799093e-01 4.9409165745e-01 1.0000000000e-03
2.2600000000e+02 1.3842193410e-02 1.3979103416e-02 1.3702069409e-02 5.0581757509e-01 4.9418207232e-01 1.0000000000e-03
2.2700000000e+02 1.3805913739e-02 1.3943554834e-02 1.3665085658e-02 5.0574011455e-01 4.9425953190e-01 1.0000000000e-03
2.2800000000e+02 1.3769975863e-02 1.3906808570e-02 1.3630013913e-02 5.0566867480e-01 4.9433097069e-01 1.0000000000e-03
2.2900000000e+02 1.3734424487e-02 1.3867607340e-02 1.3598239981e-02 5.0559215677e-01 4.9440748776e-01 1.0000000000e-03
2.3000000000e+02 1.3699064031e-02 1.3826015405e-02 1.3569298200e-02 5.0550146486e-01 4.9449817872e-01 1.0000000000e-03
2.3100000000e+02 1.3663934544e-02 1.3785122894e-02 1.3540110551e-02 5.0539962608e-01 4.9460001654e-01 1.0000000000e-03
2.3200000000e+02 1.3629155234e-02 1.3747165911e-02 1.3508628123e-02 5.0529723594e-01 4.9470240573e-01 1.0000000000e-03
2.3300000000e+02 1.3594638556e-02 1.3711738400e-02 1.3475085609e-02 5.0520272814e-01 4.9479691258e-01 1.0000000000e-03
2.3400000000e+02 1.3560381718e-02 1.3677840121e-02 1.3440501876e-02 5.0512003399e-01 4.9487960578e-01 1.0000000000e-03
2.3500000000e+02 1.3526268303e-02 1.3643636368e-02 1.3406516984e-02 5.0504630777e-01 4.9495333106e-01 1.0000000000e-03
2.3600000000e+02 1.3492647558e-02 1.3607506640e-02 1.3375491835e-02 5.0497158607e-01 4.9502805182e-01 1.0000000000e-03
2.3700000000e+02 1.3459239155e-02 1.3570819050e-02 1.3345464133e-02 5.0489303064e-01 4.9510660631e-01 1.0000000000e-03
2.3800000000e+02 1.3425953686e-02 1.3533935882e-02 1.3315884396e-02 5.0480976643e-01 4.9518986958e-01 1.0000000000e-03
2.3900000000e+02 1.3393156230e-02 1.3498054817e-02 1.3286265545e-02 5.0472413152e-01 4.9527550355e-01 1.0000000000e-03
2.4000000000e+02 1.3360558078e-02 1.3463417068e-02 1.3255782425e-02 5.0464024903e-01 4.9535938511e-01 1.0000000000e-03
2.4100000000e+02 1.3328165747e-02 1.3428267092e-02 1.3226234354e-02 5.0455518950e-01 4.9544444371e-01 1.0000000000e-03
2.4200000000e+02 1.3296103105e-02 1.3393507339e-02 1.3196951710e-02 5.0446924964e-01 4.9553038263e-01 1.0000000000e-03
2.4300000000e+02 1.3264352456e-02 1.3359248638e-02 1.3167786412e-02 5.0438318701e-01 4.9561644434e-01 1.0000000000e-03
2.4400000000e+02 1.3232721016e-02 1.3325921260e-02 1.3137912378e-02 5.0430006781e-01 4.9569956262e-01 1.0000000000e-03
2.4500000000e+02 1.3201436959e-02 1.3294062577e-02 1.3107242994e-02 5.0422384943e-01 4.9577578008e-01 1.0000000000e-03
2.4600000000e+02 1.3170419261e-02 1.3262202963e-02 1.3077108189e-02 5.0415281138e-01 4.9584681721e-01 1.0000000000e-03
2.4700000000e+02 1.3139681891e-02 1.3229529373e-02 1.3048366643e-02 5.0408221663e-01 4.9591741105e-01 1.0000000000e-03
2.4800000000e+02 1.3109154999e-02 1.3195677660e-02 1.3021244667e-02 5.0400664829e-01 4.9599297848e-01 1.0000000000e-03
2.4900000000e+02 1.3079038821e-02 1.3161092997e-02 1.2995697558e-02 5.0392212579e-01 4.9607750007e-01 1.0000000000e-03
2.5000000000e+02 1.3048979454e-02 1.3127640821e-02 1.2969112024e-02 5.0383362674e-01 4.9616599822e-01 1.0000000000e-03
2.5100000000e+02 1.3019395992e-02 1.3096005656e-02 1.2941639870e-02 5.0374667283e-01 4.9625295122e-01 1.0000000000e-03
2.5200000000e+02 1.2989890762e-02 1.3066196814e-02 1.2912466191e-02 5.0366786481e-01 4.9633175834e-01 1.0000000000e-03
2.5300000000e+02 1.2960704975e-02 1.3036833145e-02 1.2883484364e-02 5.0359686700e-01 4.9640275526e-01 1.0000000000e-03
2.5400000000e+02 1.2931827456e-02 1.3006844558e-02 1.2855754234e-02 5.0352926283e-01 4.9647035854e-01 1.0000000000e-03
2.5500000000e+02 1.2903007679e-02 1.2975890189e-02 1.2829119340e-02 5.0346070147e-01 4.9653891901e-01 1.0000000000e-03
2.5600000000e+02 1.2874659151e-02 1.2944202870e-02 1.2804177590e-02 5.0338652265e-01 4.9661309694e-01 1.0000000000e-03
2.5700000000e+02 1.2846578844e-02 1.2913315557e-02 1.2778962962e-02 5.0330931575e-01 4.9669030296e-01 1.0000000000e-03
2.5800000000e+02 1.2818582356e-02 1.2882932089e-02 1.2753404677e-02 5.0323098922e-01 4.9676862861e-01 1.0000000000e-03
2.5900000000e+02 1.2790909037e-02 1.2853546068e-02 1.2727485038e-02 5.0315426618e-01 4.9684535078e-01 1.0000000000e-03
2.6000000000e+02 1.2763590552e-02 1.2824635953e-02 1.2701798230e-02 5.0307942874e-01 4.9692018735e-01 1.0000000000e-03
2.6100000000e+02 1.2736326084e-02 1.2795643881e-02 1.2676301412e-02 5.0300572871e-01 4.9699388651e-01 1.0000000000e-03
2.6200000000e+02 1.2709390372e-02 1.2767397799e-02 1.2650707737e-02 5.0293467731e-01 4.9706493705e-01 1.0000000000e-03
2.6300000000e+02 1.2682823464e-02 1.2739409693e-02 1.2625593692e-02 5.0286554614e-01 4.9713406735e-01 1.0000000000e-03
2.6400000000e+02 1.2656353414e-02 1.2711768039e-02 1.2600325048e-02 5.0279910953e-01 4.9720050311e-01 1.0000000000e-03
2.6500000000e+02 1.2630134821e-02 1.2683786452e-02 1.2575904839e-02 5.0273272369e-01 4.9726688809e-01 1.0000000000e-03
2.6600000000e+02 1.2604221702e-02 1.2655381113e-02 1.2552524917e-02 5.0266344716e-01 4.9733616378e-01 1.0000000000e-03
2.6700000000e+02 1.2578424998e-02 1.2626731768e-02 1.2529623695e-02 5.0259009151e-01 4.9740951858e-01 1.0000000000e-03
2.6800000000e+02 1.2552976608e-02 1.2598666362e-02 1.2506836094e-02 5.0251395110e-01 4.9748565815e-01 1.0000000000e-03
2.6900000000e+02 1.2527709827e-02 1.2571997941e-02 1.2482997030e-02 5.0244014708e-01 4.9755946134e-01 1.0000000000e-03
2.7000000000e+02 1.2502701953e-02 1.2546092272e-02 1.2458909303e-02 5.0237044336e-01 4.9762916422e-01 1.0000000000e-03
2.7100000000e+02 1.2477936223e-02 1.2521151453e-02 1.2434330769e-02 5.0230733005e-01 4.9769227670e-01 1.0000000000e-03
2.7200000000e+02 1.2453379110e-02 1.2495337985e-02 1.2411050498e-02 5.0224578547e-01 4.9775382046e-01 1.0000000000e-03
2.7300000000e+02 1.2429077178e-02 1.2469231151e-02 1.2388578616e-02 5.0218341450e-01 4.9781619060e-01 1.0000000000e-03
2.7400000000e+02 1.2404961511e-02 1.2442653999e-02 1.2366957963e-02 5.0211760669e-01 4.9788199760e-01 1.0000000000e-03
2.7500000000e+02 1.2381128967e-02 1.2416274287e-02 1.2345703319e-02 5.0204832442e-01 4.9795127906e-01 1.0000000000e-03
2.7600000000e+02 1.2357536703e-02 1.2391043827e-02 1.2323771603e-02 5.0197956865e-01 4.9802003402e-01 1.0000000000e-03
2.7700000000e+02 1.2334114872e-02 1.2366099283e-02 1.2301893905e-02 5.0191173050e-01 4.9808787136e-01 1.0000000000e-03
2.7800000000e+02 1.2310925871e-02 1.2342288159e-02 1.2279340997e-02 5.0184836608e-01 4.9815123498e-01 1.0000000000e-03
2.7900000000e+02 1.2287979946e-02 1.2317977846e-02 1.2257778086e-02 5.0178598702e-01 4.9821361324e-01 1.0000000000e-03
2.8000000000e+02 1.2265209109e-02 1.2294417247e-02 1.2235809118e-02 5.0172682893e-01 4.9827277054e-01 1.0000000000e-03
2.8100000000e+02 1.2242652476e-02 1.2270432897e-02 1.2214695103e-02 5.0166794526e-01 4.9833165342e-01 1.0000000000e-03
2.8200000000e+02 1.2220319360e-02 1.2246864848e-02 1.2193612754e-02 5.0161007265e-01 4.9838952525e-01 1.0000000000e-03
2.8300000000e+02 1.2198208831e-02 1.2223158963e-02 1.2173112482e-02 5.0155161479e-01 4.9844798233e-01 1.0000000000e-03
2.8400000000e+02 1.2176295742e-02 1.2199158780e-02 1.2153306045e-02 5.0149057667e-01 4.9850901967e-01 1.0000000000e-03
2.8500000000e+02 1.2154662982e-02 1.2175890617e-02 1.2133322656e-02 5.0142905360e-01 4.9857054197e-01 1.0000000000e-03
2.8600000000e+02 1.2133158743e-02 1.2152754702e-02 1.2113465928e-02 5.0136708123e-01 4.9863251357e-01 1.0000000000e-03
2.8700000000e+02 1.2111838907e-02 1.2130917981e-02 1.2092669494e-02 5.0130930128e-01 4.9869029276e-01 1.0000000000e-03
2.8800000000e+02 1.2090857141e-02 1.2109294534e-02 1.2072337791e-02 5.0125476535e-01 4.9874482793e-01 1.0000000000e-03
2.8900000000e+02 1.2069894932e-02 1.2087854557e-02 1.2051858008e-02 5.0120382685e-01 4.9879576568e-01 1.0000000000e-03
2.9000000000e+02 1.2049300596e-02 1.2066060677e-02 1.2032473460e-02 5.0115311065e-01 4.9884648113e-01 1.0000000000e-03
2.9100000000e+02 1.2028796598e-02 1.2043681927e-02 1.2013855390e-02 5.0109976878e-01 4.9889982226e-01 1.0000000000e-03
2.9200000000e+02 1.2008493766e-02 1.2021761388e-02 1.1995179579e-02 5.0104511077e-01 4.9895447953e-01 1.0000000000e-03
2.9300000000e+02 1.1988544837e-02 1.1999879964e-02 1.1977173388e-02 5.0098792945e-01 4.9901166010e-01 1.0000000000e-03
2.9400000000e+02 1.1968605220e-02 1.1979410425e-02 1.1957770213e-02 5.0093431769e-01 4.9906527114e-01 1.0000000000e-03
2.9500000000e+02 1.1948962696e-02 1.1958571151e-02 1.1939330027e-02 5.0088112192e-01 4.9911846618e-01 1.0000000000e-03
2.9600000000e+02 1.1929489672e-02 1.1939216405e-02 1.1919739656e-02 5.0083380518e-01 4.9916578219e-01 1.0000000000e-03
2.9700000000e+02 1.1910147965e-02 1.1918503791e-02 1.1901775375e-02 5.0078551747e-01 4.9921406919e-01 1.0000000000e-03
2.9800000000e+02 1.1891001835e-02 1.1899177916e-02 1.1882810853e-02 5.0074135531e-01 4.9925823063e-01 1.0000000000e-03
2.9900000000e+02 1.1872180738e-02 1.1878198013e-02 1.1866156012e-02 5.0069255632e-01 4.9930702891e-01 1.0000000000e-03
3.0000000000e+02 1.1853339151e-02 1.1859196238e-02 1.1847475544e-02 5.0064799983e-01 4.9935158470e-01 1.0000000000e-03
3.0100000000e+02 1.1834857054e-02 1.1838166043e-02 1.1831548996e-02 5.0059715660e-01 4.9940242723e-01 1.0000000000e-03
3.0200000000e+02 1.1816414073e-02 1.1820159853e-02 1.1812670156e-02 5.0055326573e-01 4.9944631740e-01 1.0000000000e-03
3.0300000000e+02 1.1798296124e-02 1.1799257249e-02 1.1797343381e-02 5.0050197335e-01 4.9949760908e-01 1.0000000000e-03
3.0400000000e+02 1.1780266650e-02 1.1783157475e-02 1.1777379550e-02 5.0046401666e-01 4.9953556509e-01 1.0000000000e-03
3.0500000000e+02 1.1762370355e-02 1.1762005277e-02 1.1762744747e-02 5.0041602206e-01 4.9958355901e-01 1.0000000000e-03
3.0600000000e+02 1.1744780466e-02 1.1747601442e-02 1.1741965078e-02 5.0038639615e-01 4.9961318424e-01 1.0000000000e-03
3.0700000000e+02 1.1727269739e-02 1.1724559590e-02 1.1729993857e-02 5.0033615055e-01 4.9966342916e-01 1.0000000000e-03
3.0800000000e+02 1.1710074730e-02 1.1712200008e-02 1.1707957834e-02 5.0031157081e-01 4.9968800823e-01 1.0000000000e-03
3.0900000000e+02 1.1692961678e-02 1.1685865000e-02 1.1700076051e-02 5.0025000862e-01 4.9974956976e-01 1.0000000000e-03
3.1000000000e+02 1.1676307768e-02 1.1678997427e-02 1.1673625559e-02 5.0023648798e-01 4.9976308974e-01 1.0000000000e-03
3.1100000000e+02 1.1660031974e-02 1.1647330597e-02 1.1672750115e-02 5.0015831641e-01 4.9984126065e-01 1.0000000000e-03
3.1200000000e+02 1.1644478887e-02 1.1651755311e-02 1.1637207121e-02 5.0017369738e-01 4.9982587905e-01 1.0000000000e-03
3.1300000000e+02 1.1630313471e-02 1.1608666740e-02 1.1651975103e-02 5.0006321253e-01 4.9993636326e-01 1.0000000000e-03
3.1400000000e+02 1.1618967168e-02 1.1636405252e-02 1.1601530015e-02 5.0013190917e-01 4.9986766600e-01 1.0000000000e-03
3.1500000000e+02 1.1613376439e-02 1.1571007781e-02 1.1655745097e-02 4.9993628363e-01 5.0006329097e-01 1.0000000000e-03
3.1600000000e+02 1.1620604433e-02 1.1658333242e-02 1.1582870036e-02 5.0010498157e-01 4.9989459254e-01 1.0000000000e-03
3.1700000000e+02 1.1656005867e-02 1.1563877575e-02 1.1748033576e-02 4.9969947951e-01 5.0030009430e-01 1.0000000000e-03
3.1800000000e+02 1.1752195656e-02 1.1824820191e-02 1.1679570191e-02 5.0003849498e-01 4.9996107890e-01 1.0000000000e-03
3.1900000000e+02 1.1971325614e-02 1.1751582846e-02 1.2190304697e-02 4.9911840263e-01 5.0088117210e-01 1.0000000000e-03
3.2000000000e+02 1.2395223603e-02 1.2488740496e-02 1.2301872484e-02 4.9958343472e-01 5.0041614219e-01 1.0000000000e-03
3.2100000000e+02 1.3027817011e-02 1.2537674978e-02 1.3513582759e-02 4.9775201968e-01 5.0224756116e-01 1.0000000000e-03
3.2200000000e+02 1.3534020633e-02 1.3562910259e-02 1.3505364768e-02 4.9808309613e-01 5.0191648968e-01 1.0000000000e-03
3.2300000000e+02 1.3282981701e-02 1.2779487297e-02 1.3779274188e-02 4.9639255169e-01 5.0360703788e-01 1.0000000000e-03
3.2400000000e+02 1.2225262821e-02 1.2350065634e-02 1.2101829983e-02 4.9726087588e-01 5.0273871384e-01 1.0000000000e-03
3.2500000000e+02 1.1464718729e-02 1.1539964937e-02 1.1390121654e-02 4.9786150581e-01 5.0213808133e-01 1.0000000000e-03
3.2600000000e+02 1.1752948165e-02 1.1696676724e-02 1.1808743700e-02 4.9783694867e-01 5.0216263722e-01 1.0000000000e-03
3.2700000000e+02 1.2399256229e-02 1.2510292232e-02 1.2288895436e-02 4.9849961259e-01 5.0149997438e-01 1.0000000000e-03
3.2800000000e+02 1.2337250635e-02 1.2058045715e-02 1.2613712810e-02 4.9752351176e-01 5.0247607598e-01 1.0000000000e-03
3.2900000000e+02 1.1655343696e-02 1.1762143113e-02 1.1549309827e-02 4.9822763834e-01 5.0177194773e-01 1.0000000000e-03
3.3000000000e+02 1.1394117959e-02 1.1464259587e-02 1.1324346066e-02 4.9871183374e-01 5.0128774984e-01 1.0000000000e-03
3.3100000000e+02 1.1787281372e-02 1.1632544920e-02 1.1940909550e-02 4.9818657886e-01 5.0181300394e-01 1.0000000000e-03
3.3200000000e+02 1.2006025761e-02 1.2109908275e-02 1.1902650818e-02 4.9879946051e-01 5.0120012237e-01 1.0000000000e-03
3.3300000000e+02 1.1647975072e-02 1.1546358466e-02 1.1748987250e-02 4.9848458059e-01 5.0151500108e-01 1.0000000000e-03
3.3400000000e+02 1.1328803375e-02 1.1395153590e-02 1.1262748390e-02 4.9892828360e-01 5.0107129576e-01 1.0000000000e-03
3.3500000000e+02 1.1501938105e-02 1.1610271409e-02 1.1393828318e-02 4.9950587791e-01 5.0049370005e-01 1.0000000000e-03
3.3600000000e+02 1.1722205207e-02 1.1579019949e-02 1.1864798144e-02 4.9894577320e-01 5.0105380430e-01 1.0000000000e-03
3.3700000000e+02 1.1549508199e-02 1.1617896147e-02 1.1481307447e-02 4.9934683084e-01 5.0065274562e-01 1.0000000000e-03
3.3800000000e+02 1.1292339303e-02 1.1268348433e-02 1.1316272430e-02 4.9930602692e-01 5.0069354762e-01 1.0000000000e-03
3.3900000000e+02 1.1350769550e-02 1.1281080544e-02 1.1420208961e-02 4.9906896949e-01 5.0093060354e-01 1.0000000000e-03
3.4000000000e+02 1.1517327279e-02 1.1568658054e-02 1.1466133408e-02 4.9938459377e-01 5.0061497855e-01 1.0000000000e-03
3.4100000000e+02 1.1442888528e-02 1.1343928054e-02 1.1541469023e-02 4.9901452536e-01 5.0098504603e-01 1.0000000000e-03
3.4200000000e+02 1.1254871264e-02 1.1305200867e-02 1.1204685085e-02 4.9933632082e-01 5.0066324901e-01 1.0000000000e-03
3.4300000000e+02 1.1253691278e-02 1.1311297305e-02 1.1196173728e-02 4.9965841166e-01 5.0034115675e-01 1.0000000000e-03
3.4400000000e+02 1.1368026026e-02 1.1288714595e-02 1.1447140016e-02 4.9934414429e-01 5.0065542330e-01 1.0000000000e-03
3.4500000000e+02 1.1347088031e-02 1.1382678524e-02 1.1311569251e-02 4.9956637581e-01 5.0043319095e-01 1.0000000000e-03
3.4600000000e+02 1.1216987856e-02 1.1170505546e-02 1.1263369583e-02 4.9940274324e-01 5.0059682227e-01 1.0000000000e-03
3.4700000000e+02 1.1183550581e-02 1.1151145212e-02 1.1215878651e-02 4.9931773931e-01 5.0068182494e-01 1.0000000000e-03
3.4800000000e+02 1.1253580451e-02 1.1272852309e-02 1.1234359816e-02 4.9947145459e-01 5.0052810880e-01 1.0000000000e-03
3.4900000000e+02 1.1263043620e-02 1.1192701757e-02 1.1333174072e-02 4.9921248496e-01 5.0078707771e-01 1.0000000000e-03
3.5000000000e+02 1.1179536581e-02 1.1211597361e-02 1.1147558689e-02 4.9943441862e-01 5.0056514306e-01 1.0000000000e-03
3.5100000000e+02 1.1130243540e-02 1.1143836193e-02 1.1116685346e-02 4.9955193857e-01 5.0044762201e-01 1.0000000000e-03
3.5200000000e+02 1.1163186282e-02 1.1129067279e-02 1.1197240092e-02 4.9944404866e-01 5.0055551108e-01 1.0000000000e-03
3.5300000000e+02 1.1185906827e-02 1.1213791557e-02 1.1158073321e-02 4.9962414886e-01 5.0037541021e-01 1.0000000000e-03
3.5400000000e+02 1.1141149327e-02 1.1091138236e-02 1.1191057973e-02 4.9943749734e-01 5.0056206094e-01 1.0000000000e-03
3.5500000000e+02 1.1089768261e-02 1.1074120179e-02 1.1105389334e-02 4.9942323401e-01 5.0057632336e-01 1.0000000000e-03
3.5600000000e+02 1.1091761291e-02 1.1084365658e-02 1.1099149473e-02 4.9944756646e-01 5.0055199009e-01 1.0000000000e-03
3.5700000000e+02 1.1113714427e-02 1.1058636941e-02 1.1168637313e-02 4.9925534285e-01 5.0074421306e-01 1.0000000000e-03
3.5800000000e+02 1.1098708026e-02 1.1114016175e-02 1.1083446443e-02 4.9939864463e-01 5.0060091064e-01 1.0000000000e-03
3.5900000000e+02 1.1057431810e-02 1.1043694802e-02 1.1071145535e-02 4.9939669353e-01 5.0060286099e-01 1.0000000000e-03
3.6000000000e+02 1.1037886143e-02 1.1040846817e-02 1.1034941301e-02 4.9947037707e-01 5.0052917670e-01 1.0000000000e-03
3.6100000000e+02 1.1047134176e-02 1.1065288447e-02 1.1029017158e-02 4.9960539959e-01 5.0039415355e-01 1.0000000000e-03
3.6200000000e+02 1.1049285531e-02 1.1009016074e-02 1.1089478619e-02 4.9946278273e-01 5.0053676984e-01 1.0000000000e-03
3.6300000000e+02 1.1026155204e-02 1.1020312086e-02 1.1031996459e-02 4.9948998939e-01 5.0050956257e-01 1.0000000000e-03
3.6400000000e+02 1.0999478400e-02 1.0969807394e-02 1.1029090732e-02 4.9940622617e-01 5.0059332514e-01 1.0000000000e-03
3.6500000000e+02 1.0991819203e-02 1.0962209664e-02 1.1021359824e-02 4.9933104822e-01 5.0066850247e-01 1.0000000000e-03
3.6600000000e+02 1.0995319113e-02 1.0997711681e-02 1.0992943309e-02 4.9940876247e-01 5.0059078768e-01 1.0000000000e-03
3.6700000000e+02 1.0988766328e-02 1.0966092348e-02 1.1011394672e-02 4.9936479822e-01 5.0063475141e-01 1.0000000000e-03
3.6800000000e+02 1.0968949646e-02 1.0980017483e-02 1.0957914405e-02 4.9947867198e-01 5.0052087710e-01 1.0000000000e-03
3.6900000000e+02 1.0951034725e-02 1.0944523849e-02 1.0957543738e-02 4.9950105900e-01 5.0049848952e-01 1.0000000000e-03
3.7000000000e+02 1.0944853537e-02 1.0925721377e-02 1.0963954963e-02 4.9946359784e-01 5.0053595015e-01 1.0000000000e-03
3.7100000000e+02 1.0943450034e-02 1.0934724472e-02 1.0952165350e-02 4.9947737202e-01 5.0052217548e-01 1.0000000000e-03
3.7200000000e+02 1.0935483500e-02 1.0895315558e-02 1.0975555517e-02 4.9934617179e-01 5.0065337523e-01 1.0000000000e-03
3.7300000000e+02 1.0920139030e-02 1.0904379189e-02 1.0935866274e-02 4.9933944675e-01 5.0066009979e-01 1.0000000000e-03
3.7400000000e+02 1.0905931704e-02 1.0887057520e-02 1.0924764909e-02 4.9931904123e-01 5.0068050480e-01 1.0000000000e-03
3.7500000000e+02 1.0898471810e-02 1.0883230716e-02 1.0913681239e-02 4.9931726366e-01 5.0068228190e-01 1.0000000000e-03
3.7600000000e+02 1.0894335806e-02 1.0897153988e-02 1.0891533457e-02 4.9939841216e-01 5.0060113294e-01 1.0000000000e-03
3.7700000000e+02 1.0887193494e-02 1.0871695355e-02 1.0902663693e-02 4.9938743607e-01 5.0061210859e-01 1.0000000000e-03
3.7800000000e+02 1.0875438340e-02 1.0872795247e-02 1.0878085159e-02 4.9943650926e-01 5.0056303497e-01 1.0000000000e-03
3.7900000000e+02 1.0863145813e-02 1.0842295364e-02 1.0883955285e-02 4.9939696074e-01 5.0060258303e-01 1.0000000000e-03
3.8000000000e+02 1.0854138061e-02 1.0829714127e-02 1.0878507048e-02 4.9934485818e-01 5.0065468515e-01 1.0000000000e-03
3.8100000000e+02 1.0848088190e-02 1.0829990730e-02 1.0866146535e-02 4.9932702621e-01 5.0067251669e-01 1.0000000000e-03
3.8200000000e+02 1.0841802694e-02 1.0815391317e-02 1.0868147016e-02 4.9927265140e-01 5.0072689110e-01 1.0000000000e-03
3.8300000000e+02 1.0832982138e-02 1.0828869417e-02 1.0837094858e-02 4.9932638079e-01 5.0067316131e-01 1.0000000000e-03
3.8400000000e+02 1.0822532699e-02 1.0814750567e-02 1.0830303654e-02 4.9935779205e-01 5.0064174964e-01 1.0000000000e-03
3.8500000000e+02 1.0812746361e-02 1.0811338201e-02 1.0814160109e-02 4.9941546523e-01 5.0058407604e-01 1.0000000000e-03
3.8600000000e+02 1.0804885998e-02 1.0799704120e-02 1.0810066946e-02 4.9944991841e-01 5.0054962247e-01 1.0000000000e-03
3.8700000000e+02 1.0798308998e-02 1.0780214332e-02 1.0816371068e-02 4.9942119407e-01 5.0057834641e-01 1.0000000000e-03
3.8800000000e+02 1.0791305453e-02 1.0776130483e-02 1.0806454346e-02 4.9940880076e-01 5.0059073934e-01 1.0000000000e-03
3.8900000000e+02 1.0783149861e-02 1.0757450946e-02 1.0808791965e-02 4.9934886658e-01 5.0065067314e-01 1.0000000000e-03
3.9000000000e+02 1.0774091817e-02 1.0761173442e-02 1.0786986910e-02 4.9935405959e-01 5.0064547975e-01 1.0000000000e-03
3.9100000000e+02 1.0765317827e-02 1.0754782706e-02 1.0775836185e-02 4.9936973849e-01 5.0062980047e-01 1.0000000000e-03
3.9200000000e+02 1.0757466778e-02 1.0752760805e-02 1.0762170888e-02 4.9941087268e-01 5.0058866590e-01 1.0000000000e-03
3.9300000000e+02 1.0750453919e-02 1.0750807822e-02 1.0750110261e-02 4.9947138432e-01 5.0052815389e-01 1.0000000000e-03
3.9400000000e+02 1.0743565857e-02 1.0735424235e-02 1.0751701891e-02 4.9948634494e-01 5.0051319291e-01 1.0000000000e-03
3.9500000000e+02 1.0736193508e-02 1.0729067028e-02 1.0743315332e-02 4.9950450897e-01 5.0049502853e-01 1.0000000000e-03
3.9600000000e+02 1.0728291236e-02 1.0710680857e-02 1.0745874606e-02 4.9947202316e-01 5.0052751398e-01 1.0000000000e-03
3.9700000000e+02 1.0720204562e-02 1.0706669651e-02 1.0733719915e-02 4.9946171506e-01 5.0053782173e-01 1.0000000000e-03
3.9800000000e+02 1.0712368414e-02 1.0699176230e-02 1.0725541972e-02 4.9945398912e-01 5.0054554732e-01 1.0000000000e-03
3.9900000000e+02 1.0705085471e-02 1.0697774589e-02 1.0712391697e-02 4.9947443096e-01 5.0052510512e-01 1.0000000000e-03
4.0000000000e+02 1.0698092170e-02 1.0698639788e-02 1.0697555728e-02 4.9952949780e-01 5.0047003794e-01 1.0000000000e-03
4.0100000000e+02 1.0691149160e-02 1.0690420866e-02 1.0691885836e-02 4.9957309898e-01 5.0042643642e-01 1.0000000000e-03
4.0200000000e+02 1.0684149340e-02 1.0685655288e-02 1.0682655498e-02 4.9962278492e-01 5.0037675013e-01 1.0000000000e-03
4.0300000000e+02 1.0676922277e-02 1.0669565760e-02 1.0684276931e-02 4.9962603684e-01 5.0037349788e-01 1.0000000000e-03
4.0400000000e+02 1.0669546202e-02 1.0661292821e-02 1.0677797720e-02 4.9962473682e-01 5.0037479756e-01 1.0000000000e-03
4.0500000000e+02 1.0662237182e-02 1.0649748147e-02 1.0674715973e-02 4.9960369704e-01 5.0039583702e-01 1.0000000000e-03
4.0600000000e+02 1.0655114427e-02 1.0647205636e-02 1.0663021356e-02 4.9960619560e-01 5.0039333812e-01 1.0000000000e-03
4.0700000000e+02 1.0648181662e-02 1.0645346716e-02 1.0651024058e-02 4.9963222321e-01 5.0036731019e-01 1.0000000000e-03
4.0800000000e+02 1.0641336441e-02 1.0642384179e-02 1.0640299879e-02 4.9967387409e-01 5.0032565898e-01 1.0000000000e-03
4.0900000000e+02 1.0634580627e-02 1.0639296845e-02 1.0629880242e-02 4.9972859990e-01 5.0027093285e-01 1.0000000000e-03
4.1000000000e+02 1.0627953336e-02 1.0627897456e-02 1.0628019460e-02 4.9975542940e-01 5.0024410303e-01 1.0000000000e-03
4.1100000000e+02 1.0621214285e-02 1.0619150475e-02 1.0623284616e-02 4.9977013207e-01 5.0022940003e-01 1.0000000000e-03
4.1200000000e+02 1.0614447296e-02 1.0606015101e-02 1.0622879490e-02 4.9975337497e-01 5.0024615683e-01 1.0000000000e-03
4.1300000000e+02 1.0607730597e-02 1.0601021349e-02 1.0614444502e-02 4.9974637862e-01 5.0025315286e-01 1.0000000000e-03
4.1400000000e+02 1.0600939393e-02 1.0594486259e-02 1.0607395321e-02 4.9974127399e-01 5.0025825718e-01 1.0000000000e-03
4.1500000000e+02 1.0594213381e-02 1.0594417341e-02 1.0594019666e-02 4.9976806141e-01 5.0023146944e-01 1.0000000000e-03
4.1600000000e+02 1.0587576777e-02 1.0590607300e-02 1.0584558360e-02 4.9980551475e-01 5.0019401579e-01 1.0000000000e-03
4.1700000000e+02 1.0581025854e-02 1.0585983284e-02 1.0576080531e-02 4.9984833706e-01 5.0015119318e-01 1.0000000000e-03
4.1800000000e+02 1.0574452579e-02 1.0577430949e-02 1.0571486317e-02 4.9987753393e-01 5.0012199600e-01 1.0000000000e-03
4.1900000000e+02 1.0568032973e-02 1.0567300953e-02 1.0568775237e-02 4.9988626928e-01 5.0011326034e-01 1.0000000000e-03
4.2000000000e+02 1.0561649688e-02 1.0557887144e-02 1.0565420613e-02 4.9987978657e-01 5.0011974275e-01 1.0000000000e-03
4.2100000000e+02 1.0555259883e-02 1.0550375096e-02 1.0560153052e-02 4.9986862528e-01 5.0013090374e-01 1.0000000000e-03
4.2200000000e+02 1.0548925027e-02 1.0547966696e-02 1.0549893603e-02 4.9987717246e-01 5.0012235625e-01 1.0000000000e-03
4.2300000000e+02 1.0542677715e-02 1.0544529185e-02 1.0540837422e-02 4.9989818582e-01 5.0010134259e-01 1.0000000000e-03
4.2400000000e+02 1.0536463000e-02 1.0543286800e-02 1.0529651307e-02 4.9994069659e-01 5.0005883153e-01 1.0000000000e-03
4.2500000000e+02 1.0530228727e-02 1.0536710732e-02 1.0523757897e-02 4.9997735471e-01 5.0002217312e-01 1.0000000000e-03
4.2600000000e+02 1.0524105281e-02 1.0530123487e-02 1.0518095456e-02 5.0000816803e-01 4.9999135950e-01 1.0000000000e-03
4.2700000000e+02 1.0518003255e-02 1.0518454015e-02 1.0517563671e-02 5.0000944370e-01 4.9999008355e-01 1.0000000000e-03
4.2800000000e+02 1.0512024164e-02 1.0512317531e-02 1.0511740111e-02 5.0000984878e-01 4.9998967817e-01 1.0000000000e-03
4.2900000000e+02 1.0506073013e-02 1.0504079051e-02 1.0508078150e-02 4.9999932396e-01 5.0000020271e-01 1.0000000000e-03
4.3000000000e+02 1.0500269011e-02 1.0503780097e-02 1.0496766306e-02 5.0001606681e-01 4.9998345957e-01 1.0000000000e-03
4.3100000000e+02 1.0494580492e-02 1.0499134660e-02 1.0490036570e-02 5.0003610959e-01 4.9996341651e-01 1.0000000000e-03
4.3200000000e+02 1.0489209555e-02 1.0499930941e-02 1.0478494689e-02 5.0008356596e-01 4.9991595987e-01 1.0000000000e-03
4.3300000000e+02 1.0484237224e-02 1.0490452871e-02 1.0478029959e-02 5.0010480832e-01 4.9989471723e-01 1.0000000000e-03
4.3400000000e+02 1.0479884222e-02 1.0489043780e-02 1.0470728390e-02 5.0013799538e-01 4.9986152990e-01 1.0000000000e-03
4.3500000000e+02 1.0476743802e-02 1.0476377793e-02 1.0477120057e-02 5.0012240076e-01 4.9987712427e-01 1.0000000000e-03
4.3600000000e+02 1.0475648567e-02 1.0480333120e-02 1.0470972396e-02 5.0013247605e-01 4.9986704875e-01 1.0000000000e-03
4.3700000000e+02 1.0478049517e-02 1.0473048314e-02 1.0483062826e-02 5.0009531058e-01 4.9990421402e-01 1.0000000000e-03
4.3800000000e+02 1.0486801155e-02 1.0494912043e-02 1.0478696786e-02 5.0012441200e-01 4.9987511246e-01 1.0000000000e-03
4.3900000000e+02 1.0507344268e-02 1.0499505326e-02 1.0515195318e-02 5.0007461604e-01 4.9992490839e-01 1.0000000000e-03
4.4000000000e+02 1.0549528524e-02 1.0556967929e-02 1.0542095639e-02 5.0010237468e-01 4.9989714991e-01 1.0000000000e-03
4.4100000000e+02 1.0631868616e-02 1.0601245798e-02 1.0662494227e-02 4.9994809293e-01 5.0005143217e-01 1.0000000000e-03
4.4200000000e+02 1.0786908679e-02 1.0763459839e-02 1.0810351931e-02 4.9984458224e-01 5.0015494400e-01 1.0000000000e-03
4.4300000000e+02 1.1068776250e-02 1.0962116532e-02 1.1175181717e-02 4.9937886590e-01 5.0062066254e-01 1.0000000000e-03
4.4400000000e+02 1.1546205729e-02 1.1416756548e-02 1.1675086804e-02 4.9888160400e-01 5.0111792830e-01 1.0000000000e-03
4.4500000000e+02 1.2257412076e-02 1.1975556612e-02 1.2536862865e-02 4.9784848109e-01 5.0215105718e-01 1.0000000000e-03
4.4600000000e+02 1.3050792739e-02 1.2694930658e-02 1.3402012177e-02 4.9670889336e-01 5.0329065276e-01 1.0000000000e-03
4.4700000000e+02 1.3432579115e-02 1.3026013970e-02 1.3831963763e-02 4.9553759417e-01 5.0446196011e-01 1.0000000000e-03
4.4800000000e+02 1.2799866498e-02 1.2488896027e-02 1.3104422949e-02 4.9478130084e-01 5.0521825894e-01 1.0000000000e-03
4.4900000000e+02 1.1389343999e-02 1.1427484453e-02 1.1351899244e-02 4.9546905578e-01 5.0453050412e-01 1.0000000000e-03
4.5000000000e+02 1.0430919938e-02 1.0598831810e-02 1.0265205055e-02 4.9672165175e-01 5.0327790423e-01 1.0000000000e-03
4.5100000000e+02 1.0703901760e-02 1.0808424093e-02 1.0600414127e-02 4.9753526695e-01 5.0246428672e-01 1.0000000000e-03
4.5200000000e+02 1.1547539383e-02 1.1514429934e-02 1.1580348946e-02 4.9763900457e-01 5.0236055044e-01 1.0000000000e-03
4.5300000000e+02 1.1748216115e-02 1.1590592563e-02 1.1904099956e-02 4.9720789542e-01 5.0279166152e-01 1.0000000000e-03
4.5400000000e+02 1.1039735749e-02 1.1013422161e-02 1.1065782048e-02 4.9736851043e-01 5.0263104553e-01 1.0000000000e-03
4.5500000000e+02 1.0395449586e-02 1.0495604947e-02 1.0296056978e-02 4.9811151009e-01 5.0188804217e-01 1.0000000000e-03
4.5600000000e+02 1.0581484064e-02 1.0666867718e-02 1.0496551171e-02 4.9870271956e-01 5.0129683023e-01 1.0000000000e-03
4.5700000000e+02 1.1098947376e-02 1.1101952754e-02 1.1095966212e-02 4.9884590954e-01 5.0115364022e-01 1.0000000000e-03
4.5800000000e+02 1.1076389812e-02 1.1090699583e-02 1.1062145233e-02 4.9902574448e-01 5.0097380516e-01 1.0000000000e-03
4.5900000000e+02 1.0569738224e-02 1.0663241148e-02 1.0476405732e-02 4.9956505378e-01 5.0043449359e-01 1.0000000000e-03
4.6000000000e+02 1.0346978903e-02 1.0441635735e-02 1.0252305306e-02 5.0006597779e-01 4.9993356652e-01 1.0000000000e-03
4.6100000000e+02 1.0626611300e-02 1.0635635816e-02 1.0617592372e-02 5.0010180518e-01 4.9989773765e-01 1.0000000000e-03
4.6200000000e+02 1.0839726776e-02 1.0812266730e-02 1.0867192410e-02 4.9996492488e-01 5.0003461754e-01 1.0000000000e-03
4.6300000000e+02 1.0625101626e-02 1.0596559383e-02 1.0653636418e-02 4.9983411126e-01 5.0016542986e-01 1.0000000000e-03
4.6400000000e+02 1.0343294591e-02 1.0397896171e-02 1.0288677178e-02 5.0011466105e-01 4.9988487761e-01 1.0000000000e-03
4.6500000000e+02 1.0397581384e-02 1.0468894616e-02 1.0326150805e-02 5.0044638666e-01 4.9955315006e-01 1.0000000000e-03
4.6600000000e+02 1.0602822527e-02 1.0625583120e-02 1.0580025613e-02 5.0050914289e-01 4.9949039299e-01 1.0000000000e-03
4.6700000000e+02 1.0579874739e-02 1.0619928129e-02 1.0539727286e-02 5.0064771847e-01 4.9935181657e-01 1.0000000000e-03
4.6800000000e+02 1.0373774916e-02 1.0408787988e-02 1.0338666849e-02 5.0075190977e-01 4.9924762356e-01 1.0000000000e-03
4.6900000000e+02 1.0306934826e-02 1.0323978961e-02 1.0289848782e-02 5.0075947917e-01 4.9924005232e-01 1.0000000000e-03
4.7000000000e+02 1.0428451933e-02 1.0424024425e-02 1.0432900861e-02 5.0066222794e-01 4.9933730246e-01 1.0000000000e-03
4.7100000000e+02 1.0491212830e-02 1.0448636487e-02 1.0533866473e-02 5.0039288366e-01 4.9960664604e-01 1.0000000000e-03
4.7200000000e+02 1.0386945680e-02 1.0411787778e-02 1.0362065397e-02 5.0047324656e-01 4.9952628203e-01 1.0000000000e-03
4.7300000000e+02 1.0283919051e-02 1.0330148973e-02 1.0237577371e-02 5.0065093840e-01 4.9934858871e-01 1.0000000000e-03
4.7400000000e+02 1.0317949578e-02 1.0367087089e-02 1.0268658400e-02 5.0082431097e-01 4.9917521497e-01 1.0000000000e-03
4.7500000000e+02 1.0393556207e-02 1.0439190082e-02 1.0347757488e-02 5.0096178361e-01 4.9903774163e-01 1.0000000000e-03
4.7600000000e+02 1.0372414254e-02 1.0374284349e-02 1.0370547883e-02 5.0087458692e-01 4.9912493759e-01 1.0000000000e-03
4.7700000000e+02 1.0288020596e-02 1.0304040276e-02 1.0271954350e-02 5.0086507321e-01 4.9913445025e-01 1.0000000000e-03
4.7800000000e+02 1.0261454619e-02 1.0268317536e-02 1.0254580528e-02 5.0081200902e-01 4.9918751337e-01 1.0000000000e-03
4.7900000000e+02 1.0306518525e-02 1.0294851847e-02 1.0318227112e-02 5.0067408381e-01 4.9932543783e-01 1.0000000000e-03
4.8000000000e+02 1.0331079364e-02 1.0353894904e-02 1.0308208875e-02 5.0071720630e-01 4.9928231477e-01 1.0000000000e-03
4.8100000000e+02 1.0291140527e-02 1.0320757516e-02 1.0261439718e-02 5.0078956108e-01 4.9920995931e-01 1.0000000000e-03
4.8200000000e+02 1.0243940167e-02 1.0302037001e-02 1.0185621679e-02 5.0099469127e-01 4.9900482826e-01 1.0000000000e-03
4.8300000000e+02 1.0246402584e-02 1.0305974633e-02 1.0186556727e-02 5.0118656694e-01 4.9881295184e-01 1.0000000000e-03
4.8400000000e+02 1.0275105014e-02 1.0301756673e-02 1.0248334147e-02 5.0119786709e-01 4.9880165115e-01 1.0000000000e-03
4.8500000000e+02 1.0275420733e-02 1.0300114751e-02 1.0250618681e-02 5.0119848009e-01 4.9880103767e-01 1.0000000000e-03
4.8600000000e+02 1.0242717341e-02 1.0241057724e-02 1.0244391859e-02 5.0107046987e-01 4.9892904730e-01 1.0000000000e-03
4.8700000000e+02 1.0218618438e-02 1.0230479762e-02 1.0206717998e-02 5.0102153200e-01 4.9897798452e-01 1.0000000000e-03
4.8800000000e+02 1.0225122795e-02 1.0250188410e-02 1.0199961253e-02 5.0104215818e-01 4.9895735779e-01 1.0000000000e-03
4.8900000000e+02 1.0239725932e-02 1.0265198536e-02 1.0214154609e-02 5.0106254079e-01 4.9893697476e-01 1.0000000000e-03
4.9000000000e+02 1.0233948939e-02 1.0289499536e-02 1.0178134777e-02 5.0122831303e-01 4.9877120210e-01 1.0000000000e-03
4.9100000000e+02 1.0211493820e-02 1.0253388435e-02 1.0169389658e-02 5.0131110687e-01 4.9868840778e-01 1.0000000000e-03
4.9200000000e+02 1.0197056457e-02 1.0230110958e-02 1.0163832456e-02 5.0134246714e-01 4.9865704701e-01 1.0000000000e-03
4.9300000000e+02 1.0200248100e-02 1.0220168158e-02 1.0180233978e-02 5.0130607184e-01 4.9869344188e-01 1.0000000000e-03
4.9400000000e+02 1.0207226500e-02 1.0200394318e-02 1.0214099661e-02 5.0114187250e-01 4.9885764086e-01 1.0000000000e-03
4.9500000000e+02 1.0202109814e-02 1.0211227462e-02 1.0192964226e-02 5.0107241436e-01 4.9892709866e-01 1.0000000000e-03
4.9600000000e+02 1.0187394917e-02 1.0201492347e-02 1.0173248127e-02 5.0103446020e-01 4.9896505243e-01 1.0000000000e-03
4.9700000000e+02 1.0176324286e-02 1.0212535039e-02 1.0139962658e-02 5.0110927816e-01 4.9889023408e-01 1.0000000000e-03
4.9800000000e+02 1.0175529867e-02 1.0221557692e-02 1.0129284114e-02 5.0122503269e-01 4.9877447918e-01 1.0000000000e-03
4.9900000000e+02 1.0178374127e-02 1.0212885216e-02 1.0143696330e-02 5.0127244708e-01 4.9872706449e-01 1.0000000000e-03
5.0000000000e+02 1.0175564326e-02 1.0209188797e-02 1.0141772218e-02 5.0131081260e-01 4.9868869867e-01 1.0000000000e-03
