# time_s Ids_A Vds_V Vgs_V
3.9999999757e-08 1.0250000000e+01 3.6940625000e+02 9.3507814407e+00
5.0880000657e-08 2.2875000000e+01 3.5485937500e+02 1.0737500191e+01
6.0479997899e-08 3.7468750000e+01 3.4804687500e+02 1.1803125381e+01
7.0079998693e-08 6.1093750000e+01 3.4004687500e+02 1.2733593941e+01
7.9679999487e-08 8.0531250000e+01 3.3600000000e+02 1.3389843941e+01
8.9280000282e-08 1.0693750000e+02 3.3334375000e+02 1.3960156441e+01
9.8880001076e-08 1.2587500000e+02 3.3307812500e+02 1.4437500000e+01
1.0848000187e-07 1.4859375000e+02 3.3712500000e+02 1.4810937881e+01
1.1808000266e-07 1.7087500000e+02 3.4150000000e+02 1.5426562309e+01
1.2767999635e-07 1.8909375000e+02 3.4812500000e+02 1.5608593941e+01
1.3727999715e-07 2.1065625000e+02 3.5753125000e+02 1.5958593369e+01
1.4687999794e-07 2.2521875000e+02 3.6260937500e+02 1.6303905487e+01
1.5647999874e-07 2.4587500000e+02 3.6973437500e+02 1.6415624619e+01
1.6607999953e-07 2.6306250000e+02 3.7200000000e+02 1.6529687881e+01
1.7568000032e-07 2.7215625000e+02 3.7217187500e+02 1.6734375000e+01
1.8528000112e-07 2.8615625000e+02 3.7060937500e+02 1.6811717987e+01
1.9488000191e-07 2.9821875000e+02 3.6925000000e+02 1.6967187881e+01
2.0448000271e-07 3.0771875000e+02 3.6976562500e+02 1.7077342987e+01
2.1408000350e-07 3.2125000000e+02 3.6676562500e+02 1.7076562881e+01
2.2368000430e-07 3.2887500000e+02 3.6728125000e+02 1.7342967987e+01
2.3328000509e-07 3.4253125000e+02 3.6745312500e+02 1.7384374619e+01
2.4287999167e-07 3.5153125000e+02 3.7115625000e+02 1.7413280487e+01
2.5247999247e-07 3.6150000000e+02 3.7440625000e+02 1.7620311737e+01
2.6207999326e-07 3.7321875000e+02 3.7734375000e+02 1.7611719131e+01
2.7167999406e-07 3.7875000000e+02 3.8187500000e+02 1.7489063263e+01
2.8127999485e-07 3.8868750000e+02 3.8539062500e+02 1.7766407013e+01
2.9087999565e-07 3.9096875000e+02 3.8467187500e+02 1.7692968369e+01
3.0047999644e-07 4.0159375000e+02 3.8496875000e+02 1.7664844513e+01
3.1007999723e-07 4.1140625000e+02 3.8375000000e+02 1.7734375000e+01
3.1967999803e-07 4.1512500000e+02 3.8403125000e+02 1.7736719131e+01
3.2927999882e-07 4.1587500000e+02 3.8228125000e+02 1.7710937500e+01
3.3887999962e-07 4.2568750000e+02 3.8035937500e+02 1.7664844513e+01
3.4848000041e-07 4.3221875000e+02 3.8029687500e+02 1.7768749237e+01
3.5808000121e-07 4.3859375000e+02 3.8298437500e+02 1.7739843369e+01
3.6768000200e-07 4.4375000000e+02 3.8256250000e+02 1.7902343750e+01
3.7728000279e-07 4.4781250000e+02 3.8551562500e+02 1.7773437500e+01
3.8688000359e-07 4.5490625000e+02 3.8639062500e+02 1.7850780487e+01
3.9648000438e-07 4.5556250000e+02 3.8990625000e+02 1.7860937119e+01
4.0608000518e-07 4.6109375000e+02 3.8968750000e+02 1.8017187119e+01
4.1568000597e-07 4.6556250000e+02 3.9070312500e+02 1.8000000000e+01
4.2528000677e-07 4.6921875000e+02 3.8984375000e+02 1.7862499237e+01
4.3488000756e-07 4.7290625000e+02 3.9003125000e+02 1.7883594513e+01
4.4448000835e-07 4.7721875000e+02 3.9001562500e+02 1.7874217987e+01
4.5408000915e-07 4.7918750000e+02 3.9006250000e+02 1.7902343750e+01
4.6368000994e-07 4.8300000000e+02 3.8818750000e+02 1.7872655869e+01
4.7328001074e-07 4.8421875000e+02 3.8829687500e+02 1.7850780487e+01
4.8288001153e-07 4.8734375000e+02 3.8921875000e+02 1.7978906631e+01
4.9248001233e-07 4.8837500000e+02 3.9020312500e+02 1.7913280487e+01
5.0208001312e-07 4.9165625000e+02 3.9151562500e+02 1.7992969513e+01
5.1168001391e-07 4.9578125000e+02 3.9270312500e+02 1.8072656631e+01
5.2128001471e-07 4.9818750000e+02 3.9340625000e+02 1.7982812881e+01
5.3088001550e-07 4.9959375000e+02 3.9215625000e+02 1.7910938263e+01
5.4048001630e-07 5.0259375000e+02 3.9450000000e+02 1.7909374237e+01
5.5008001709e-07 5.0400000000e+02 3.9379687500e+02 1.8001562119e+01
5.5968001789e-07 5.0678125000e+02 3.9471875000e+02 1.7886718750e+01
5.6928001868e-07 5.0453125000e+02 3.9432812500e+02 1.7843750000e+01
5.7888001948e-07 5.0675000000e+02 3.9129687500e+02 1.7749217987e+01
5.8848002027e-07 5.0856250000e+02 3.9378125000e+02 1.7889062881e+01
5.9808002106e-07 5.1215625000e+02 3.9514062500e+02 1.7902343750e+01
6.0768002186e-07 5.1212500000e+02 3.9448437500e+02 1.8179687500e+01
6.1728002265e-07 5.1512500000e+02 3.9473437500e+02 1.7884374619e+01
6.2688002345e-07 5.1371875000e+02 3.9556250000e+02 1.7851562500e+01
6.3648002424e-07 5.1793750000e+02 3.9664062500e+02 1.7965625763e+01
6.4608002504e-07 5.1690625000e+02 3.9679687500e+02 1.7872655869e+01
6.5568002583e-07 5.1631250000e+02 3.9704687500e+02 1.7897655487e+01
6.6528002662e-07 5.1746875000e+02 3.9779687500e+02 1.7958593369e+01
6.7488002742e-07 5.1631250000e+02 3.9735937500e+02 1.7889062881e+01
6.8448002821e-07 5.1875000000e+02 3.9606250000e+02 1.8007812500e+01
6.9407997216e-07 5.1671875000e+02 3.9564062500e+02 1.7928905487e+01
7.0367997296e-07 5.1750000000e+02 3.9693750000e+02 1.8089843750e+01
7.1327997375e-07 5.2178125000e+02 3.9671875000e+02 1.8006250381e+01
7.2287997455e-07 5.1850000000e+02 3.9806250000e+02 1.7943750381e+01
7.3247997534e-07 5.1875000000e+02 3.9737500000e+02 1.7867969513e+01
7.4207997613e-07 5.2046875000e+02 3.9823437500e+02 1.7894531250e+01
7.5167997693e-07 5.2037500000e+02 3.9734375000e+02 1.7917186737e+01
7.6127997772e-07 5.2159375000e+02 3.9748437500e+02 1.7844532013e+01
7.7087997852e-07 5.2053125000e+02 3.9848437500e+02 1.7990625381e+01
7.8047997931e-07 5.2050000000e+02 3.9993750000e+02 1.7923437119e+01
7.9007998011e-07 5.2037500000e+02 3.9842187500e+02 1.7970312119e+01
7.9967998090e-07 5.2046875000e+02 3.9721875000e+02 1.7826562881e+01
8.0927998169e-07 5.2006250000e+02 3.9784375000e+02 1.7795312881e+01
8.1887998249e-07 5.1762500000e+02 3.9831250000e+02 1.8000000000e+01
8.2847998328e-07 5.1821875000e+02 3.9753125000e+02 1.7762500763e+01
8.3807998408e-07 5.2000000000e+02 3.9698437500e+02 1.7928125381e+01
8.4767998487e-07 5.2125000000e+02 3.9870312500e+02 1.7914844513e+01
8.5727998567e-07 5.2150000000e+02 3.9948437500e+02 1.7957031250e+01
8.6687998646e-07 5.1800000000e+02 4.0053125000e+02 1.7798437119e+01
8.7647998726e-07 5.1609375000e+02 4.0001562500e+02 1.7813282013e+01
8.8607998805e-07 5.1446875000e+02 3.9989062500e+02 1.7889062881e+01
8.9567998884e-07 5.1490625000e+02 4.0073437500e+02 1.8096874237e+01
9.0527998964e-07 5.1678125000e+02 3.9884375000e+02 1.7942968369e+01
9.1487999043e-07 5.1275000000e+02 3.9825000000e+02 1.7903125763e+01
9.2447999123e-07 5.1134375000e+02 3.9987500000e+02 1.7916406631e+01
9.3407999202e-07 5.0956250000e+02 3.9965625000e+02 1.7841405869e+01
9.4367999282e-07 5.0821875000e+02 4.0134375000e+02 1.7916406631e+01
9.5327999361e-07 5.1021875000e+02 3.9900000000e+02 1.7939844131e+01
9.6287999440e-07 5.1112500000e+02 3.9782812500e+02 1.8064062119e+01
9.7248005204e-07 5.1018750000e+02 3.9851562500e+02 1.8123437881e+01
9.8207999599e-07 5.0962500000e+02 4.0014062500e+02 1.8039844513e+01
9.9168005363e-07 5.0818750000e+02 3.9900000000e+02 1.7903905869e+01
1.0012799976e-06 5.0837500000e+02 3.9900000000e+02 1.8107812881e+01
1.0108800552e-06 5.0625000000e+02 4.0048437500e+02 1.7995311737e+01
1.0204799992e-06 5.0587500000e+02 3.9967187500e+02 1.8011718750e+01
1.0300800568e-06 5.0496875000e+02 3.9818750000e+02 1.8028905869e+01
1.0396800008e-06 5.0337500000e+02 3.9820312500e+02 1.7947656631e+01
1.0492799447e-06 5.0393750000e+02 4.0093750000e+02 1.8046875000e+01
1.0588800023e-06 5.0115625000e+02 3.9907812500e+02 1.8052343369e+01
1.0684799463e-06 5.0087500000e+02 4.0028125000e+02 1.8035156250e+01
1.0780800039e-06 4.9846875000e+02 3.9989062500e+02 1.8057811737e+01
1.0876799479e-06 4.9881250000e+02 4.0150000000e+02 1.8032032013e+01
1.0972800055e-06 4.9612500000e+02 4.0126562500e+02 1.8114843369e+01
1.1068799495e-06 4.9481250000e+02 4.0084375000e+02 1.8139842987e+01
1.1164800071e-06 4.9471875000e+02 3.9951562500e+02 1.8178125381e+01
1.1260799511e-06 4.9303125000e+02 4.0151562500e+02 1.8200000763e+01
1.1356800087e-06 4.8981250000e+02 4.0134375000e+02 1.8086719513e+01
1.1452799527e-06 4.8840625000e+02 4.0145312500e+02 1.8108592987e+01
1.1548800103e-06 4.9028125000e+02 4.0025000000e+02 1.8186717987e+01
1.1644799542e-06 4.9075000000e+02 4.0112500000e+02 1.8089061737e+01
1.1740800119e-06 4.8631250000e+02 4.0009375000e+02 1.8182031631e+01
1.1836799558e-06 4.8734375000e+02 4.0090625000e+02 1.8239063263e+01
1.1932800135e-06 4.8768750000e+02 4.0021875000e+02 1.8146093369e+01
1.2028799574e-06 4.8428125000e+02 4.0196875000e+02 1.8315624237e+01
1.2124800151e-06 4.8118750000e+02 4.0201562500e+02 1.8071874619e+01
1.2220799590e-06 4.7937500000e+02 4.0059375000e+02 1.8228906631e+01
1.2316800166e-06 4.8237500000e+02 4.0135937500e+02 1.8206249237e+01
1.2412799606e-06 4.7884375000e+02 4.0129687500e+02 1.8224218369e+01
1.2508800182e-06 4.7796875000e+02 4.0148437500e+02 1.8034374237e+01
1.2604799622e-06 4.7637500000e+02 4.0095312500e+02 1.8135156631e+01
1.2700800198e-06 4.7431250000e+02 4.0017187500e+02 1.8173437119e+01
1.2796799638e-06 4.7396875000e+02 4.0035937500e+02 1.8177343369e+01
1.2892800214e-06 4.7537500000e+02 4.0026562500e+02 1.8228124619e+01
1.2988799654e-06 4.7275000000e+02 4.0176562500e+02 1.8125000000e+01
1.3084800230e-06 4.7318750000e+02 4.0085937500e+02 1.8114063263e+01
1.3180799669e-06 4.6850000000e+02 4.0128125000e+02 1.8230468750e+01
1.3276800246e-06 4.6887500000e+02 4.0156250000e+02 1.8092187881e+01
1.3372799685e-06 4.7206250000e+02 3.9915625000e+02 1.8144531250e+01
1.3468800262e-06 4.6553125000e+02 4.0168750000e+02 1.8302343369e+01
1.3564799701e-06 4.6650000000e+02 4.0170312500e+02 1.8180469513e+01
1.3660800278e-06 4.6284375000e+02 4.0125000000e+02 1.8214061737e+01
1.3756799717e-06 4.6112500000e+02 3.9985937500e+02 1.8294530869e+01
1.3852800294e-06 4.6400000000e+02 4.0064062500e+02 1.8259374619e+01
1.3948799733e-06 4.5475000000e+02 4.0139062500e+02 1.8165624619e+01
1.4044800309e-06 4.5937500000e+02 4.0032812500e+02 1.8279687881e+01
1.4140799749e-06 4.5771875000e+02 4.0028125000e+02 1.8206249237e+01
1.4236800325e-06 4.5909375000e+02 3.9962500000e+02 1.8219532013e+01
1.4332799765e-06 4.5359375000e+02 3.9942187500e+02 1.8398437500e+01
1.4428800341e-06 4.5290625000e+02 4.0135937500e+02 1.8225000381e+01
1.4524799781e-06 4.5106250000e+02 4.0007812500e+02 1.8296092987e+01
1.4620800357e-06 4.5256250000e+02 3.9975000000e+02 1.8320312500e+01
1.4716799797e-06 4.5200000000e+02 3.9934375000e+02 1.8330469131e+01
1.4812800373e-06 4.4909375000e+02 4.0078125000e+02 1.8232030869e+01
1.4908799812e-06 4.5106250000e+02 4.0092187500e+02 1.8158594131e+01
1.5004800389e-06 4.4900000000e+02 3.9826562500e+02 1.8284374237e+01
1.5100799828e-06 4.4731250000e+02 4.0154687500e+02 1.8391407013e+01
1.5196800405e-06 4.4578125000e+02 3.9967187500e+02 1.8475780487e+01
1.5292799844e-06 4.4003125000e+02 3.9987500000e+02 1.8330469131e+01
1.5388800421e-06 4.4271875000e+02 3.9878125000e+02 1.8360157013e+01
1.5484799860e-06 4.3975000000e+02 4.0045312500e+02 1.8277343750e+01
1.5580800437e-06 4.4240625000e+02 4.0003125000e+02 1.8282032013e+01
1.5676799876e-06 4.3940625000e+02 3.9989062500e+02 1.8429687500e+01
1.5772800452e-06 4.3878125000e+02 4.0057812500e+02 1.8273437500e+01
1.5868799892e-06 4.3287500000e+02 4.0039062500e+02 1.8367969513e+01
1.5964800468e-06 4.3281250000e+02 4.0053125000e+02 1.8323436737e+01
1.6060799908e-06 4.3278125000e+02 3.9884375000e+02 1.8291406631e+01
1.6156800484e-06 4.3428125000e+02 3.9878125000e+02 1.8432031631e+01
1.6252799924e-06 4.3159375000e+02 4.0082812500e+02 1.8314062119e+01
1.6348800500e-06 4.3118750000e+02 3.9893750000e+02 1.8239063263e+01
1.6444799940e-06 4.3062500000e+02 3.9901562500e+02 1.8374217987e+01
1.6540800516e-06 4.3190625000e+02 3.9840625000e+02 1.8417968750e+01
1.6636799955e-06 4.2787500000e+02 3.9975000000e+02 1.8174219131e+01
1.6732800532e-06 4.2834375000e+02 4.0045312500e+02 1.8242187500e+01
1.6828799971e-06 4.2728125000e+02 3.9885937500e+02 1.8182031631e+01
1.6924800548e-06 4.2481250000e+02 3.9948437500e+02 1.8353906631e+01
1.7020799987e-06 4.2600000000e+02 4.0017187500e+02 1.8387500763e+01
1.7116800564e-06 4.2496875000e+02 3.9859375000e+02 1.8348438263e+01
1.7212800003e-06 4.2337500000e+02 3.9889062500e+02 1.8424999237e+01
1.7308799443e-06 4.1893750000e+02 3.9987500000e+02 1.8314062119e+01
1.7404800019e-06 4.1806250000e+02 4.0050000000e+02 1.8326562881e+01
1.7500799459e-06 4.1828125000e+02 3.9840625000e+02 1.8371093750e+01
1.7596800035e-06 4.1778125000e+02 3.9753125000e+02 1.8296875000e+01
1.7692799474e-06 4.1525000000e+02 3.9950000000e+02 1.8375782013e+01
1.7788800051e-06 4.1403125000e+02 4.0103125000e+02 1.8366405487e+01
1.7884799490e-06 4.1531250000e+02 4.0000000000e+02 1.8446874619e+01
1.7980800067e-06 4.1234375000e+02 3.9923437500e+02 1.8291406631e+01
1.8076799506e-06 4.1168750000e+02 4.0051562500e+02 1.8499217987e+01
1.8172800083e-06 4.0781250000e+02 4.0164062500e+02 1.8503124237e+01
1.8268799522e-06 4.0881250000e+02 3.9940625000e+02 1.8413280487e+01
1.8364800098e-06 4.0965625000e+02 3.9945312500e+02 1.8368749619e+01
1.8460799538e-06 4.1153125000e+02 3.9967187500e+02 1.8423437119e+01
1.8556800114e-06 4.0609375000e+02 3.9954687500e+02 1.8446094513e+01
1.8652799554e-06 4.0618750000e+02 4.0056250000e+02 1.8442188263e+01
1.8748800130e-06 4.0615625000e+02 3.9835937500e+02 1.8346094131e+01
1.8844799570e-06 4.0693750000e+02 3.9850000000e+02 1.8418750763e+01
1.8940800146e-06 4.0721875000e+02 3.9910937500e+02 1.8357030869e+01
1.9036799586e-06 4.0453125000e+02 3.9892187500e+02 1.8287500381e+01
1.9132799025e-06 4.0209375000e+02 3.9959375000e+02 1.8350000381e+01
1.9228800738e-06 4.0265625000e+02 3.9859375000e+02 1.8403125763e+01
1.9324800178e-06 4.0381250000e+02 3.9807812500e+02 1.8475000381e+01
1.9420799617e-06 3.9881250000e+02 3.9896875000e+02 1.8366405487e+01
1.9516799057e-06 3.9915625000e+02 3.9882812500e+02 1.8335155487e+01
1.9612800770e-06 3.9912500000e+02 3.9865625000e+02 1.8476562500e+01
1.9708800210e-06 3.9609375000e+02 3.9903125000e+02 1.8459375381e+01
1.9804799649e-06 3.9571875000e+02 3.9890625000e+02 1.8433593750e+01
1.9900799089e-06 3.9553125000e+02 3.9920312500e+02 1.8356250763e+01
1.9996800802e-06 3.9806250000e+02 3.9723437500e+02 1.8389062881e+01
2.0092800241e-06 3.9775000000e+02 3.9759375000e+02 1.8321094513e+01
2.0188799681e-06 3.9284375000e+02 3.9904687500e+02 1.8475780487e+01
2.0284799120e-06 3.9162500000e+02 3.9960937500e+02 1.8402343750e+01
2.0380800834e-06 3.9115625000e+02 3.9745312500e+02 1.8396875381e+01
2.0476800273e-06 3.8840625000e+02 3.9901562500e+02 1.8255468369e+01
2.0572799713e-06 3.9215625000e+02 3.9851562500e+02 1.8299219131e+01
2.0668799152e-06 3.8906250000e+02 3.9909375000e+02 1.8450000763e+01
2.0764800865e-06 3.8571875000e+02 4.0000000000e+02 1.8383594513e+01
2.0860800305e-06 3.8343750000e+02 4.0037500000e+02 1.8427343369e+01
2.0956799744e-06 3.8637500000e+02 3.9920312500e+02 1.8413280487e+01
2.1052799184e-06 3.8562500000e+02 3.9806250000e+02 1.8369531631e+01
2.1148800897e-06 3.8600000000e+02 3.9817187500e+02 1.8467967987e+01
2.1244800337e-06 3.8415625000e+02 4.0039062500e+02 1.8600780487e+01
2.1340799776e-06 3.8759375000e+02 3.9881250000e+02 1.8539844513e+01
2.1436799216e-06 3.8134375000e+02 3.9751562500e+02 1.8417968750e+01
2.1532800929e-06 3.8234375000e+02 3.9896875000e+02 1.8546092987e+01
2.1628800368e-06 3.8353125000e+02 3.9868750000e+02 1.8494531631e+01
2.1724799808e-06 3.7821875000e+02 3.9864062500e+02 1.8426563263e+01
2.1820799248e-06 3.7846875000e+02 3.9823437500e+02 1.8410156250e+01
2.1916800961e-06 3.7712500000e+02 3.9884375000e+02 1.8446874619e+01
2.2012800400e-06 3.7800000000e+02 3.9826562500e+02 1.8442968369e+01
2.2108799840e-06 3.7575000000e+02 3.9753125000e+02 1.8334375381e+01
2.2204799279e-06 3.7581250000e+02 3.9698437500e+02 1.8475780487e+01
2.2300800993e-06 3.7590625000e+02 3.9860937500e+02 1.8413280487e+01
2.2396800432e-06 3.7340625000e+02 3.9623437500e+02 1.8474218369e+01
2.2492799872e-06 3.6978125000e+02 3.9764062500e+02 1.8488281250e+01
2.2588799311e-06 3.7540625000e+02 3.9829687500e+02 1.8414844513e+01
2.2684801024e-06 3.7118750000e+02 3.9820312500e+02 1.8477344513e+01
2.2780800464e-06 3.7159375000e+02 3.9801562500e+02 1.8501562119e+01
2.2876799903e-06 3.6878125000e+02 3.9839062500e+02 1.8395313263e+01
2.2972799343e-06 3.6900000000e+02 3.9650000000e+02 1.8417968750e+01
2.3068801056e-06 3.6690625000e+02 3.9912500000e+02 1.8392187119e+01
2.3164800496e-06 3.6821875000e+02 3.9870312500e+02 1.8529687881e+01
2.3260799935e-06 3.6931250000e+02 3.9934375000e+02 1.8398437500e+01
2.3356799375e-06 3.6756250000e+02 3.9707812500e+02 1.8431249619e+01
2.3452801088e-06 3.6593750000e+02 3.9553125000e+02 1.8417186737e+01
2.3548800527e-06 3.6778125000e+02 3.9881250000e+02 1.8522655487e+01
2.3644799967e-06 3.6346875000e+02 3.9860937500e+02 1.8529687881e+01
2.3740799406e-06 3.6562500000e+02 3.9695312500e+02 1.8462499619e+01
2.3836801120e-06 3.6200000000e+02 3.9973437500e+02 1.8549999237e+01
2.3932800559e-06 3.6215625000e+02 3.9859375000e+02 1.8460155487e+01
2.4028799999e-06 3.6150000000e+02 3.9635937500e+02 1.8477344513e+01
2.4124799438e-06 3.6103125000e+02 3.9775000000e+02 1.8446094513e+01
2.4220798878e-06 3.5787500000e+02 3.9534375000e+02 1.8407032013e+01
2.4316800591e-06 3.6256250000e+02 3.9810937500e+02 1.8475780487e+01
2.4412800030e-06 3.6071875000e+02 3.9775000000e+02 1.8257812500e+01
2.4508799470e-06 3.5878125000e+02 3.9735937500e+02 1.8432031631e+01
2.4604798909e-06 3.6084375000e+02 3.9943750000e+02 1.8472656250e+01
2.4700800623e-06 3.6053125000e+02 3.9831250000e+02 1.8410938263e+01
2.4796800062e-06 3.5806250000e+02 3.9810937500e+02 1.8379688263e+01
2.4892799502e-06 3.5575000000e+02 3.9759375000e+02 1.8417186737e+01
2.4988798941e-06 3.5534375000e+02 3.9634375000e+02 1.8446874619e+01
2.5084800654e-06 3.5215625000e+02 3.9690625000e+02 1.8521875381e+01
2.5180800094e-06 3.5575000000e+02 3.9695312500e+02 1.8510936737e+01
2.5276799533e-06 3.5134375000e+02 3.9725000000e+02 1.8518749237e+01
2.5372798973e-06 3.5562500000e+02 3.9693750000e+02 1.8391407013e+01
2.5468800686e-06 3.5393750000e+02 3.9692187500e+02 1.8358592987e+01
2.5564800126e-06 3.5306250000e+02 3.9743750000e+02 1.8514842987e+01
2.5660799565e-06 3.5162500000e+02 3.9496875000e+02 1.8387500763e+01
2.5756799005e-06 3.5037500000e+02 3.9765625000e+02 1.8442188263e+01
2.5852800718e-06 3.4715625000e+02 3.9857812500e+02 1.8375782013e+01
2.5948800157e-06 3.5015625000e+02 3.9643750000e+02 1.8438282013e+01
2.6044799597e-06 3.4915625000e+02 3.9779687500e+02 1.8385156631e+01
2.6140799037e-06 3.4553125000e+02 3.9753125000e+02 1.8306249619e+01
2.6236800750e-06 3.4690625000e+02 3.9575000000e+02 1.8332813263e+01
2.6332800189e-06 3.5037500000e+02 3.9748437500e+02 1.8463281631e+01
2.6428799629e-06 3.4503125000e+02 3.9718750000e+02 1.8414062500e+01
2.6524799068e-06 3.4781250000e+02 3.9714062500e+02 1.8342187881e+01
2.6620800782e-06 3.4809375000e+02 3.9631250000e+02 1.8398437500e+01
2.6716800221e-06 3.4615625000e+02 3.9718750000e+02 1.8492187500e+01
2.6812799661e-06 3.4596875000e+02 3.9700000000e+02 1.8558593750e+01
2.6908799100e-06 3.4437500000e+02 3.9793750000e+02 1.8467187881e+01
2.7004800813e-06 3.4415625000e+02 3.9751562500e+02 1.8524999619e+01
2.7100800253e-06 3.4415625000e+02 3.9628125000e+02 1.8500782013e+01
2.7196799692e-06 3.4368750000e+02 3.9646875000e+02 1.8385936737e+01
2.7292799132e-06 3.4184375000e+02 3.9645312500e+02 1.8440624237e+01
2.7388800845e-06 3.4159375000e+02 3.9864062500e+02 1.8461719513e+01
2.7484800285e-06 3.4031250000e+02 3.9615625000e+02 1.8460155487e+01
2.7580799724e-06 3.3975000000e+02 3.9700000000e+02 1.8460937500e+01
2.7676799164e-06 3.3965625000e+02 3.9692187500e+02 1.8465625763e+01
2.7772800877e-06 3.3775000000e+02 3.9753125000e+02 1.8478124619e+01
2.7868800316e-06 3.3843750000e+02 3.9771875000e+02 1.8424219131e+01
2.7964799756e-06 3.3731250000e+02 3.9689062500e+02 1.8434375763e+01
2.8060799195e-06 3.3587500000e+02 3.9818750000e+02 1.8407812119e+01
2.8156800909e-06 3.3837500000e+02 3.9714062500e+02 1.8379688263e+01
2.8252800348e-06 3.3600000000e+02 3.9820312500e+02 1.8474218369e+01
2.8348799788e-06 3.3840625000e+02 3.9635937500e+02 1.8396875381e+01
2.8444799227e-06 3.3534375000e+02 3.9667187500e+02 1.8466405869e+01
2.8540800940e-06 3.3434375000e+02 3.9668750000e+02 1.8448436737e+01
2.8636800380e-06 3.3290625000e+02 3.9690625000e+02 1.8394531250e+01
2.8732799819e-06 3.3256250000e+02 3.9675000000e+02 1.8470312119e+01
2.8828799259e-06 3.3590625000e+02 3.9582812500e+02 1.8450780869e+01
2.8924800972e-06 3.3034375000e+02 3.9723437500e+02 1.8319530487e+01
2.9020800412e-06 3.3362500000e+02 3.9762500000e+02 1.8466405869e+01
2.9116799851e-06 3.3146875000e+02 3.9715625000e+02 1.8540624619e+01
2.9212799291e-06 3.3209375000e+02 3.9785937500e+02 1.8457031250e+01
2.9308801004e-06 3.2959375000e+02 3.9662500000e+02 1.8502344131e+01
2.9404800443e-06 3.3112500000e+02 3.9689062500e+02 1.8471094131e+01
2.9500799883e-06 3.3084375000e+02 3.9721875000e+02 1.8477344513e+01
2.9596799322e-06 3.2981250000e+02 3.9625000000e+02 1.8380468369e+01
2.9692801036e-06 3.2812500000e+02 3.9785937500e+02 1.8463281631e+01
2.9788800475e-06 3.2850000000e+02 3.9723437500e+02 1.8424999237e+01
2.9884799915e-06 3.2746875000e+02 3.9628125000e+02 1.8507030487e+01
2.9980799354e-06 3.2868750000e+02 3.9703125000e+02 1.8495311737e+01
3.0076801067e-06 3.2700000000e+02 3.9609375000e+02 1.8552343369e+01
3.0172800507e-06 3.2721875000e+02 3.9607812500e+02 1.8600000381e+01
3.0268799946e-06 3.2584375000e+02 3.9621875000e+02 1.8469532013e+01
3.0364799386e-06 3.2537500000e+02 3.9692187500e+02 1.8392187119e+01
3.0460801099e-06 3.2140625000e+02 3.9618750000e+02 1.8527343750e+01
3.0556800539e-06 3.2825000000e+02 3.9635937500e+02 1.8559375763e+01
3.0652799978e-06 3.2881250000e+02 3.9684375000e+02 1.8426563263e+01
3.0748799418e-06 3.2503125000e+02 3.9721875000e+02 1.8487499237e+01
3.0844801131e-06 3.2459375000e+02 3.9720312500e+02 1.8582031250e+01
3.0940800571e-06 3.2500000000e+02 3.9548437500e+02 1.8372655869e+01
3.1036800010e-06 3.2200000000e+02 3.9606250000e+02 1.8543750763e+01
3.1132799450e-06 3.2353125000e+02 3.9665625000e+02 1.8457031250e+01
3.1228798889e-06 3.1975000000e+02 3.9510937500e+02 1.8508594513e+01
3.1324800602e-06 3.1934375000e+02 3.9581250000e+02 1.8420312881e+01
3.1420800042e-06 3.2281250000e+02 3.9734375000e+02 1.8510156631e+01
3.1516799481e-06 3.2187500000e+02 3.9735937500e+02 1.8551563263e+01
3.1612798921e-06 3.2021875000e+02 3.9698437500e+02 1.8527343750e+01
3.1708800634e-06 3.1834375000e+02 3.9634375000e+02 1.8357030869e+01
3.1804800074e-06 3.1865625000e+02 3.9660937500e+02 1.8508594513e+01
3.1900799513e-06 3.2009375000e+02 3.9637500000e+02 1.8464061737e+01
3.1996798953e-06 3.1725000000e+02 3.9681250000e+02 1.8493749619e+01
3.2092800666e-06 3.1671875000e+02 3.9503125000e+02 1.8557031631e+01
3.2188800105e-06 3.1675000000e+02 3.9560937500e+02 1.8523437500e+01
3.2284799545e-06 3.1728125000e+02 3.9676562500e+02 1.8488281250e+01
3.2380798984e-06 3.1690625000e+02 3.9759375000e+02 1.8369531631e+01
3.2476800698e-06 3.1378125000e+02 3.9651562500e+02 1.8369531631e+01
3.2572800137e-06 3.1606250000e+02 3.9470312500e+02 1.8468750000e+01
3.2668799577e-06 3.1643750000e+02 3.9759375000e+02 1.8465625763e+01
3.2764799016e-06 3.1350000000e+02 3.9610937500e+02 1.8471094131e+01
3.2860800729e-06 3.1600000000e+02 3.9657812500e+02 1.8556249619e+01
3.2956800169e-06 3.1428125000e+02 3.9565625000e+02 1.8418750763e+01
3.3052799608e-06 3.1678125000e+02 3.9640625000e+02 1.8478124619e+01
3.3148799048e-06 3.1081250000e+02 3.9554687500e+02 1.8510936737e+01
3.3244800761e-06 3.1125000000e+02 3.9598437500e+02 1.8500782013e+01
3.3340800201e-06 3.1084375000e+02 3.9579687500e+02 1.8480468750e+01
3.3436799640e-06 3.1175000000e+02 3.9553125000e+02 1.8451562881e+01
3.3532799080e-06 3.0834375000e+02 3.9503125000e+02 1.8448436737e+01
3.3628800793e-06 3.1156250000e+02 3.9685937500e+02 1.8326562881e+01
3.3724800232e-06 3.1043750000e+02 3.9428125000e+02 1.8383594513e+01
3.3820799672e-06 3.0990625000e+02 3.9456250000e+02 1.8468750000e+01
3.3916799111e-06 3.0521875000e+02 3.9771875000e+02 1.8424999237e+01
3.4012800825e-06 3.0750000000e+02 3.9606250000e+02 1.8465625763e+01
3.4108800264e-06 3.0300000000e+02 3.9517187500e+02 1.8382030487e+01
3.4204799704e-06 3.0815625000e+02 3.9509375000e+02 1.8479686737e+01
3.4300799143e-06 3.0643750000e+02 3.9664062500e+02 1.8556249619e+01
3.4396800856e-06 3.1003125000e+02 3.9437500000e+02 1.8485157013e+01
3.4492800296e-06 3.0525000000e+02 3.9662500000e+02 1.8489063263e+01
3.4588799736e-06 3.0893750000e+02 3.9626562500e+02 1.8460155487e+01
3.4684799175e-06 3.0175000000e+02 3.9709375000e+02 1.8496093750e+01
3.4780800888e-06 3.0490625000e+02 3.9507812500e+02 1.8404687881e+01
3.4876800328e-06 3.0221875000e+02 3.9653125000e+02 1.8467187881e+01
3.4972799767e-06 3.0190625000e+02 3.9450000000e+02 1.8409374237e+01
3.5068799207e-06 3.0240625000e+02 3.9842187500e+02 1.8516407013e+01
3.5164800920e-06 3.0093750000e+02 3.9635937500e+02 1.8340625763e+01
3.5260800360e-06 3.0168750000e+02 3.9562500000e+02 1.8384374619e+01
3.5356799799e-06 3.0359375000e+02 3.9582812500e+02 1.8445312500e+01
3.5452799239e-06 3.0296875000e+02 3.9412500000e+02 1.8475000381e+01
3.5548800952e-06 3.0037500000e+02 3.9595312500e+02 1.8376562119e+01
3.5644800391e-06 2.9925000000e+02 3.9562500000e+02 1.8492969513e+01
3.5740799831e-06 3.0187500000e+02 3.9496875000e+02 1.8485937119e+01
3.5836799270e-06 3.0040625000e+02 3.9521875000e+02 1.8484375000e+01
3.5932800984e-06 3.0031250000e+02 3.9550000000e+02 1.8424999237e+01
3.6028800423e-06 2.9971875000e+02 3.9437500000e+02 1.8429687500e+01
3.6124799863e-06 2.9909375000e+02 3.9464062500e+02 1.8503124237e+01
3.6220799302e-06 2.9718750000e+02 3.9626562500e+02 1.8464061737e+01
3.6316801015e-06 2.9843750000e+02 3.9521875000e+02 1.8505468369e+01
3.6412800455e-06 2.9759375000e+02 3.9453125000e+02 1.8473438263e+01
3.6508799894e-06 2.9775000000e+02 3.9545312500e+02 1.8492969513e+01
3.6604799334e-06 2.9846875000e+02 3.9507812500e+02 1.8449218750e+01
3.6700801047e-06 2.9896875000e+02 3.9509375000e+02 1.8401561737e+01
3.6796800487e-06 2.9603125000e+02 3.9607812500e+02 1.8433593750e+01
3.6892799926e-06 2.9778125000e+02 3.9487500000e+02 1.8384374619e+01
3.6988799366e-06 2.9353125000e+02 3.9540625000e+02 1.8522655487e+01
3.7084801079e-06 2.9337500000e+02 3.9604687500e+02 1.8501562119e+01
3.7180800518e-06 2.9475000000e+02 3.9546875000e+02 1.8395313263e+01
3.7276799958e-06 2.9609375000e+02 3.9545312500e+02 1.8490625381e+01
3.7372799397e-06 2.9287500000e+02 3.9543750000e+02 1.8497655869e+01
3.7468801111e-06 2.9418750000e+02 3.9320312500e+02 1.8388280869e+01
3.7564800550e-06 2.8934375000e+02 3.9560937500e+02 1.8459375381e+01
3.7660799990e-06 2.9200000000e+02 3.9560937500e+02 1.8416406631e+01
3.7756799429e-06 2.9228125000e+02 3.9514062500e+02 1.8471874237e+01
3.7852798869e-06 2.9165625000e+02 3.9403125000e+02 1.8385156631e+01
3.7948800582e-06 2.9437500000e+02 3.9425000000e+02 1.8411718369e+01
3.8044800021e-06 2.8887500000e+02 3.9392187500e+02 1.8501562119e+01
3.8140799461e-06 2.9128125000e+02 3.9420312500e+02 1.8395313263e+01
3.8236798900e-06 2.8875000000e+02 3.9431250000e+02 1.8400781631e+01
3.8332800614e-06 2.9065625000e+02 3.9426562500e+02 1.8408594131e+01
3.8428797779e-06 2.9046875000e+02 3.9560937500e+02 1.8417968750e+01
3.8524799493e-06 2.9190625000e+02 3.9542187500e+02 1.8432811737e+01
3.8620801206e-06 2.9031250000e+02 3.9598437500e+02 1.8371875763e+01
3.8716798372e-06 2.9100000000e+02 3.9485937500e+02 1.8405467987e+01
3.8812800085e-06 2.9078125000e+02 3.9451562500e+02 1.8448436737e+01
3.8908801798e-06 2.8593750000e+02 3.9482812500e+02 1.8456249237e+01
3.9004798964e-06 2.9003125000e+02 3.9495312500e+02 1.8260936737e+01
3.9100800677e-06 2.8753125000e+02 3.9592187500e+02 1.8352344513e+01
3.9196797843e-06 2.8906250000e+02 3.9428125000e+02 1.8360937119e+01
3.9292799556e-06 2.8846875000e+02 3.9550000000e+02 1.8553125381e+01
3.9388801270e-06 2.9025000000e+02 3.9423437500e+02 1.8520313263e+01
3.9484798435e-06 2.8540625000e+02 3.9557812500e+02 1.8424999237e+01
3.9580800149e-06 2.8456250000e+02 3.9590625000e+02 1.8432811737e+01
3.9676801862e-06 2.8512500000e+02 3.9406250000e+02 1.8490625381e+01
3.9772799028e-06 2.8787500000e+02 3.9429687500e+02 1.8307811737e+01
3.9868800741e-06 2.8246875000e+02 3.9506250000e+02 1.8405467987e+01
3.9964797907e-06 2.8553125000e+02 3.9440625000e+02 1.8392969131e+01
4.0060799620e-06 2.8578125000e+02 3.9512500000e+02 1.8513280869e+01
4.0156801333e-06 2.8293750000e+02 3.9493750000e+02 1.8446874619e+01
4.0252798499e-06 2.8465625000e+02 3.9420312500e+02 1.8437500000e+01
4.0348800212e-06 2.8218750000e+02 3.9473437500e+02 1.8478906631e+01
4.0444801925e-06 2.8081250000e+02 3.9667187500e+02 1.8435937881e+01
4.0540799091e-06 2.8450000000e+02 3.9514062500e+02 1.8514062881e+01
4.0636800804e-06 2.8303125000e+02 3.9525000000e+02 1.8440624237e+01
4.0732797970e-06 2.8190625000e+02 3.9651562500e+02 1.8394531250e+01
4.0828799683e-06 2.7981250000e+02 3.9501562500e+02 1.8343750000e+01
4.0924801397e-06 2.7931250000e+02 3.9601562500e+02 1.8453125000e+01
4.1020798562e-06 2.8034375000e+02 3.9540625000e+02 1.8517187119e+01
4.1116800276e-06 2.8096875000e+02 3.9460937500e+02 1.8388280869e+01
4.1212801989e-06 2.8078125000e+02 3.9665625000e+02 1.8399999619e+01
4.1308799155e-06 2.7631250000e+02 3.9439062500e+02 1.8356250763e+01
4.1404800868e-06 2.7812500000e+02 3.9434375000e+02 1.8348438263e+01
4.1500798034e-06 2.7771875000e+02 3.9551562500e+02 1.8536718369e+01
4.1596799747e-06 2.8212500000e+02 3.9545312500e+02 1.8431249619e+01
4.1692801460e-06 2.8046875000e+02 3.9410937500e+02 1.8280467987e+01
4.1788798626e-06 2.8018750000e+02 3.9576562500e+02 1.8409374237e+01
4.1884800339e-06 2.7796875000e+02 3.9231250000e+02 1.8407032013e+01
4.1980802052e-06 2.7865625000e+02 3.9414062500e+02 1.8452342987e+01
4.2076799218e-06 2.7900000000e+02 3.9481250000e+02 1.8402343750e+01
4.2172800931e-06 2.7725000000e+02 3.9334375000e+02 1.8286718369e+01
4.2268798097e-06 2.7571875000e+02 3.9493750000e+02 1.8354686737e+01
4.2364799810e-06 2.7621875000e+02 3.9392187500e+02 1.8462499619e+01
4.2460801524e-06 2.7771875000e+02 3.9326562500e+02 1.8381250381e+01
4.2556798689e-06 2.7203125000e+02 3.9448437500e+02 1.8254688263e+01
4.2652800403e-06 2.7721875000e+02 3.9484375000e+02 1.8403125763e+01
4.2748802116e-06 2.7778125000e+02 3.9628125000e+02 1.8298437119e+01
4.2844799282e-06 2.7396875000e+02 3.9459375000e+02 1.8292186737e+01
4.2940800995e-06 2.7512500000e+02 3.9426562500e+02 1.8411718369e+01
4.3036798161e-06 2.7309375000e+02 3.9407812500e+02 1.8371093750e+01
4.3132799874e-06 2.7668750000e+02 3.9429687500e+02 1.8457813263e+01
4.3228801587e-06 2.7309375000e+02 3.9323437500e+02 1.8362499237e+01
4.3324798753e-06 2.7340625000e+02 3.9496875000e+02 1.8228906631e+01
4.3420800466e-06 2.7506250000e+02 3.9420312500e+02 1.8294530869e+01
4.3516802180e-06 2.7343750000e+02 3.9379687500e+02 1.8412500381e+01
4.3612799345e-06 2.6928125000e+02 3.9404687500e+02 1.8308593750e+01
4.3708801059e-06 2.7037500000e+02 3.9345312500e+02 1.8416406631e+01
4.3804798224e-06 2.7518750000e+02 3.9590625000e+02 1.8333593369e+01
4.3900799938e-06 2.7187500000e+02 3.9575000000e+02 1.8309375763e+01
4.3996801651e-06 2.7246875000e+02 3.9467187500e+02 1.8251562119e+01
4.4092798817e-06 2.7265625000e+02 3.9504687500e+02 1.8323436737e+01
4.4188800530e-06 2.7093750000e+02 3.9203125000e+02 1.8346094131e+01
4.4284802243e-06 2.7040625000e+02 3.9432812500e+02 1.8287500381e+01
4.4380799409e-06 2.7096875000e+02 3.9271875000e+02 1.8250782013e+01
4.4476801122e-06 2.6903125000e+02 3.9240625000e+02 1.8364843369e+01
4.4572798288e-06 2.6950000000e+02 3.9464062500e+02 1.8350780487e+01
4.4668800001e-06 2.6975000000e+02 3.9470312500e+02 1.8380468369e+01
4.4764801714e-06 2.7231250000e+02 3.9328125000e+02 1.8411718369e+01
4.4860798880e-06 2.6818750000e+02 3.9365625000e+02 1.8339061737e+01
4.4956800593e-06 2.6946875000e+02 3.9417187500e+02 1.8206249237e+01
4.5052797759e-06 2.6687500000e+02 3.9662500000e+02 1.8321874619e+01
4.5148799472e-06 2.6628125000e+02 3.9485937500e+02 1.8307811737e+01
4.5244801186e-06 2.6818750000e+02 3.9343750000e+02 1.8289844513e+01
4.5340798351e-06 2.6768750000e+02 3.9429687500e+02 1.8349218369e+01
4.5436800065e-06 2.6762500000e+02 3.9382812500e+02 1.8306249619e+01
4.5532801778e-06 2.6940625000e+02 3.9396875000e+02 1.8270313263e+01
4.5628798944e-06 2.6612500000e+02 3.9312500000e+02 1.8219532013e+01
4.5724800657e-06 2.6721875000e+02 3.9264062500e+02 1.8303905487e+01
4.5820797823e-06 2.6659375000e+02 3.9367187500e+02 1.8390625000e+01
4.5916799536e-06 2.7031250000e+02 3.9485937500e+02 1.8231250763e+01
4.6012801249e-06 2.6778125000e+02 3.9328125000e+02 1.8350000381e+01
4.6108798415e-06 2.6459375000e+02 3.9535937500e+02 1.8318750381e+01
4.6204800128e-06 2.6421875000e+02 3.9496875000e+02 1.8377344131e+01
4.6300801841e-06 2.6840625000e+02 3.9437500000e+02 1.8181249619e+01
4.6396799007e-06 2.6859375000e+02 3.9492187500e+02 1.8300781250e+01
4.6492800720e-06 2.6196875000e+02 3.9459375000e+02 1.8338281631e+01
4.6588797886e-06 2.6450000000e+02 3.9292187500e+02 1.8446094513e+01
4.6684799599e-06 2.6237500000e+02 3.9495312500e+02 1.8260156631e+01
4.6780801313e-06 2.6540625000e+02 3.9371875000e+02 1.8282032013e+01
4.6876798478e-06 2.6278125000e+02 3.9562500000e+02 1.8230468750e+01
4.6972800192e-06 2.6253125000e+02 3.9429687500e+02 1.8364843369e+01
4.7068801905e-06 2.6346875000e+02 3.9432812500e+02 1.8225000381e+01
4.7164799071e-06 2.6296875000e+02 3.9365625000e+02 1.8367969513e+01
4.7260800784e-06 2.6168750000e+02 3.9370312500e+02 1.8275781631e+01
4.7356797950e-06 2.6287500000e+02 3.9378125000e+02 1.8328907013e+01
4.7452799663e-06 2.6453125000e+02 3.9190625000e+02 1.8259374619e+01
4.7548801376e-06 2.6053125000e+02 3.9384375000e+02 1.8361719131e+01
4.7644798542e-06 2.6534375000e+02 3.9334375000e+02 1.8325000763e+01
4.7740800255e-06 2.5975000000e+02 3.9360937500e+02 1.8226562500e+01
4.7836801969e-06 2.6284375000e+02 3.9476562500e+02 1.8165624619e+01
4.7932799134e-06 2.6096875000e+02 3.9568750000e+02 1.8346094131e+01
4.8028800848e-06 2.6221875000e+02 3.9203125000e+02 1.8355468750e+01
4.8124798013e-06 2.6012500000e+02 3.9407812500e+02 1.8327342987e+01
4.8220799727e-06 2.6100000000e+02 3.9425000000e+02 1.8234375000e+01
4.8316801440e-06 2.6225000000e+02 3.9403125000e+02 1.8220312119e+01
4.8412798606e-06 2.5834375000e+02 3.9425000000e+02 1.8153125763e+01
4.8508800319e-06 2.5915625000e+02 3.9265625000e+02 1.8237499237e+01
4.8604802032e-06 2.6196875000e+02 3.9503125000e+02 1.8147655487e+01
4.8700799198e-06 2.5868750000e+02 3.9532812500e+02 1.8177343369e+01
4.8796800911e-06 2.5796875000e+02 3.9184375000e+02 1.8282032013e+01
4.8892798077e-06 2.6046875000e+02 3.9220312500e+02 1.8174219131e+01
4.8988799790e-06 2.6009375000e+02 3.9401562500e+02 1.8160938263e+01
4.9084801503e-06 2.5765625000e+02 3.9434375000e+02 1.8230468750e+01
4.9180798669e-06 2.5725000000e+02 3.9368750000e+02 1.8260156631e+01
4.9276800382e-06 2.5775000000e+02 3.9359375000e+02 1.8211719513e+01
4.9372802096e-06 2.5862500000e+02 3.9218750000e+02 1.8196874619e+01
4.9468799261e-06 2.5878125000e+02 3.9379687500e+02 1.8360937119e+01
4.9564800975e-06 2.6068750000e+02 3.9509375000e+02 1.8128124237e+01
4.9660798140e-06 2.5825000000e+02 3.9396875000e+02 1.8075780869e+01
4.9756799854e-06 2.5812500000e+02 3.9318750000e+02 1.8191406250e+01
4.9852801567e-06 2.5540625000e+02 3.9414062500e+02 1.8234375000e+01
4.9948798733e-06 2.5787500000e+02 3.9439062500e+02 1.8239063263e+01
5.0044800446e-06 2.5496875000e+02 3.9373437500e+02 1.8184375763e+01
5.0140802159e-06 2.5603125000e+02 3.9400000000e+02 1.8111719131e+01
5.0236799325e-06 2.5843750000e+02 3.9364062500e+02 1.8175781250e+01
5.0332801038e-06 2.5315625000e+02 3.9287500000e+02 1.8186717987e+01
5.0428798204e-06 2.5509375000e+02 3.9498437500e+02 1.8282032013e+01
5.0524799917e-06 2.5700000000e+02 3.9431250000e+02 1.8215625763e+01
5.0620801630e-06 2.5568750000e+02 3.9542187500e+02 1.8222656250e+01
5.0716798796e-06 2.5571875000e+02 3.9342187500e+02 1.8213281631e+01
5.0812800509e-06 2.5443750000e+02 3.9292187500e+02 1.8176563263e+01
5.0908802223e-06 2.5409375000e+02 3.9326562500e+02 1.8227344513e+01
5.1004799388e-06 2.5425000000e+02 3.9300000000e+02 1.8142187119e+01
5.1100801102e-06 2.5184375000e+02 3.9351562500e+02 1.8268749237e+01
5.1196798267e-06 2.5593750000e+02 3.9393750000e+02 1.8244531631e+01
5.1292799981e-06 2.5281250000e+02 3.9318750000e+02 1.8172657013e+01
5.1388801694e-06 2.5609375000e+02 3.9335937500e+02 1.8232812881e+01
5.1484798860e-06 2.5334375000e+02 3.9398437500e+02 1.8207813263e+01
5.1580800573e-06 2.5331250000e+02 3.9442187500e+02 1.8122655869e+01
5.1676797739e-06 2.5062500000e+02 3.9309375000e+02 1.8148437500e+01
5.1772799452e-06 2.5609375000e+02 3.9284375000e+02 1.8207813263e+01
5.1868801165e-06 2.5121875000e+02 3.9370312500e+02 1.8173437119e+01
5.1964798331e-06 2.4840625000e+02 3.9339062500e+02 1.8211719513e+01
5.2060800044e-06 2.5071875000e+02 3.9360937500e+02 1.8178905487e+01
5.2156801758e-06 2.5221875000e+02 3.9360937500e+02 1.8130468369e+01
5.2252798923e-06 2.5331250000e+02 3.9350000000e+02 1.8194530487e+01
5.2348800637e-06 2.5234375000e+02 3.9237500000e+02 1.8307031631e+01
5.2444797802e-06 2.5112500000e+02 3.9492187500e+02 1.8198436737e+01
5.2540799516e-06 2.4968750000e+02 3.9315625000e+02 1.8142187119e+01
5.2636801229e-06 2.4959375000e+02 3.9153125000e+02 1.8207813263e+01
5.2732798395e-06 2.4968750000e+02 3.9339062500e+02 1.8196874619e+01
5.2828800108e-06 2.4996875000e+02 3.9298437500e+02 1.8179687500e+01
5.2924801821e-06 2.4896875000e+02 3.9225000000e+02 1.8024999619e+01
5.3020798987e-06 2.4940625000e+02 3.9334375000e+02 1.8159374237e+01
5.3116800700e-06 2.4881250000e+02 3.9334375000e+02 1.8085155487e+01
5.3212797866e-06 2.5315625000e+02 3.9381250000e+02 1.8103124619e+01
5.3308799579e-06 2.4834375000e+02 3.9339062500e+02 1.8096094131e+01
5.3404801292e-06 2.4815625000e+02 3.9267187500e+02 1.8111719131e+01
5.3500798458e-06 2.4725000000e+02 3.9465625000e+02 1.8241405487e+01
5.3596800171e-06 2.5037500000e+02 3.9257812500e+02 1.8015625000e+01
5.3692801885e-06 2.5150000000e+02 3.9312500000e+02 1.8089061737e+01
5.3788799050e-06 2.5031250000e+02 3.9235937500e+02 1.8083593369e+01
5.3884800764e-06 2.4787500000e+02 3.9167187500e+02 1.8225000381e+01
5.3980797929e-06 2.4921875000e+02 3.9409375000e+02 1.8104686737e+01
5.4076799643e-06 2.4796875000e+02 3.9275000000e+02 1.8073436737e+01
5.4172801356e-06 2.4865625000e+02 3.9321875000e+02 1.8046875000e+01
5.4268798522e-06 2.5009375000e+02 3.9439062500e+02 1.8167186737e+01
5.4364800235e-06 2.5125000000e+02 3.9207812500e+02 1.8024219513e+01
5.4460801948e-06 2.4881250000e+02 3.9356250000e+02 1.8081249237e+01
5.4556799114e-06 2.4934375000e+02 3.9467187500e+02 1.8089843750e+01
5.4652800827e-06 2.4606250000e+02 3.9196875000e+02 1.8080469131e+01
5.4748797993e-06 2.4659375000e+02 3.9460937500e+02 1.8066406250e+01
5.4844799706e-06 2.4721875000e+02 3.9329687500e+02 1.8068750381e+01
5.4940801419e-06 2.4971875000e+02 3.9287500000e+02 1.7996875763e+01
5.5036798585e-06 2.4800000000e+02 3.9337500000e+02 1.8142969131e+01
5.5132800298e-06 2.4906250000e+02 3.9215625000e+02 1.8074218750e+01
5.5228802012e-06 2.4562500000e+02 3.9259375000e+02 1.8134374619e+01
5.5324799177e-06 2.4840625000e+02 3.9273437500e+02 1.8054687500e+01
5.5420800891e-06 2.4562500000e+02 3.9312500000e+02 1.8158594131e+01
5.5516798056e-06 2.4656250000e+02 3.9257812500e+02 1.8084375381e+01
5.5612799770e-06 2.4762500000e+02 3.9242187500e+02 1.8140625000e+01
5.5708801483e-06 2.4831250000e+02 3.9217187500e+02 1.8024999619e+01
5.5804798649e-06 2.4637500000e+02 3.9239062500e+02 1.8090625763e+01
5.5900800362e-06 2.4493750000e+02 3.9198437500e+02 1.8150781631e+01
5.5996802075e-06 2.4506250000e+02 3.9167187500e+02 1.8019531250e+01
5.6092799241e-06 2.4675000000e+02 3.9345312500e+02 1.7995311737e+01
5.6188800954e-06 2.4550000000e+02 3.9279687500e+02 1.8014842987e+01
5.6284798120e-06 2.4550000000e+02 3.9264062500e+02 1.7954687119e+01
5.6380799833e-06 2.4318750000e+02 3.9362500000e+02 1.7911718369e+01
5.6476801547e-06 2.4587500000e+02 3.9167187500e+02 1.7930469513e+01
5.6572798712e-06 2.4462500000e+02 3.9226562500e+02 1.8139062881e+01
5.6668800426e-06 2.4587500000e+02 3.9326562500e+02 1.8046875000e+01
5.6764802139e-06 2.4343750000e+02 3.9195312500e+02 1.8012500763e+01
5.6860799305e-06 2.4218750000e+02 3.9367187500e+02 1.7983592987e+01
5.6956801018e-06 2.4359375000e+02 3.9409375000e+02 1.8174219131e+01
5.7052798184e-06 2.4296875000e+02 3.9145312500e+02 1.8101562500e+01
5.7148799897e-06 2.4443750000e+02 3.9248437500e+02 1.7994531631e+01
5.7244801610e-06 2.4440625000e+02 3.9354687500e+02 1.7988281250e+01
5.7340798776e-06 2.4203125000e+02 3.9401562500e+02 1.7960155487e+01
5.7436800489e-06 2.4359375000e+02 3.9185937500e+02 1.7931249619e+01
5.7532802202e-06 2.4409375000e+02 3.9242187500e+02 1.7932811737e+01
5.7628799368e-06 2.4409375000e+02 3.9375000000e+02 1.7853124619e+01
5.7724801081e-06 2.4340625000e+02 3.9393750000e+02 1.8035156250e+01
5.7820798247e-06 2.3796875000e+02 3.9381250000e+02 1.7985937119e+01
5.7916799960e-06 2.4325000000e+02 3.9262500000e+02 1.7972656250e+01
5.8012801674e-06 2.4115625000e+02 3.9232812500e+02 1.8073436737e+01
5.8108798839e-06 2.4265625000e+02 3.9214062500e+02 1.8131250381e+01
5.8204800553e-06 2.4046875000e+02 3.9175000000e+02 1.8003906250e+01
5.8300802266e-06 2.4143750000e+02 3.9265625000e+02 1.7996875763e+01
5.8396799432e-06 2.4306250000e+02 3.9215625000e+02 1.8085937500e+01
5.8492801145e-06 2.4356250000e+02 3.9250000000e+02 1.7947656631e+01
5.8588798311e-06 2.4418750000e+02 3.9225000000e+02 1.7985157013e+01
5.8684800024e-06 2.4234375000e+02 3.9151562500e+02 1.7921875000e+01
5.8780801737e-06 2.4184375000e+02 3.9375000000e+02 1.7933593750e+01
5.8876798903e-06 2.4000000000e+02 3.9270312500e+02 1.8078125000e+01
5.8972800616e-06 2.4284375000e+02 3.9195312500e+02 1.8029687881e+01
5.9068797782e-06 2.3950000000e+02 3.9204687500e+02 1.8012500763e+01
5.9164799495e-06 2.3915625000e+02 3.9460937500e+02 1.8010156631e+01
5.9260801208e-06 2.4237500000e+02 3.9250000000e+02 1.8017969131e+01
5.9356798374e-06 2.4075000000e+02 3.9276562500e+02 1.7916406631e+01
5.9452800087e-06 2.4037500000e+02 3.9189062500e+02 1.7977344513e+01
5.9548801801e-06 2.3984375000e+02 3.9120312500e+02 1.7886718750e+01
5.9644798966e-06 2.4150000000e+02 3.9376562500e+02 1.8049219131e+01
5.9740800680e-06 2.4178125000e+02 3.9078125000e+02 1.7799999237e+01
5.9836797845e-06 2.4262500000e+02 3.9107812500e+02 1.7871875763e+01
5.9932799559e-06 2.3962500000e+02 3.9210937500e+02 1.7827342987e+01
6.0028801272e-06 2.3909375000e+02 3.9354687500e+02 1.7996875763e+01
6.0124798438e-06 2.3928125000e+02 3.9076562500e+02 1.7907812119e+01
6.0220800151e-06 2.4196875000e+02 3.9320312500e+02 1.7839843750e+01
6.0316801864e-06 2.4246875000e+02 3.9107812500e+02 1.7937500000e+01
6.0412799030e-06 2.3790625000e+02 3.9301562500e+02 1.7870311737e+01
6.0508800743e-06 2.4125000000e+02 3.9296875000e+02 1.7984375000e+01
6.0604797909e-06 2.3981250000e+02 3.9151562500e+02 1.7785156250e+01
6.0700799622e-06 2.3943750000e+02 3.9320312500e+02 1.7899999619e+01
6.0796801336e-06 2.3684375000e+02 3.9332812500e+02 1.7961719513e+01
6.0892798501e-06 2.3775000000e+02 3.9182812500e+02 1.7932031631e+01
6.0988800215e-06 2.3706250000e+02 3.9223437500e+02 1.7940624237e+01
6.1084801928e-06 2.3778125000e+02 3.9210937500e+02 1.8059375763e+01
6.1180799094e-06 2.3646875000e+02 3.9270312500e+02 1.8014062881e+01
6.1276800807e-06 2.3915625000e+02 3.9054687500e+02 1.7864063263e+01
6.1372797973e-06 2.3881250000e+02 3.9212500000e+02 1.7908594131e+01
6.1468799686e-06 2.3793750000e+02 3.9148437500e+02 1.7975000381e+01
6.1564801399e-06 2.3637500000e+02 3.9165625000e+02 1.7931249619e+01
6.1660798565e-06 2.3625000000e+02 3.9296875000e+02 1.7914062500e+01
6.1756800278e-06 2.3643750000e+02 3.9079687500e+02 1.7929687500e+01
6.1852801991e-06 2.3503125000e+02 3.9101562500e+02 1.7827342987e+01
6.1948799157e-06 2.3621875000e+02 3.9295312500e+02 1.7995311737e+01
6.2044800870e-06 2.3928125000e+02 3.9225000000e+02 1.7809375763e+01
6.2140798036e-06 2.3671875000e+02 3.9045312500e+02 1.7922657013e+01
6.2236799749e-06 2.3881250000e+02 3.9307812500e+02 1.7782032013e+01
6.2332801463e-06 2.3568750000e+02 3.9281250000e+02 1.7814062119e+01
6.2428798628e-06 2.3325000000e+02 3.9225000000e+02 1.7855468750e+01
6.2524800342e-06 2.3803125000e+02 3.9268750000e+02 1.7904687881e+01
6.2620802055e-06 2.3525000000e+02 3.9220312500e+02 1.7896093369e+01
6.2716799221e-06 2.3721875000e+02 3.9381250000e+02 1.7757030487e+01
6.2812800934e-06 2.3775000000e+02 3.9290625000e+02 1.7801563263e+01
6.2908798100e-06 2.3615625000e+02 3.9062500000e+02 1.7753124237e+01
6.3004799813e-06 2.3612500000e+02 3.9193750000e+02 1.7832813263e+01
6.3100801526e-06 2.3625000000e+02 3.9259375000e+02 1.7858592987e+01
6.3196798692e-06 2.3378125000e+02 3.9204687500e+02 1.7699218750e+01
6.3292800405e-06 2.3490625000e+02 3.9181250000e+02 1.7776561737e+01
6.3388802118e-06 2.3468750000e+02 3.9167187500e+02 1.7873437881e+01
6.3484799284e-06 2.3506250000e+02 3.9115625000e+02 1.7703907013e+01
6.3580800997e-06 2.3209375000e+02 3.9200000000e+02 1.7778905869e+01
6.3676798163e-06 2.3246875000e+02 3.9056250000e+02 1.7806249619e+01
6.3772799876e-06 2.3509375000e+02 3.9228125000e+02 1.7764842987e+01
6.3868801590e-06 2.3412500000e+02 3.9203125000e+02 1.7890625000e+01
6.3964798755e-06 2.3396875000e+02 3.9034375000e+02 1.7805469513e+01
6.4060800469e-06 2.3100000000e+02 3.9142187500e+02 1.7771093369e+01
6.4156802182e-06 2.3731250000e+02 3.9142187500e+02 1.7820312500e+01
6.4252799348e-06 2.3359375000e+02 3.9206250000e+02 1.7885936737e+01
6.4348801061e-06 2.3190625000e+02 3.9160937500e+02 1.7828125000e+01
6.4444798227e-06 2.3353125000e+02 3.9246875000e+02 1.7841405869e+01
6.4540799940e-06 2.3590625000e+02 3.9234375000e+02 1.7810937881e+01
6.4636801653e-06 2.2909375000e+02 3.9107812500e+02 1.7858592987e+01
6.4732798819e-06 2.3153125000e+02 3.9142187500e+02 1.7827342987e+01
6.4828800532e-06 2.3262500000e+02 3.9300000000e+02 1.7762500763e+01
6.4924802246e-06 2.3012500000e+02 3.9125000000e+02 1.7726562500e+01
6.5020799411e-06 2.2921875000e+02 3.9076562500e+02 1.7850780487e+01
6.5116801125e-06 2.2981250000e+02 3.9131250000e+02 1.7792186737e+01
6.5212798290e-06 2.3493750000e+02 3.9307812500e+02 1.7738281250e+01
6.5308800004e-06 2.2903125000e+02 3.9118750000e+02 1.7628124237e+01
6.5404801717e-06 2.3156250000e+02 3.9037500000e+02 1.7729686737e+01
6.5500798883e-06 2.3043750000e+02 3.9148437500e+02 1.7765625000e+01
6.5596800596e-06 2.3018750000e+02 3.9309375000e+02 1.7728906631e+01
6.5692797762e-06 2.3125000000e+02 3.9173437500e+02 1.7646093369e+01
6.5788799475e-06 2.3003125000e+02 3.9270312500e+02 1.7745311737e+01
6.5884801188e-06 2.3253125000e+02 3.9104687500e+02 1.7716405869e+01
6.5980798354e-06 2.3037500000e+02 3.9048437500e+02 1.7695312500e+01
6.6076800067e-06 2.3328125000e+02 3.9206250000e+02 1.7638280869e+01
6.6172801780e-06 2.3093750000e+02 3.9190625000e+02 1.7735937119e+01
6.6268798946e-06 2.2781250000e+02 3.9303125000e+02 1.7704687119e+01
6.6364800659e-06 2.3418750000e+02 3.9201562500e+02 1.7672657013e+01
6.6460797825e-06 2.2600000000e+02 3.9100000000e+02 1.7839843750e+01
6.6556799538e-06 2.3087500000e+02 3.9326562500e+02 1.7705469131e+01
6.6652801252e-06 2.3012500000e+02 3.9079687500e+02 1.7738281250e+01
6.6748798417e-06 2.2825000000e+02 3.9221875000e+02 1.7707031250e+01
6.6844800131e-06 2.3065625000e+02 3.9121875000e+02 1.7647655487e+01
6.6940801844e-06 2.2478125000e+02 3.9120312500e+02 1.7638280869e+01
6.7036799010e-06 2.2965625000e+02 3.9106250000e+02 1.7596094131e+01
6.7132800723e-06 2.2915625000e+02 3.9200000000e+02 1.7689062119e+01
6.7228797889e-06 2.2984375000e+02 3.9218750000e+02 1.7583593369e+01
6.7324799602e-06 2.3265625000e+02 3.9264062500e+02 1.7716405869e+01
6.7420801315e-06 2.2759375000e+02 3.9215625000e+02 1.7681249619e+01
6.7516798481e-06 2.2700000000e+02 3.9012500000e+02 1.7477344513e+01
6.7612800194e-06 2.2975000000e+02 3.9162500000e+02 1.7635156631e+01
6.7708801907e-06 2.2375000000e+02 3.9321875000e+02 1.7657032013e+01
6.7804799073e-06 2.2531250000e+02 3.9251562500e+02 1.7573436737e+01
6.7900800786e-06 2.2584375000e+02 3.9168750000e+02 1.7614063263e+01
6.7996797952e-06 2.2637500000e+02 3.9214062500e+02 1.7678125381e+01
6.8092799665e-06 2.2756250000e+02 3.9284375000e+02 1.7585155487e+01
6.8188801379e-06 2.2743750000e+02 3.9242187500e+02 1.7618749619e+01
6.8284798544e-06 2.2525000000e+02 3.9084375000e+02 1.7564062119e+01
6.8380800258e-06 2.2390625000e+02 3.9154687500e+02 1.7630468369e+01
6.8476801971e-06 2.2396875000e+02 3.9290625000e+02 1.7543750763e+01
6.8572799137e-06 2.2506250000e+02 3.8973437500e+02 1.7608592987e+01
6.8668800850e-06 2.2431250000e+02 3.9082812500e+02 1.7494531631e+01
6.8764798016e-06 2.2684375000e+02 3.9095312500e+02 1.7548437119e+01
6.8860799729e-06 2.2218750000e+02 3.9242187500e+02 1.7618749619e+01
6.8956801442e-06 2.2868750000e+02 3.9221875000e+02 1.7543750763e+01
6.9052798608e-06 2.2737500000e+02 3.9003125000e+02 1.7498437881e+01
6.9148800321e-06 2.2425000000e+02 3.9112500000e+02 1.7573436737e+01
6.9244802035e-06 2.2431250000e+02 3.9031250000e+02 1.7566406250e+01
6.9340799200e-06 2.2496875000e+02 3.9123437500e+02 1.7571094513e+01
6.9436800914e-06 2.2575000000e+02 3.9120312500e+02 1.7496093750e+01
6.9532798079e-06 2.2187500000e+02 3.9096875000e+02 1.7479686737e+01
6.9628799793e-06 2.2403125000e+02 3.9226562500e+02 1.7478906631e+01
6.9724801506e-06 2.2175000000e+02 3.9160937500e+02 1.7549999237e+01
6.9820798672e-06 2.2068750000e+02 3.9054687500e+02 1.7471874237e+01
6.9916800385e-06 2.2590625000e+02 3.9120312500e+02 1.7564844131e+01
7.0012802098e-06 2.2056250000e+02 3.9171875000e+02 1.7517187119e+01
7.0108799264e-06 2.2528125000e+02 3.9053125000e+02 1.7497655869e+01
7.0204800977e-06 2.2668750000e+02 3.9150000000e+02 1.7639842987e+01
7.0300798143e-06 2.2340625000e+02 3.9081250000e+02 1.7521093369e+01
7.0396799856e-06 2.2162500000e+02 3.9192187500e+02 1.7558593750e+01
7.0492801569e-06 2.2593750000e+02 3.9228125000e+02 1.7403125763e+01
7.0588798735e-06 2.2271875000e+02 3.9114062500e+02 1.7440624237e+01
7.0684800448e-06 2.2321875000e+02 3.9104687500e+02 1.7518749237e+01
7.0780802162e-06 2.2021875000e+02 3.9182812500e+02 1.7463281631e+01
7.0876799327e-06 2.2250000000e+02 3.9082812500e+02 1.7480468750e+01
7.0972801041e-06 2.2143750000e+02 3.8967187500e+02 1.7404687881e+01
7.1068798206e-06 2.1987500000e+02 3.9100000000e+02 1.7469532013e+01
7.1164799920e-06 2.2371875000e+02 3.9229687500e+02 1.7529687881e+01
7.1260801633e-06 2.2378125000e+02 3.9171875000e+02 1.7470312119e+01
7.1356798799e-06 2.2650000000e+02 3.9114062500e+02 1.7354686737e+01
7.1452800512e-06 2.1865625000e+02 3.9064062500e+02 1.7420312881e+01
7.1548802225e-06 2.1875000000e+02 3.9295312500e+02 1.7365625381e+01
7.1644799391e-06 2.2243750000e+02 3.9154687500e+02 1.7421092987e+01
7.1740801104e-06 2.2156250000e+02 3.9073437500e+02 1.7464843750e+01
7.1836798270e-06 2.2009375000e+02 3.9056250000e+02 1.7384374619e+01
7.1932799983e-06 2.1915625000e+02 3.9039062500e+02 1.7481250763e+01
7.2028801696e-06 2.2018750000e+02 3.9121875000e+02 1.7429687500e+01
7.2124798862e-06 2.2043750000e+02 3.9057812500e+02 1.7378906250e+01
7.2220800575e-06 2.2218750000e+02 3.9096875000e+02 1.7407812119e+01
7.2316797741e-06 2.2112500000e+02 3.9121875000e+02 1.7513280869e+01
7.2412799454e-06 2.2221875000e+02 3.9023437500e+02 1.7292186737e+01
7.2508801168e-06 2.1871875000e+02 3.9009375000e+02 1.7380468369e+01
7.2604798333e-06 2.1993750000e+02 3.9212500000e+02 1.7256250381e+01
7.2700800047e-06 2.1968750000e+02 3.9048437500e+02 1.7409374237e+01
7.2796801760e-06 2.2546875000e+02 3.9203125000e+02 1.7279687881e+01
7.2892798926e-06 2.1815625000e+02 3.9075000000e+02 1.7367187500e+01
7.2988800639e-06 2.2015625000e+02 3.9128125000e+02 1.7261718750e+01
7.3084797805e-06 2.1996875000e+02 3.9139062500e+02 1.7335155487e+01
7.3180799518e-06 2.1909375000e+02 3.9014062500e+02 1.7370311737e+01
7.3276801231e-06 2.1943750000e+02 3.9089062500e+02 1.7209375381e+01
7.3372798397e-06 2.1846875000e+02 3.8840625000e+02 1.7278905869e+01
7.3468800110e-06 2.1715625000e+02 3.9139062500e+02 1.7348438263e+01
7.3564801824e-06 2.1890625000e+02 3.9056250000e+02 1.7368749619e+01
7.3660798989e-06 2.1687500000e+02 3.8910937500e+02 1.7189062119e+01
7.3756800703e-06 2.1771875000e+02 3.9103125000e+02 1.7270313263e+01
7.3852797868e-06 2.1868750000e+02 3.9106250000e+02 1.7342187881e+01
7.3948799582e-06 2.1900000000e+02 3.9126562500e+02 1.7232812881e+01
7.4044801295e-06 2.1675000000e+02 3.9229687500e+02 1.7265625000e+01
7.4140798461e-06 2.1609375000e+02 3.9095312500e+02 1.7263280869e+01
7.4236800174e-06 2.1553125000e+02 3.9054687500e+02 1.7340625763e+01
7.4332801887e-06 2.1621875000e+02 3.9132812500e+02 1.7357030869e+01
7.4428799053e-06 2.1606250000e+02 3.9100000000e+02 1.7222656250e+01
7.4524800766e-06 2.1618750000e+02 3.9232812500e+02 1.7339061737e+01
7.4620797932e-06 2.1731250000e+02 3.9039062500e+02 1.7311717987e+01
7.4716799645e-06 2.1640625000e+02 3.8956250000e+02 1.7217187881e+01
7.4812801358e-06 2.2031250000e+02 3.8960937500e+02 1.7273437500e+01
7.4908798524e-06 2.1856250000e+02 3.9054687500e+02 1.7307031631e+01
7.5004800237e-06 2.1853125000e+02 3.9012500000e+02 1.7220312119e+01
7.5100801951e-06 2.1781250000e+02 3.9132812500e+02 1.7207031250e+01
7.5196799116e-06 2.1509375000e+02 3.9078125000e+02 1.7234375000e+01
7.5292800830e-06 2.1631250000e+02 3.9145312500e+02 1.7285156250e+01
7.5388797995e-06 2.1462500000e+02 3.9232812500e+02 1.7214843750e+01
7.5484799709e-06 2.1562500000e+02 3.8981250000e+02 1.7249217987e+01
7.5580801422e-06 2.1453125000e+02 3.8951562500e+02 1.7081249237e+01
7.5676798588e-06 2.1609375000e+02 3.9196875000e+02 1.7217967987e+01
7.5772800301e-06 2.1565625000e+02 3.9015625000e+02 1.7205469131e+01
7.5868802014e-06 2.1481250000e+02 3.9021875000e+02 1.7098438263e+01
7.5964799180e-06 2.1428125000e+02 3.9081250000e+02 1.7194530487e+01
7.6060800893e-06 2.1718750000e+02 3.9234375000e+02 1.7232030869e+01
7.6156798059e-06 2.1575000000e+02 3.9065625000e+02 1.7172657013e+01
7.6252799772e-06 2.1396875000e+02 3.8985937500e+02 1.6926563263e+01
7.6348796938e-06 2.1215625000e+02 3.9032812500e+02 1.7129688263e+01
7.6444803199e-06 2.1565625000e+02 3.9079687500e+02 1.7116405487e+01
7.6540800364e-06 2.1131250000e+02 3.9096875000e+02 1.7013280869e+01
7.6636797530e-06 2.1387500000e+02 3.9150000000e+02 1.7043750763e+01
7.6732803791e-06 2.1737500000e+02 3.9026562500e+02 1.7129688263e+01
7.6828800957e-06 2.1181250000e+02 3.8939062500e+02 1.7113281250e+01
7.6924798122e-06 2.1190625000e+02 3.9225000000e+02 1.7178905487e+01
7.7020804383e-06 2.1403125000e+02 3.9056250000e+02 1.7010936737e+01
7.7116801549e-06 2.1362500000e+02 3.8907812500e+02 1.7129688263e+01
7.7212798715e-06 2.1396875000e+02 3.9095312500e+02 1.7097656250e+01
7.7308795881e-06 2.1209375000e+02 3.9134375000e+02 1.7095312119e+01
7.7404802141e-06 2.1337500000e+02 3.9093750000e+02 1.7093750000e+01
7.7500799307e-06 2.1400000000e+02 3.9106250000e+02 1.6971094131e+01
7.7596796473e-06 2.1418750000e+02 3.9040625000e+02 1.6986719131e+01
7.7692802734e-06 2.1375000000e+02 3.9125000000e+02 1.7117969513e+01
7.7788799899e-06 2.1175000000e+02 3.8945312500e+02 1.6928905487e+01
7.7884797065e-06 2.1256250000e+02 3.9120312500e+02 1.7053905487e+01
7.7980803326e-06 2.1400000000e+02 3.9123437500e+02 1.7069530487e+01
7.8076800492e-06 2.1428125000e+02 3.9129687500e+02 1.7021093369e+01
7.8172797657e-06 2.1421875000e+02 3.8959375000e+02 1.7042186737e+01
7.8268803918e-06 2.1475000000e+02 3.9110937500e+02 1.7032812119e+01
7.8364801084e-06 2.1103125000e+02 3.9148437500e+02 1.6920312881e+01
7.8460798250e-06 2.1106250000e+02 3.9070312500e+02 1.6982812881e+01
7.8556804510e-06 2.1096875000e+02 3.9139062500e+02 1.6976562500e+01
7.8652801676e-06 2.1309375000e+02 3.8951562500e+02 1.6946094513e+01
7.8748798842e-06 2.1084375000e+02 3.9035937500e+02 1.7065624237e+01
7.8844796008e-06 2.0884375000e+02 3.9128125000e+02 1.6947656631e+01
7.8940802268e-06 2.1221875000e+02 3.9017187500e+02 1.6944530487e+01
7.9036799434e-06 2.0996875000e+02 3.9057812500e+02 1.6943750381e+01
7.9132796600e-06 2.0900000000e+02 3.9107812500e+02 1.6917186737e+01
7.9228802861e-06 2.0962500000e+02 3.9142187500e+02 1.6851562500e+01
7.9324800026e-06 2.1225000000e+02 3.9089062500e+02 1.6993749619e+01
7.9420797192e-06 2.1100000000e+02 3.9148437500e+02 1.6878906250e+01
7.9516803453e-06 2.0993750000e+02 3.9054687500e+02 1.6921092987e+01
7.9612800619e-06 2.1006250000e+02 3.9043750000e+02 1.6878124237e+01
7.9708797784e-06 2.1418750000e+02 3.9123437500e+02 1.6834375381e+01
7.9804804045e-06 2.1025000000e+02 3.8982812500e+02 1.6844532013e+01
7.9900801211e-06 2.1215625000e+02 3.9007812500e+02 1.6883594513e+01
7.9996798377e-06 2.0796875000e+02 3.9292187500e+02 1.1326562881e+01
8.0092795542e-06 2.1081250000e+02 3.9615625000e+02 1.1647656441e+01
8.0188801803e-06 2.0840625000e+02 4.0035937500e+02 1.2210156441e+01
8.0284798969e-06 2.0340625000e+02 4.0539062500e+02 1.1898437500e+01
8.0380796135e-06 1.9681250000e+02 4.0895312500e+02 1.1178906441e+01
8.0476802395e-06 1.9034375000e+02 4.1398437500e+02 1.0542968750e+01
8.0572799561e-06 1.8340625000e+02 4.2143750000e+02 9.8125000000e+00
8.0668796727e-06 1.7340625000e+02 4.2931250000e+02 9.0453128815e+00
8.0764802988e-06 1.5706250000e+02 4.3590625000e+02 8.1851558685e+00
8.0860800153e-06 1.3831250000e+02 4.3815625000e+02 7.5015625954e+00
8.0956797319e-06 1.2359375000e+02 4.3929687500e+02 6.7781248093e+00
8.1052803580e-06 1.0700000000e+02 4.3559375000e+02 6.2132811546e+00
8.1148800746e-06 9.2718750000e+01 4.3109375000e+02 5.4867186546e+00
8.1244797911e-06 7.7687500000e+01 4.2542187500e+02 5.0304689407e+00
8.1340804172e-06 6.6281250000e+01 4.1937500000e+02 4.5390625000e+00
8.1436801338e-06 5.4125000000e+01 4.1298437500e+02 4.1093750000e+00
8.1532798504e-06 4.1843750000e+01 4.0796875000e+02 3.7406249046e+00
8.1628795670e-06 3.4656250000e+01 4.0184375000e+02 3.3812499046e+00
8.1724801930e-06 2.6281250000e+01 3.9840625000e+02 3.0531249046e+00
8.1820799096e-06 2.3343750000e+01 3.9537500000e+02 2.6039061546e+00
8.1916796262e-06 1.6718750000e+01 3.9773437500e+02 2.3414063454e+00
8.2012802523e-06 1.7781250000e+01 3.9753125000e+02 2.1976561546e+00
8.2108799688e-06 1.5843750000e+01 3.9818750000e+02 1.9687500000e+00
8.2214401118e-06 1.3187500000e+01 3.9692187500e+02 1.7140624523e+00
8.2367996583e-06 1.0531250000e+01 3.9748437500e+02 1.4703124762e+00
