# epoch total_loss data_loss physics_loss w_data w_physics lr
1.0000000000e+00 1.0851784945e+00 9.8522192240e-01 1.1833252907e+00 4.9543234807e-01 5.0456765147e-01 1.0000000000e-03
2.0000000000e+00 8.6116641760e-01 8.1078165770e-01 9.1016018391e-01 4.9300178339e-01 5.0699821561e-01 1.0000000000e-03
3.0000000000e+00 7.2839081287e-01 6.6862863302e-01 7.8573483229e-01 4.8967557541e-01 5.1032442301e-01 1.0000000000e-03
4.0000000000e+00 5.9945213795e-01 5.4913848639e-01 6.4714163542e-01 4.8661185525e-01 5.1338814248e-01 1.0000000000e-03
5.0000000000e+00 4.6719598770e-01 4.4692254066e-01 4.8635262251e-01 4.8583821174e-01 5.1416178515e-01 1.0000000000e-03
6.0000000000e+00 3.5064119101e-01 3.6049911380e-01 3.4122171998e-01 4.8862796982e-01 5.1137202596e-01 1.0000000000e-03
7.0000000000e+00 2.6309061050e-01 2.8953760862e-01 2.3719492555e-01 4.9473379246e-01 5.0526620184e-01 1.0000000000e-03
8.0000000000e+00 1.9714799523e-01 2.3402310908e-01 1.5957026184e-01 5.0471850383e-01 4.9528148850e-01 1.0000000000e-03
9.0000000000e+00 1.4782898128e-01 1.9992445409e-01 9.0700984001e-02 5.2303775739e-01 4.7696223227e-01 1.0000000000e-03
1.0000000000e+01 1.3233871758e-01 1.9697120786e-01 5.3547669202e-02 5.4935927421e-01 4.5064071249e-01 1.0000000000e-03
1.1000000000e+01 1.3845893741e-01 2.0846085250e-01 4.2822103947e-02 5.7738195534e-01 4.2261802871e-01 1.0000000000e-03
1.2000000000e+01 1.4068478346e-01 2.0714390278e-01 3.9470799267e-02 6.0363870928e-01 3.9636127231e-01 1.0000000000e-03
1.3000000000e+01 1.4160631597e-01 1.9176161289e-01 5.9963408858e-02 6.1945383873e-01 3.8054614073e-01 1.0000000000e-03
1.4000000000e+01 1.4170679450e-01 1.7034550011e-01 9.4622254372e-02 6.2179759601e-01 3.7820238173e-01 1.0000000000e-03
1.5000000000e+01 1.3223728538e-01 1.4573058486e-01 1.1054760963e-01 6.1648204972e-01 3.8351792635e-01 1.0000000000e-03
1.6000000000e+01 1.2036098540e-01 1.2057971209e-01 1.2002605945e-01 6.0494889656e-01 3.9505107774e-01 1.0000000000e-03
1.7000000000e+01 1.1678417027e-01 9.7939178348e-02 1.4335355163e-01 5.8504336668e-01 4.1495660604e-01 1.0000000000e-03
1.8000000000e+01 1.1637123674e-01 7.8323297203e-02 1.6455808282e-01 5.5878657982e-01 4.4121339152e-01 1.0000000000e-03
1.9000000000e+01 1.1433371902e-01 6.4909115434e-02 1.7018386722e-01 5.3051789638e-01 4.6948207357e-01 1.0000000000e-03
2.0000000000e+01 1.1324992776e-01 6.0034815222e-02 1.6729626060e-01 5.0387464432e-01 4.9612532423e-01 1.0000000000e-03
2.1000000000e+01 1.1106909811e-01 5.9952888638e-02 1.5843135118e-01 4.8094011603e-01 5.1905985109e-01 1.0000000000e-03
2.2000000000e+01 1.0370346904e-01 6.0666374862e-02 1.4080366492e-01 4.6295796220e-01 5.3704200324e-01 1.0000000000e-03
2.3000000000e+01 9.3725733459e-02 6.2909871340e-02 1.1906459928e-01 4.5123287674e-01 5.4876708667e-01 1.0000000000e-03
2.4000000000e+01 8.5111543536e-02 6.8616256118e-02 9.8454684019e-02 4.4717971889e-01 5.5282024219e-01 1.0000000000e-03
2.5000000000e+01 7.7856741846e-02 7.7575109899e-02 7.8089319170e-02 4.5229657785e-01 5.4770338070e-01 1.0000000000e-03
2.6000000000e+01 7.2788588703e-02 8.8647559285e-02 5.8884803206e-02 4.6715377272e-01 5.3284618319e-01 1.0000000000e-03
2.7000000000e+01 7.2622284293e-02 1.0116419196e-01 4.5250926167e-02 4.8953247968e-01 5.1046747381e-01 1.0000000000e-03
2.8000000000e+01 7.6864302158e-02 1.1428435892e-01 3.6946430802e-02 5.1614873153e-01 4.8385122000e-01 1.0000000000e-03
2.9000000000e+01 8.2738429308e-02 1.2673155963e-01 2.9954861850e-02 5.4541613927e-01 4.5458381072e-01 1.0000000000e-03
3.0000000000e+01 8.9010477066e-02 1.3684137166e-01 2.4052551016e-02 5.7592519779e-01 4.2407475099e-01 1.0000000000e-03
3.1000000000e+01 9.4399593771e-02 1.4213435352e-01 2.1174568683e-02 6.0536671320e-01 3.9463323458e-01 1.0000000000e-03
3.2000000000e+01 9.6652947366e-02 1.4059323072e-01 2.1295445040e-02 6.3167566056e-01 3.6832428627e-01 1.0000000000e-03
3.3000000000e+01 9.5047421753e-02 1.3280856609e-01 2.3907506838e-02 6.5325278924e-01 3.4674715652e-01 1.0000000000e-03
3.4000000000e+01 9.0723663568e-02 1.2133772671e-01 2.8940329328e-02 6.6866965048e-01 3.3133029405e-01 1.0000000000e-03
3.5000000000e+01 8.4824547172e-02 1.0835044086e-01 3.5485047847e-02 6.7713210121e-01 3.2286784191e-01 1.0000000000e-03
3.6000000000e+01 7.8136548400e-02 9.4942927361e-02 4.2683497071e-02 6.7840485861e-01 3.2159508293e-01 1.0000000000e-03
3.7000000000e+01 7.2008386254e-02 8.2044869661e-02 5.1443345845e-02 6.7202662484e-01 3.2797331507e-01 1.0000000000e-03
3.8000000000e+01 6.8088516593e-02 7.0701926947e-02 6.3067600131e-02 6.5767749574e-01 3.4232244269e-01 1.0000000000e-03
3.9000000000e+01 6.7029640079e-02 6.1492547393e-02 7.6721116900e-02 6.3640067495e-01 3.6359926241e-01 1.0000000000e-03
4.0000000000e+01 6.8264581263e-02 5.4395910352e-02 8.9996144176e-02 6.1043297576e-01 3.8956696094e-01 1.0000000000e-03
4.1000000000e+01 7.1065515280e-02 4.9271229655e-02 1.0142144561e-01 5.8208617541e-01 4.1791376098e-01 1.0000000000e-03
4.2000000000e+01 7.4678942561e-02 4.6021066606e-02 1.1018146574e-01 5.5333998909e-01 4.4665994726e-01 1.0000000000e-03
4.3000000000e+01 7.7543646097e-02 4.4505026191e-02 1.1421356350e-01 5.2604619862e-01 4.7395373779e-01 1.0000000000e-03
4.4000000000e+01 7.8288488090e-02 4.4783562422e-02 1.1206176877e-01 5.0199426772e-01 4.9800566868e-01 1.0000000000e-03
4.5000000000e+01 7.7073216438e-02 4.7007266432e-02 1.0512745380e-01 4.8269328627e-01 5.1730664992e-01 1.0000000000e-03
4.6000000000e+01 7.4347265065e-02 5.0823211670e-02 9.5144830644e-02 4.6924199547e-01 5.3075794025e-01 1.0000000000e-03
4.7000000000e+01 7.0457786322e-02 5.5727578700e-02 8.3130121231e-02 4.6245066195e-01 5.3754927299e-01 1.0000000000e-03
4.8000000000e+01 6.6702045500e-02 6.1790555716e-02 7.0932663977e-02 4.6276154219e-01 5.3723839173e-01 1.0000000000e-03
4.9000000000e+01 6.4133599401e-02 6.9089204073e-02 5.9736974537e-02 4.7011516994e-01 5.2988476282e-01 1.0000000000e-03
5.0000000000e+01 6.2832243741e-02 7.6976813376e-02 4.9568407238e-02 4.8393313897e-01 5.1606679261e-01 1.0000000000e-03
5.1000000000e+01 6.2913194299e-02 8.4309495986e-02 4.1287433356e-02 5.0266685574e-01 4.9733307472e-01 1.0000000000e-03
5.2000000000e+01 6.4074158669e-02 8.9819006622e-02 3.5740558058e-02 5.2393514219e-01 4.7606478726e-01 1.0000000000e-03
5.3000000000e+01 6.5407559276e-02 9.2602103949e-02 3.2781757414e-02 5.4539650495e-01 4.5460342358e-01 1.0000000000e-03
5.4000000000e+01 6.6384978592e-02 9.2631421983e-02 3.2293908298e-02 5.6500627985e-01 4.3499364783e-01 1.0000000000e-03
5.5000000000e+01 6.6848643124e-02 9.0512000024e-02 3.4010179341e-02 5.8119309856e-01 4.1880682831e-01 1.0000000000e-03
5.6000000000e+01 6.6646799445e-02 8.6948916316e-02 3.7042193115e-02 5.9319890469e-01 4.0680102143e-01 1.0000000000e-03
5.7000000000e+01 6.5881401300e-02 8.2575745881e-02 4.0752589703e-02 6.0083502948e-01 3.9916489592e-01 1.0000000000e-03
5.8000000000e+01 6.4877673984e-02 7.7844470739e-02 4.5094139874e-02 6.0407131192e-01 3.9592861280e-01 1.0000000000e-03
5.9000000000e+01 6.3789606094e-02 7.2908543050e-02 4.9938160926e-02 6.0301338161e-01 3.9698654250e-01 1.0000000000e-03
6.0000000000e+01 6.2626913190e-02 6.7806832492e-02 5.4922722280e-02 5.9796102328e-01 4.0203890027e-01 1.0000000000e-03
6.1000000000e+01 6.1487711966e-02 6.2740325928e-02 5.9689562768e-02 5.8941083931e-01 4.1058908372e-01 1.0000000000e-03
6.2000000000e+01 6.0454327613e-02 5.8068092912e-02 6.3724666834e-02 5.7814753874e-01 4.2185238377e-01 1.0000000000e-03
6.3000000000e+01 5.9511918575e-02 5.4153136909e-02 6.6478535533e-02 5.6522409022e-01 4.3477583176e-01 1.0000000000e-03
6.4000000000e+01 5.8747615665e-02 5.1284771413e-02 6.7932493985e-02 5.5171958379e-01 4.4828033760e-01 1.0000000000e-03
6.5000000000e+01 5.8298625052e-02 4.9627535045e-02 6.8420045078e-02 5.3858790340e-01 4.6141201738e-01 1.0000000000e-03
6.6000000000e+01 5.8131590486e-02 4.9215301871e-02 6.8053744733e-02 5.2669696315e-01 4.7330295703e-01 1.0000000000e-03
6.7000000000e+01 5.8169960976e-02 5.0020121038e-02 6.6886998713e-02 5.1681346913e-01 4.8318645047e-01 1.0000000000e-03
6.8000000000e+01 5.8322571218e-02 5.1890671253e-02 6.5004236996e-02 5.0952299227e-01 4.9047692682e-01 1.0000000000e-03
6.9000000000e+01 5.8352425694e-02 5.4445777088e-02 6.2341045588e-02 5.0519048385e-01 4.9480943477e-01 1.0000000000e-03
7.0000000000e+01 5.8100733906e-02 5.7193476707e-02 5.9022206813e-02 5.0388464839e-01 4.9611526976e-01 1.0000000000e-03
7.1000000000e+01 5.7555031031e-02 5.9668783098e-02 5.5395536125e-02 5.0535307396e-01 4.9464684369e-01 1.0000000000e-03
7.2000000000e+01 5.6733198464e-02 6.1491090804e-02 5.1799017936e-02 5.0909530770e-01 4.9090460935e-01 1.0000000000e-03
7.3000000000e+01 5.5802691728e-02 6.2497604638e-02 4.8711176962e-02 5.1438421568e-01 4.8561570067e-01 1.0000000000e-03
7.4000000000e+01 5.4988879710e-02 6.2789723277e-02 4.6524927020e-02 5.2038522914e-01 4.7961468643e-01 1.0000000000e-03
7.5000000000e+01 5.4423388094e-02 6.2622621655e-02 4.5311298221e-02 5.2636610914e-01 4.7363380561e-01 1.0000000000e-03
7.6000000000e+01 5.4191760719e-02 6.2245156616e-02 4.5046448708e-02 5.3174442924e-01 4.6825548471e-01 1.0000000000e-03
7.7000000000e+01 5.4261639714e-02 6.1760313809e-02 4.5595966280e-02 5.3609834703e-01 4.6390156621e-01 1.0000000000e-03
7.8000000000e+01 5.4470993578e-02 6.1150502414e-02 4.6654682606e-02 5.3921166227e-01 4.6078825038e-01 1.0000000000e-03
7.9000000000e+01 5.4656177759e-02 6.0403618962e-02 4.7879971564e-02 5.4107329110e-01 4.5892662105e-01 1.0000000000e-03
8.0000000000e+01 5.4670173675e-02 5.9539891779e-02 4.8910420388e-02 5.4186657509e-01 4.5813333662e-01 1.0000000000e-03
8.1000000000e+01 5.4423131049e-02 5.8587428182e-02 4.9497369677e-02 5.4188497132e-01 4.5811493997e-01 1.0000000000e-03
8.2000000000e+01 5.3953982890e-02 5.7586960495e-02 4.9665268511e-02 5.4138948892e-01 4.5861042191e-01 1.0000000000e-03
8.3000000000e+01 5.3370054811e-02 5.6592691690e-02 4.9578528851e-02 5.4055376672e-01 4.5944614362e-01 1.0000000000e-03
8.4000000000e+01 5.2799198776e-02 5.5671833456e-02 4.9434229732e-02 5.3946567516e-01 4.6053423463e-01 1.0000000000e-03
8.5000000000e+01 5.2367474884e-02 5.4878853261e-02 4.9441508949e-02 5.3812518266e-01 4.6187472656e-01 1.0000000000e-03
8.6000000000e+01 5.2120275795e-02 5.4200831801e-02 4.9712322652e-02 5.3647239996e-01 4.6352750871e-01 1.0000000000e-03
8.7000000000e+01 5.2026681602e-02 5.3556263447e-02 5.0271037966e-02 5.3440721744e-01 4.6559269074e-01 1.0000000000e-03
8.8000000000e+01 5.2022136748e-02 5.2842181176e-02 5.1090676337e-02 5.3180910443e-01 4.6819080331e-01 1.0000000000e-03
8.9000000000e+01 5.2016682923e-02 5.1992554218e-02 5.2043747157e-02 5.2860358578e-01 4.7139632157e-01 1.0000000000e-03
9.0000000000e+01 5.1953174174e-02 5.1042459905e-02 5.2959039807e-02 5.2482180312e-01 4.7517810388e-01 1.0000000000e-03
9.1000000000e+01 5.1820337772e-02 5.0122935325e-02 5.3663879633e-02 5.2063374429e-01 4.7936616237e-01 1.0000000000e-03
9.2000000000e+01 5.1625821739e-02 4.9390997738e-02 5.4011620581e-02 5.1633607809e-01 4.8366382824e-01 1.0000000000e-03
9.3000000000e+01 5.1400978118e-02 4.8978388309e-02 5.3945668042e-02 5.1228938561e-01 4.8771052037e-01 1.0000000000e-03
9.4000000000e+01 5.1167834550e-02 4.8975817859e-02 5.3439144045e-02 5.0888140227e-01 4.9111850334e-01 1.0000000000e-03
9.5000000000e+01 5.0936497748e-02 4.9442198128e-02 5.2470218390e-02 5.0650765800e-01 4.9349224724e-01 1.0000000000e-03
9.6000000000e+01 5.0724595785e-02 5.0384845585e-02 5.1071941853e-02 5.0551827208e-01 4.9448163279e-01 1.0000000000e-03
9.7000000000e+01 5.0547473133e-02 5.1711317152e-02 4.9354739487e-02 5.0613229991e-01 4.9386760457e-01 1.0000000000e-03
9.8000000000e+01 5.0428736955e-02 5.3227499127e-02 4.7534991056e-02 5.0834378053e-01 4.9165612358e-01 1.0000000000e-03
9.9000000000e+01 5.0381854177e-02 5.4688125849e-02 4.5865688473e-02 5.1189632035e-01 4.8810358341e-01 1.0000000000e-03
1.0000000000e+02 5.0391152501e-02 5.5867999792e-02 4.4544126838e-02 5.1634538067e-01 4.8365452275e-01 1.0000000000e-03
1.0100000000e+02 5.0419680774e-02 5.6598730385e-02 4.3694972992e-02 5.2114382178e-01 4.7885608133e-01 1.0000000000e-03
1.0200000000e+02 5.0412625074e-02 5.6750278920e-02 4.3388124555e-02 5.2570127706e-01 4.7429862575e-01 1.0000000000e-03
1.0300000000e+02 5.0328377634e-02 5.6229501963e-02 4.3689772487e-02 5.2940607393e-01 4.7059382859e-01 1.0000000000e-03
1.0400000000e+02 5.0161249936e-02 5.5032242090e-02 4.4631183147e-02 5.3168355325e-01 4.6831634898e-01 1.0000000000e-03
1.0500000000e+02 4.9944087863e-02 5.3302686661e-02 4.6124286950e-02 5.3212507799e-01 4.6787482397e-01 1.0000000000e-03
1.0600000000e+02 4.9738913774e-02 5.1315661520e-02 4.7956574708e-02 5.3060442110e-01 4.6939548058e-01 1.0000000000e-03
1.0700000000e+02 4.9598835409e-02 4.9370177090e-02 4.9853913486e-02 5.2730021443e-01 4.7269968701e-01 1.0000000000e-03
1.0800000000e+02 4.9542367458e-02 4.7699499875e-02 5.1559936255e-02 5.2262556881e-01 4.7737433241e-01 1.0000000000e-03
1.0900000000e+02 4.9545757473e-02 4.6461980790e-02 5.2848566324e-02 5.1714754535e-01 4.8285235568e-01 1.0000000000e-03
1.1000000000e+02 4.9555812031e-02 4.5778624713e-02 5.3511463106e-02 5.1153872255e-01 4.8846117831e-01 1.0000000000e-03
1.1100000000e+02 4.9524530768e-02 4.5740325004e-02 5.3408704698e-02 5.0651774794e-01 4.9348215274e-01 1.0000000000e-03
1.1200000000e+02 4.9431055784e-02 4.6356033534e-02 5.2539974451e-02 5.0273948178e-01 4.9726041872e-01 1.0000000000e-03
1.1300000000e+02 4.9292206764e-02 4.7506265342e-02 5.1082823426e-02 5.0065165756e-01 4.9934824275e-01 1.0000000000e-03
1.1400000000e+02 4.9147356302e-02 4.8960436136e-02 4.9334581941e-02 5.0039616895e-01 4.9960373115e-01 1.0000000000e-03
1.1500000000e+02 4.9031227827e-02 5.0452906638e-02 4.7599218786e-02 5.0181173600e-01 4.9818816390e-01 1.0000000000e-03
1.1600000000e+02 4.8957608640e-02 5.1749832928e-02 4.6114567667e-02 5.0450967607e-01 4.9549022361e-01 1.0000000000e-03
1.1700000000e+02 4.8915021122e-02 5.2661400288e-02 4.5047517866e-02 5.0795490944e-01 4.9204499004e-01 1.0000000000e-03
1.1800000000e+02 4.8882141709e-02 5.3045626730e-02 4.4522151351e-02 5.1152738950e-01 4.8847250979e-01 1.0000000000e-03
1.1900000000e+02 4.8842020333e-02 5.2849523723e-02 4.4593255967e-02 5.1461111473e-01 4.8538878437e-01 1.0000000000e-03
1.2000000000e+02 4.8790544271e-02 5.2154362202e-02 4.5193906873e-02 5.1672502553e-01 4.8327487338e-01 1.0000000000e-03
1.2100000000e+02 4.8732765019e-02 5.1149979234e-02 4.6138886362e-02 5.1762788570e-01 4.8237201304e-01 1.0000000000e-03
1.2200000000e+02 4.8671700060e-02 5.0045061857e-02 4.7199741006e-02 5.1732805992e-01 4.8267183867e-01 1.0000000000e-03
1.2300000000e+02 4.8604995012e-02 4.9001481384e-02 4.8182282597e-02 5.1601671769e-01 4.8398318075e-01 1.0000000000e-03
1.2400000000e+02 4.8527628183e-02 4.8137262464e-02 4.8940502107e-02 5.1400133143e-01 4.8599856686e-01 1.0000000000e-03
1.2500000000e+02 4.8441343009e-02 4.7554042190e-02 4.9371045083e-02 5.1166386991e-01 4.8833602824e-01 1.0000000000e-03
1.2600000000e+02 4.8357315361e-02 4.7323502600e-02 4.9430791289e-02 5.0940848811e-01 4.9059140989e-01 1.0000000000e-03
1.2700000000e+02 4.8290442675e-02 4.7441139817e-02 4.9165882170e-02 5.0757497532e-01 4.9242492253e-01 1.0000000000e-03
1.2800000000e+02 4.8248633742e-02 4.7809667885e-02 4.8698913306e-02 5.0635676470e-01 4.9364313300e-01 1.0000000000e-03
1.2900000000e+02 4.8224776983e-02 4.8279050738e-02 4.8169240355e-02 5.0577801011e-01 4.9422188745e-01 1.0000000000e-03
1.3000000000e+02 4.8200488091e-02 4.8706244677e-02 4.7683011740e-02 5.0573098549e-01 4.9426891194e-01 1.0000000000e-03
1.3100000000e+02 4.8157759011e-02 4.8987768590e-02 4.7307495028e-02 5.0603034075e-01 4.9396955655e-01 1.0000000000e-03
1.3200000000e+02 4.8091948032e-02 4.9068532884e-02 4.7089818865e-02 5.0645618445e-01 4.9354371273e-01 1.0000000000e-03
1.3300000000e+02 4.8014298081e-02 4.8951659352e-02 4.7051094472e-02 5.0680040984e-01 4.9319948720e-01 1.0000000000e-03
1.3400000000e+02 4.7943796962e-02 4.8704896122e-02 4.7161329538e-02 5.0692542633e-01 4.9307447058e-01 1.0000000000e-03
1.3500000000e+02 4.7893553972e-02 4.8436935991e-02 4.7335177660e-02 5.0680807629e-01 4.9319182048e-01 1.0000000000e-03
1.3600000000e+02 4.7862507403e-02 4.8247892410e-02 4.7466922551e-02 5.0653523047e-01 4.9346466618e-01 1.0000000000e-03
1.3700000000e+02 4.7838155180e-02 4.8192828894e-02 4.7474503517e-02 5.0625713092e-01 4.9374276561e-01 1.0000000000e-03
1.3800000000e+02 4.7806981951e-02 4.8280403018e-02 4.7321811318e-02 5.0613275643e-01 4.9386713999e-01 1.0000000000e-03
1.3900000000e+02 4.7764316201e-02 4.8487007618e-02 4.7023233026e-02 5.0628576743e-01 4.9371412887e-01 1.0000000000e-03
1.4000000000e+02 4.7715522349e-02 4.8760447651e-02 4.6641934663e-02 5.0676748936e-01 4.9323240683e-01 1.0000000000e-03
1.4100000000e+02 4.7669637948e-02 4.9019109458e-02 4.6278920025e-02 5.0752842972e-01 4.9247146636e-01 1.0000000000e-03
1.4200000000e+02 4.7631010413e-02 4.9167618155e-02 4.6041794121e-02 5.0841713333e-01 4.9158276264e-01 1.0000000000e-03
1.4300000000e+02 4.7596834600e-02 4.9127884209e-02 4.6008300036e-02 5.0921495067e-01 4.9078494519e-01 1.0000000000e-03
1.4400000000e+02 4.7561302781e-02 4.8865929246e-02 4.6205103397e-02 5.0969283852e-01 4.9030705724e-01 1.0000000000e-03
1.4500000000e+02 4.7522172332e-02 4.8403706402e-02 4.6605881304e-02 5.0966967755e-01 4.9033021810e-01 1.0000000000e-03
1.4600000000e+02 4.7483004630e-02 4.7817766666e-02 4.7135893255e-02 5.0906176038e-01 4.9093813518e-01 1.0000000000e-03
1.4700000000e+02 4.7449216247e-02 4.7223608941e-02 4.7682084143e-02 5.0791403658e-01 4.9208585888e-01 1.0000000000e-03
1.4800000000e+02 4.7422092408e-02 4.6745557338e-02 4.8116181046e-02 5.0640019541e-01 4.9359969997e-01 1.0000000000e-03
1.4900000000e+02 4.7396600246e-02 4.6483103186e-02 4.8327766359e-02 5.0478735863e-01 4.9521253667e-01 1.0000000000e-03
1.5000000000e+02 4.7365564853e-02 4.6490218490e-02 4.8252832144e-02 5.0337841023e-01 4.9662148498e-01 1.0000000000e-03
1.5100000000e+02 4.7326304018e-02 4.6768020838e-02 4.7890093178e-02 5.0244786660e-01 4.9755202853e-01 1.0000000000e-03
1.5200000000e+02 4.7283645719e-02 4.7261912376e-02 4.7305580229e-02 5.0217998646e-01 4.9781990858e-01 1.0000000000e-03
1.5300000000e+02 4.7246240079e-02 4.7865472734e-02 4.6620488167e-02 5.0262080232e-01 4.9737909263e-01 1.0000000000e-03
1.5400000000e+02 4.7219444066e-02 4.8441790044e-02 4.5979067683e-02 5.0366283654e-01 4.9633705833e-01 1.0000000000e-03
1.5500000000e+02 4.7200798988e-02 4.8859719187e-02 4.5507889241e-02 5.0507249044e-01 4.9492740434e-01 1.0000000000e-03
1.5600000000e+02 4.7182328999e-02 4.9026440829e-02 4.5289300382e-02 5.0654642184e-01 4.9345347286e-01 1.0000000000e-03
1.5700000000e+02 4.7157108784e-02 4.8905111849e-02 4.5353885740e-02 5.0777553390e-01 4.9222436072e-01 1.0000000000e-03
1.5800000000e+02 4.7124564648e-02 4.8522770405e-02 4.5677959919e-02 5.0850794767e-01 4.9149194687e-01 1.0000000000e-03
1.5900000000e+02 4.7089990228e-02 4.7968097031e-02 4.6181138605e-02 5.0860615064e-01 4.9139374382e-01 1.0000000000e-03
1.6000000000e+02 4.7059342265e-02 4.7368511558e-02 4.6740025282e-02 5.0807944589e-01 4.9192044851e-01 1.0000000000e-03
1.6100000000e+02 4.7034177929e-02 4.6850714833e-02 4.7222919762e-02 5.0707366962e-01 4.9292622470e-01 1.0000000000e-03
1.6200000000e+02 4.7011274844e-02 4.6508662403e-02 4.7525748610e-02 5.0582549208e-01 4.9417440218e-01 1.0000000000e-03
1.6300000000e+02 4.6986497939e-02 4.6392500401e-02 4.7591548413e-02 5.0460503787e-01 4.9539485632e-01 1.0000000000e-03
1.6400000000e+02 4.6958930790e-02 4.6506423503e-02 4.7418128699e-02 5.0365918969e-01 4.9634070444e-01 1.0000000000e-03
1.6500000000e+02 4.6931263059e-02 4.6803846955e-02 4.7060307115e-02 5.0315665300e-01 4.9684324106e-01 1.0000000000e-03
1.6600000000e+02 4.6906515956e-02 4.7191821039e-02 4.6617612243e-02 5.0314703301e-01 4.9685286099e-01 1.0000000000e-03
1.6700000000e+02 4.6884827316e-02 4.7558136284e-02 4.6201884747e-02 5.0355558114e-01 4.9644431279e-01 1.0000000000e-03
1.6800000000e+02 4.6863347292e-02 4.7808088362e-02 4.5902542770e-02 5.0421673552e-01 4.9578315834e-01 1.0000000000e-03
1.6900000000e+02 4.6839401126e-02 4.7888144851e-02 4.5769795775e-02 5.0492595319e-01 4.9507394062e-01 1.0000000000e-03
1.7000000000e+02 4.6813346446e-02 4.7792177647e-02 4.5812789351e-02 5.0549066185e-01 4.9450923189e-01 1.0000000000e-03
1.7100000000e+02 4.6788264066e-02 4.7559984028e-02 4.5998513699e-02 5.0577607901e-01 4.9422381467e-01 1.0000000000e-03
1.7200000000e+02 4.6766772866e-02 4.7267150134e-02 4.6254787594e-02 5.0573970905e-01 4.9426018456e-01 1.0000000000e-03
1.7300000000e+02 4.6748347580e-02 4.6999946237e-02 4.6491224319e-02 5.0543780227e-01 4.9456209129e-01 1.0000000000e-03
1.7400000000e+02 4.6729728580e-02 4.6825241297e-02 4.6632289886e-02 5.0499724614e-01 4.9500264736e-01 1.0000000000e-03
1.7500000000e+02 4.6708121896e-02 4.6775080264e-02 4.6639945358e-02 5.0456984656e-01 4.9543004689e-01 1.0000000000e-03
1.7600000000e+02 4.6683985740e-02 4.6846486628e-02 4.6518683434e-02 5.0428840550e-01 4.9571148789e-01 1.0000000000e-03
1.7700000000e+02 4.6660430729e-02 4.7004636377e-02 4.6310357749e-02 5.0423156763e-01 4.9576832571e-01 1.0000000000e-03
1.7800000000e+02 4.6640239656e-02 4.7187663615e-02 4.6083107591e-02 5.0440052879e-01 4.9559936449e-01 1.0000000000e-03
1.7900000000e+02 4.6623244882e-02 4.7323320061e-02 4.5909836888e-02 5.0471850721e-01 4.9528138602e-01 1.0000000000e-03
1.8000000000e+02 4.6606697142e-02 4.7355115414e-02 4.5842997730e-02 5.0505788939e-01 4.9494200378e-01 1.0000000000e-03
1.8100000000e+02 4.6588174999e-02 4.7262713313e-02 4.5899234712e-02 5.0528387372e-01 4.9471601941e-01 1.0000000000e-03
1.8200000000e+02 4.6567723155e-02 4.7066286206e-02 4.6058490872e-02 5.0529658038e-01 4.9470331269e-01 1.0000000000e-03
1.8300000000e+02 4.6547532082e-02 4.6818282455e-02 4.6271257102e-02 5.0506073371e-01 4.9493915932e-01 1.0000000000e-03
1.8400000000e+02 4.6529397368e-02 4.6588264406e-02 4.6469442546e-02 5.0461849806e-01 4.9538139491e-01 1.0000000000e-03
1.8500000000e+02 4.6512905508e-02 4.6442236751e-02 4.6584744006e-02 5.0408004831e-01 4.9591984462e-01 1.0000000000e-03
1.8600000000e+02 4.6496160328e-02 4.6422086656e-02 4.6571314335e-02 5.0359180248e-01 4.9640809040e-01 1.0000000000e-03
1.8700000000e+02 4.6477977186e-02 4.6533197165e-02 4.6422038227e-02 5.0329240850e-01 4.9670748434e-01 1.0000000000e-03
1.8800000000e+02 4.6459306031e-02 4.6743858606e-02 4.6171016991e-02 5.0327142375e-01 4.9672846904e-01 1.0000000000e-03
1.8900000000e+02 4.6442117542e-02 4.6993870288e-02 4.5882496983e-02 5.0354258384e-01 4.9645730890e-01 1.0000000000e-03
1.9000000000e+02 4.6427249908e-02 4.7210063785e-02 4.5631702989e-02 5.0403834732e-01 4.9596154538e-01 1.0000000000e-03
1.9100000000e+02 4.6413466334e-02 4.7326240689e-02 4.5483656228e-02 5.0462717302e-01 4.9537271963e-01 1.0000000000e-03
1.9200000000e+02 4.6398699284e-02 4.7303151339e-02 4.5475434512e-02 5.0514943874e-01 4.9485045387e-01 1.0000000000e-03
1.9300000000e+02 4.6382185072e-02 4.7141227871e-02 4.5606382191e-02 5.0546192078e-01 4.9453797179e-01 1.0000000000e-03
1.9400000000e+02 4.6365112066e-02 4.6881061047e-02 4.5837745070e-02 5.0547834696e-01 4.9452154557e-01 1.0000000000e-03
1.9500000000e+02 4.6349309385e-02 4.6590715647e-02 4.6102847904e-02 5.0519366845e-01 4.9480622404e-01 1.0000000000e-03
1.9600000000e+02 4.6335298568e-02 4.6344261616e-02 4.6326175332e-02 5.0468405459e-01 4.9531583785e-01 1.0000000000e-03
1.9700000000e+02 4.6321853995e-02 4.6200979501e-02 4.6444728971e-02 5.0408409450e-01 4.9591579790e-01 1.0000000000e-03
1.9800000000e+02 4.6307429671e-02 4.6191081405e-02 4.6425446868e-02 5.0354915502e-01 4.9645073734e-01 1.0000000000e-03
1.9900000000e+02 4.6291880310e-02 4.6308882535e-02 4.6274662018e-02 5.0321271500e-01 4.9678717733e-01 1.0000000000e-03
2.0000000000e+02 4.6276517212e-02 4.6513501555e-02 4.6036541462e-02 5.0314911494e-01 4.9685077736e-01 1.0000000000e-03
2.0100000000e+02 4.6262640506e-02 4.6740088612e-02 4.5778755099e-02 5.0335373188e-01 4.9664616037e-01 1.0000000000e-03
2.0200000000e+02 4.6250157058e-02 4.6920180321e-02 4.5570023358e-02 5.0374824508e-01 4.9625164714e-01 1.0000000000e-03
2.0300000000e+02 4.6237789094e-02 4.7002036124e-02 4.5460589230e-02 5.0420696641e-01 4.9579292577e-01 1.0000000000e-03
2.0400000000e+02 4.6224519610e-02 4.6964649111e-02 4.5470673591e-02 5.0459438366e-01 4.9540550849e-01 1.0000000000e-03
2.0500000000e+02 4.6210620552e-02 4.6822536737e-02 4.5586843044e-02 5.0480353735e-01 4.9519635475e-01 1.0000000000e-03
2.0600000000e+02 4.6197205782e-02 4.6621419489e-02 4.5764796436e-02 5.0478678793e-01 4.9521310414e-01 1.0000000000e-03
2.0700000000e+02 4.6184860170e-02 4.6422004700e-02 4.5943349600e-02 5.0456721335e-01 4.9543267869e-01 1.0000000000e-03
2.0800000000e+02 4.6172983944e-02 4.6279136091e-02 4.6065039933e-02 5.0422640952e-01 4.9577348248e-01 1.0000000000e-03
2.0900000000e+02 4.6160601079e-02 4.6226490289e-02 4.6093694866e-02 5.0387568427e-01 4.9612420771e-01 1.0000000000e-03
2.1000000000e+02 4.6147517860e-02 4.6269491315e-02 4.6023778617e-02 5.0362122559e-01 4.9637866636e-01 1.0000000000e-03
2.1100000000e+02 4.6134568751e-02 4.6384714544e-02 4.5880872756e-02 5.0353213642e-01 4.9646775549e-01 1.0000000000e-03
2.1200000000e+02 4.6122685075e-02 4.6526368707e-02 4.5713126659e-02 5.0361974911e-01 4.9638014277e-01 1.0000000000e-03
2.1300000000e+02 4.6111822128e-02 4.6641487628e-02 4.5573972166e-02 5.0383658460e-01 4.9616330725e-01 1.0000000000e-03
2.1400000000e+02 4.6101033688e-02 4.6688307077e-02 4.5504067093e-02 5.0409518634e-01 4.9590470547e-01 1.0000000000e-03
2.1500000000e+02 4.6089515090e-02 4.6649619937e-02 4.5519709587e-02 5.0429861576e-01 4.9570127602e-01 1.0000000000e-03
2.1600000000e+02 4.6077489853e-02 4.6537410468e-02 4.5609463006e-02 5.0437226414e-01 4.9562762761e-01 1.0000000000e-03
2.1700000000e+02 4.6065814793e-02 4.6388093382e-02 4.5737970620e-02 5.0428787636e-01 4.9571201536e-01 1.0000000000e-03
2.1800000000e+02 4.6054981649e-02 4.6249762177e-02 4.5857008547e-02 5.0407228890e-01 4.9592760280e-01 1.0000000000e-03
2.1900000000e+02 4.6044573188e-02 4.6165399253e-02 4.5921910554e-02 5.0379725991e-01 4.9620263175e-01 1.0000000000e-03
2.2000000000e+02 4.6033866704e-02 4.6158868819e-02 4.5907087624e-02 5.0355426805e-01 4.9644562359e-01 1.0000000000e-03
2.2100000000e+02 4.6022687107e-02 4.6228300780e-02 4.5814249665e-02 5.0342375954e-01 4.9657613207e-01 1.0000000000e-03
2.2200000000e+02 4.6011652797e-02 4.6346906573e-02 4.5671753585e-02 5.0344823468e-01 4.9655165690e-01 1.0000000000e-03
2.2300000000e+02 4.6001382172e-02 4.6471484005e-02 4.5524440706e-02 5.0361812596e-01 4.9638176559e-01 1.0000000000e-03
2.2400000000e+02 4.5991793275e-02 4.6556428075e-02 4.5418351889e-02 5.0387499713e-01 4.9612489439e-01 1.0000000000e-03
2.2500000000e+02 4.5982182026e-02 4.6569027007e-02 4.5385576785e-02 5.0413098890e-01 4.9586890259e-01 1.0000000000e-03
2.2600000000e+02 4.5972060412e-02 4.6500697732e-02 4.5434270054e-02 5.0429787475e-01 4.9570201672e-01 1.0000000000e-03
2.2700000000e+02 4.5961678028e-02 4.6369984746e-02 4.5546267182e-02 5.0431616227e-01 4.9568372918e-01 1.0000000000e-03
2.2800000000e+02 4.5951638371e-02 4.6216100454e-02 4.5682735741e-02 5.0417473179e-01 4.9582515963e-01 1.0000000000e-03
2.2900000000e+02 4.5942172408e-02 4.6085190028e-02 4.5796904713e-02 5.0391413101e-01 4.9608576039e-01 1.0000000000e-03
2.3000000000e+02 4.5932874084e-02 4.6014919877e-02 4.5849643648e-02 5.0361266892e-01 4.9638722245e-01 1.0000000000e-03
2.3100000000e+02 4.5923240483e-02 4.6023290604e-02 4.5821845531e-02 5.0336106219e-01 4.9663882915e-01 1.0000000000e-03
2.3200000000e+02 4.5913346112e-02 4.6103078872e-02 4.5721150935e-02 5.0323291736e-01 4.9676697395e-01 1.0000000000e-03
2.3300000000e+02 4.5903705060e-02 4.6223886311e-02 4.5579329133e-02 5.0326067385e-01 4.9673921745e-01 1.0000000000e-03
2.3400000000e+02 4.5894712210e-02 4.6342678368e-02 4.5440576971e-02 5.0342603123e-01 4.9657386004e-01 1.0000000000e-03
2.3500000000e+02 4.5886121690e-02 4.6417899430e-02 4.5346494764e-02 5.0366720276e-01 4.9633268848e-01 1.0000000000e-03
2.3600000000e+02 4.5877397060e-02 4.6423323452e-02 4.5322895050e-02 5.0390019019e-01 4.9609970103e-01 1.0000000000e-03
2.3700000000e+02 4.5868311077e-02 4.6356339008e-02 4.5372329652e-02 5.0404653524e-01 4.9595335595e-01 1.0000000000e-03
2.3800000000e+02 4.5859169215e-02 4.6238560230e-02 4.5473575592e-02 5.0405893370e-01 4.9594095747e-01 1.0000000000e-03
2.3900000000e+02 4.5850377530e-02 4.6107906848e-02 4.5588772744e-02 5.0393610622e-01 4.9606378493e-01 1.0000000000e-03
2.4000000000e+02 4.5841924846e-02 4.6004477888e-02 4.5676939189e-02 5.0372111885e-01 4.9627877227e-01 1.0000000000e-03
2.4100000000e+02 4.5833434910e-02 4.5957442373e-02 4.5707698911e-02 5.0348522747e-01 4.9651466363e-01 1.0000000000e-03
2.4200000000e+02 4.5824691653e-02 4.5976206660e-02 4.5671168715e-02 5.0330311861e-01 4.9669677248e-01 1.0000000000e-03
2.4300000000e+02 4.5815914869e-02 4.6047914773e-02 4.5580908656e-02 5.0322763708e-01 4.9677225398e-01 1.0000000000e-03
2.4400000000e+02 4.5807495713e-02 4.6142071486e-02 4.5468520373e-02 5.0327248427e-01 4.9672740677e-01 1.0000000000e-03
2.4500000000e+02 4.5799508691e-02 4.6221408993e-02 4.5371823013e-02 5.0340901240e-01 4.9659087861e-01 1.0000000000e-03
2.4600000000e+02 4.5791599900e-02 4.6255540103e-02 4.5320983976e-02 5.0357836531e-01 4.9642152569e-01 1.0000000000e-03
2.4700000000e+02 4.5783467591e-02 4.6231303364e-02 4.5328937471e-02 5.0371329496e-01 4.9628659602e-01 1.0000000000e-03
2.4800000000e+02 4.5775189996e-02 4.6156357974e-02 4.5388255268e-02 5.0376148366e-01 4.9623840730e-01 1.0000000000e-03
2.4900000000e+02 4.5767061412e-02 4.6056475490e-02 4.5473333448e-02 5.0370388287e-01 4.9629600806e-01 1.0000000000e-03
2.5000000000e+02 4.5759245753e-02 4.5965734869e-02 4.5549802482e-02 5.0356073596e-01 4.9643915495e-01 1.0000000000e-03
2.5100000000e+02 4.5751526952e-02 4.5913316309e-02 4.5587543398e-02 5.0338267319e-01 4.9661721770e-01 1.0000000000e-03
2.5200000000e+02 4.5743666589e-02 4.5913219452e-02 4.5571923256e-02 5.0323093133e-01 4.9676895954e-01 1.0000000000e-03
2.5300000000e+02 4.5735694468e-02 4.5960959047e-02 4.5507583767e-02 5.0315566396e-01 4.9684422689e-01 1.0000000000e-03
2.5400000000e+02 4.5727908611e-02 4.6034976840e-02 4.5416925102e-02 5.0317800288e-01 4.9682188795e-01 1.0000000000e-03
2.5500000000e+02 4.5720454305e-02 4.6103950590e-02 4.5331899077e-02 5.0328237914e-01 4.9671751167e-01 1.0000000000e-03
2.5600000000e+02 4.5713178813e-02 4.6138931066e-02 4.5281562954e-02 5.0342305032e-01 4.9657684048e-01 1.0000000000e-03
2.5700000000e+02 4.5705795288e-02 4.6124346554e-02 4.5281287283e-02 5.0354190350e-01 4.9645798727e-01 1.0000000000e-03
2.5800000000e+02 4.5698270202e-02 4.6062987298e-02 4.5328281820e-02 5.0358966369e-01 4.9641022706e-01 1.0000000000e-03
2.5900000000e+02 4.5690774918e-02 4.5974642038e-02 4.5402865857e-02 5.0354355665e-01 4.9645633408e-01 1.0000000000e-03
2.6000000000e+02 4.5683503151e-02 4.5888960361e-02 4.5475225896e-02 5.0341561597e-01 4.9658427474e-01 1.0000000000e-03
2.6100000000e+02 4.5676358044e-02 4.5834146440e-02 4.5516517013e-02 5.0324790062e-01 4.9675199008e-01 1.0000000000e-03
2.6200000000e+02 4.5669153333e-02 4.5826431364e-02 4.5509923249e-02 5.0309637020e-01 4.9690352048e-01 1.0000000000e-03
2.6300000000e+02 4.5661844313e-02 4.5864615589e-02 4.5456621796e-02 5.0301011153e-01 4.9698977913e-01 1.0000000000e-03
2.6400000000e+02 4.5654632151e-02 4.5931305736e-02 4.5374609530e-02 5.0301394708e-01 4.9698594356e-01 1.0000000000e-03
2.6500000000e+02 4.5647665858e-02 4.5998819172e-02 4.5292146504e-02 5.0309959099e-01 4.9690029963e-01 1.0000000000e-03
2.6600000000e+02 4.5640893281e-02 4.6039476991e-02 4.5237131417e-02 5.0322913962e-01 4.9677075099e-01 1.0000000000e-03
2.6700000000e+02 4.5634075999e-02 4.6035956591e-02 4.5226786286e-02 5.0334953921e-01 4.9665035138e-01 1.0000000000e-03
2.6800000000e+02 4.5627139509e-02 4.5987796038e-02 4.5261535794e-02 5.0341253350e-01 4.9658735707e-01 1.0000000000e-03
2.6900000000e+02 4.5620225370e-02 4.5911092311e-02 4.5325387269e-02 5.0339225646e-01 4.9660763409e-01 1.0000000000e-03
2.7000000000e+02 4.5613445342e-02 4.5831590891e-02 4.5392408967e-02 5.0329374153e-01 4.9670614901e-01 1.0000000000e-03
2.7100000000e+02 4.5606803149e-02 4.5775625855e-02 4.5435845852e-02 5.0315062134e-01 4.9684926918e-01 1.0000000000e-03
2.7200000000e+02 4.5600116253e-02 4.5759789646e-02 4.5438516885e-02 5.0301169336e-01 4.9698819715e-01 1.0000000000e-03
2.7300000000e+02 4.5593351126e-02 4.5785550028e-02 4.5398902148e-02 5.0292253266e-01 4.9707735782e-01 1.0000000000e-03
2.7400000000e+02 4.5586660504e-02 4.5838959515e-02 4.5331414789e-02 5.0290862347e-01 4.9709126700e-01 1.0000000000e-03
2.7500000000e+02 4.5580156147e-02 4.5896023512e-02 4.5260526240e-02 5.0296633026e-01 4.9703356019e-01 1.0000000000e-03
2.7600000000e+02 4.5573793352e-02 4.5932278037e-02 4.5210886747e-02 5.0306543794e-01 4.9693445249e-01 1.0000000000e-03
2.7700000000e+02 4.5567404479e-02 4.5932017267e-02 4.5198161155e-02 5.0316153027e-01 4.9683836015e-01 1.0000000000e-03
2.7800000000e+02 4.5560956001e-02 4.5893866569e-02 4.5223746449e-02 5.0321309432e-01 4.9678679608e-01 1.0000000000e-03
2.7900000000e+02 4.5554511249e-02 4.5831076801e-02 4.5274391770e-02 5.0319729617e-01 4.9680259421e-01 1.0000000000e-03
2.8000000000e+02 4.5548193157e-02 4.5766055584e-02 4.5327607542e-02 5.0311821886e-01 4.9688167151e-01 1.0000000000e-03
2.8100000000e+02 4.5541964471e-02 4.5721057802e-02 4.5360717922e-02 5.0300420264e-01 4.9699568771e-01 1.0000000000e-03
2.8200000000e+02 4.5535713434e-02 4.5709852129e-02 4.5359548181e-02 5.0289610489e-01 4.9710378545e-01 1.0000000000e-03
2.8300000000e+02 4.5529406518e-02 4.5732647181e-02 4.5323859900e-02 5.0283095789e-01 4.9716893243e-01 1.0000000000e-03
2.8400000000e+02 4.5523174107e-02 4.5776695013e-02 4.5266781002e-02 5.0282789532e-01 4.9717199498e-01 1.0000000000e-03
2.8500000000e+02 4.5517094433e-02 4.5820869505e-02 4.5209810138e-02 5.0288073401e-01 4.9711915628e-01 1.0000000000e-03
2.8600000000e+02 4.5511107892e-02 4.5844804496e-02 4.5173443854e-02 5.0296146059e-01 4.9703842968e-01 1.0000000000e-03
2.8700000000e+02 4.5505098999e-02 4.5836772770e-02 4.5169394463e-02 5.0303197553e-01 4.9696791473e-01 1.0000000000e-03
2.8800000000e+02 4.5499056578e-02 4.5797768980e-02 4.5196671039e-02 5.0305906622e-01 4.9694082402e-01 1.0000000000e-03
2.8900000000e+02 4.5493043959e-02 4.5741282403e-02 4.5241784304e-02 5.0302765465e-01 4.9697223557e-01 1.0000000000e-03
2.9000000000e+02 4.5487117022e-02 4.5687731355e-02 4.5284129679e-02 5.0294671142e-01 4.9705317879e-01 1.0000000000e-03
2.9100000000e+02 4.5481249690e-02 4.5655712485e-02 4.5304801315e-02 5.0284492680e-01 4.9715496340e-01 1.0000000000e-03
2.9200000000e+02 4.5475356281e-02 4.5654296875e-02 4.5294437557e-02 5.0275826495e-01 4.9724162523e-01 1.0000000000e-03
2.9300000000e+02 4.5469455421e-02 4.5680940151e-02 4.5255672187e-02 5.0271625952e-01 4.9728363064e-01 1.0000000000e-03
2.9400000000e+02 4.5463629067e-02 4.5721821487e-02 4.5202612877e-02 5.0273014459e-01 4.9726974556e-01 1.0000000000e-03
2.9500000000e+02 4.5457921922e-02 4.5757248998e-02 4.5155249536e-02 5.0278821189e-01 4.9721167825e-01 1.0000000000e-03
2.9600000000e+02 4.5452281833e-02 4.5770339668e-02 4.5130573213e-02 5.0286128837e-01 4.9713860176e-01 1.0000000000e-03
2.9700000000e+02 4.5446597040e-02 4.5753985643e-02 4.5135609806e-02 5.0291533365e-01 4.9708455646e-01 1.0000000000e-03
2.9800000000e+02 4.5440912247e-02 4.5712672174e-02 4.5165967196e-02 5.0292458324e-01 4.9707530685e-01 1.0000000000e-03
2.9900000000e+02 4.5435275882e-02 4.5660678297e-02 4.5207269490e-02 5.0288160715e-01 4.9711828293e-01 1.0000000000e-03
3.0000000000e+02 4.5429706573e-02 4.5616872609e-02 4.5240443200e-02 5.0280059506e-01 4.9719929500e-01 1.0000000000e-03
3.0100000000e+02 4.5424167067e-02 4.5596040785e-02 4.5250426978e-02 5.0271074866e-01 4.9728914139e-01 1.0000000000e-03
3.0200000000e+02 4.5418590307e-02 4.5602813363e-02 4.5232418925e-02 5.0264355085e-01 4.9735633919e-01 1.0000000000e-03
3.0300000000e+02 4.5413047075e-02 4.5631255955e-02 4.5192550868e-02 5.0262070460e-01 4.9737918542e-01 1.0000000000e-03
3.0400000000e+02 4.5407578349e-02 4.5666683465e-02 4.5145731419e-02 5.0264545725e-01 4.9735443276e-01 1.0000000000e-03
3.0500000000e+02 4.5402206481e-02 4.5691654086e-02 4.5109625906e-02 5.0270140157e-01 4.9729848843e-01 1.0000000000e-03
3.0600000000e+02 4.5396853238e-02 4.5693594962e-02 4.5096825808e-02 5.0275990791e-01 4.9723998207e-01 1.0000000000e-03
3.0700000000e+02 4.5391470194e-02 4.5670274645e-02 4.5109547675e-02 5.0279275057e-01 4.9720713940e-01 1.0000000000e-03
3.0800000000e+02 4.5386109501e-02 4.5629482716e-02 4.5140024275e-02 5.0278308609e-01 4.9721680386e-01 1.0000000000e-03
3.0900000000e+02 4.5380800962e-02 4.5585863292e-02 4.5173503458e-02 5.0273194400e-01 4.9726794594e-01 1.0000000000e-03
3.1000000000e+02 4.5375540853e-02 4.5555390418e-02 4.5193783939e-02 5.0265797810e-01 4.9734191182e-01 1.0000000000e-03
3.1100000000e+02 4.5370288193e-02 4.5547559857e-02 4.5191179961e-02 5.0258855169e-01 4.9741133823e-01 1.0000000000e-03
3.1200000000e+02 4.5365020633e-02 4.5562099665e-02 4.5165933669e-02 5.0254801711e-01 4.9745187279e-01 1.0000000000e-03
3.1300000000e+02 4.5359801501e-02 4.5589704067e-02 4.5127555728e-02 5.0254792894e-01 4.9745196095e-01 1.0000000000e-03
3.1400000000e+02 4.5354656875e-02 4.5615792274e-02 4.5090816915e-02 5.0258251148e-01 4.9741737839e-01 1.0000000000e-03
3.1500000000e+02 4.5349560678e-02 4.5626737177e-02 4.5069463551e-02 5.0263147473e-01 4.9736841513e-01 1.0000000000e-03
3.1600000000e+02 4.5344471931e-02 4.5615661889e-02 4.5070383698e-02 5.0266896234e-01 4.9733092751e-01 1.0000000000e-03
3.1700000000e+02 4.5339368284e-02 4.5585680753e-02 4.5090410858e-02 5.0267515895e-01 4.9732473089e-01 1.0000000000e-03
3.1800000000e+02 4.5334313065e-02 4.5547690243e-02 4.5118674636e-02 5.0264422779e-01 4.9735566203e-01 1.0000000000e-03
3.1900000000e+02 4.5329295099e-02 4.5515425503e-02 4.5141231269e-02 5.0258617937e-01 4.9741371044e-01 1.0000000000e-03
3.2000000000e+02 4.5324295759e-02 4.5500293374e-02 4.5146521181e-02 5.0252269358e-01 4.9747719621e-01 1.0000000000e-03
3.2100000000e+02 4.5319288969e-02 4.5505944639e-02 4.5130789280e-02 5.0247737416e-01 4.9752251563e-01 1.0000000000e-03
3.2200000000e+02 4.5314326882e-02 4.5526582748e-02 4.5099977404e-02 5.0246499561e-01 4.9753489416e-01 1.0000000000e-03
3.2300000000e+02 4.5309413224e-02 4.5550342649e-02 4.5066084713e-02 5.0248569257e-01 4.9751419719e-01 1.0000000000e-03
3.2400000000e+02 4.5304536819e-02 4.5564871281e-02 4.5041564852e-02 5.0252589771e-01 4.9747399204e-01 1.0000000000e-03
3.2500000000e+02 4.5299693942e-02 4.5561298728e-02 4.5035403222e-02 5.0256354226e-01 4.9743634747e-01 1.0000000000e-03
3.2600000000e+02 4.5294843614e-02 4.5538876206e-02 4.5048292726e-02 5.0257796227e-01 4.9742192745e-01 1.0000000000e-03
3.2700000000e+02 4.5290019363e-02 4.5506067574e-02 4.5071758330e-02 5.0255990418e-01 4.9743998552e-01 1.0000000000e-03
3.2800000000e+02 4.5285232365e-02 4.5474696904e-02 4.5093856752e-02 5.0251415788e-01 4.9748573181e-01 1.0000000000e-03
3.2900000000e+02 4.5280456543e-02 4.5455705374e-02 4.5103490353e-02 5.0245720329e-01 4.9754268640e-01 1.0000000000e-03
3.3000000000e+02 4.5275695622e-02 4.5455045998e-02 4.5094612986e-02 5.0241050247e-01 4.9758938721e-01 1.0000000000e-03
3.3100000000e+02 4.5270949602e-02 4.5469962060e-02 4.5070037246e-02 5.0239030199e-01 4.9760958767e-01 1.0000000000e-03
3.3200000000e+02 4.5266255736e-02 4.5490797609e-02 4.5039556921e-02 5.0240048690e-01 4.9759940275e-01 1.0000000000e-03
3.3300000000e+02 4.5261591673e-02 4.5506112278e-02 4.5014686882e-02 5.0243187602e-01 4.9756801362e-01 1.0000000000e-03
3.3400000000e+02 4.5256972313e-02 4.5507118106e-02 4.5004349202e-02 5.0246642054e-01 4.9753346908e-01 1.0000000000e-03
3.3500000000e+02 4.5252338052e-02 4.5491021127e-02 4.5011285692e-02 5.0248481338e-01 4.9751507623e-01 1.0000000000e-03
3.3600000000e+02 4.5247733593e-02 4.5463275164e-02 4.5030061156e-02 5.0247568887e-01 4.9752420073e-01 1.0000000000e-03
3.3700000000e+02 4.5243151486e-02 4.5434542000e-02 4.5049894601e-02 5.0244066336e-01 4.9755922623e-01 1.0000000000e-03
3.3800000000e+02 4.5238591731e-02 4.5414865017e-02 4.5060638338e-02 5.0239234981e-01 4.9760753976e-01 1.0000000000e-03
3.3900000000e+02 4.5234065503e-02 4.5410290360e-02 4.5056186616e-02 5.0234881921e-01 4.9765107036e-01 1.0000000000e-03
3.4000000000e+02 4.5229531825e-02 4.5420445502e-02 4.5036841184e-02 5.0232596790e-01 4.9767392166e-01 1.0000000000e-03
3.4100000000e+02 4.5225027949e-02 4.5437570661e-02 4.5010503381e-02 5.0232944978e-01 4.9767043976e-01 1.0000000000e-03
3.4200000000e+02 4.5220568776e-02 4.5451413840e-02 4.4987555593e-02 5.0235294746e-01 4.9764694207e-01 1.0000000000e-03
3.4300000000e+02 4.5216143131e-02 4.5453730971e-02 4.4976294041e-02 5.0238162858e-01 4.9761826094e-01 1.0000000000e-03
3.4400000000e+02 4.5211724937e-02 4.5441392809e-02 4.4979851693e-02 5.0239867735e-01 4.9760121216e-01 1.0000000000e-03
3.4500000000e+02 4.5207314193e-02 4.5418106019e-02 4.4994503260e-02 5.0239306495e-01 4.9760682455e-01 1.0000000000e-03
3.4600000000e+02 4.5202933252e-02 4.5392714441e-02 4.5011352748e-02 5.0236467355e-01 4.9763521594e-01 1.0000000000e-03
3.4700000000e+02 4.5198567212e-02 4.5374490321e-02 4.5021016151e-02 5.0232371599e-01 4.9767617349e-01 1.0000000000e-03
3.4800000000e+02 4.5194223523e-02 4.5369192958e-02 4.5017655939e-02 5.0228580132e-01 4.9771408815e-01 1.0000000000e-03
3.4900000000e+02 4.5189894736e-02 4.5376572758e-02 4.5001525432e-02 5.0226470358e-01 4.9773518587e-01 1.0000000000e-03
3.5000000000e+02 4.5185588300e-02 4.5390747488e-02 4.4978570193e-02 5.0226627923e-01 4.9773361021e-01 1.0000000000e-03
3.5100000000e+02 4.5181326568e-02 4.5402377844e-02 4.4958252460e-02 5.0228539734e-01 4.9771449209e-01 1.0000000000e-03
3.5200000000e+02 4.5177079737e-02 4.5403961092e-02 4.4948101044e-02 5.0230912081e-01 4.9769076861e-01 1.0000000000e-03
3.5300000000e+02 4.5172844082e-02 4.5393127948e-02 4.4950515032e-02 5.0232316391e-01 4.9767672550e-01 1.0000000000e-03
3.5400000000e+02 4.5168630779e-02 4.5372515917e-02 4.4962856919e-02 5.0231758536e-01 4.9768230404e-01 1.0000000000e-03
3.5500000000e+02 4.5164428651e-02 4.5349858701e-02 4.4977299869e-02 5.0229204874e-01 4.9770784065e-01 1.0000000000e-03
3.5600000000e+02 4.5160256326e-02 4.5334003866e-02 4.4984940439e-02 5.0225607763e-01 4.9774381175e-01 1.0000000000e-03
3.5700000000e+02 4.5156091452e-02 4.5329276472e-02 4.4981367886e-02 5.0222308201e-01 4.9777680735e-01 1.0000000000e-03
3.5800000000e+02 4.5151941478e-02 4.5335549861e-02 4.4966712594e-02 5.0220499197e-01 4.9779489739e-01 1.0000000000e-03
3.5900000000e+02 4.5147813857e-02 4.5347645879e-02 4.4946223497e-02 5.0220677383e-01 4.9779311552e-01 1.0000000000e-03
3.6000000000e+02 4.5143708587e-02 4.5357093215e-02 4.4928427786e-02 5.0222348522e-01 4.9777640412e-01 1.0000000000e-03
3.6100000000e+02 4.5139640570e-02 4.5357350260e-02 4.4919986278e-02 5.0224336467e-01 4.9775652465e-01 1.0000000000e-03
3.6200000000e+02 4.5135587454e-02 4.5346695930e-02 4.4922579080e-02 5.0225394025e-01 4.9774594906e-01 1.0000000000e-03
3.6300000000e+02 4.5131552964e-02 4.5327924192e-02 4.4933415949e-02 5.0224707733e-01 4.9775281198e-01 1.0000000000e-03
3.6400000000e+02 4.5127522200e-02 4.5308057219e-02 4.4945381582e-02 5.0222328471e-01 4.9777660459e-01 1.0000000000e-03
3.6500000000e+02 4.5123510063e-02 4.5294612646e-02 4.4950913638e-02 5.0219137508e-01 4.9780851421e-01 1.0000000000e-03
3.6600000000e+02 4.5119524002e-02 4.5291326940e-02 4.4946238399e-02 5.0216344314e-01 4.9783644613e-01 1.0000000000e-03
3.6700000000e+02 4.5115545392e-02 4.5297157019e-02 4.4932380319e-02 5.0214923145e-01 4.9785065781e-01 1.0000000000e-03
3.6800000000e+02 4.5111589134e-02 4.5307222754e-02 4.4914275408e-02 5.0215207087e-01 4.9784781838e-01 1.0000000000e-03
3.6900000000e+02 4.5107662678e-02 4.5314252377e-02 4.4899284840e-02 5.0216685005e-01 4.9783303919e-01 1.0000000000e-03
3.7000000000e+02 4.5103751123e-02 4.5312542468e-02 4.4893130660e-02 5.0218263477e-01 4.9781725446e-01 1.0000000000e-03
3.7100000000e+02 4.5099854469e-02 4.5301482081e-02 4.4896464795e-02 5.0218888153e-01 4.9781100770e-01 1.0000000000e-03
3.7200000000e+02 4.5095972717e-02 4.5284420252e-02 4.4905878603e-02 5.0217984499e-01 4.9782004422e-01 1.0000000000e-03
3.7300000000e+02 4.5092109591e-02 4.5267350972e-02 4.4915355742e-02 5.0215701165e-01 4.9784287755e-01 1.0000000000e-03
3.7400000000e+02 4.5088253915e-02 4.5256830752e-02 4.4918250293e-02 5.0212903997e-01 4.9787084923e-01 1.0000000000e-03
3.7500000000e+02 4.5084428042e-02 4.5255541801e-02 4.4911872596e-02 5.0210670324e-01 4.9789318594e-01 1.0000000000e-03
3.7600000000e+02 4.5080602169e-02 4.5261327177e-02 4.4898360968e-02 5.0209731809e-01 4.9790257108e-01 1.0000000000e-03
3.7700000000e+02 4.5076802373e-02 4.5269351453e-02 4.4882640243e-02 5.0210205807e-01 4.9789783110e-01 1.0000000000e-03
3.7800000000e+02 4.5073032379e-02 4.5273598284e-02 4.4870771468e-02 5.0211528095e-01 4.9788460820e-01 1.0000000000e-03
3.7900000000e+02 4.5069281012e-02 4.5269411057e-02 4.4867452234e-02 5.0212671867e-01 4.9787317048e-01 1.0000000000e-03
3.8000000000e+02 4.5065529644e-02 4.5257579535e-02 4.4871851802e-02 5.0212802668e-01 4.9787186246e-01 1.0000000000e-03
3.8100000000e+02 4.5061796904e-02 4.5241989195e-02 4.4880080968e-02 5.0211600623e-01 4.9788388290e-01 1.0000000000e-03
3.8200000000e+02 4.5058079064e-02 4.5227833092e-02 4.4886909425e-02 5.0209356091e-01 4.9790632821e-01 1.0000000000e-03
3.8300000000e+02 4.5054383576e-02 4.5220635831e-02 4.4886756688e-02 5.0206946659e-01 4.9793042251e-01 1.0000000000e-03
3.8400000000e+02 4.5050695539e-02 4.5221447945e-02 4.4878542423e-02 5.0205280602e-01 4.9794708308e-01 1.0000000000e-03
3.8500000000e+02 4.5047029853e-02 4.5227110386e-02 4.4865470380e-02 5.0204822450e-01 4.9795166459e-01 1.0000000000e-03
3.8600000000e+02 4.5043371618e-02 4.5233275741e-02 4.4851914048e-02 5.0205506373e-01 4.9794482535e-01 1.0000000000e-03
3.8700000000e+02 4.5039750636e-02 4.5234326273e-02 4.4843569398e-02 5.0206645120e-01 4.9793343787e-01 1.0000000000e-03
3.8800000000e+02 4.5036125928e-02 4.5227777213e-02 4.4842887670e-02 5.0207346027e-01 4.9792642879e-01 1.0000000000e-03
3.8900000000e+02 4.5032516122e-02 4.5215450227e-02 4.4848069549e-02 5.0207006510e-01 4.9792982395e-01 1.0000000000e-03
3.9000000000e+02 4.5028921217e-02 4.5201361179e-02 4.4855073094e-02 5.0205531473e-01 4.9794457431e-01 1.0000000000e-03
3.9100000000e+02 4.5025356114e-02 4.5190468431e-02 4.4858906418e-02 5.0203387780e-01 4.9796601123e-01 1.0000000000e-03
3.9200000000e+02 4.5021787286e-02 4.5186486095e-02 4.4855762273e-02 5.0201413370e-01 4.9798575533e-01 1.0000000000e-03
3.9300000000e+02 4.5018248260e-02 4.5188959688e-02 4.4846177101e-02 5.0200307520e-01 4.9799681381e-01 1.0000000000e-03
3.9400000000e+02 4.5014701784e-02 4.5194093138e-02 4.4833876193e-02 5.0200282046e-01 4.9799706854e-01 1.0000000000e-03
3.9500000000e+02 4.5011207461e-02 4.5197736472e-02 4.4823173434e-02 5.0201057508e-01 4.9798931392e-01 1.0000000000e-03
3.9600000000e+02 4.5007698238e-02 4.5195654035e-02 4.4818222523e-02 5.0201916384e-01 4.9798072515e-01 1.0000000000e-03
3.9700000000e+02 4.5004203916e-02 4.5187104493e-02 4.4819831848e-02 5.0202126651e-01 4.9797862246e-01 1.0000000000e-03
3.9800000000e+02 4.5000735670e-02 4.5174814761e-02 4.4825259596e-02 5.0201333144e-01 4.9798655753e-01 1.0000000000e-03
3.9900000000e+02 4.4997274876e-02 4.5163027942e-02 4.4830203056e-02 5.0199690934e-01 4.9800297962e-01 1.0000000000e-03
4.0000000000e+02 4.4993832707e-02 4.5155659318e-02 4.4830732048e-02 5.0197775528e-01 4.9802213367e-01 1.0000000000e-03
4.0100000000e+02 4.4990397990e-02 4.5154750347e-02 4.4824752957e-02 5.0196334782e-01 4.9803654112e-01 1.0000000000e-03
4.0200000000e+02 4.4986970723e-02 4.5157846063e-02 4.4814769179e-02 5.0195766374e-01 4.9804222519e-01 1.0000000000e-03
4.0300000000e+02 4.4983558357e-02 4.5161940157e-02 4.4803787023e-02 5.0196094155e-01 4.9803894737e-01 1.0000000000e-03
4.0400000000e+02 4.4980160892e-02 4.5162536204e-02 4.4796358794e-02 5.0196836666e-01 4.9803152225e-01 1.0000000000e-03
4.0500000000e+02 4.4976793230e-02 4.5157235116e-02 4.4794932008e-02 5.0197291095e-01 4.9802697796e-01 1.0000000000e-03
4.0600000000e+02 4.4973425567e-02 4.5147422701e-02 4.4798064977e-02 5.0196981953e-01 4.9803006937e-01 1.0000000000e-03
4.0700000000e+02 4.4970072806e-02 4.5136231929e-02 4.4802621007e-02 5.0195829741e-01 4.9804159148e-01 1.0000000000e-03
4.0800000000e+02 4.4966734946e-02 4.5127160847e-02 4.4805064797e-02 5.0194153919e-01 4.9805834969e-01 1.0000000000e-03
4.0900000000e+02 4.4963397086e-02 4.5123483986e-02 4.4802084565e-02 5.0192608271e-01 4.9807380616e-01 1.0000000000e-03
4.1000000000e+02 4.4960085303e-02 4.5124612749e-02 4.4794302434e-02 5.0191714007e-01 4.9808274880e-01 1.0000000000e-03
4.1100000000e+02 4.4956780970e-02 4.5127641410e-02 4.4784612954e-02 5.0191617782e-01 4.9808371103e-01 1.0000000000e-03
4.1200000000e+02 4.4953502715e-02 4.5129727572e-02 4.4775929302e-02 5.0192131531e-01 4.9807857354e-01 1.0000000000e-03
4.1300000000e+02 4.4950217009e-02 4.5126747340e-02 4.4772326946e-02 5.0192629946e-01 4.9807358938e-01 1.0000000000e-03
4.1400000000e+02 4.4946953654e-02 4.5119423419e-02 4.4773161411e-02 5.0192626158e-01 4.9807362725e-01 1.0000000000e-03
4.1500000000e+02 4.4943697751e-02 4.5109312981e-02 4.4776812196e-02 5.0191858652e-01 4.9808130230e-01 1.0000000000e-03
4.1600000000e+02 4.4940456748e-02 4.5099824667e-02 4.4779881835e-02 5.0190470620e-01 4.9809518262e-01 1.0000000000e-03
4.1700000000e+02 4.4937219471e-02 4.5094471425e-02 4.4778782874e-02 5.0188985986e-01 4.9811002895e-01 1.0000000000e-03
4.1800000000e+02 4.4934004545e-02 4.5093562454e-02 4.4773250818e-02 5.0187908293e-01 4.9812080587e-01 1.0000000000e-03
4.1900000000e+02 4.4930789620e-02 4.5095600188e-02 4.4764745981e-02 5.0187526260e-01 4.9812462619e-01 1.0000000000e-03
4.2000000000e+02 4.4927589595e-02 4.5097887516e-02 4.4756017625e-02 5.0187796728e-01 4.9812192150e-01 1.0000000000e-03
4.2100000000e+02 4.4924408197e-02 4.5096486807e-02 4.4751040637e-02 5.0188240519e-01 4.9811748359e-01 1.0000000000e-03
4.2200000000e+02 4.4921226799e-02 4.5091047883e-02 4.4750139117e-02 5.0188388763e-01 4.9811600113e-01 1.0000000000e-03
4.2300000000e+02 4.4918075204e-02 4.5082431287e-02 4.4752489775e-02 5.0187913095e-01 4.9812075780e-01 1.0000000000e-03
4.2400000000e+02 4.4914919883e-02 4.5072987676e-02 4.4755678624e-02 5.0186783131e-01 4.9813205744e-01 1.0000000000e-03
4.2500000000e+02 4.4911775738e-02 4.5066971332e-02 4.4755432755e-02 5.0185446179e-01 4.9814542696e-01 1.0000000000e-03
4.2600000000e+02 4.4908642769e-02 4.5064419508e-02 4.4751726091e-02 5.0184308419e-01 4.9815680454e-01 1.0000000000e-03
4.2700000000e+02 4.4905513525e-02 4.5065309852e-02 4.4744558632e-02 5.0183734255e-01 4.9816254617e-01 1.0000000000e-03
4.2800000000e+02 4.4902414083e-02 4.5067355037e-02 4.4736262411e-02 5.0183794530e-01 4.9816194342e-01 1.0000000000e-03
4.2900000000e+02 4.4899307191e-02 4.5066539198e-02 4.4730853289e-02 5.0184105813e-01 4.9815883058e-01 1.0000000000e-03
4.3000000000e+02 4.4896222651e-02 4.5062758029e-02 4.4728465378e-02 5.0184309668e-01 4.9815679202e-01 1.0000000000e-03
4.3100000000e+02 4.4893141836e-02 4.5055251569e-02 4.4729847461e-02 5.0183999418e-01 4.9815989451e-01 1.0000000000e-03
4.3200000000e+02 4.4890061021e-02 4.5046605170e-02 4.4732373208e-02 5.0183099226e-01 4.9816889642e-01 1.0000000000e-03
4.3300000000e+02 4.4887006283e-02 4.5040346682e-02 4.4732559472e-02 5.0181931289e-01 4.9818057579e-01 1.0000000000e-03
4.3400000000e+02 4.4883958995e-02 4.5036550611e-02 4.4730264693e-02 5.0180797687e-01 4.9819191180e-01 1.0000000000e-03
4.3500000000e+02 4.4880911708e-02 4.5036744326e-02 4.4723957777e-02 5.0180140717e-01 4.9819848150e-01 1.0000000000e-03
4.3600000000e+02 4.4877879322e-02 4.5038104057e-02 4.4716510922e-02 5.0180041217e-01 4.9819947649e-01 1.0000000000e-03
4.3700000000e+02 4.4874850661e-02 4.5037448406e-02 4.4711083174e-02 5.0180218741e-01 4.9819770124e-01 1.0000000000e-03
4.3800000000e+02 4.4871844351e-02 4.5034993440e-02 4.4707529247e-02 5.0180440958e-01 4.9819547906e-01 1.0000000000e-03
4.3900000000e+02 4.4868830591e-02 4.5027814806e-02 4.4708702713e-02 5.0180176806e-01 4.9819812057e-01 1.0000000000e-03
4.4000000000e+02 4.4865854084e-02 4.5020919293e-02 4.4709686190e-02 5.0179501206e-01 4.9820487657e-01 1.0000000000e-03
4.4100000000e+02 4.4862840325e-02 4.5013427734e-02 4.4711187482e-02 5.0178393187e-01 4.9821595675e-01 1.0000000000e-03
4.4200000000e+02 4.4859901071e-02 4.5010995120e-02 4.4707741588e-02 5.0177453543e-01 4.9822535318e-01 1.0000000000e-03
4.4300000000e+02 4.4856905937e-02 4.5007809997e-02 4.4704943895e-02 5.0176587398e-01 4.9823401462e-01 1.0000000000e-03
4.4400000000e+02 4.4854074717e-02 4.5012440532e-02 4.4694591314e-02 5.0176644058e-01 4.9823344802e-01 1.0000000000e-03
4.4500000000e+02 4.4851131737e-02 4.5005936176e-02 4.4695239514e-02 5.0176297520e-01 4.9823691338e-01 1.0000000000e-03
4.4600000000e+02 4.4848728925e-02 4.5013591647e-02 4.4682700187e-02 5.0177112311e-01 4.9822876547e-01 1.0000000000e-03
4.4700000000e+02 4.4846333563e-02 4.4992148876e-02 4.4699504972e-02 5.0175714408e-01 4.9824274449e-01 1.0000000000e-03
4.4800000000e+02 4.4846165925e-02 4.5012488961e-02 4.4678673148e-02 5.0176751589e-01 4.9823237268e-01 1.0000000000e-03
4.4900000000e+02 4.4848348945e-02 4.4967159629e-02 4.4728726149e-02 5.0172367087e-01 4.9827621769e-01 1.0000000000e-03
4.5000000000e+02 4.4862456620e-02 4.5038942248e-02 4.4684745371e-02 5.0174868022e-01 4.9825120834e-01 1.0000000000e-03
4.5100000000e+02 4.4899567962e-02 4.4949408621e-02 4.4849410653e-02 5.0162948551e-01 4.9837040305e-01 1.0000000000e-03
4.5200000000e+02 4.5014221221e-02 4.5186698437e-02 4.4840607792e-02 5.0165874565e-01 4.9834114295e-01 1.0000000000e-03
4.5300000000e+02 4.5308396220e-02 4.5050017536e-02 4.5568034053e-02 5.0120704147e-01 4.9879284724e-01 1.0000000000e-03
4.5400000000e+02 4.6100459993e-02 4.5904345810e-02 4.6297274530e-02 5.0087325067e-01 4.9912663832e-01 1.0000000000e-03
4.5500000000e+02 4.7834005207e-02 4.6092141420e-02 4.9568708986e-02 4.9896878872e-01 5.0103110092e-01 1.0000000000e-03
4.5600000000e+02 5.0972379744e-02 4.8482690006e-02 5.3428895772e-02 4.9664519102e-01 5.0335469984e-01 1.0000000000e-03
4.5700000000e+02 5.2929140627e-02 4.8833217472e-02 5.6914526969e-02 4.9315963593e-01 5.0684025639e-01 1.0000000000e-03
4.5800000000e+02 5.0561621785e-02 4.8340432346e-02 5.2710119635e-02 4.9168153825e-01 5.0831835494e-01 1.0000000000e-03
4.5900000000e+02 4.5460961759e-02 4.6503946185e-02 4.4444162399e-02 4.9364577387e-01 5.0635411901e-01 1.0000000000e-03
4.6000000000e+02 4.5973353088e-02 4.6875696629e-02 4.5087993145e-02 4.9525315253e-01 5.0474674018e-01 1.0000000000e-03
4.6100000000e+02 4.9357816577e-02 4.8927769065e-02 4.9779862165e-02 4.9529620752e-01 5.0470368579e-01 1.0000000000e-03
4.6200000000e+02 4.7548711300e-02 4.7066815197e-02 4.8021573573e-02 4.9526454426e-01 5.0473534921e-01 1.0000000000e-03
4.6300000000e+02 4.4820211828e-02 4.6092014760e-02 4.3562848121e-02 4.9714858575e-01 5.0285130722e-01 1.0000000000e-03
4.6400000000e+02 4.6677228063e-02 4.6689834446e-02 4.6664755791e-02 4.9744715375e-01 5.0255273921e-01 1.0000000000e-03
4.6500000000e+02 4.7435902059e-02 4.6254094690e-02 4.8601131886e-02 4.9646526514e-01 5.0353462798e-01 1.0000000000e-03
4.6600000000e+02 4.5166850090e-02 4.5727975667e-02 4.4611457735e-02 4.9743669015e-01 5.0256320259e-01 1.0000000000e-03
4.6700000000e+02 4.5482117683e-02 4.5694258064e-02 4.5271739364e-02 4.9792525552e-01 5.0207463695e-01 1.0000000000e-03
4.6800000000e+02 4.6755224466e-02 4.6301901340e-02 4.7204311937e-02 4.9765018423e-01 5.0234970830e-01 1.0000000000e-03
4.6900000000e+02 4.5366413891e-02 4.6364687383e-02 4.4372200966e-02 4.9898310747e-01 5.0101678479e-01 1.0000000000e-03
4.7000000000e+02 4.5043110847e-02 4.5945826918e-02 4.4140093029e-02 5.0008701976e-01 4.9991287217e-01 1.0000000000e-03
4.7100000000e+02 4.6168275177e-02 4.5938536525e-02 4.6397864819e-02 4.9982958693e-01 5.0017030498e-01 1.0000000000e-03
4.7200000000e+02 4.5374937356e-02 4.6227149665e-02 4.4520050287e-02 5.0078720226e-01 4.9921268943e-01 1.0000000000e-03
4.7300000000e+02 4.4890820980e-02 4.5436907560e-02 4.4341854751e-02 5.0131833823e-01 4.9868155316e-01 1.0000000000e-03
4.7400000000e+02 4.5754663646e-02 4.5394863933e-02 4.6115610749e-02 5.0079269335e-01 4.9920719797e-01 1.0000000000e-03
4.7500000000e+02 4.5282326639e-02 4.5723162591e-02 4.4839378446e-02 5.0120135978e-01 4.9879853137e-01 1.0000000000e-03
4.7600000000e+02 4.4837869704e-02 4.5291148126e-02 4.4381715357e-02 5.0158830177e-01 4.9841158912e-01 1.0000000000e-03
4.7700000000e+02 4.5477997512e-02 4.5323710889e-02 4.5633073896e-02 5.0125940568e-01 4.9874048512e-01 1.0000000000e-03
4.7800000000e+02 4.5172005892e-02 4.5688387007e-02 4.4652093202e-02 5.0170700849e-01 4.9829288216e-01 1.0000000000e-03
4.7900000000e+02 4.4809952378e-02 4.5245986432e-02 4.4370386750e-02 5.0202482863e-01 4.9797506180e-01 1.0000000000e-03
4.8000000000e+02 4.5283682644e-02 4.4919442385e-02 4.5650009066e-02 5.0141902180e-01 4.9858086854e-01 1.0000000000e-03
4.8100000000e+02 4.5079678297e-02 4.5235153288e-02 4.4923309237e-02 5.0145005626e-01 4.9854983396e-01 1.0000000000e-03
4.8200000000e+02 4.4792883098e-02 4.4916909188e-02 4.4668152928e-02 5.0144388306e-01 4.9855600697e-01 1.0000000000e-03
4.8300000000e+02 4.5140497386e-02 4.4757690281e-02 4.5524664223e-02 5.0087472523e-01 4.9912516473e-01 1.0000000000e-03
4.8400000000e+02 4.5002833009e-02 4.5182831585e-02 4.4822126627e-02 5.0098762773e-01 4.9901226212e-01 1.0000000000e-03
4.8500000000e+02 4.4782154262e-02 4.5237138867e-02 4.4324632734e-02 5.0139828768e-01 4.9860160202e-01 1.0000000000e-03
4.8600000000e+02 4.5035898685e-02 4.5143824071e-02 4.4927384704e-02 5.0137860238e-01 4.9862128725e-01 1.0000000000e-03
4.8700000000e+02 4.4942181557e-02 4.5412376523e-02 4.4468663633e-02 5.0176571536e-01 4.9823417417e-01 1.0000000000e-03
4.8800000000e+02 4.4771797955e-02 4.5299794525e-02 4.4239178300e-02 5.0218140330e-01 4.9781848611e-01 1.0000000000e-03
4.8900000000e+02 4.4956386089e-02 4.4914189726e-02 4.4998921454e-02 5.0191613875e-01 4.9808375061e-01 1.0000000000e-03
4.9000000000e+02 4.4896021485e-02 4.4976647943e-02 4.4814813882e-02 5.0181463591e-01 4.9818525337e-01 1.0000000000e-03
4.9100000000e+02 4.4762775302e-02 4.4902134687e-02 4.4622421265e-02 5.0178938834e-01 4.9821050084e-01 1.0000000000e-03
4.9200000000e+02 4.4896207750e-02 4.4714685529e-02 4.5078769326e-02 5.0140770992e-01 4.9859217921e-01 1.0000000000e-03
4.9300000000e+02 4.4861644506e-02 4.4916260988e-02 4.4806752354e-02 5.0132795929e-01 4.9867192978e-01 1.0000000000e-03
4.9400000000e+02 4.4755049050e-02 4.5100044459e-02 4.4407878071e-02 5.0158180864e-01 4.9841808035e-01 1.0000000000e-03
4.9500000000e+02 4.4848747551e-02 4.5031096786e-02 4.4665213674e-02 5.0162757879e-01 4.9837231015e-01 1.0000000000e-03
4.9600000000e+02 4.4833607972e-02 4.5130990446e-02 4.4534087181e-02 5.0179766688e-01 4.9820222201e-01 1.0000000000e-03
4.9700000000e+02 4.4747285545e-02 4.5144516975e-02 4.4346764684e-02 5.0206360965e-01 4.9793627918e-01 1.0000000000e-03
4.9800000000e+02 4.4811211526e-02 4.4912155718e-02 4.4709477574e-02 5.0197031743e-01 4.9802957136e-01 1.0000000000e-03
4.9900000000e+02 4.4810701162e-02 4.4873770326e-02 4.4747173786e-02 5.0184390898e-01 4.9815597977e-01 1.0000000000e-03
5.0000000000e+02 4.4741205871e-02 4.4889986515e-02 4.4591344893e-02 5.0182638618e-01 4.9817350252e-01 1.0000000000e-03
