# time_s Ids_A Vds_V Vgs_V
4.4960000167e-08 1.1250000000e+01 3.6396875000e+02 1.0137499809e+01
5.4560000962e-08 2.2531250000e+01 3.5248437500e+02 1.1339843750e+01
6.4159998203e-08 4.2218750000e+01 3.4593750000e+02 1.2271093369e+01
7.3759998998e-08 6.7406250000e+01 3.3921875000e+02 1.3006250381e+01
8.3359999792e-08 8.6968750000e+01 3.3285937500e+02 1.3620312691e+01
9.2960000586e-08 1.1175000000e+02 3.3298437500e+02 1.4224218369e+01
1.0256000138e-07 1.3434375000e+02 3.3425000000e+02 1.4705469131e+01
1.1216000217e-07 1.5406250000e+02 3.3698437500e+02 1.5125781059e+01
1.2175999586e-07 1.7737500000e+02 3.4412500000e+02 1.5426562309e+01
1.3135999666e-07 1.9850000000e+02 3.5089062500e+02 1.5821874619e+01
1.4095999745e-07 2.1625000000e+02 3.5918750000e+02 1.6138280869e+01
1.5055999825e-07 2.3478125000e+02 3.6470312500e+02 1.6362499237e+01
1.6015999904e-07 2.5140625000e+02 3.6742187500e+02 1.6688282013e+01
1.6975999984e-07 2.6459375000e+02 3.7371875000e+02 1.6635936737e+01
1.7936000063e-07 2.7850000000e+02 3.7340625000e+02 1.6751562119e+01
1.8896000142e-07 2.8834375000e+02 3.7112500000e+02 1.6980468750e+01
1.9856000222e-07 3.0343750000e+02 3.7003125000e+02 1.7086719513e+01
2.0816000301e-07 3.1478125000e+02 3.6804687500e+02 1.7157812119e+01
2.1776000381e-07 3.2609375000e+02 3.6890625000e+02 1.7210937500e+01
2.2736000460e-07 3.3746875000e+02 3.6618750000e+02 1.7226562500e+01
2.3696000540e-07 3.4568750000e+02 3.6771875000e+02 1.7414062500e+01
2.4656000619e-07 3.5375000000e+02 3.7145312500e+02 1.7559375763e+01
2.5616000698e-07 3.6140625000e+02 3.7606250000e+02 1.7584375381e+01
2.6576000778e-07 3.7500000000e+02 3.7987500000e+02 1.7647655487e+01
2.7536000857e-07 3.8218750000e+02 3.8204687500e+02 1.7650781631e+01
2.8496000937e-07 3.8937500000e+02 3.8559375000e+02 1.7652343750e+01
2.9456001016e-07 3.9621875000e+02 3.8660937500e+02 1.7812500000e+01
3.0416001096e-07 4.0353125000e+02 3.8437500000e+02 1.7772655487e+01
3.1376001175e-07 4.1365625000e+02 3.8507812500e+02 1.7829687119e+01
3.2336001254e-07 4.1637500000e+02 3.8482812500e+02 1.7768749237e+01
3.3296001334e-07 4.2390625000e+02 3.8345312500e+02 1.7690624237e+01
3.4256001413e-07 4.2787500000e+02 3.8015625000e+02 1.7858592987e+01
3.5215998651e-07 4.3484375000e+02 3.8156250000e+02 1.7916406631e+01
3.6175998730e-07 4.3556250000e+02 3.8178125000e+02 1.7971874237e+01
3.7135998809e-07 4.4003125000e+02 3.8218750000e+02 1.7882812500e+01
3.8095998889e-07 4.5168750000e+02 3.8435937500e+02 1.7930469513e+01
3.9055998968e-07 4.5306250000e+02 3.8673437500e+02 1.8018749237e+01
4.0015999048e-07 4.5896875000e+02 3.8992187500e+02 1.8068750381e+01
4.0975999127e-07 4.6278125000e+02 3.9160937500e+02 1.8006250381e+01
4.1935999207e-07 4.6900000000e+02 3.9132812500e+02 1.7957031250e+01
4.2895999286e-07 4.7275000000e+02 3.9142187500e+02 1.8074218750e+01
4.3855999365e-07 4.7896875000e+02 3.9065625000e+02 1.7884374619e+01
4.4815999445e-07 4.7987500000e+02 3.9035937500e+02 1.8042968750e+01
4.5775999524e-07 4.7993750000e+02 3.9015625000e+02 1.8015625000e+01
4.6735999604e-07 4.8312500000e+02 3.8857812500e+02 1.7908594131e+01
4.7695999683e-07 4.8315625000e+02 3.8765625000e+02 1.8005468369e+01
4.8655999763e-07 4.8868750000e+02 3.8959375000e+02 1.8003906250e+01
4.9615999842e-07 4.9393750000e+02 3.9059375000e+02 1.7881250381e+01
5.0575999921e-07 4.9659375000e+02 3.8946875000e+02 1.8029687881e+01
5.1536000001e-07 4.9762500000e+02 3.9231250000e+02 1.7890625000e+01
5.2496000080e-07 5.0056250000e+02 3.9582812500e+02 1.7997655869e+01
5.3456000160e-07 4.9915625000e+02 3.9507812500e+02 1.8007812500e+01
5.4416000239e-07 5.0243750000e+02 3.9604687500e+02 1.7961719513e+01
5.5376000319e-07 5.0437500000e+02 3.9384375000e+02 1.7957031250e+01
5.6336000398e-07 5.0750000000e+02 3.9425000000e+02 1.7864063263e+01
5.7296000477e-07 5.1025000000e+02 3.9368750000e+02 1.7921875000e+01
5.8256000557e-07 5.1065625000e+02 3.9387500000e+02 1.7950780869e+01
5.9216000636e-07 5.1187500000e+02 3.9417187500e+02 1.7872655869e+01
6.0176000716e-07 5.1153125000e+02 3.9375000000e+02 1.7880468369e+01
6.1136000795e-07 5.1525000000e+02 3.9406250000e+02 1.7976562500e+01
6.2096000875e-07 5.1368750000e+02 3.9398437500e+02 1.8033594131e+01
6.3056000954e-07 5.1300000000e+02 3.9442187500e+02 1.7992969513e+01
6.4016001033e-07 5.1746875000e+02 3.9614062500e+02 1.7921092987e+01
6.4976001113e-07 5.1556250000e+02 3.9782812500e+02 1.7925781250e+01
6.5936001192e-07 5.2159375000e+02 3.9576562500e+02 1.7916406631e+01
6.6896001272e-07 5.1909375000e+02 3.9617187500e+02 1.7905467987e+01
6.7856001351e-07 5.2159375000e+02 3.9831250000e+02 1.7892187119e+01
6.8816001431e-07 5.2178125000e+02 3.9590625000e+02 1.7838281631e+01
6.9776001510e-07 5.2040625000e+02 3.9723437500e+02 1.7917186737e+01
7.0736001589e-07 5.2271875000e+02 3.9842187500e+02 1.7909374237e+01
7.1696001669e-07 5.2175000000e+02 3.9621875000e+02 1.7919530869e+01
7.2656001748e-07 5.2137500000e+02 3.9657812500e+02 1.7861719131e+01
7.3616001828e-07 5.1809375000e+02 3.9689062500e+02 1.7960155487e+01
7.4576001907e-07 5.2371875000e+02 3.9820312500e+02 1.7980468750e+01
7.5536001987e-07 5.2021875000e+02 3.9768750000e+02 1.7935155869e+01
7.6496002066e-07 5.2134375000e+02 3.9907812500e+02 1.7872655869e+01
7.7456002145e-07 5.2087500000e+02 3.9817187500e+02 1.8089061737e+01
7.8416002225e-07 5.1931250000e+02 3.9846875000e+02 1.7884374619e+01
7.9376002304e-07 5.1950000000e+02 3.9793750000e+02 1.7916406631e+01
8.0336002384e-07 5.2412500000e+02 3.9765625000e+02 1.7989843369e+01
8.1296002463e-07 5.2640625000e+02 3.9846875000e+02 1.8036718369e+01
8.2256002543e-07 5.2137500000e+02 3.9929687500e+02 1.7864063263e+01
8.3216002622e-07 5.2246875000e+02 4.0059375000e+02 1.8017187119e+01
8.4176002701e-07 5.1959375000e+02 3.9876562500e+02 1.7960937500e+01
8.5136002781e-07 5.1662500000e+02 4.0004687500e+02 1.8002344131e+01
8.6095997176e-07 5.1603125000e+02 3.9917187500e+02 1.7968750000e+01
8.7055997255e-07 5.1793750000e+02 3.9931250000e+02 1.7894531250e+01
8.8015997335e-07 5.1831250000e+02 4.0023437500e+02 1.7920312881e+01
8.8975997414e-07 5.1421875000e+02 4.0090625000e+02 1.7978906631e+01
8.9935997494e-07 5.1687500000e+02 4.0048437500e+02 1.8061717987e+01
9.0895997573e-07 5.1703125000e+02 3.9995312500e+02 1.7982030869e+01
9.1855997653e-07 5.1718750000e+02 3.9935937500e+02 1.8046092987e+01
9.2815997732e-07 5.1334375000e+02 3.9973437500e+02 1.7926563263e+01
9.3775997811e-07 5.1493750000e+02 4.0004687500e+02 1.8012500763e+01
9.4735997891e-07 5.0862500000e+02 4.0092187500e+02 1.8039844513e+01
9.5695997970e-07 5.1596875000e+02 4.0021875000e+02 1.7930469513e+01
9.6656003734e-07 5.1284375000e+02 4.0148437500e+02 1.8036718369e+01
9.7615998129e-07 5.1321875000e+02 4.0034375000e+02 1.8100000381e+01
9.8576003893e-07 5.1256250000e+02 4.0043750000e+02 1.8102344513e+01
9.9535998288e-07 5.0815625000e+02 3.9917187500e+02 1.8064844131e+01
1.0049600405e-06 5.0815625000e+02 4.0189062500e+02 1.8058593750e+01
1.0145599845e-06 5.0531250000e+02 3.9940625000e+02 1.8146093369e+01
1.0241600421e-06 5.0546875000e+02 4.0082812500e+02 1.8185155869e+01
1.0337599861e-06 5.0581250000e+02 4.0025000000e+02 1.8127344131e+01
1.0433600437e-06 5.0315625000e+02 4.0003125000e+02 1.8140625000e+01
1.0529599876e-06 5.0253125000e+02 4.0129687500e+02 1.8010156631e+01
1.0625600453e-06 5.0312500000e+02 3.9932812500e+02 1.8034374237e+01
1.0721599892e-06 4.9934375000e+02 4.0089062500e+02 1.8103124619e+01
1.0817600469e-06 4.9934375000e+02 3.9992187500e+02 1.8137500763e+01
1.0913599908e-06 4.9843750000e+02 4.0201562500e+02 1.8170312881e+01
1.1009600485e-06 4.9725000000e+02 4.0185937500e+02 1.8020313263e+01
1.1105599924e-06 4.9490625000e+02 4.0109375000e+02 1.8228124619e+01
1.1201600500e-06 4.9546875000e+02 4.0110937500e+02 1.8093750000e+01
1.1297599940e-06 4.9187500000e+02 4.0067187500e+02 1.8127344131e+01
1.1393600516e-06 4.9165625000e+02 3.9925000000e+02 1.8081249237e+01
1.1489599956e-06 4.9337500000e+02 4.0117187500e+02 1.7927343369e+01
1.1585600532e-06 4.8875000000e+02 4.0196875000e+02 1.8118749619e+01
1.1681599972e-06 4.9209375000e+02 4.0248437500e+02 1.8129688263e+01
1.1777600548e-06 4.8665625000e+02 4.0081250000e+02 1.8110937119e+01
1.1873599988e-06 4.8946875000e+02 3.9984375000e+02 1.8147655487e+01
1.1969600564e-06 4.8603125000e+02 4.0187500000e+02 1.8232030869e+01
1.2065600004e-06 4.8818750000e+02 4.0051562500e+02 1.8174999237e+01
1.2161599443e-06 4.7918750000e+02 4.0046875000e+02 1.8214061737e+01
1.2257600019e-06 4.8328125000e+02 4.0009375000e+02 1.8245311737e+01
1.2353599459e-06 4.8321875000e+02 4.0093750000e+02 1.8132812500e+01
1.2449600035e-06 4.7781250000e+02 4.0079687500e+02 1.8267187119e+01
1.2545599475e-06 4.7943750000e+02 4.0196875000e+02 1.8153125763e+01
1.2641600051e-06 4.7796875000e+02 4.0076562500e+02 1.8232030869e+01
1.2737599491e-06 4.7840625000e+02 4.0123437500e+02 1.8201562881e+01
1.2833600067e-06 4.7425000000e+02 4.0075000000e+02 1.8241405487e+01
1.2929599507e-06 4.7050000000e+02 4.0082812500e+02 1.8209375381e+01
1.3025600083e-06 4.7662500000e+02 4.0143750000e+02 1.8295312881e+01
1.3121599522e-06 4.7121875000e+02 4.0023437500e+02 1.8179687500e+01
1.3217600099e-06 4.7206250000e+02 4.0246875000e+02 1.8298437119e+01
1.3313599538e-06 4.6981250000e+02 3.9871875000e+02 1.8192968369e+01
1.3409600115e-06 4.7046875000e+02 4.0120312500e+02 1.8346094131e+01
1.3505599554e-06 4.6428125000e+02 4.0078125000e+02 1.8331249237e+01
1.3601600131e-06 4.6606250000e+02 4.0218750000e+02 1.8188282013e+01
1.3697599570e-06 4.6328125000e+02 4.0018750000e+02 1.8222656250e+01
1.3793600147e-06 4.6203125000e+02 3.9925000000e+02 1.8178125381e+01
1.3889599586e-06 4.6006250000e+02 4.0085937500e+02 1.8279687881e+01
1.3985600162e-06 4.6068750000e+02 4.0021875000e+02 1.8301563263e+01
1.4081599602e-06 4.5534375000e+02 4.0015625000e+02 1.8243749619e+01
1.4177600178e-06 4.5709375000e+02 4.0070312500e+02 1.8346094131e+01
1.4273599618e-06 4.5800000000e+02 4.0056250000e+02 1.8332813263e+01
1.4369600194e-06 4.5496875000e+02 4.0073437500e+02 1.8363281250e+01
1.4465599634e-06 4.5200000000e+02 4.0103125000e+02 1.8308593750e+01
1.4561600210e-06 4.5315625000e+02 4.0026562500e+02 1.8342967987e+01
1.4657599650e-06 4.5246875000e+02 4.0007812500e+02 1.8384374619e+01
1.4753600226e-06 4.5093750000e+02 4.0129687500e+02 1.8414844513e+01
1.4849599665e-06 4.4743750000e+02 4.0021875000e+02 1.8353124619e+01
1.4945600242e-06 4.4796875000e+02 4.0048437500e+02 1.8315624237e+01
1.5041599681e-06 4.4818750000e+02 3.9950000000e+02 1.8307811737e+01
1.5137600258e-06 4.4790625000e+02 3.9989062500e+02 1.8366405487e+01
1.5233599697e-06 4.4287500000e+02 3.9998437500e+02 1.8372655869e+01
1.5329600274e-06 4.4478125000e+02 4.0009375000e+02 1.8266407013e+01
1.5425599713e-06 4.4234375000e+02 3.9953125000e+02 1.8287500381e+01
1.5521600290e-06 4.3903125000e+02 4.0025000000e+02 1.8328125000e+01
1.5617599729e-06 4.3728125000e+02 4.0051562500e+02 1.8407812119e+01
1.5713600305e-06 4.4162500000e+02 4.0153125000e+02 1.8170312881e+01
1.5809599745e-06 4.4003125000e+02 3.9965625000e+02 1.8419530869e+01
1.5905600321e-06 4.3806250000e+02 4.0129687500e+02 1.8333593369e+01
1.6001599761e-06 4.3643750000e+02 3.9942187500e+02 1.8345312119e+01
1.6097600337e-06 4.3528125000e+02 4.0101562500e+02 1.8323436737e+01
1.6193599777e-06 4.3525000000e+02 3.9795312500e+02 1.8307811737e+01
1.6289600353e-06 4.3381250000e+02 4.0057812500e+02 1.8386718750e+01
1.6385599793e-06 4.3459375000e+02 3.9914062500e+02 1.8409374237e+01
1.6481600369e-06 4.3296875000e+02 4.0109375000e+02 1.8311717987e+01
1.6577599808e-06 4.2915625000e+02 4.0196875000e+02 1.8364843369e+01
1.6673600385e-06 4.3146875000e+02 4.0021875000e+02 1.8488281250e+01
1.6769599824e-06 4.2681250000e+02 3.9867187500e+02 1.8292968750e+01
1.6865600401e-06 4.2906250000e+02 3.9968750000e+02 1.8371875763e+01
1.6961599840e-06 4.2587500000e+02 3.9925000000e+02 1.8404687881e+01
1.7057600417e-06 4.2250000000e+02 3.9943750000e+02 1.5732812881e+01
1.7153599856e-06 4.2246875000e+02 4.1254687500e+02 1.4500781059e+01
1.7249600432e-06 4.1531250000e+02 4.2690625000e+02 1.4196093559e+01
1.7345599872e-06 4.0628125000e+02 4.3709375000e+02 1.3360937119e+01
1.7441600448e-06 3.8515625000e+02 4.5351562500e+02 1.2592187881e+01
1.7537599888e-06 3.6384375000e+02 4.7157812500e+02 1.1396093369e+01
1.7633600464e-06 3.3668750000e+02 4.9293750000e+02 1.0271875381e+01
1.7729599904e-06 3.0253125000e+02 5.0415625000e+02 9.2445316315e+00
1.7825600480e-06 2.6121875000e+02 5.0829687500e+02 8.3484373093e+00
1.7921599920e-06 2.2393750000e+02 5.0470312500e+02 7.6070313454e+00
1.8017600496e-06 1.8590625000e+02 4.9890625000e+02 6.8320312500e+00
1.8113599936e-06 1.5568750000e+02 4.8601562500e+02 6.2476563454e+00
1.8209600512e-06 1.2556250000e+02 4.7082812500e+02 5.5757813454e+00
1.8305599951e-06 9.8250000000e+01 4.5479687500e+02 4.9812498093e+00
1.8401600528e-06 7.5250000000e+01 4.3779687500e+02 4.3593750000e+00
1.8497599967e-06 5.8593750000e+01 4.1978125000e+02 3.9328124523e+00
1.8593600544e-06 4.4250000000e+01 4.1070312500e+02 3.5507812500e+00
1.8689599983e-06 3.1093750000e+01 4.0342187500e+02 3.1257812977e+00
1.8785600560e-06 2.4343750000e+01 4.0251562500e+02 2.8718750477e+00
1.8881599999e-06 1.9812500000e+01 4.0487500000e+02 2.6453125477e+00
1.8977599439e-06 1.5000000000e+01 4.0835937500e+02 2.3593750000e+00
