# time_s Ids_true_A Ids_pred_A Ids_physics_A T_mean_K
5.5995087678e-08 1.0625000000e+01 9.7102584839e+00 1.1395432472e+01 3.4041647339e+02
6.8155031840e-08 1.1671875000e+01 1.3306678772e+01 1.5077404976e+01 3.4096527100e+02
7.7754975791e-08 1.3531250000e+01 1.5652565002e+01 1.7283540726e+01 3.4144143677e+02
8.7354919742e-08 1.8625000000e+01 1.9340980530e+01 2.0000272751e+01 3.4197738647e+02
9.6955091067e-08 2.1015625000e+01 2.0139533997e+01 2.1532178879e+01 3.4253277588e+02
1.0655503502e-07 2.1500000000e+01 2.3483169556e+01 2.4236360550e+01 3.4314416504e+02
1.1615497897e-07 2.3390625000e+01 2.4845939636e+01 2.6176109314e+01 3.4378442383e+02
1.2575503661e-07 2.6390625000e+01 2.7742668152e+01 2.8337446213e+01 3.4446279907e+02
1.3535498056e-07 2.6390625000e+01 3.0131858826e+01 3.0955858231e+01 3.4518820190e+02
1.4495503819e-07 2.8875000000e+01 3.1682174683e+01 3.2239994049e+01 3.4592294312e+02
1.5455498215e-07 2.9953125000e+01 3.2196632385e+01 3.2846965790e+01 3.4664694214e+02
1.6415503978e-07 3.0531250000e+01 3.4322784424e+01 3.4707042694e+01 3.4739794922e+02
1.7375498373e-07 3.5375000000e+01 3.6829597473e+01 3.6566234589e+01 3.4817684937e+02
1.8335492769e-07 3.4046875000e+01 3.7738357544e+01 3.7303264618e+01 3.4894989014e+02
1.9295487164e-07 3.7203125000e+01 3.8840599060e+01 3.8532260895e+01 3.4973089600e+02
2.0255492927e-07 3.5562500000e+01 3.9523818970e+01 3.9526760101e+01 3.5051266479e+02
2.1215487322e-07 3.8968750000e+01 4.0134216309e+01 4.0467952728e+01 3.5129397583e+02
2.2175493086e-07 4.0046875000e+01 4.0055381775e+01 4.0341773987e+01 3.5204769897e+02
2.3135487481e-07 4.0406250000e+01 4.4058807373e+01 4.4312236786e+01 3.5288861084e+02
2.4095481876e-07 4.1140625000e+01 3.9938896179e+01 4.0374393463e+01 3.5359445190e+02
2.5055487640e-07 4.0093750000e+01 4.0075981140e+01 4.0501884460e+01 3.5428439331e+02
2.6015482035e-07 4.2203125000e+01 4.4499649048e+01 4.5116241455e+01 3.5508123779e+02
2.6975499168e-07 4.2312500000e+01 4.3872764587e+01 4.4105792999e+01 3.5583139038e+02
2.7935493563e-07 4.3250000000e+01 4.6098464966e+01 4.6406539917e+01 3.5662496948e+02
2.8895499327e-07 4.3156250000e+01 4.5051643372e+01 4.5347339630e+01 3.5736828613e+02
2.9855493722e-07 4.4984375000e+01 4.5059848785e+01 4.5654594421e+01 3.5809967041e+02
3.0815499485e-07 4.4375000000e+01 4.7803791046e+01 4.8515655518e+01 3.5889080811e+02
3.1775493881e-07 4.3921875000e+01 4.4966968536e+01 4.5656002045e+01 3.5958428955e+02
3.2735499644e-07 4.5468750000e+01 4.7740940094e+01 4.8276882172e+01 3.6033554077e+02
3.3695494039e-07 4.7890625000e+01 4.9076080322e+01 4.9785072327e+01 3.6110974121e+02
3.4655488435e-07 4.6593750000e+01 4.6203449249e+01 4.7077194214e+01 3.6179037476e+02
3.5615482830e-07 4.5687500000e+01 4.8205959320e+01 4.8833187103e+01 3.6250686646e+02
3.6575488593e-07 4.7734375000e+01 4.8764316559e+01 4.9608089447e+01 3.6322805786e+02
3.7535482988e-07 4.8921875000e+01 5.0064517975e+01 5.0992511749e+01 3.6397167969e+02
3.8495488752e-07 4.7343750000e+01 5.0436134338e+01 5.1474548340e+01 3.6471209717e+02
3.9455483147e-07 4.9453125000e+01 4.9395919800e+01 5.0050125122e+01 3.6540072632e+02
4.0415500280e-07 4.9875000000e+01 4.9666526794e+01 5.0897983551e+01 3.6609548950e+02
4.1375494675e-07 4.8562500000e+01 4.9985366821e+01 5.1224918365e+01 3.6678604126e+02
4.2335500439e-07 5.0125000000e+01 4.8105167389e+01 4.9571533203e+01 3.6741702271e+02
4.3295494834e-07 5.0734375000e+01 4.7209403992e+01 4.8664600372e+01 3.6801309204e+02
4.4255500598e-07 5.0265625000e+01 5.1628993988e+01 5.2765064240e+01 3.6871426392e+02
4.5215494993e-07 5.1656250000e+01 5.1145931244e+01 5.2596099854e+01 3.6939508057e+02
4.6175500756e-07 4.9921875000e+01 5.3310951233e+01 5.3983264923e+01 3.7010830688e+02
4.7135495151e-07 5.1609375000e+01 4.9533546448e+01 5.0812938690e+01 3.7071759033e+02
4.8095500915e-07 5.0640625000e+01 5.2878501892e+01 5.3931900024e+01 3.7140469360e+02
4.9055495310e-07 5.0859375000e+01 5.4777656555e+01 5.6462871552e+01 3.7214221191e+02
5.0015489705e-07 5.1359375000e+01 5.4592006683e+01 5.5898082733e+01 3.7285632324e+02
5.0975484100e-07 5.1937500000e+01 5.4386840820e+01 5.6137741089e+01 3.7355947876e+02
5.1935489864e-07 5.1046875000e+01 5.2841018677e+01 5.4276859283e+01 3.7420401001e+02
5.2895484259e-07 5.3468750000e+01 5.3899291992e+01 5.4758083344e+01 3.7485607910e+02
5.3855490023e-07 5.4484375000e+01 5.2637054443e+01 5.3440677643e+01 3.7546255493e+02
5.4815484418e-07 5.4671875000e+01 5.5294883728e+01 5.6861263275e+01 3.7614862061e+02
5.5775501551e-07 5.0937500000e+01 5.6195713043e+01 5.7787498474e+01 3.7684906006e+02
5.6735495946e-07 5.3234375000e+01 5.8935218811e+01 6.0555980682e+01 3.7761480713e+02
5.7695501710e-07 5.6750000000e+01 5.7931365967e+01 5.9626079559e+01 3.7834066772e+02
5.8655496105e-07 5.4375000000e+01 5.5163440704e+01 5.6509868622e+01 3.7897225952e+02
5.9615501868e-07 5.5406250000e+01 5.2509605408e+01 5.3695056915e+01 3.7952023315e+02
6.0575496263e-07 5.5546875000e+01 5.4489265442e+01 5.5658889771e+01 3.8011572266e+02
6.1535502027e-07 5.6921875000e+01 5.8569828033e+01 6.0228313446e+01 3.8082443237e+02
6.2495496422e-07 5.6875000000e+01 5.7298839569e+01 5.8688594818e+01 3.8148242188e+02
6.3455490817e-07 5.7562500000e+01 5.8776401520e+01 6.0248497009e+01 3.8217321777e+02
6.4415496581e-07 5.7296875000e+01 5.9551841736e+01 6.1480648041e+01 3.8288223267e+02
6.5375490976e-07 5.8765625000e+01 6.0044395447e+01 6.1560043335e+01 3.8358767700e+02
6.6335485371e-07 5.9156250000e+01 5.6789264679e+01 5.8365486145e+01 3.8419473267e+02
6.7295491135e-07 5.9000000000e+01 5.8533504486e+01 6.0027591705e+01 3.8484033203e+02
6.8255485530e-07 5.8390625000e+01 6.2203613281e+01 6.4004623413e+01 3.8558392334e+02
6.9215502663e-07 5.6921875000e+01 5.9490070343e+01 6.0869857788e+01 3.8623355103e+02
7.0175497058e-07 6.0265625000e+01 5.8065490723e+01 5.9713897705e+01 3.8684082031e+02
7.1135502822e-07 6.0218750000e+01 6.0792366028e+01 6.2463855743e+01 3.8751547241e+02
7.2095497217e-07 5.9484375000e+01 5.9953842163e+01 6.1038692474e+01 3.8814727783e+02
7.3055491612e-07 6.1296875000e+01 6.0004119873e+01 6.1618888855e+01 3.8878225708e+02
7.4015497376e-07 6.1250000000e+01 6.1500507355e+01 6.2531219482e+01 3.8943945312e+02
7.4975491771e-07 6.2421875000e+01 6.2963466644e+01 6.4531524658e+01 3.9013818359e+02
7.5935497534e-07 6.0843750000e+01 5.9636001587e+01 6.1277416229e+01 3.9073739624e+02
7.6895491929e-07 6.1343750000e+01 6.0515129089e+01 6.1905540466e+01 3.9134957886e+02
7.7855497693e-07 6.0968750000e+01 6.2884868622e+01 6.4206108093e+01 3.9201791382e+02
7.8815492088e-07 6.2453125000e+01 6.0638275146e+01 6.1542419434e+01 3.9260885620e+02
7.9775486483e-07 6.2093750000e+01 6.2683105469e+01 6.4002593994e+01 3.9325625610e+02
8.0735492247e-07 6.2562500000e+01 6.4185592651e+01 6.6038558960e+01 3.9394274902e+02
8.1695486642e-07 6.3875000000e+01 6.5417205811e+01 6.7335075378e+01 3.9465509033e+02
8.2655481037e-07 6.3640625000e+01 6.4967422485e+01 6.6687065125e+01 3.9534332275e+02
8.3615486801e-07 6.4156250000e+01 6.6037628174e+01 6.7777183533e+01 3.9605249023e+02
8.4575481196e-07 6.5109375000e+01 6.5178817749e+01 6.6686531067e+01 3.9672473145e+02
8.5535498329e-07 6.4562500000e+01 6.3706138611e+01 6.5236831665e+01 3.9734811401e+02
8.6495492724e-07 6.4734375000e+01 6.1822647095e+01 6.2846599579e+01 3.9790646362e+02
8.7455498488e-07 6.7812500000e+01 6.7325973511e+01 6.9044235229e+01 3.9861862183e+02
8.8415492883e-07 6.4781250000e+01 6.5708984375e+01 6.7057456970e+01 3.9927160645e+02
8.9375498646e-07 6.6765625000e+01 6.7245780945e+01 6.8623039246e+01 3.9995932007e+02
9.0335493041e-07 6.7453125000e+01 6.5182632446e+01 6.5996315002e+01 4.0057275391e+02
9.1295487437e-07 6.7062500000e+01 6.4801132202e+01 6.5512214661e+01 4.0116754150e+02
9.2255481832e-07 6.8796875000e+01 6.8942474365e+01 7.0302345276e+01 4.0187921143e+02
9.3215498964e-07 6.8890625000e+01 6.7999206543e+01 6.8988082886e+01 4.0254953003e+02
9.4175493359e-07 6.8000000000e+01 6.7665634155e+01 6.8814445496e+01 4.0320449829e+02
9.5135499123e-07 6.9625000000e+01 7.0242752075e+01 7.1820182800e+01 4.0392764282e+02
9.6095504887e-07 6.7890625000e+01 6.8609535217e+01 6.9796310425e+01 4.0459106445e+02
9.7055499282e-07 7.0609375000e+01 6.9218765259e+01 7.0210380554e+01 4.0526055908e+02
9.8015505046e-07 6.8609375000e+01 7.0587188721e+01 7.1749519348e+01 4.0596200562e+02
9.8975488072e-07 6.8796875000e+01 7.0207267761e+01 7.1103942871e+01 4.0663998413e+02
9.9935505204e-07 7.1828125000e+01 6.9885627747e+01 7.0514633179e+01 4.0729660034e+02
1.0089549960e-06 7.2578125000e+01 7.1631317139e+01 7.2883438110e+01 4.0800186157e+02
1.0185550536e-06 7.1312500000e+01 7.1947479248e+01 7.2749588013e+01 4.0870120239e+02
1.0281549976e-06 7.4437500000e+01 7.5579925537e+01 7.7502571106e+01 4.0950949097e+02
1.0377550552e-06 7.2218750000e+01 7.3946739197e+01 7.5448661804e+01 4.1025296021e+02
1.0473549992e-06 7.3312500000e+01 7.3804687500e+01 7.5260353088e+01 4.1098086548e+02
1.0569550568e-06 7.2109375000e+01 7.3071556091e+01 7.4071517944e+01 4.1167416382e+02
1.0665550008e-06 7.2171875000e+01 7.1602554321e+01 7.2107383728e+01 4.1231158447e+02
1.0761548310e-06 7.3625000000e+01 7.5267745972e+01 7.6302330017e+01 4.1305160522e+02
1.0857550024e-06 7.4500000000e+01 7.1072357178e+01 7.1094688416e+01 4.1365109253e+02
1.0953549463e-06 7.3937500000e+01 7.4109481812e+01 7.4793235779e+01 4.1433734131e+02
1.1049550039e-06 7.5625000000e+01 7.3861312866e+01 7.4325218201e+01 4.1500543213e+02
1.1145549479e-06 7.5843750000e+01 7.4472610474e+01 7.4802360535e+01 4.1568072510e+02
1.1241550055e-06 7.6703125000e+01 7.3539825439e+01 7.3587944031e+01 4.1631842041e+02
1.1337549495e-06 7.5921875000e+01 7.6135375977e+01 7.6829498291e+01 4.1702951050e+02
1.1433548934e-06 7.7468750000e+01 7.7848670959e+01 7.9075912476e+01 4.1778121948e+02
1.1529548374e-06 7.4390625000e+01 7.6758781433e+01 7.7379959106e+01 4.1849002075e+02
1.1625550087e-06 7.7140625000e+01 7.5673240662e+01 7.5317634583e+01 4.1914617920e+02
1.1721549527e-06 7.9281250000e+01 7.8073974609e+01 7.8631492615e+01 4.1987509155e+02
1.1817550103e-06 7.8203125000e+01 7.7172317505e+01 7.7366966248e+01 4.2056451416e+02
1.1913549542e-06 7.9390625000e+01 7.6315872192e+01 7.6507148743e+01 4.2122116089e+02
1.2009550119e-06 7.8890625000e+01 8.0856498718e+01 8.2059860229e+01 4.2200781250e+02
1.2105549558e-06 7.8359375000e+01 7.7695030212e+01 7.7950401306e+01 4.2268530273e+02
1.2201548998e-06 7.9296875000e+01 8.0609817505e+01 8.1328941345e+01 4.2344354248e+02
1.2297548437e-06 8.0640625000e+01 8.1805191040e+01 8.2793304443e+01 4.2422943115e+02
1.2393550151e-06 8.1656250000e+01 8.0873687744e+01 8.1360542297e+01 4.2497229004e+02
1.2489549590e-06 8.0656250000e+01 8.3065460205e+01 8.4106483459e+01 4.2577645874e+02
1.2585550166e-06 8.2046875000e+01 8.3371704102e+01 8.4501289368e+01 4.2657870483e+02
1.2681549606e-06 8.2703125000e+01 8.1287925720e+01 8.1624786377e+01 4.2730017090e+02
1.2777550182e-06 8.1000000000e+01 8.2483375549e+01 8.2916908264e+01 4.2804895020e+02
1.2873549622e-06 8.1468750000e+01 8.1571319580e+01 8.1731147766e+01 4.2875808716e+02
1.2969549061e-06 8.4531250000e+01 8.4377113342e+01 8.5250305176e+01 4.2954824829e+02
1.3065548501e-06 8.3609375000e+01 8.4100173950e+01 8.4654190063e+01 4.3031683350e+02
1.3161550214e-06 8.1781250000e+01 8.5349716187e+01 8.6240875244e+01 4.3111608887e+02
1.3257549654e-06 8.5234375000e+01 8.7498886108e+01 8.9195915222e+01 4.3197152710e+02
1.3353550230e-06 8.3750000000e+01 8.4920776367e+01 8.5310905457e+01 4.3273052979e+02
1.3449549670e-06 8.5312500000e+01 8.6791244507e+01 8.7865829468e+01 4.3354193115e+02
1.3545550246e-06 8.4750000000e+01 8.6437858582e+01 8.7319732666e+01 4.3432720947e+02
1.3641549685e-06 8.5687500000e+01 8.5827781677e+01 8.6206092834e+01 4.3508184814e+02
1.3737549125e-06 8.6000000000e+01 8.5143096924e+01 8.5258178711e+01 4.3580313110e+02
1.3833548564e-06 8.7984375000e+01 8.6202705383e+01 8.6565559387e+01 4.3654684448e+02
1.3929550278e-06 8.7640625000e+01 8.8002540588e+01 8.8710136414e+01 4.3734152222e+02
1.4025549717e-06 8.5765625000e+01 8.7472274780e+01 8.7841911316e+01 4.3810614014e+02
1.4121550294e-06 8.6109375000e+01 8.7444297791e+01 8.7399688721e+01 4.3885815430e+02
1.4217549733e-06 8.7968750000e+01 8.7694503784e+01 8.7710472107e+01 4.3960812378e+02
1.4313550309e-06 8.9625000000e+01 8.9753509521e+01 9.0407836914e+01 4.4041705322e+02
1.4409549749e-06 8.6343750000e+01 9.0007553101e+01 9.0699356079e+01 4.4121994019e+02
1.4505549188e-06 8.7421875000e+01 9.0749511719e+01 9.1335594177e+01 4.4203918457e+02
1.4601549765e-06 8.9171875000e+01 8.8041587830e+01 8.7431091309e+01 4.4275390625e+02
1.4697550341e-06 9.0125000000e+01 9.0695899963e+01 9.1062568665e+01 4.4354736328e+02
1.4793549781e-06 8.8875000000e+01 9.1234016418e+01 9.1691520691e+01 4.4434616089e+02
1.4889550357e-06 9.1890625000e+01 9.1818756104e+01 9.2360076904e+01 4.4515167236e+02
1.4985549797e-06 9.0468750000e+01 8.9356689453e+01 8.8677459717e+01 4.4586569214e+02
1.5081550373e-06 9.1296875000e+01 9.0357307434e+01 8.9988235474e+01 4.4660113525e+02
1.5177549813e-06 9.0015625000e+01 8.9570503235e+01 8.8644882202e+01 4.4730200195e+02
1.5273550389e-06 9.3031250000e+01 9.1532363892e+01 9.1118019104e+01 4.4805609131e+02
1.5369549828e-06 9.1750000000e+01 9.2317314148e+01 9.1887893677e+01 4.4882659912e+02
1.5465550405e-06 9.2500000000e+01 9.3331153870e+01 9.3265075684e+01 4.4961685181e+02
1.5561549844e-06 9.2687500000e+01 9.3292732239e+01 9.2963127136e+01 4.5039654541e+02
1.5657550421e-06 9.4515625000e+01 9.4394447327e+01 9.4345069885e+01 4.5120205688e+02
1.5753549860e-06 9.3937500000e+01 9.4950836182e+01 9.4978118896e+01 4.5201284790e+02
1.5849550437e-06 9.4859375000e+01 9.5242271423e+01 9.4969337463e+01 4.5282635498e+02
1.5945549876e-06 9.3984375000e+01 9.6668907166e+01 9.7087013245e+01 4.5367565918e+02
1.6041550452e-06 9.5796875000e+01 9.7004585266e+01 9.7399391174e+01 4.5452047729e+02
1.6137549892e-06 9.5203125000e+01 9.5698814392e+01 9.5262603760e+01 4.5531088257e+02
1.6233550468e-06 9.4140625000e+01 9.4025886536e+01 9.2271568298e+01 4.5603274536e+02
1.6329549908e-06 9.6234375000e+01 9.8867950439e+01 9.9526855469e+01 4.5690893555e+02
1.6425550484e-06 9.7281250000e+01 9.8316253662e+01 9.8505050659e+01 4.5775479126e+02
1.6521549924e-06 9.7031250000e+01 9.9016197205e+01 9.9282165527e+01 4.5861782837e+02
1.6617550500e-06 9.8953125000e+01 9.6600349426e+01 9.5562705994e+01 4.5938037109e+02
1.6713549940e-06 9.8796875000e+01 9.6914756775e+01 9.5775863647e+01 4.6014291382e+02
1.6809550516e-06 9.8218750000e+01 9.9580131531e+01 9.9521453857e+01 4.6098126221e+02
1.6905549955e-06 9.9234375000e+01 9.8708007812e+01 9.8016990662e+01 4.6178057861e+02
1.7001550532e-06 9.8109375000e+01 9.8195854187e+01 9.6882865906e+01 4.6255380249e+02
1.7097549971e-06 9.8421875000e+01 9.9307632446e+01 9.8337730408e+01 4.6335449219e+02
1.7193550548e-06 1.0139062500e+02 9.9727584839e+01 9.8721153259e+01 4.6415856934e+02
1.7289549987e-06 9.9265625000e+01 9.9975517273e+01 9.8968360901e+01 4.6495706177e+02
1.7385550564e-06 9.7968750000e+01 1.0038295746e+02 9.9342483521e+01 4.6575836182e+02
1.7481550003e-06 9.9781250000e+01 1.0071339417e+02 9.9579521179e+01 4.6656069946e+02
1.7577549443e-06 1.0196875000e+02 1.0083412170e+02 9.9603721619e+01 4.6735250854e+02
1.7673550019e-06 1.0171875000e+02 1.0013805389e+02 9.8238357544e+01 4.6811294556e+02
1.7769549459e-06 1.0289062500e+02 1.0062324524e+02 9.8845481873e+01 4.6887640381e+02
1.7865550035e-06 1.0304687500e+02 1.0160276031e+02 1.0004704285e+02 4.6966098022e+02
1.7961549474e-06 1.0276562500e+02 1.0647938538e+02 1.0744944763e+02 4.7061944580e+02
1.8057550051e-06 1.0225000000e+02 1.0161391449e+02 9.9623275757e+01 4.7138281250e+02
1.8153549490e-06 1.0256250000e+02 1.0390473175e+02 1.0278617859e+02 4.7221374512e+02
1.8249550067e-06 1.0440625000e+02 1.0218160248e+02 1.0010936737e+02 4.7297183228e+02
1.8345549506e-06 1.0601562500e+02 1.0498726654e+02 1.0395056152e+02 4.7381735229e+02
1.8441550083e-06 1.0462500000e+02 1.0155265808e+02 9.8456031799e+01 4.7453771973e+02
1.8537549522e-06 1.0475000000e+02 1.0483552551e+02 1.0321020508e+02 4.7535604858e+02
1.8633550098e-06 1.0600000000e+02 1.0641555786e+02 1.0540513611e+02 4.7621920776e+02
1.8729549538e-06 1.0609375000e+02 1.0475113678e+02 1.0258891296e+02 4.7701391602e+02
1.8825550114e-06 1.0807812500e+02 1.0879879761e+02 1.0877690887e+02 4.7794430542e+02
1.8921549554e-06 1.0717187500e+02 1.1122758484e+02 1.1256046295e+02 4.7894729614e+02
1.9017550130e-06 1.0456250000e+02 1.0554059601e+02 1.0317707825e+02 4.7973248291e+02
1.9113549570e-06 1.0764062500e+02 1.0821642303e+02 1.0710733032e+02 4.8058850098e+02
1.9209549009e-06 1.0676562500e+02 1.0548149872e+02 1.0271900177e+02 4.8134680176e+02
1.9305550722e-06 1.0750000000e+02 1.0801187897e+02 1.0624417114e+02 4.8218597412e+02
1.9401550162e-06 1.0918750000e+02 1.0897827148e+02 1.0753695679e+02 4.8304568481e+02
1.9497549602e-06 1.0871875000e+02 1.0902812958e+02 1.0736388397e+02 4.8389877319e+02
1.9593549041e-06 1.1123437500e+02 1.1006098175e+02 1.0877783966e+02 4.8478060913e+02
1.9689550754e-06 1.0939062500e+02 1.1232236481e+02 1.1230557251e+02 4.8572866821e+02
1.9785550194e-06 1.0992187500e+02 1.1343651581e+02 1.1394486237e+02 4.8670324707e+02
1.9881549633e-06 1.1075000000e+02 1.1052883911e+02 1.0888006592e+02 4.8755575562e+02
1.9977549073e-06 1.1323437500e+02 1.1198733521e+02 1.1103742981e+02 4.8845812988e+02
2.0073550786e-06 1.1335937500e+02 1.1260237885e+02 1.1178726959e+02 4.8936392212e+02
2.0169550226e-06 1.1192187500e+02 1.1477604675e+02 1.1533687592e+02 4.9034484863e+02
2.0265549665e-06 1.1279687500e+02 1.1334292603e+02 1.1261268616e+02 4.9125973511e+02
2.0361549105e-06 1.1367187500e+02 1.1429840851e+02 1.1386985016e+02 4.9218508911e+02
2.0457550818e-06 1.1440625000e+02 1.1517236328e+02 1.1518604279e+02 4.9313601685e+02
2.0553550257e-06 1.1385937500e+02 1.1455580139e+02 1.1390600586e+02 4.9405255127e+02
2.0649549697e-06 1.1431250000e+02 1.1529911804e+02 1.1488916779e+02 4.9498156738e+02
2.0745549136e-06 1.1700000000e+02 1.1142143250e+02 1.0821428680e+02 4.9576379395e+02
2.0841550850e-06 1.1707812500e+02 1.1561605072e+02 1.1490754700e+02 4.9668472290e+02
2.0937550289e-06 1.1548437500e+02 1.1675949097e+02 1.1660369110e+02 4.9763418579e+02
2.1033549729e-06 1.1731250000e+02 1.1603257751e+02 1.1510192871e+02 4.9854354858e+02
2.1129549168e-06 1.1598437500e+02 1.1656548309e+02 1.1575412750e+02 4.9946054077e+02
2.1225550881e-06 1.1687500000e+02 1.1746724701e+02 1.1702679443e+02 5.0039709473e+02
2.1321550321e-06 1.1692187500e+02 1.1557972717e+02 1.1358908844e+02 5.0125225830e+02
2.1417549760e-06 1.1826562500e+02 1.1945468140e+02 1.1997743988e+02 5.0224053955e+02
2.1513549200e-06 1.1742187500e+02 1.1712295532e+02 1.1567626953e+02 5.0312731934e+02
2.1609550913e-06 1.1809375000e+02 1.1855271912e+02 1.1792347717e+02 5.0406100464e+02
2.1705550353e-06 1.1973437500e+02 1.1963781738e+02 1.1959129333e+02 5.0502429199e+02
2.1801549792e-06 1.1923437500e+02 1.2107917786e+02 1.2192473602e+02 5.0602969360e+02
2.1897549232e-06 1.2109375000e+02 1.1724571228e+02 1.1494348145e+02 5.0687289429e+02
2.1993550945e-06 1.1920312500e+02 1.2117060852e+02 1.2155752563e+02 5.0785894775e+02
2.2089550384e-06 1.2190625000e+02 1.2008291626e+02 1.1940439606e+02 5.0879586792e+02
2.2185549824e-06 1.2167187500e+02 1.2135099792e+02 1.2131432343e+02 5.0976089478e+02
2.2281549263e-06 1.2050000000e+02 1.2155255890e+02 1.2147131348e+02 5.1072485352e+02
2.2377550977e-06 1.2314062500e+02 1.2145557404e+02 1.2095272064e+02 5.1166662598e+02
2.2473550416e-06 1.2275000000e+02 1.2061866760e+02 1.1925724792e+02 5.1256884766e+02
2.2569549856e-06 1.2245312500e+02 1.2291194916e+02 1.2317547607e+02 5.1355242920e+02
2.2665549295e-06 1.2375000000e+02 1.2089407349e+02 1.1917390442e+02 5.1443487549e+02
2.2761551008e-06 1.2239062500e+02 1.1877565002e+02 1.1536082458e+02 5.1523602295e+02
2.2857550448e-06 1.2470312500e+02 1.2033320618e+02 1.1769230652e+02 5.1608746338e+02
2.2953549887e-06 1.2342187500e+02 1.2297967529e+02 1.2212277985e+02 5.1703112793e+02
2.3049549327e-06 1.2410937500e+02 1.2203116608e+02 1.2012751770e+02 5.1792523193e+02
2.3145551040e-06 1.2376562500e+02 1.2356097412e+02 1.2263255310e+02 5.1887463379e+02
2.3241550480e-06 1.2567187500e+02 1.2292635345e+02 1.2116153717e+02 5.1977648926e+02
2.3337549919e-06 1.2601562500e+02 1.2508094788e+02 1.2480503082e+02 5.2075006104e+02
2.3433549359e-06 1.2596875000e+02 1.2427355957e+02 1.2303056335e+02 5.2167810059e+02
2.3529551072e-06 1.2689062500e+02 1.2510591888e+02 1.2438217163e+02 5.2263580322e+02
2.3625550511e-06 1.2629687500e+02 1.2276047516e+02 1.1984027100e+02 5.2349102783e+02
2.3721549951e-06 1.2639062500e+02 1.2476423645e+02 1.2306398010e+02 5.2440173340e+02
2.3817549391e-06 1.2607812500e+02 1.2409153748e+02 1.2165292358e+02 5.2528552246e+02
2.3913551104e-06 1.2845312500e+02 1.2852502441e+02 1.2988226318e+02 5.2634442139e+02
2.4009550543e-06 1.2942187500e+02 1.2685424805e+02 1.2619812012e+02 5.2730877686e+02
2.4105549983e-06 1.2970312500e+02 1.2562879181e+02 1.2363097382e+02 5.2821075439e+02
2.4201549422e-06 1.2806250000e+02 1.2717211151e+02 1.2615927124e+02 5.2915917969e+02
2.4297551136e-06 1.2685937500e+02 1.2816210938e+02 1.2782243347e+02 5.3014031982e+02
2.4393550575e-06 1.2901562500e+02 1.2739162445e+02 1.2614563751e+02 5.3108441162e+02
2.4489550015e-06 1.2832812500e+02 1.2852862549e+02 1.2807376099e+02 5.3206732178e+02
2.4585549454e-06 1.2825000000e+02 1.2852117920e+02 1.2770388794e+02 5.3302893066e+02
2.4681548894e-06 1.2890625000e+02 1.2853930664e+02 1.2745587158e+02 5.3397900391e+02
2.4777550607e-06 1.2895312500e+02 1.3247558594e+02 1.3520741272e+02 5.3509106445e+02
2.4873550046e-06 1.3023437500e+02 1.3060595703e+02 1.3103895569e+02 5.3610571289e+02
2.4969549486e-06 1.3039062500e+02 1.2789625549e+02 1.2552922058e+02 5.3699725342e+02
2.5065548925e-06 1.3004687500e+02 1.3114405823e+02 1.3156137085e+02 5.3801434326e+02
2.5161550639e-06 1.3125000000e+02 1.3114588928e+02 1.3123739624e+02 5.3901477051e+02
2.5257550078e-06 1.3223437500e+02 1.3039855957e+02 1.2947848511e+02 5.3997174072e+02
2.5353549518e-06 1.3221875000e+02 1.3133375549e+02 1.3099023438e+02 5.4095227051e+02
2.5449548957e-06 1.3142187500e+02 1.3112625122e+02 1.3037335205e+02 5.4191925049e+02
2.5545550670e-06 1.3079687500e+02 1.3196917725e+02 1.3177317810e+02 5.4291015625e+02
2.5641550110e-06 1.3139062500e+02 1.3322369385e+02 1.3403251648e+02 5.4394079590e+02
2.5737549549e-06 1.3231250000e+02 1.3161862183e+02 1.3051400757e+02 5.4489819336e+02
2.5833548989e-06 1.3326562500e+02 1.3394479370e+02 1.3501850891e+02 5.4594238281e+02
2.5929550702e-06 1.3340625000e+02 1.3081529236e+02 1.2834158325e+02 5.4682653809e+02
2.6025550142e-06 1.3376562500e+02 1.3033757019e+02 1.2721040344e+02 5.4768701172e+02
2.6121549581e-06 1.3535937500e+02 1.3300526428e+02 1.3201039124e+02 5.4864318848e+02
2.6217549021e-06 1.3635937500e+02 1.3595158386e+02 1.3806297302e+02 5.4973822021e+02
2.6313550734e-06 1.3421875000e+02 1.3289044189e+02 1.3131794739e+02 5.5067053223e+02
2.6409550173e-06 1.3537500000e+02 1.3406198120e+02 1.3333494568e+02 5.5163830566e+02
2.6505549613e-06 1.3614062500e+02 1.3345928955e+02 1.3188659668e+02 5.5258386230e+02
2.6601549052e-06 1.3571875000e+02 1.3668841553e+02 1.3819305420e+02 5.5364044189e+02
2.6697550766e-06 1.3714062500e+02 1.3263003540e+02 1.2974067688e+02 5.5451733398e+02
2.6793550205e-06 1.3545312500e+02 1.3562873840e+02 1.3551182556e+02 5.5551794434e+02
2.6889549645e-06 1.3535937500e+02 1.3516154480e+02 1.3425679016e+02 5.5648645020e+02
2.6985549084e-06 1.3679687500e+02 1.3806925964e+02 1.4022331238e+02 5.5757501221e+02
2.7081550797e-06 1.3767187500e+02 1.3508723450e+02 1.3357344055e+02 5.5851861572e+02
2.7177550237e-06 1.3665625000e+02 1.3457916260e+02 1.3226643372e+02 5.5942742920e+02
2.7273549676e-06 1.3807812500e+02 1.3888061523e+02 1.4104652405e+02 5.6051318359e+02
2.7369549116e-06 1.3712500000e+02 1.3676528931e+02 1.3620857239e+02 5.6149639893e+02
2.7465550829e-06 1.3695312500e+02 1.3805552673e+02 1.3868643188e+02 5.6252453613e+02
2.7561550269e-06 1.3914062500e+02 1.3723776245e+02 1.3664210510e+02 5.6350738525e+02
2.7657549708e-06 1.3723437500e+02 1.3754580688e+02 1.3697993469e+02 5.6448498535e+02
2.7753549148e-06 1.3903125000e+02 1.3946385193e+02 1.4089346313e+02 5.6554064941e+02
2.7849550861e-06 1.3839062500e+02 1.4139089966e+02 1.4500750732e+02 5.6667266846e+02
2.7945550301e-06 1.3925000000e+02 1.3743176270e+02 1.3580154419e+02 5.6762115479e+02
2.8041549740e-06 1.3890625000e+02 1.4026756287e+02 1.4187429810e+02 5.6868609619e+02
2.8137549180e-06 1.4121875000e+02 1.3926135254e+02 1.3933619690e+02 5.6969171143e+02
2.8233550893e-06 1.3943750000e+02 1.3980331421e+02 1.4026477051e+02 5.7070861816e+02
2.8329550332e-06 1.4148437500e+02 1.3815322876e+02 1.3643096924e+02 5.7163964844e+02
2.8425549772e-06 1.3928125000e+02 1.3930978394e+02 1.3857884216e+02 5.7261468506e+02
2.8521549211e-06 1.4087500000e+02 1.4225164795e+02 1.4495503235e+02 5.7371826172e+02
2.8617550925e-06 1.3945312500e+02 1.3973065186e+02 1.3895814514e+02 5.7468933105e+02
2.8713550364e-06 1.4150000000e+02 1.3954835510e+02 1.3827767944e+02 5.7564196777e+02
2.8809549804e-06 1.4062500000e+02 1.3913223267e+02 1.3710726929e+02 5.7656622314e+02
2.8905549243e-06 1.3968750000e+02 1.4006477356e+02 1.3882507324e+02 5.7751544189e+02
2.9001550956e-06 1.4121875000e+02 1.3936814880e+02 1.3702748108e+02 5.7843115234e+02
2.9097550396e-06 1.4276562500e+02 1.4388565063e+02 1.4691709900e+02 5.7955065918e+02
2.9193549835e-06 1.4184375000e+02 1.4346487427e+02 1.4568299866e+02 5.8063409424e+02
2.9289549275e-06 1.4035937500e+02 1.4232405090e+02 1.4275862122e+02 5.8164880371e+02
2.9385550988e-06 1.4126562500e+02 1.4293177795e+02 1.4381727600e+02 5.8268438721e+02
2.9481550428e-06 1.4512500000e+02 1.4074423218e+02 1.3866983032e+02 5.8360742188e+02
2.9577549867e-06 1.4429687500e+02 1.4397019958e+02 1.4565229797e+02 5.8467242432e+02
2.9673549307e-06 1.4379687500e+02 1.4294793701e+02 1.4303852844e+02 5.8567504883e+02
2.9769551020e-06 1.4142187500e+02 1.4325173950e+02 1.4346673584e+02 5.8667419434e+02
2.9865550459e-06 1.4385937500e+02 1.4579870605e+02 1.4930583191e+02 5.8779382324e+02
2.9961549899e-06 1.4357812500e+02 1.4368190002e+02 1.4377503967e+02 5.8880041504e+02
3.0057549338e-06 1.4703125000e+02 1.4658079529e+02 1.5050418091e+02 5.8994177246e+02
3.0153551052e-06 1.4429687500e+02 1.4482916260e+02 1.4604151917e+02 5.9098022461e+02
3.0249550491e-06 1.4696875000e+02 1.4570547485e+02 1.4767286682e+02 5.9205242920e+02
3.0345549931e-06 1.4531250000e+02 1.4658596802e+02 1.4982499695e+02 5.9315563965e+02
3.0441549370e-06 1.4562500000e+02 1.4477529907e+02 1.4517900085e+02 5.9415539551e+02
3.0537551083e-06 1.4653125000e+02 1.4510728455e+02 1.4568905640e+02 5.9516033936e+02
3.0633550523e-06 1.4578125000e+02 1.4573017883e+02 1.4689762878e+02 5.9618310547e+02
3.0729549962e-06 1.4532812500e+02 1.4520721436e+02 1.4529489136e+02 5.9717565918e+02
3.0825549402e-06 1.4518750000e+02 1.4567413330e+02 1.4601908875e+02 5.9818157959e+02
3.0921551115e-06 1.4473437500e+02 1.4833685303e+02 1.5197088623e+02 5.9931170654e+02
3.1017550555e-06 1.4725000000e+02 1.4959559631e+02 1.5530599976e+02 6.0049951172e+02
3.1113549994e-06 1.4664062500e+02 1.4909011841e+02 1.5394572449e+02 6.0164526367e+02
3.1209549434e-06 1.4739062500e+02 1.4768650818e+02 1.5009844971e+02 6.0270330811e+02
3.1305548873e-06 1.4850000000e+02 1.4702781677e+02 1.4814625549e+02 6.0371911621e+02
3.1401550586e-06 1.4704687500e+02 1.4558897400e+02 1.4447158813e+02 6.0465447998e+02
3.1497550026e-06 1.4792187500e+02 1.4584541321e+02 1.4479286194e+02 6.0559344482e+02
3.1593549465e-06 1.4773437500e+02 1.4490586853e+02 1.4222500610e+02 6.0648156738e+02
3.1689548905e-06 1.4717187500e+02 1.4810293579e+02 1.4941300964e+02 6.0751556396e+02
3.1785552892e-06 1.4810937500e+02 1.4632991028e+02 1.4498368835e+02 6.0845245361e+02
3.1881550058e-06 1.4843750000e+02 1.4607351685e+02 1.4406269836e+02 6.0936859131e+02
3.1977549497e-06 1.4881250000e+02 1.4896063232e+02 1.5090003967e+02 6.1041815186e+02
3.2073548937e-06 1.4837500000e+02 1.4778906250e+02 1.4770581055e+02 6.1139831543e+02
3.2169550650e-06 1.4887500000e+02 1.4894061279e+02 1.5034999084e+02 6.1242645264e+02
3.2265552363e-06 1.5032812500e+02 1.5070730591e+02 1.5464192200e+02 6.1353808594e+02
3.2361549529e-06 1.4903125000e+02 1.5015835571e+02 1.5267738342e+02 6.1460913086e+02
3.2457551242e-06 1.4929687500e+02 1.5057437134e+02 1.5376953125e+02 6.1569177246e+02
3.2553550682e-06 1.5060937500e+02 1.4992442322e+02 1.5181578064e+02 6.1672937012e+02
3.2649550121e-06 1.5012500000e+02 1.4897720337e+02 1.4888487244e+02 6.1770886230e+02
3.2745549561e-06 1.4845312500e+02 1.4768551636e+02 1.4558628845e+02 6.1861657715e+02
3.2841549000e-06 1.4982812500e+02 1.4874626160e+02 1.4776252747e+02 6.1956750488e+02
3.2937550714e-06 1.5056250000e+02 1.5027413940e+02 1.5120758057e+02 6.2058630371e+02
3.3033550153e-06 1.5034375000e+02 1.5218704224e+02 1.5600880432e+02 6.2169787598e+02
3.3129549593e-06 1.4910937500e+02 1.5042059326e+02 1.5155439758e+02 6.2270391846e+02
3.3225549032e-06 1.5059375000e+02 1.5179924011e+02 1.5440261841e+02 6.2377368164e+02
3.3321553019e-06 1.5068750000e+02 1.5375923157e+02 1.5962197876e+02 6.2494317627e+02
3.3417550185e-06 1.5117187500e+02 1.5291183472e+02 1.5725494385e+02 6.2605438232e+02
3.3513551898e-06 1.5032812500e+02 1.5041778564e+02 1.5009500122e+02 6.2702056885e+02
3.3609549064e-06 1.5057812500e+02 1.5019918823e+02 1.4969616699e+02 6.2796826172e+02
3.3705550777e-06 1.5103125000e+02 1.5222036743e+02 1.5449365234e+02 6.2901336670e+02
3.3801552490e-06 1.4990625000e+02 1.5181787109e+02 1.5287074280e+02 6.3002539062e+02
3.3897549656e-06 1.5126562500e+02 1.5104179382e+02 1.5070739746e+02 6.3098883057e+02
3.3993551369e-06 1.5118750000e+02 1.5245001221e+02 1.5436924744e+02 6.3201922607e+02
3.4089550809e-06 1.5120312500e+02 1.5244442749e+02 1.5411225891e+02 6.3304016113e+02
3.4185550248e-06 1.5137500000e+02 1.5085679626e+02 1.4991503906e+02 6.3396850586e+02
3.4281549688e-06 1.5118750000e+02 1.5031584167e+02 1.4796606445e+02 6.3486236572e+02
3.4377549127e-06 1.5326562500e+02 1.5462866211e+02 1.5949363708e+02 6.3597937012e+02
3.4473550841e-06 1.5189062500e+02 1.5289044189e+02 1.5444085693e+02 6.3698944092e+02
3.4569550280e-06 1.5217187500e+02 1.5441671753e+02 1.5845538330e+02 6.3807446289e+02
3.4665549720e-06 1.5250000000e+02 1.5070332336e+02 1.4804461670e+02 6.3895336914e+02
3.4761549159e-06 1.5303125000e+02 1.5241812134e+02 1.5251724243e+02 6.3990887451e+02
3.4857553146e-06 1.5320312500e+02 1.5234361267e+02 1.5205990601e+02 6.4085461426e+02
3.4953550312e-06 1.5439062500e+02 1.5419909668e+02 1.5638996887e+02 6.4189324951e+02
3.5049552025e-06 1.5437500000e+02 1.5369770813e+02 1.5495010376e+02 6.4289654541e+02
3.5145549191e-06 1.5087500000e+02 1.5350559998e+02 1.5423098755e+02 6.4388104248e+02
3.5241550904e-06 1.5312500000e+02 1.5256045532e+02 1.5152566528e+02 6.4480749512e+02
3.5337552617e-06 1.5351562500e+02 1.5381024170e+02 1.5464224243e+02 6.4579266357e+02
3.5433549783e-06 1.5351562500e+02 1.5224774170e+02 1.4974374390e+02 6.4668457031e+02
3.5529551496e-06 1.5290625000e+02 1.5374044800e+02 1.5362426758e+02 6.4764935303e+02
3.5625550936e-06 1.5431250000e+02 1.5624366760e+02 1.6005419922e+02 6.4874230957e+02
3.5721550375e-06 1.5445312500e+02 1.5450671387e+02 1.5517019653e+02 6.4973077393e+02
3.5817549815e-06 1.5264062500e+02 1.5503401184e+02 1.5582934570e+02 6.5073388672e+02
3.5913549254e-06 1.5445312500e+02 1.5535569763e+02 1.5708825684e+02 6.5175311279e+02
3.6009550968e-06 1.5545312500e+02 1.5471575928e+02 1.5459913635e+02 6.5272357178e+02
3.6105550407e-06 1.5385937500e+02 1.5371752930e+02 1.5228067017e+02 6.5363891602e+02
3.6201549847e-06 1.5292187500e+02 1.5392529297e+02 1.5269573975e+02 6.5455877686e+02
3.6297549286e-06 1.5485937500e+02 1.5507073975e+02 1.5452908325e+02 6.5552252197e+02
3.6393553273e-06 1.5326562500e+02 1.5298254395e+02 1.4991577148e+02 6.5637792969e+02
3.6489550439e-06 1.5457812500e+02 1.5748710632e+02 1.6202450562e+02 6.5747631836e+02
3.6585552152e-06 1.5554687500e+02 1.5430065918e+02 1.5211036682e+02 6.5838024902e+02
3.6681549318e-06 1.5384375000e+02 1.5414727783e+02 1.5202925110e+02 6.5927478027e+02
3.6777551031e-06 1.5548437500e+02 1.5615679932e+02 1.5728385925e+02 6.6027185059e+02
3.6873550471e-06 1.5498437500e+02 1.5714413452e+02 1.5974435425e+02 6.6131585693e+02
3.6969549910e-06 1.5553125000e+02 1.5929211426e+02 1.6568116760e+02 6.6247625732e+02
3.7065551624e-06 1.5631250000e+02 1.5651809692e+02 1.5761430359e+02 6.6346746826e+02
3.7161551063e-06 1.5581250000e+02 1.5586795044e+02 1.5494761658e+02 6.6440789795e+02
3.7257550503e-06 1.5473437500e+02 1.5718475342e+02 1.5775900269e+02 6.6540570068e+02
3.7353549942e-06 1.5470312500e+02 1.5658026123e+02 1.5728884888e+02 6.6637921143e+02
3.7449549382e-06 1.5417187500e+02 1.5573968506e+02 1.5464242554e+02 6.6729821777e+02
3.7545551095e-06 1.5495312500e+02 1.5545840454e+02 1.5315338135e+02 6.6819055176e+02
3.7641550534e-06 1.5340625000e+02 1.5661047363e+02 1.5597271729e+02 6.6913769531e+02
3.7737549974e-06 1.5418750000e+02 1.5826820374e+02 1.5976861572e+02 6.7016186523e+02
3.7833549413e-06 1.5362500000e+02 1.5824812317e+02 1.5983277893e+02 6.7118164062e+02
3.7929553400e-06 1.5506250000e+02 1.5759062195e+02 1.5870898438e+02 6.7216802979e+02
3.8025550566e-06 1.5529687500e+02 1.5973966980e+02 1.6397653198e+02 6.7326239014e+02
3.8121552279e-06 1.5531250000e+02 1.6010806274e+02 1.6526367188e+02 6.7437548828e+02
3.8217549445e-06 1.5517187500e+02 1.5948641968e+02 1.6339915466e+02 6.7544506836e+02
3.8313551158e-06 1.5428125000e+02 1.5790432739e+02 1.5803207397e+02 6.7640777588e+02
3.8409548324e-06 1.5632812500e+02 1.5915405273e+02 1.6093939209e+02 6.7742822266e+02
3.8505550037e-06 1.5725000000e+02 1.5748377991e+02 1.5671987915e+02 6.7835668945e+02
3.8601551751e-06 1.5739062500e+02 1.5698789978e+02 1.5466506958e+02 6.7924548340e+02
3.8697548916e-06 1.5604687500e+02 1.5869567871e+02 1.6012089539e+02 6.8023455811e+02
3.8793550630e-06 1.5289062500e+02 1.5801396179e+02 1.5731643677e+02 6.8116967773e+02
3.8889547795e-06 1.5450000000e+02 1.5939067078e+02 1.6162178040e+02 6.8218414307e+02
3.8985549509e-06 1.5035937500e+02 1.1544850922e+02 7.3369018555e+01 6.8152130127e+02
3.9081551222e-06 1.2553125000e+02 6.8543670654e+01 3.5266162872e+01 6.8011669922e+02
3.9177548388e-06 1.0246875000e+02 6.8757339478e+01 3.5023880005e+01 6.7873437500e+02
3.9273550101e-06 8.1515625000e+01 6.5271453857e+01 3.2370910645e+01 6.7732550049e+02
3.9369551814e-06 6.5578125000e+01 5.0977645874e+01 2.4449974060e+01 6.7577203369e+02
3.9465548980e-06 5.0750000000e+01 3.4535339355e+01 1.6071273804e+01 6.7406372070e+02
3.9561550693e-06 3.6437500000e+01 2.3656860352e+01 9.2971801758e+00 6.7223535156e+02
3.9657547859e-06 2.6765625000e+01 1.5793548584e+01 4.6232023239e+00 6.7033721924e+02
3.9753549572e-06 2.0375000000e+01 9.5453033447e+00 2.1354019642e+00 6.6841729736e+02
3.9849551285e-06 1.3187500000e+01 8.9195404053e+00 1.5509914160e+00 6.6651507568e+02
3.9955148168e-06 1.0484375000e+01 6.8677902222e+00 1.1596207619e+00 6.6444818115e+02
