# epoch total_loss data_loss physics_loss w_data w_physics lr
1.0000000000e+00 1.3247109652e+00 9.1519558430e-01 1.7101548910e+00 4.8485993925e-01 5.1514006037e-01 1.0000000000e-03
2.0000000000e+00 9.4894111156e-01 8.0459988117e-01 1.0816621780e+00 4.7902972971e-01 5.2097026942e-01 1.0000000000e-03
3.0000000000e+00 6.9702565670e-01 7.8266268969e-01 6.1569750309e-01 4.8709679136e-01 5.1290320713e-01 1.0000000000e-03
4.0000000000e+00 5.7983458042e-01 7.9965513945e-01 3.5308593512e-01 5.0775699504e-01 4.9224300274e-01 1.0000000000e-03
5.0000000000e+00 5.2882570028e-01 7.4887299538e-01 2.8098875284e-01 5.2969717117e-01 4.7030282586e-01 1.0000000000e-03
6.0000000000e+00 4.6678000689e-01 6.3021999598e-01 2.6961234212e-01 5.4676494463e-01 4.5323505159e-01 1.0000000000e-03
7.0000000000e+00 3.7579852343e-01 4.7583708167e-01 2.4967172742e-01 5.5767512109e-01 4.4232487413e-01 1.0000000000e-03
8.0000000000e+00 2.6769906282e-01 3.1774419546e-01 2.0325189829e-01 5.6289543464e-01 4.3710455914e-01 1.0000000000e-03
9.0000000000e+00 1.6468393803e-01 1.8219721317e-01 1.4214114845e-01 5.6278093216e-01 4.3721905916e-01 1.0000000000e-03
1.0000000000e+01 9.2886447906e-02 8.8097199798e-02 9.8826594651e-02 5.5363284470e-01 4.4636714214e-01 1.0000000000e-03
1.1000000000e+01 6.5817177296e-02 4.7742728144e-02 8.6514964700e-02 5.3383007343e-01 4.6616990727e-01 1.0000000000e-03
1.2000000000e+01 6.0021225363e-02 6.4985558391e-02 5.4311387241e-02 5.3492084377e-01 4.6507913048e-01 1.0000000000e-03
1.3000000000e+01 8.7281815708e-02 1.2210178375e-01 4.3854031712e-02 5.5500362994e-01 4.4499634086e-01 1.0000000000e-03
1.4000000000e+01 1.1717812717e-01 1.6777992249e-01 4.8089977354e-02 5.7722596698e-01 4.2277400211e-01 1.0000000000e-03
1.5000000000e+01 1.2457161397e-01 1.8220348656e-01 3.7200041115e-02 6.0254828765e-01 3.9745167997e-01 1.0000000000e-03
1.6000000000e+01 1.1437884718e-01 1.6530276835e-01 2.8573991731e-02 6.2755523020e-01 3.7244473550e-01 1.0000000000e-03
1.7000000000e+01 9.7289636731e-02 1.2761832774e-01 4.3519061059e-02 6.3937039052e-01 3.6062957276e-01 1.0000000000e-03
1.8000000000e+01 7.4518233538e-02 8.5701666772e-02 5.4946988821e-02 6.3636650460e-01 3.6363345525e-01 1.0000000000e-03
1.9000000000e+01 5.2671410143e-02 5.3310122341e-02 5.1613513380e-02 6.2353834633e-01 3.7646160801e-01 1.0000000000e-03
2.0000000000e+01 4.0403679013e-02 3.4535754472e-02 4.9293465912e-02 6.0238225896e-01 3.9761768801e-01 1.0000000000e-03
2.1000000000e+01 3.7846427411e-02 2.8849879280e-02 5.0201069564e-02 5.7863932636e-01 4.2136061327e-01 1.0000000000e-03
2.2000000000e+01 4.0213674307e-02 3.4938592464e-02 4.7020900995e-02 5.6340448613e-01 4.3659544733e-01 1.0000000000e-03
2.3000000000e+01 4.5270822942e-02 5.0626702607e-02 3.8343518972e-02 5.6396700574e-01 4.3603292313e-01 1.0000000000e-03
2.4000000000e+01 5.3016357124e-02 7.0358946919e-02 2.9242200777e-02 5.7821099705e-01 4.2178892890e-01 1.0000000000e-03
2.5000000000e+01 6.0551635921e-02 8.5152342916e-02 2.3882439360e-02 5.9848638484e-01 4.0151353934e-01 1.0000000000e-03
2.6000000000e+01 6.3037507236e-02 8.7977193296e-02 2.2663796321e-02 6.1815365240e-01 3.8184627033e-01 1.0000000000e-03
2.7000000000e+01 5.8604657650e-02 7.8371092677e-02 2.4591557682e-02 6.3245432029e-01 3.6754560045e-01 1.0000000000e-03
2.8000000000e+01 4.9537602812e-02 6.1356592923e-02 2.8771741316e-02 6.3728579952e-01 3.6271411805e-01 1.0000000000e-03
2.9000000000e+01 4.0096517652e-02 4.3768327683e-02 3.3845879138e-02 6.2994937229e-01 3.7005054064e-01 1.0000000000e-03
3.0000000000e+01 3.3583134413e-02 3.0881619081e-02 3.7842322141e-02 6.1189017949e-01 3.8810972760e-01 1.0000000000e-03
3.1000000000e+01 3.0870048329e-02 2.4474859238e-02 4.0021650493e-02 5.8864872730e-01 4.1135117357e-01 1.0000000000e-03
3.2000000000e+01 3.1586352736e-02 2.3325284943e-02 4.2329832911e-02 5.6531083579e-01 4.3468905977e-01 1.0000000000e-03
3.3000000000e+01 3.4225840122e-02 2.5569980964e-02 4.4602986425e-02 5.4521825306e-01 4.5478163869e-01 1.0000000000e-03
3.4000000000e+01 3.5281915218e-02 3.0187353492e-02 4.1097514331e-02 5.3304391352e-01 4.6695597502e-01 1.0000000000e-03
3.5000000000e+01 3.4979589283e-02 3.6282133311e-02 3.3500514925e-02 5.3173257350e-01 4.6826731187e-01 1.0000000000e-03
3.6000000000e+01 3.6421876401e-02 4.1985005140e-02 2.9972044751e-02 5.3690662106e-01 4.6309326187e-01 1.0000000000e-03
3.7000000000e+01 3.7844646722e-02 4.5081850141e-02 2.9214471579e-02 5.4389439232e-01 4.5610548885e-01 1.0000000000e-03
3.8000000000e+01 3.6909557879e-02 4.4583771378e-02 2.7477748692e-02 5.5137398548e-01 4.4862589370e-01 1.0000000000e-03
3.9000000000e+01 3.4719698131e-02 4.1040834039e-02 2.6779951528e-02 5.5675022983e-01 4.4324964669e-01 1.0000000000e-03
4.0000000000e+01 3.2204952091e-02 3.5759028047e-02 2.7729056776e-02 5.5739919664e-01 4.4260067648e-01 1.0000000000e-03
4.1000000000e+01 2.9193697497e-02 3.0242230743e-02 2.7892952785e-02 5.5367979829e-01 4.4632007031e-01 1.0000000000e-03
4.2000000000e+01 2.7103319764e-02 2.5912923738e-02 2.8534399346e-02 5.4590445941e-01 4.5409540397e-01 1.0000000000e-03
4.3000000000e+01 2.7293428779e-02 2.3651057854e-02 3.1471017748e-02 5.3422069524e-01 4.6577916366e-01 1.0000000000e-03
4.4000000000e+01 2.8546631336e-02 2.3493358865e-02 3.4056693316e-02 5.2162109918e-01 4.7837875645e-01 1.0000000000e-03
4.5000000000e+01 2.9192259535e-02 2.4943953380e-02 3.3650040627e-02 5.1202981849e-01 4.8797003451e-01 1.0000000000e-03
4.6000000000e+01 2.9314903542e-02 2.7418289334e-02 3.1269650906e-02 5.0754560807e-01 4.9245424259e-01 1.0000000000e-03
4.7000000000e+01 2.9338957742e-02 3.0261585489e-02 2.8384841979e-02 5.0839108777e-01 4.9160876077e-01 1.0000000000e-03
4.8000000000e+01 2.9032137245e-02 3.2713111490e-02 2.5137545541e-02 5.1409948859e-01 4.8590035781e-01 1.0000000000e-03
4.9000000000e+01 2.8664335608e-02 3.4186650068e-02 2.2612428293e-02 5.2287826996e-01 4.7712157419e-01 1.0000000000e-03
5.0000000000e+01 2.8578568250e-02 3.4498877823e-02 2.1853784099e-02 5.3181003850e-01 4.6818980349e-01 1.0000000000e-03
5.1000000000e+01 2.8257627040e-02 3.3782191575e-02 2.1787356585e-02 5.3942165690e-01 4.6057818291e-01 1.0000000000e-03
5.2000000000e+01 2.7337219566e-02 3.2309450209e-02 2.1365256980e-02 5.4567440587e-01 4.5432543132e-01 1.0000000000e-03
5.3000000000e+01 2.6425329968e-02 3.0442005023e-02 2.1522218361e-02 5.4968957690e-01 4.5031025733e-01 1.0000000000e-03
5.4000000000e+01 2.6145910844e-02 2.8649464250e-02 2.3084798828e-02 5.5009873230e-01 4.4990109918e-01 1.0000000000e-03
5.5000000000e+01 2.6287764311e-02 2.7405943722e-02 2.4935116991e-02 5.4744916303e-01 4.5255066619e-01 1.0000000000e-03
5.6000000000e+01 2.6569554582e-02 2.6899999008e-02 2.6176322252e-02 5.4338596939e-01 4.5661385807e-01 1.0000000000e-03
5.7000000000e+01 2.6910480112e-02 2.6859544218e-02 2.6970032603e-02 5.3894473523e-01 4.6105509091e-01 1.0000000000e-03
5.8000000000e+01 2.6870720088e-02 2.6866102591e-02 2.6876045391e-02 5.3504100193e-01 4.6495882298e-01 1.0000000000e-03
5.9000000000e+01 2.6402790099e-02 2.6837484911e-02 2.5907829404e-02 5.3241816043e-01 4.6758166303e-01 1.0000000000e-03
6.0000000000e+01 2.6050750166e-02 2.6951977983e-02 2.5030288845e-02 5.3102474278e-01 4.6897507910e-01 1.0000000000e-03
6.1000000000e+01 2.5864997879e-02 2.7180561796e-02 2.4377679452e-02 5.3064042930e-01 4.6935939100e-01 1.0000000000e-03
6.2000000000e+01 2.5642804801e-02 2.7212735265e-02 2.3866400123e-02 5.3085201394e-01 4.6914780475e-01 1.0000000000e-03
6.3000000000e+01 2.5468979031e-02 2.6819236577e-02 2.3942681029e-02 5.3060018165e-01 4.6939963547e-01 1.0000000000e-03
6.4000000000e+01 2.5285203010e-02 2.6076860726e-02 2.4395335466e-02 5.2920594688e-01 4.7079386871e-01 1.0000000000e-03
6.5000000000e+01 2.5057133287e-02 2.5251068175e-02 2.4841330945e-02 5.2669432357e-01 4.7330549050e-01 1.0000000000e-03
6.6000000000e+01 2.5008633733e-02 2.4567550048e-02 2.5492459536e-02 5.2310108066e-01 4.7689873203e-01 1.0000000000e-03
6.7000000000e+01 2.5138720870e-02 2.4109583348e-02 2.6247696951e-02 5.1866801920e-01 4.8133179236e-01 1.0000000000e-03
6.8000000000e+01 2.5191154331e-02 2.3883935064e-02 2.6574447751e-02 5.1413513684e-01 4.8586467375e-01 1.0000000000e-03
6.9000000000e+01 2.5108385831e-02 2.3923799396e-02 2.6342891157e-02 5.1031535645e-01 4.8968445319e-01 1.0000000000e-03
7.0000000000e+01 2.4915084243e-02 2.4299820885e-02 2.5550439954e-02 5.0802943537e-01 4.9197037324e-01 1.0000000000e-03
7.1000000000e+01 2.4632558227e-02 2.5031564757e-02 2.4220503867e-02 5.0804985900e-01 4.9194994844e-01 1.0000000000e-03
7.2000000000e+01 2.4431219324e-02 2.5971874595e-02 2.2824672982e-02 5.1046968216e-01 4.8953012405e-01 1.0000000000e-03
7.3000000000e+01 2.4365359917e-02 2.6806479320e-02 2.1777417511e-02 5.1459834939e-01 4.8540145562e-01 1.0000000000e-03
7.4000000000e+01 2.4298964068e-02 2.7250649408e-02 2.1107843146e-02 5.1948982388e-01 4.8050997995e-01 1.0000000000e-03
7.5000000000e+01 2.4210199714e-02 2.7252724394e-02 2.0858371630e-02 5.2418623305e-01 4.7581356960e-01 1.0000000000e-03
7.6000000000e+01 2.4136846885e-02 2.6970002800e-02 2.0967196673e-02 5.2802871276e-01 4.7197108878e-01 1.0000000000e-03
7.7000000000e+01 2.4075243622e-02 2.6595316827e-02 2.1223844960e-02 5.3084227278e-01 4.6915752768e-01 1.0000000000e-03
7.8000000000e+01 2.4062380195e-02 2.6249699295e-02 2.1569434553e-02 5.3265174954e-01 4.6734804997e-01 1.0000000000e-03
7.9000000000e+01 2.4065099657e-02 2.5985503569e-02 2.1867221221e-02 5.3368964354e-01 4.6631015512e-01 1.0000000000e-03
8.0000000000e+01 2.3981561884e-02 2.5822646916e-02 2.1867865697e-02 5.3446696549e-01 4.6553283233e-01 1.0000000000e-03
8.1000000000e+01 2.3833103478e-02 2.5772538036e-02 2.1597890183e-02 5.3542664348e-01 4.6457315346e-01 1.0000000000e-03
8.2000000000e+01 2.3690545931e-02 2.5837371126e-02 2.1202504635e-02 5.3681049672e-01 4.6318929926e-01 1.0000000000e-03
8.3000000000e+01 2.3580711335e-02 2.5974662974e-02 2.0785341039e-02 5.3867832470e-01 4.6132147030e-01 1.0000000000e-03
8.4000000000e+01 2.3520572111e-02 2.6057565585e-02 2.0533502102e-02 5.4073872329e-01 4.5926107074e-01 1.0000000000e-03
8.5000000000e+01 2.3473730311e-02 2.5917509571e-02 2.0576998591e-02 5.4240800219e-01 4.5759179093e-01 1.0000000000e-03
8.6000000000e+01 2.3391488940e-02 2.5478662923e-02 2.0910643041e-02 5.4309076011e-01 4.5690903215e-01 1.0000000000e-03
8.7000000000e+01 2.3300781846e-02 2.4838615209e-02 2.1477906033e-02 5.4240965351e-01 4.5759013792e-01 1.0000000000e-03
8.8000000000e+01 2.3232067004e-02 2.4192921817e-02 2.2102179006e-02 5.4042673742e-01 4.5957305328e-01 1.0000000000e-03
8.9000000000e+01 2.3171683773e-02 2.3701544851e-02 2.2555606440e-02 5.3762271341e-01 4.6237707659e-01 1.0000000000e-03
9.0000000000e+01 2.3105321452e-02 2.3431504145e-02 2.2730620578e-02 5.3461958544e-01 4.6538020391e-01 1.0000000000e-03
9.1000000000e+01 2.3015268147e-02 2.3382084444e-02 2.2598283365e-02 5.3200993729e-01 4.6798985137e-01 1.0000000000e-03
9.2000000000e+01 2.2904518992e-02 2.3522341624e-02 2.2207146510e-02 5.3024694875e-01 4.6975283918e-01 1.0000000000e-03
9.3000000000e+01 2.2812981158e-02 2.3797368631e-02 2.1705066785e-02 5.2952135212e-01 4.7047843504e-01 1.0000000000e-03
9.4000000000e+01 2.2748177871e-02 2.4116339162e-02 2.1206732839e-02 5.2977905634e-01 4.7022073003e-01 1.0000000000e-03
9.5000000000e+01 2.2686311975e-02 2.4362631142e-02 2.0790249109e-02 5.3075701269e-01 4.6924277291e-01 1.0000000000e-03
9.6000000000e+01 2.2616036236e-02 2.4444418028e-02 2.0537426695e-02 5.3202415294e-01 4.6797563186e-01 1.0000000000e-03
9.7000000000e+01 2.2533573210e-02 2.4352565408e-02 2.0456099883e-02 5.3316961839e-01 4.6683016562e-01 1.0000000000e-03
9.8000000000e+01 2.2452943027e-02 2.4167569354e-02 2.0488344133e-02 5.3397217187e-01 4.6602761134e-01 1.0000000000e-03
9.9000000000e+01 2.2388389334e-02 2.4000676349e-02 2.0537402481e-02 5.3446293457e-01 4.6553684787e-01 1.0000000000e-03
1.0000000000e+02 2.2325120866e-02 2.3928040639e-02 2.0481677726e-02 5.3489681899e-01 4.6510296268e-01 1.0000000000e-03
1.0100000000e+02 2.2253688425e-02 2.3968884721e-02 2.0275689662e-02 5.3558073835e-01 4.6441904256e-01 1.0000000000e-03
1.0200000000e+02 2.2180851549e-02 2.4091463536e-02 1.9967526197e-02 5.3670267015e-01 4.6329710997e-01 1.0000000000e-03
1.0300000000e+02 2.2114060819e-02 2.4227812886e-02 1.9650135189e-02 5.3824876677e-01 4.6175101255e-01 1.0000000000e-03
1.0400000000e+02 2.2058492526e-02 2.4300407618e-02 1.9426722080e-02 5.3999671691e-01 4.6000306160e-01 1.0000000000e-03
1.0500000000e+02 2.2002760321e-02 2.4250341579e-02 1.9347030669e-02 5.4162043435e-01 4.5837934338e-01 1.0000000000e-03
1.0600000000e+02 2.1933080629e-02 2.4054421112e-02 1.9414626062e-02 5.4279527346e-01 4.5720450349e-01 1.0000000000e-03
1.0700000000e+02 2.1854547784e-02 2.3732719943e-02 1.9620619714e-02 5.4325827496e-01 4.5674150122e-01 1.0000000000e-03
1.0800000000e+02 2.1777059883e-02 2.3347653449e-02 1.9911643118e-02 5.4290384762e-01 4.5709592784e-01 1.0000000000e-03
1.0900000000e+02 2.1704111248e-02 2.2984992713e-02 2.0189227536e-02 5.4185122200e-01 4.5814855275e-01 1.0000000000e-03
1.1000000000e+02 2.1633921191e-02 2.2718716413e-02 2.0358394831e-02 5.4040573457e-01 4.5959403949e-01 1.0000000000e-03
1.1100000000e+02 2.1560881287e-02 2.2582268342e-02 2.0366959274e-02 5.3894413479e-01 4.6105563858e-01 1.0000000000e-03
1.1200000000e+02 2.1488461643e-02 2.2560272366e-02 2.0241560414e-02 5.3775836865e-01 4.6224140402e-01 1.0000000000e-03
1.1300000000e+02 2.1422360092e-02 2.2598348558e-02 2.0058648661e-02 5.3695940483e-01 4.6304036713e-01 1.0000000000e-03
1.1400000000e+02 2.1358925849e-02 2.2629803047e-02 1.9887970760e-02 5.3648778843e-01 4.6351198281e-01 1.0000000000e-03
1.1500000000e+02 2.1292524412e-02 2.2610777989e-02 1.9768545404e-02 5.3619232164e-01 4.6380744889e-01 1.0000000000e-03
1.1600000000e+02 2.1220332012e-02 2.2539110854e-02 1.9697308540e-02 5.3593723786e-01 4.6406253194e-01 1.0000000000e-03
1.1700000000e+02 2.1146528423e-02 2.2445047274e-02 1.9648544490e-02 5.3566526924e-01 4.6433449982e-01 1.0000000000e-03
1.1800000000e+02 2.1076919511e-02 2.2368943319e-02 1.9587939605e-02 5.3541285058e-01 4.6458691774e-01 1.0000000000e-03
1.1900000000e+02 2.1010559052e-02 2.2343797609e-02 1.9474765286e-02 5.3530188622e-01 4.6469788135e-01 1.0000000000e-03
1.2000000000e+02 2.0944744349e-02 2.2385720164e-02 1.9283561036e-02 5.3549404209e-01 4.6450572473e-01 1.0000000000e-03
1.2100000000e+02 2.0880289376e-02 2.2486986592e-02 1.9023418427e-02 5.3611655252e-01 4.6388321352e-01 1.0000000000e-03
1.2200000000e+02 2.0819524303e-02 2.2610919550e-02 1.8740277737e-02 5.3718508930e-01 4.6281467596e-01 1.0000000000e-03
1.2300000000e+02 2.0762817934e-02 2.2699324414e-02 1.8502682447e-02 5.3855933102e-01 4.6144043344e-01 1.0000000000e-03
1.2400000000e+02 2.0705673844e-02 2.2699451074e-02 1.8365349621e-02 5.3998053348e-01 4.6001923019e-01 1.0000000000e-03
1.2500000000e+02 2.0644512028e-02 2.2595379502e-02 1.8343508244e-02 5.4117541581e-01 4.5882434706e-01 1.0000000000e-03
1.2600000000e+02 2.0580789074e-02 2.2414634004e-02 1.8410952762e-02 5.4196125784e-01 4.5803850425e-01 1.0000000000e-03
1.2700000000e+02 2.0516524091e-02 2.2205503657e-02 1.8515398726e-02 5.4229609013e-01 4.5770367120e-01 1.0000000000e-03
1.2800000000e+02 2.0452253520e-02 2.2010037675e-02 1.8606869504e-02 5.4225581700e-01 4.5774394357e-01 1.0000000000e-03
1.2900000000e+02 2.0386997610e-02 2.1851578727e-02 1.8653970212e-02 5.4197734601e-01 4.5802241381e-01 1.0000000000e-03
1.3000000000e+02 2.0321073011e-02 2.1734891459e-02 1.8650667742e-02 5.4159807154e-01 4.5840168754e-01 1.0000000000e-03
1.3100000000e+02 2.0256962627e-02 2.1649302915e-02 1.8614526838e-02 5.4120686432e-01 4.5879289401e-01 1.0000000000e-03
1.3200000000e+02 2.0194631070e-02 2.1572906524e-02 1.8571283668e-02 5.4082471651e-01 4.5917504108e-01 1.0000000000e-03
1.3300000000e+02 2.0132577047e-02 2.1482508630e-02 1.8545258790e-02 5.4041124677e-01 4.5958851008e-01 1.0000000000e-03
1.3400000000e+02 2.0069552585e-02 2.1369481459e-02 1.8544115126e-02 5.3990946190e-01 4.6009029421e-01 1.0000000000e-03
1.3500000000e+02 2.0005665720e-02 2.1249264479e-02 1.8549846485e-02 5.3930980669e-01 4.6068994869e-01 1.0000000000e-03
1.3600000000e+02 1.9942617044e-02 2.1153764799e-02 1.8528340384e-02 5.3868688357e-01 4.6131287107e-01 1.0000000000e-03
1.3700000000e+02 1.9879665226e-02 2.1110512316e-02 1.8445271999e-02 5.3818714578e-01 4.6181260811e-01 1.0000000000e-03
1.3800000000e+02 1.9817087799e-02 2.1125527099e-02 1.8293658271e-02 5.3796041070e-01 4.6203934244e-01 1.0000000000e-03
1.3900000000e+02 1.9755538553e-02 2.1180786192e-02 1.8095230684e-02 5.3809239615e-01 4.6190735621e-01 1.0000000000e-03
1.4000000000e+02 1.9696375355e-02 2.1243810654e-02 1.7890270799e-02 5.3856782207e-01 4.6143192950e-01 1.0000000000e-03
1.4100000000e+02 1.9639451057e-02 2.1281994879e-02 1.7716821283e-02 5.3928190000e-01 4.6071785077e-01 1.0000000000e-03
1.4200000000e+02 1.9583253190e-02 2.1274112165e-02 1.7597679049e-02 5.4008261759e-01 4.5991713238e-01 1.0000000000e-03
1.4300000000e+02 1.9526772201e-02 2.1215701476e-02 1.7537567765e-02 5.4081992031e-01 4.5917982886e-01 1.0000000000e-03
1.4400000000e+02 1.9470028579e-02 2.1118624136e-02 1.7523873597e-02 5.4138920579e-01 4.5861054259e-01 1.0000000000e-03
1.4500000000e+02 1.9412761554e-02 2.1004429087e-02 1.7531024292e-02 5.4175703625e-01 4.5824271134e-01 1.0000000000e-03
1.4600000000e+02 1.9354462624e-02 2.0893530920e-02 1.7533471808e-02 5.4195332107e-01 4.5804642574e-01 1.0000000000e-03
1.4700000000e+02 1.9295392558e-02 2.0794879645e-02 1.7520681024e-02 5.4203064961e-01 4.5796909641e-01 1.0000000000e-03
1.4800000000e+02 1.9236540422e-02 2.0702462643e-02 1.7501652241e-02 5.4201666163e-01 4.5798308362e-01 1.0000000000e-03
1.4900000000e+02 1.9178446382e-02 2.0601950586e-02 1.7494598404e-02 5.4189324068e-01 4.5810650380e-01 1.0000000000e-03
1.5000000000e+02 1.9120624289e-02 2.0483929664e-02 1.7509769648e-02 5.4161791983e-01 4.5838182387e-01 1.0000000000e-03
1.5100000000e+02 1.9062653184e-02 2.0353568718e-02 1.7540095374e-02 5.4116844054e-01 4.5883130241e-01 1.0000000000e-03
1.5200000000e+02 1.9004721195e-02 2.0228667185e-02 1.7564587295e-02 5.4057612649e-01 4.5942361570e-01 1.0000000000e-03
1.5300000000e+02 1.8947076052e-02 2.0129656419e-02 1.7559239641e-02 5.3992854486e-01 4.6007119658e-01 1.0000000000e-03
1.5400000000e+02 1.8889460713e-02 2.0070075989e-02 1.7507176846e-02 5.3934584980e-01 4.6065389088e-01 1.0000000000e-03
1.5500000000e+02 1.8831964582e-02 2.0051669329e-02 1.7406228930e-02 5.3894246894e-01 4.6105727098e-01 1.0000000000e-03
1.5600000000e+02 1.8775325269e-02 2.0063634962e-02 1.7270326614e-02 5.3878918267e-01 4.6121055647e-01 1.0000000000e-03
1.5700000000e+02 1.8720027059e-02 2.0085686818e-02 1.7124019563e-02 5.3888994705e-01 4.6110979130e-01 1.0000000000e-03
1.5800000000e+02 1.8665775657e-02 2.0096201450e-02 1.6992084682e-02 5.3918570480e-01 4.6081403275e-01 1.0000000000e-03
1.5900000000e+02 1.8612433225e-02 2.0082158968e-02 1.6890000552e-02 5.3958409551e-01 4.6041564124e-01 1.0000000000e-03
1.6000000000e+02 1.8559742719e-02 2.0044213161e-02 1.6817091033e-02 5.4000305584e-01 4.5999668011e-01 1.0000000000e-03
1.6100000000e+02 1.8507482484e-02 1.9992044196e-02 1.6761960462e-02 5.4039692836e-01 4.5960280678e-01 1.0000000000e-03
1.6200000000e+02 1.8455140293e-02 1.9934426993e-02 1.6713330522e-02 5.4075189131e-01 4.5924784303e-01 1.0000000000e-03
1.6300000000e+02 1.8402483314e-02 1.9872395322e-02 1.6669569537e-02 5.4105908135e-01 4.5894065220e-01 1.0000000000e-03
1.6400000000e+02 1.8349569291e-02 1.9800344482e-02 1.6637600958e-02 5.4129306205e-01 4.5870667069e-01 1.0000000000e-03
1.6500000000e+02 1.8296761438e-02 1.9711606205e-02 1.6626419500e-02 5.4140886245e-01 4.5859086950e-01 1.0000000000e-03
1.6600000000e+02 1.8243897706e-02 1.9604295492e-02 1.6638150439e-02 5.4136004858e-01 4.5863968259e-01 1.0000000000e-03
1.6700000000e+02 1.8190952018e-02 1.9484527409e-02 1.6665535048e-02 5.4112304332e-01 4.5887668707e-01 1.0000000000e-03
1.6800000000e+02 1.8138036132e-02 1.9365658984e-02 1.6692759469e-02 5.4071707011e-01 4.5928265950e-01 1.0000000000e-03
1.6900000000e+02 1.8085427582e-02 1.9264131784e-02 1.6700575128e-02 5.4020933757e-01 4.5979039128e-01 1.0000000000e-03
1.7000000000e+02 1.8032990396e-02 1.9192337990e-02 1.6673672944e-02 5.3969960324e-01 4.6030012484e-01 1.0000000000e-03
1.7100000000e+02 1.7980853096e-02 1.9152253866e-02 1.6609694809e-02 5.3928446647e-01 4.6071526084e-01 1.0000000000e-03
1.7200000000e+02 1.7929241061e-02 1.9134944305e-02 1.6519410536e-02 5.3902390702e-01 4.6097581951e-01 1.0000000000e-03
1.7300000000e+02 1.7878167331e-02 1.9126305357e-02 1.6419271007e-02 5.3892933696e-01 4.6107038878e-01 1.0000000000e-03
1.7400000000e+02 1.7827935517e-02 1.9115261734e-02 1.6322953627e-02 5.3897607304e-01 4.6102365191e-01 1.0000000000e-03
1.7500000000e+02 1.7778396606e-02 1.9097745419e-02 1.6235020012e-02 5.3912954207e-01 4.6087018209e-01 1.0000000000e-03
1.7600000000e+02 1.7729630694e-02 1.9074339420e-02 1.6155134887e-02 5.3935970064e-01 4.6064002271e-01 1.0000000000e-03
1.7700000000e+02 1.7681581900e-02 1.9045855850e-02 1.6082359478e-02 5.3964182919e-01 4.6035789336e-01 1.0000000000e-03
1.7800000000e+02 1.7633667216e-02 1.9010476768e-02 1.6017749906e-02 5.3994950970e-01 4.6005021205e-01 1.0000000000e-03
1.7900000000e+02 1.7585966736e-02 1.8963288516e-02 1.5967542306e-02 5.4024265507e-01 4.5975706588e-01 1.0000000000e-03
1.8000000000e+02 1.7538174987e-02 1.8898319453e-02 1.5938490629e-02 5.4046650810e-01 4.5953321205e-01 1.0000000000e-03
1.8100000000e+02 1.7490122467e-02 1.8812714145e-02 1.5934003517e-02 5.4056226266e-01 4.5943745669e-01 1.0000000000e-03
1.8200000000e+02 1.7441947013e-02 1.8710682169e-02 1.5949640423e-02 5.4048902147e-01 4.5951069710e-01 1.0000000000e-03
1.8300000000e+02 1.7393814400e-02 1.8603859469e-02 1.5971930698e-02 5.4024613214e-01 4.5975358565e-01 1.0000000000e-03
1.8400000000e+02 1.7345832661e-02 1.8506249413e-02 1.5984283760e-02 5.3987752927e-01 4.6012218775e-01 1.0000000000e-03
1.8500000000e+02 1.7297994345e-02 1.8427904695e-02 1.5974489972e-02 5.3945552232e-01 4.6054419392e-01 1.0000000000e-03
1.8600000000e+02 1.7250671983e-02 1.8371237442e-02 1.5940243378e-02 5.3905249186e-01 4.6094722362e-01 1.0000000000e-03
1.8700000000e+02 1.7203541473e-02 1.8332388252e-02 1.5885176137e-02 5.3872318597e-01 4.6127652873e-01 1.0000000000e-03
1.8800000000e+02 1.7156893387e-02 1.8305009231e-02 1.5817249194e-02 5.3849621417e-01 4.6150349976e-01 1.0000000000e-03
1.8900000000e+02 1.7110705376e-02 1.8283827230e-02 1.5742518008e-02 5.3838090282e-01 4.6161881032e-01 1.0000000000e-03
1.9000000000e+02 1.7065187916e-02 1.8265994266e-02 1.5664737672e-02 5.3837598336e-01 4.6162372900e-01 1.0000000000e-03
1.9100000000e+02 1.7020359635e-02 1.8249690533e-02 1.5586078167e-02 5.3847445871e-01 4.6152525286e-01 1.0000000000e-03
1.9200000000e+02 1.6976248473e-02 1.8231889233e-02 1.5510172583e-02 5.3866011825e-01 4.6133959252e-01 1.0000000000e-03
1.9300000000e+02 1.6932586208e-02 1.8206989393e-02 1.5443162993e-02 5.3890079746e-01 4.6109891252e-01 1.0000000000e-03
1.9400000000e+02 1.6889180988e-02 1.8167829141e-02 1.5393328853e-02 5.3914420062e-01 4.6085550856e-01 1.0000000000e-03
1.9500000000e+02 1.6845699400e-02 1.8109254539e-02 1.5366417356e-02 5.3932652636e-01 4.6067318204e-01 1.0000000000e-03
1.9600000000e+02 1.6802053899e-02 1.8032060936e-02 1.5361672267e-02 5.3939219558e-01 4.6060751203e-01 1.0000000000e-03
1.9700000000e+02 1.6758404672e-02 1.7943551764e-02 1.5370991081e-02 5.3931397739e-01 4.6068572944e-01 1.0000000000e-03
1.9800000000e+02 1.6714762896e-02 1.7854126170e-02 1.5382091515e-02 5.3910145034e-01 4.6089825572e-01 1.0000000000e-03
1.9900000000e+02 1.6671339050e-02 1.7772944644e-02 1.5384425409e-02 5.3879308149e-01 4.6120662381e-01 1.0000000000e-03
2.0000000000e+02 1.6628194600e-02 1.7705198377e-02 1.5371804126e-02 5.3844097255e-01 4.6155873198e-01 1.0000000000e-03
2.0100000000e+02 1.6585355625e-02 1.7652027309e-02 1.5342744067e-02 5.3809632755e-01 4.6190337622e-01 1.0000000000e-03
2.0200000000e+02 1.6542829573e-02 1.7611639574e-02 1.5299211256e-02 5.3779984860e-01 4.6219985441e-01 1.0000000000e-03
2.0300000000e+02 1.6500616446e-02 1.7581908032e-02 1.5243576840e-02 5.3758160927e-01 4.6241809297e-01 1.0000000000e-03
2.0400000000e+02 1.6458932310e-02 1.7561007291e-02 1.5178346075e-02 5.3746226561e-01 4.6253743586e-01 1.0000000000e-03
2.0500000000e+02 1.6417868435e-02 1.7546556890e-02 1.5106408857e-02 5.3745251020e-01 4.6254719051e-01 1.0000000000e-03
2.0600000000e+02 1.6377486289e-02 1.7533995211e-02 1.5033192001e-02 5.3754669490e-01 4.6245300502e-01 1.0000000000e-03
2.0700000000e+02 1.6337547451e-02 1.7515944317e-02 1.4966880903e-02 5.3771571834e-01 4.6228398081e-01 1.0000000000e-03
2.0800000000e+02 1.6297975555e-02 1.7484826967e-02 1.4916408807e-02 5.3790758695e-01 4.6209211142e-01 1.0000000000e-03
2.0900000000e+02 1.6258623451e-02 1.7436552793e-02 1.4886597171e-02 5.3806128422e-01 4.6193841338e-01 1.0000000000e-03
2.1000000000e+02 1.6219142824e-02 1.7372364178e-02 1.4875535853e-02 5.3812644284e-01 4.6187325399e-01 1.0000000000e-03
2.1100000000e+02 1.6179667786e-02 1.7297634855e-02 1.4877412468e-02 5.3807480566e-01 4.6192489040e-01 1.0000000000e-03
2.1200000000e+02 1.6140237451e-02 1.7220063135e-02 1.4883258380e-02 5.3790681459e-01 4.6209288072e-01 1.0000000000e-03
2.1300000000e+02 1.6100998968e-02 1.7146773636e-02 1.4884929173e-02 5.3764675055e-01 4.6235294401e-01 1.0000000000e-03
2.1400000000e+02 1.6061959788e-02 1.7082579434e-02 1.4876637608e-02 5.3733324129e-01 4.6266645252e-01 1.0000000000e-03
2.1500000000e+02 1.6023231670e-02 1.7029689625e-02 1.4855884016e-02 5.3700866081e-01 4.6299103226e-01 1.0000000000e-03
2.1600000000e+02 1.5984784812e-02 1.6988847405e-02 1.4821593650e-02 5.3671429115e-01 4.6328540118e-01 1.0000000000e-03
2.1700000000e+02 1.5946626663e-02 1.6960069537e-02 1.4773637988e-02 5.3648781226e-01 4.6351187932e-01 1.0000000000e-03
2.1800000000e+02 1.5908934176e-02 1.6941901296e-02 1.4713970944e-02 5.3635799844e-01 4.6364169240e-01 1.0000000000e-03
2.1900000000e+02 1.5871971846e-02 1.6930080950e-02 1.4648032375e-02 5.3633552063e-01 4.6366416946e-01 1.0000000000e-03
2.2000000000e+02 1.5835477039e-02 1.6917934641e-02 1.4583006501e-02 5.3640807593e-01 4.6359161340e-01 1.0000000000e-03
2.2100000000e+02 1.5799410641e-02 1.6897689551e-02 1.4527971856e-02 5.3653760575e-01 4.6346208282e-01 1.0000000000e-03
2.2200000000e+02 1.5763690695e-02 1.6863675788e-02 1.4489600435e-02 5.3666983644e-01 4.6332985139e-01 1.0000000000e-03
2.2300000000e+02 1.5728011727e-02 1.6814783216e-02 1.4468807727e-02 5.3675236599e-01 4.6324732109e-01 1.0000000000e-03
2.2400000000e+02 1.5692340210e-02 1.6753882170e-02 1.4462393709e-02 5.3674745466e-01 4.6325223167e-01 1.0000000000e-03
2.2500000000e+02 1.5656746924e-02 1.6686208546e-02 1.4464491978e-02 5.3663877002e-01 4.6336091558e-01 1.0000000000e-03
2.2600000000e+02 1.5621206723e-02 1.6617920250e-02 1.4467834495e-02 5.3643318940e-01 4.6356649547e-01 1.0000000000e-03
2.2700000000e+02 1.5585986897e-02 1.6554683447e-02 1.4466283843e-02 5.3615596300e-01 4.6384372115e-01 1.0000000000e-03
2.2800000000e+02 1.5550930053e-02 1.6500644386e-02 1.4454539865e-02 5.3584529592e-01 4.6415438751e-01 1.0000000000e-03
2.2900000000e+02 1.5516107902e-02 1.6458211467e-02 1.4429817908e-02 5.3554421131e-01 4.6445547140e-01 1.0000000000e-03
2.3000000000e+02 1.5481675975e-02 1.6428306699e-02 1.4391263016e-02 5.3529456218e-01 4.6470511981e-01 1.0000000000e-03
2.3100000000e+02 1.5447605401e-02 1.6410080716e-02 1.4339664020e-02 5.3513164777e-01 4.6486803350e-01 1.0000000000e-03
2.3200000000e+02 1.5414001420e-02 1.6399072483e-02 1.4280324802e-02 5.3507151203e-01 4.6492816852e-01 1.0000000000e-03
2.3300000000e+02 1.5380989760e-02 1.6388069838e-02 1.4221838675e-02 5.3510279096e-01 4.6489688887e-01 1.0000000000e-03
2.3400000000e+02 1.5348415822e-02 1.6369957477e-02 1.4172202908e-02 5.3519039725e-01 4.6480928185e-01 1.0000000000e-03
2.3500000000e+02 1.5316156670e-02 1.6339913011e-02 1.4136946760e-02 5.3528550207e-01 4.6471417631e-01 1.0000000000e-03
2.3600000000e+02 1.5283932909e-02 1.6296405345e-02 1.4117468148e-02 5.3533907776e-01 4.6466059990e-01 1.0000000000e-03
2.3700000000e+02 1.5251810662e-02 1.6241537407e-02 1.4111666940e-02 5.3531362949e-01 4.6468604746e-01 1.0000000000e-03
2.3800000000e+02 1.5219703317e-02 1.6180224717e-02 1.4113739133e-02 5.3519297059e-01 4.6480670566e-01 1.0000000000e-03
2.3900000000e+02 1.5187820420e-02 1.6118414700e-02 1.4117220417e-02 5.3498298655e-01 4.6501668900e-01 1.0000000000e-03
2.4000000000e+02 1.5156152658e-02 1.6061445698e-02 1.4115808532e-02 5.3470835183e-01 4.6529132302e-01 1.0000000000e-03
2.4100000000e+02 1.5124565922e-02 1.6013290733e-02 1.4104501344e-02 5.3440637237e-01 4.6559330180e-01 1.0000000000e-03
2.4200000000e+02 1.5093397349e-02 1.5976984054e-02 1.4080394059e-02 5.3412066660e-01 4.6587900688e-01 1.0000000000e-03
2.4300000000e+02 1.5062391758e-02 1.5953840688e-02 1.4041293412e-02 5.3389667810e-01 4.6610299469e-01 1.0000000000e-03
2.4400000000e+02 1.5031892806e-02 1.5940884128e-02 1.3991256244e-02 5.3376373903e-01 4.6623593308e-01 1.0000000000e-03
2.4500000000e+02 1.5001846477e-02 1.5931854025e-02 1.3937312178e-02 5.3372614459e-01 4.6627352682e-01 1.0000000000e-03
2.4600000000e+02 1.4972282574e-02 1.5919504687e-02 1.3887887821e-02 5.3376141995e-01 4.6623825078e-01 1.0000000000e-03
2.4700000000e+02 1.4943018556e-02 1.5898032114e-02 1.3849411160e-02 5.3382861634e-01 4.6617105370e-01 1.0000000000e-03
2.4800000000e+02 1.4913996682e-02 1.5864398330e-02 1.3825444505e-02 5.3387949322e-01 4.6612017613e-01 1.0000000000e-03
2.4900000000e+02 1.4885001816e-02 1.5818975866e-02 1.3815299608e-02 5.3387219949e-01 4.6612746918e-01 1.0000000000e-03
2.5000000000e+02 1.4856126159e-02 1.5765175223e-02 1.3815352693e-02 5.3378074877e-01 4.6621891923e-01 1.0000000000e-03
2.5100000000e+02 1.4827366918e-02 1.5708211809e-02 1.3819615357e-02 5.3360065016e-01 4.6639901717e-01 1.0000000000e-03
2.5200000000e+02 1.4798760414e-02 1.5653543174e-02 1.3821817935e-02 5.3334778138e-01 4.6665188530e-01 1.0000000000e-03
2.5300000000e+02 1.4770320617e-02 1.5606425703e-02 1.3815845363e-02 5.3305588482e-01 4.6694378120e-01 1.0000000000e-03
2.5400000000e+02 1.4742124826e-02 1.5570962802e-02 1.3797029853e-02 5.3277045908e-01 4.6722920629e-01 1.0000000000e-03
2.5500000000e+02 1.4714281075e-02 1.5548517928e-02 1.3763919473e-02 5.3253749275e-01 4.6746217196e-01 1.0000000000e-03
2.5600000000e+02 1.4686724171e-02 1.5536304563e-02 1.3719463721e-02 5.3238882382e-01 4.6761084024e-01 1.0000000000e-03
2.5700000000e+02 1.4659583569e-02 1.5528273769e-02 1.3670795597e-02 5.3233063791e-01 4.6766902550e-01 1.0000000000e-03
2.5800000000e+02 1.4632955194e-02 1.5517542139e-02 1.3626024127e-02 5.3234272837e-01 4.6765693438e-01 1.0000000000e-03
2.5900000000e+02 1.4606600627e-02 1.5498599969e-02 1.3591049239e-02 5.3238718204e-01 4.6761248007e-01 1.0000000000e-03
2.6000000000e+02 1.4580491930e-02 1.5468170866e-02 1.3569736853e-02 5.3241733461e-01 4.6758232684e-01 1.0000000000e-03
2.6100000000e+02 1.4554400928e-02 1.5426489525e-02 1.3561498374e-02 5.3239241722e-01 4.6760724359e-01 1.0000000000e-03
2.6200000000e+02 1.4528374188e-02 1.5376682393e-02 1.3562956825e-02 5.3228679256e-01 4.6771286762e-01 1.0000000000e-03
2.6300000000e+02 1.4502480626e-02 1.5323606320e-02 1.3568718918e-02 5.3209503882e-01 4.6790462073e-01 1.0000000000e-03
2.6400000000e+02 1.4476768672e-02 1.5273621306e-02 1.3571550138e-02 5.3183587375e-01 4.6816378518e-01 1.0000000000e-03
2.6500000000e+02 1.4451229945e-02 1.5232658945e-02 1.3564558700e-02 5.3154855518e-01 4.6845110312e-01 1.0000000000e-03
2.6600000000e+02 1.4425942674e-02 1.5203981660e-02 1.3544064015e-02 5.3128069081e-01 4.6871896688e-01 1.0000000000e-03
2.6700000000e+02 1.4400947839e-02 1.5187287703e-02 1.3510403223e-02 5.3107423989e-01 4.6892541719e-01 1.0000000000e-03
2.6800000000e+02 1.4376242645e-02 1.5178581700e-02 1.3468020596e-02 5.3095242391e-01 4.6904723255e-01 1.0000000000e-03
2.6900000000e+02 1.4352012426e-02 1.5171692707e-02 1.3424309902e-02 5.3091245504e-01 4.6908720080e-01 1.0000000000e-03
2.7000000000e+02 1.4328138903e-02 1.5160019509e-02 1.3386570849e-02 5.3092742646e-01 4.6907222877e-01 1.0000000000e-03
2.7100000000e+02 1.4304449782e-02 1.5138846822e-02 1.3359924778e-02 5.3095571556e-01 4.6904393905e-01 1.0000000000e-03
2.7200000000e+02 1.4280969277e-02 1.5106284991e-02 1.3346737251e-02 5.3095214792e-01 4.6904750609e-01 1.0000000000e-03
2.7300000000e+02 1.4257498085e-02 1.5063534491e-02 1.3345355168e-02 5.3088093149e-01 4.6911872192e-01 1.0000000000e-03
2.7400000000e+02 1.4234136790e-02 1.5014936216e-02 1.3351102360e-02 5.3072561175e-01 4.6927404107e-01 1.0000000000e-03
2.7500000000e+02 1.4210859314e-02 1.4966647141e-02 1.3356902637e-02 5.3049473876e-01 4.6950491347e-01 1.0000000000e-03
2.7600000000e+02 1.4187783934e-02 1.4925165102e-02 1.3355542906e-02 5.3022032207e-01 4.6977932957e-01 1.0000000000e-03
2.7700000000e+02 1.4164918102e-02 1.4895023778e-02 1.3341787271e-02 5.2994864640e-01 4.7005100466e-01 1.0000000000e-03
2.7800000000e+02 1.4142286032e-02 1.4877138659e-02 1.3314547949e-02 5.2972513095e-01 4.7027451954e-01 1.0000000000e-03
2.7900000000e+02 1.4120031148e-02 1.4868334867e-02 1.3277635910e-02 5.2957840135e-01 4.7042124856e-01 1.0000000000e-03
2.8000000000e+02 1.4098019339e-02 1.4863176271e-02 1.3236873783e-02 5.2951431390e-01 4.7048533543e-01 1.0000000000e-03
2.8100000000e+02 1.4076367021e-02 1.4855002053e-02 1.3200057670e-02 5.2951232160e-01 4.7048732716e-01 1.0000000000e-03
2.8200000000e+02 1.4055037871e-02 1.4837986790e-02 1.3173806481e-02 5.2953156994e-01 4.7046807824e-01 1.0000000000e-03
2.8300000000e+02 1.4033809304e-02 1.4809839427e-02 1.3160381466e-02 5.2952699061e-01 4.7047265700e-01 1.0000000000e-03
2.8400000000e+02 1.4012656175e-02 1.4771171845e-02 1.3159170747e-02 5.2946002508e-01 4.7053962197e-01 1.0000000000e-03
2.8500000000e+02 1.3991525397e-02 1.4725943096e-02 1.3165648095e-02 5.2931107425e-01 4.7068857224e-01 1.0000000000e-03
2.8600000000e+02 1.3970522210e-02 1.4680802822e-02 1.3172505423e-02 5.2908752107e-01 4.7091212487e-01 1.0000000000e-03
2.8700000000e+02 1.3949691318e-02 1.4642452821e-02 1.3172187842e-02 5.2882171961e-01 4.7117792578e-01 1.0000000000e-03
2.8800000000e+02 1.3929095119e-02 1.4615247957e-02 1.3159818016e-02 5.2855955838e-01 4.7144008647e-01 1.0000000000e-03
2.8900000000e+02 1.3908666559e-02 1.4599932358e-02 1.3134322129e-02 5.2834582193e-01 4.7165382238e-01 1.0000000000e-03
2.9000000000e+02 1.3888512738e-02 1.4593360946e-02 1.3099388219e-02 5.2820862846e-01 4.7179101531e-01 1.0000000000e-03
2.9100000000e+02 1.3868730515e-02 1.4589687809e-02 1.3061756268e-02 5.2815058875e-01 4.7184905447e-01 1.0000000000e-03
2.9200000000e+02 1.3849236071e-02 1.4582148753e-02 1.3028888963e-02 5.2814826231e-01 4.7185138037e-01 1.0000000000e-03
2.9300000000e+02 1.3829955831e-02 1.4565713704e-02 1.3006381691e-02 5.2816115270e-01 4.7183848945e-01 1.0000000000e-03
2.9400000000e+02 1.3810789213e-02 1.4537982643e-02 1.2996860780e-02 5.2814351222e-01 4.7185612940e-01 1.0000000000e-03
2.9500000000e+02 1.3791657984e-02 1.4499970712e-02 1.2999133207e-02 5.2805802621e-01 4.7194161488e-01 1.0000000000e-03
2.9600000000e+02 1.3772547245e-02 1.4456762001e-02 1.3007497415e-02 5.2789066003e-01 4.7210898054e-01 1.0000000000e-03
2.9700000000e+02 1.3753625564e-02 1.4415872283e-02 1.3013835065e-02 5.2765726604e-01 4.7234237402e-01 1.0000000000e-03
2.9800000000e+02 1.3734834269e-02 1.4383646660e-02 1.3010808267e-02 5.2739720690e-01 4.7260243264e-01 1.0000000000e-03
2.9900000000e+02 1.3716218993e-02 1.4362933114e-02 1.2995229103e-02 5.2715709401e-01 4.7284254503e-01 1.0000000000e-03
3.0000000000e+02 1.3697830029e-02 1.4352872968e-02 1.2968083844e-02 5.2697566375e-01 4.7302397479e-01 1.0000000000e-03
3.0100000000e+02 1.3679742813e-02 1.4349995181e-02 1.2933356687e-02 5.2687423728e-01 4.7312540074e-01 1.0000000000e-03
3.0200000000e+02 1.3661917299e-02 1.4347510412e-02 1.2898535468e-02 5.2684584969e-01 4.7315378783e-01 1.0000000000e-03
3.0300000000e+02 1.3644360006e-02 1.4338199049e-02 1.2871767394e-02 5.2685590442e-01 4.7314373259e-01 1.0000000000e-03
3.0400000000e+02 1.3626966625e-02 1.4318017289e-02 1.2857470661e-02 5.2685754465e-01 4.7314209187e-01 1.0000000000e-03
3.0500000000e+02 1.3609612361e-02 1.4286797494e-02 1.2855707668e-02 5.2680802307e-01 4.7319161295e-01 1.0000000000e-03
3.0600000000e+02 1.3592241332e-02 1.4247941785e-02 1.2862624601e-02 5.2668214097e-01 4.7331749457e-01 1.0000000000e-03
3.0700000000e+02 1.3575019315e-02 1.4207899570e-02 1.2871361338e-02 5.2648173377e-01 4.7351790128e-01 1.0000000000e-03
3.0800000000e+02 1.3557975180e-02 1.4173919335e-02 1.2873819098e-02 5.2623688472e-01 4.7376274985e-01 1.0000000000e-03
3.0900000000e+02 1.3540988788e-02 1.4150594361e-02 1.2864533812e-02 5.2599343681e-01 4.7400619730e-01 1.0000000000e-03
3.1000000000e+02 1.3524251059e-02 1.4139015228e-02 1.2842609547e-02 5.2579645994e-01 4.7420317369e-01 1.0000000000e-03
3.1100000000e+02 1.3507695869e-02 1.4136177488e-02 1.2811185792e-02 5.2567527563e-01 4.7432435752e-01 1.0000000000e-03
3.1200000000e+02 1.3491451740e-02 1.4135767706e-02 1.2777518481e-02 5.2563110904e-01 4.7436852364e-01 1.0000000000e-03
3.1300000000e+02 1.3475470245e-02 1.4130619355e-02 1.2749517336e-02 5.2563697969e-01 4.7436265253e-01 1.0000000000e-03
3.1400000000e+02 1.3459593989e-02 1.4115205035e-02 1.2733099051e-02 5.2564717887e-01 4.7435245287e-01 1.0000000000e-03
3.1500000000e+02 1.3443814591e-02 1.4088133350e-02 1.2729925103e-02 5.2561470571e-01 4.7438492558e-01 1.0000000000e-03
3.1600000000e+02 1.3428066857e-02 1.4052616432e-02 1.2736372650e-02 5.2550990360e-01 4.7448972723e-01 1.0000000000e-03
3.1700000000e+02 1.3412365690e-02 1.4014722779e-02 1.2745730579e-02 5.2532991516e-01 4.7466971522e-01 1.0000000000e-03
3.1800000000e+02 1.3396780938e-02 1.3981555589e-02 1.2750200927e-02 5.2510007233e-01 4.7489955760e-01 1.0000000000e-03
3.1900000000e+02 1.3381343335e-02 1.3958559372e-02 1.2743724510e-02 5.2486482259e-01 4.7513480689e-01 1.0000000000e-03
3.2000000000e+02 1.3366058469e-02 1.3947390951e-02 1.2724391185e-02 5.2467100548e-01 4.7532862356e-01 1.0000000000e-03
3.2100000000e+02 1.3350982219e-02 1.3945620507e-02 1.2694940902e-02 5.2455120745e-01 4.7544842115e-01 1.0000000000e-03
3.2200000000e+02 1.3336137868e-02 1.3946932741e-02 1.2662383728e-02 5.2450978743e-01 4.7548984073e-01 1.0000000000e-03
3.2300000000e+02 1.3321546838e-02 1.3943566941e-02 1.2635383755e-02 5.2451972731e-01 4.7547990041e-01 1.0000000000e-03
3.2400000000e+02 1.3307124376e-02 1.3929774053e-02 1.2620227411e-02 5.2453392421e-01 4.7546570307e-01 1.0000000000e-03
3.2500000000e+02 1.3292739168e-02 1.3904534280e-02 1.2617891654e-02 5.2450608695e-01 4.7549353990e-01 1.0000000000e-03
3.2600000000e+02 1.3278335333e-02 1.3870873488e-02 1.2624990195e-02 5.2440654867e-01 4.7559307776e-01 1.0000000000e-03
3.2700000000e+02 1.3264029287e-02 1.3834818266e-02 1.2635107152e-02 5.2423205179e-01 4.7576757421e-01 1.0000000000e-03
3.2800000000e+02 1.3249810785e-02 1.3804110698e-02 1.2639599852e-02 5.2401069420e-01 4.7598893139e-01 1.0000000000e-03
3.2900000000e+02 1.3235731050e-02 1.3784286566e-02 1.2632376514e-02 5.2378987672e-01 4.7620974846e-01 1.0000000000e-03
3.3000000000e+02 1.3221769594e-02 1.3776124455e-02 1.2612463906e-02 5.2361572488e-01 4.7638389988e-01 1.0000000000e-03
3.3100000000e+02 1.3208020478e-02 1.3776429929e-02 1.2583513744e-02 5.2351687675e-01 4.7648274760e-01 1.0000000000e-03
3.3200000000e+02 1.3194542378e-02 1.3778841123e-02 1.2552635744e-02 5.2349357142e-01 4.7650605252e-01 1.0000000000e-03
3.3300000000e+02 1.3181242160e-02 1.3775382191e-02 1.2528471649e-02 5.2351439941e-01 4.7648522412e-01 1.0000000000e-03
3.3400000000e+02 1.3168057427e-02 1.3760926202e-02 1.2516641058e-02 5.2353052009e-01 4.7646910303e-01 1.0000000000e-03
3.3500000000e+02 1.3154835440e-02 1.3734889217e-02 1.2517587282e-02 5.2349589978e-01 4.7650372294e-01 1.0000000000e-03
3.3600000000e+02 1.3141719624e-02 1.3701315969e-02 1.2527219951e-02 5.2338449338e-01 4.7661512893e-01 1.0000000000e-03
3.3700000000e+02 1.3128625229e-02 1.3668046333e-02 1.2536708266e-02 5.2320467452e-01 4.7679494741e-01 1.0000000000e-03
3.3800000000e+02 1.3115601614e-02 1.3641722500e-02 1.2538776733e-02 5.2299061332e-01 4.7700900822e-01 1.0000000000e-03
3.3900000000e+02 1.3102719560e-02 1.3626807369e-02 1.2528581545e-02 5.2279095760e-01 4.7720866355e-01 1.0000000000e-03
3.4000000000e+02 1.3090043329e-02 1.3623525389e-02 1.2505943887e-02 5.2265038800e-01 4.7734923276e-01 1.0000000000e-03
3.4100000000e+02 1.3077511452e-02 1.3626947999e-02 1.2476088479e-02 5.2258978446e-01 4.7740983592e-01 1.0000000000e-03
3.4200000000e+02 1.3065222651e-02 1.3629102148e-02 1.2447977439e-02 5.2259546577e-01 4.7740415422e-01 1.0000000000e-03
3.4300000000e+02 1.3053039089e-02 1.3623191975e-02 1.2428844348e-02 5.2262813381e-01 4.7737148579e-01 1.0000000000e-03
3.4400000000e+02 1.3040957972e-02 1.3605329208e-02 1.2423072010e-02 5.2263639105e-01 4.7736322818e-01 1.0000000000e-03
3.4500000000e+02 1.3028843328e-02 1.3576594181e-02 1.2429293245e-02 5.2257858033e-01 4.7742103852e-01 1.0000000000e-03
3.4600000000e+02 1.3016851619e-02 1.3544093817e-02 1.2440058403e-02 5.2244514218e-01 4.7755447630e-01 1.0000000000e-03
3.4700000000e+02 1.3004820794e-02 1.3514854945e-02 1.2447277084e-02 5.2225663678e-01 4.7774298133e-01 1.0000000000e-03
3.4800000000e+02 1.2992951088e-02 1.3494448736e-02 1.2445182540e-02 5.2205346868e-01 4.7794614907e-01 1.0000000000e-03
3.4900000000e+02 1.2981174514e-02 1.3487145305e-02 1.2428882532e-02 5.2188981658e-01 4.7810980082e-01 1.0000000000e-03
3.5000000000e+02 1.2969586067e-02 1.3489919715e-02 1.2401816435e-02 5.2180207072e-01 4.7819754631e-01 1.0000000000e-03
3.5100000000e+02 1.2958204374e-02 1.3494577259e-02 1.2372960337e-02 5.2178984443e-01 4.7820977224e-01 1.0000000000e-03
3.5200000000e+02 1.2946996838e-02 1.3494211249e-02 1.2349841185e-02 5.2182483093e-01 4.7817478538e-01 1.0000000000e-03
3.5300000000e+02 1.2935823761e-02 1.3483052142e-02 1.2338571250e-02 5.2185845646e-01 4.7814115949e-01 1.0000000000e-03
3.5400000000e+02 1.2924719602e-02 1.3459468260e-02 1.2341132388e-02 5.2183985773e-01 4.7815975787e-01 1.0000000000e-03
3.5500000000e+02 1.2913576327e-02 1.3428952545e-02 1.2351341546e-02 5.2174584148e-01 4.7825377377e-01 1.0000000000e-03
3.5600000000e+02 1.2902537361e-02 1.3398829848e-02 1.2361474335e-02 5.2158471397e-01 4.7841490093e-01 1.0000000000e-03
3.5700000000e+02 1.2891558930e-02 1.3375873677e-02 1.2363960966e-02 5.2139187742e-01 4.7860773714e-01 1.0000000000e-03
3.5800000000e+02 1.2880662456e-02 1.3365315273e-02 1.2353057042e-02 5.2122063661e-01 4.7877897761e-01 1.0000000000e-03
3.5900000000e+02 1.2869840488e-02 1.3366523199e-02 1.2329366058e-02 5.2111669096e-01 4.7888292293e-01 1.0000000000e-03
3.6000000000e+02 1.2859316543e-02 1.3372759335e-02 1.2300655246e-02 5.2109296709e-01 4.7890664645e-01 1.0000000000e-03
3.6100000000e+02 1.2848955579e-02 1.3375906274e-02 1.2275515124e-02 5.2112854318e-01 4.7887107002e-01 1.0000000000e-03
3.6200000000e+02 1.2838667259e-02 1.3368904591e-02 1.2261541560e-02 5.2117591774e-01 4.7882369513e-01 1.0000000000e-03
3.6300000000e+02 1.2828398496e-02 1.3349722140e-02 1.2260955758e-02 5.2118391585e-01 4.7881569669e-01 1.0000000000e-03
3.6400000000e+02 1.2818146497e-02 1.3321653940e-02 1.2270239182e-02 5.2111969889e-01 4.7887991332e-01 1.0000000000e-03
3.6500000000e+02 1.2807954103e-02 1.3291231357e-02 1.2282351032e-02 5.2098021356e-01 4.7901939832e-01 1.0000000000e-03
3.6600000000e+02 1.2797726318e-02 1.3267484494e-02 1.2287197635e-02 5.2080018999e-01 4.7919942157e-01 1.0000000000e-03
3.6700000000e+02 1.2787649408e-02 1.3255779631e-02 1.2279230170e-02 5.2063232824e-01 4.7936728301e-01 1.0000000000e-03
3.6800000000e+02 1.2777693570e-02 1.3255981728e-02 1.2258470058e-02 5.2052387243e-01 4.7947573850e-01 1.0000000000e-03
3.6900000000e+02 1.2767922133e-02 1.3263310306e-02 1.2230191380e-02 5.2049770452e-01 4.7950190609e-01 1.0000000000e-03
3.7000000000e+02 1.2758316472e-02 1.3268315233e-02 1.2204641476e-02 5.2053576265e-01 4.7946384764e-01 1.0000000000e-03
3.7100000000e+02 1.2748776004e-02 1.3263977133e-02 1.2189323083e-02 5.2059319678e-01 4.7940641319e-01 1.0000000000e-03
3.7200000000e+02 1.2739332393e-02 1.3247660361e-02 1.2187289074e-02 5.2061833352e-01 4.7938127614e-01 1.0000000000e-03
3.7300000000e+02 1.2729804963e-02 1.3220828027e-02 1.2196655385e-02 5.2057118081e-01 4.7942842854e-01 1.0000000000e-03
3.7400000000e+02 1.2720325962e-02 1.3191113248e-02 1.2209404260e-02 5.2044650092e-01 4.7955310813e-01 1.0000000000e-03
3.7500000000e+02 1.2710953131e-02 1.3167889789e-02 1.2215398252e-02 5.2027804819e-01 4.7972156055e-01 1.0000000000e-03
3.7600000000e+02 1.2701625004e-02 1.3156027533e-02 1.2209136039e-02 5.2011674251e-01 4.7988286593e-01 1.0000000000e-03
3.7700000000e+02 1.2692393735e-02 1.3156672940e-02 1.2189407833e-02 5.2001316351e-01 4.7998644464e-01 1.0000000000e-03
3.7800000000e+02 1.2683315203e-02 1.3165343553e-02 1.2161138467e-02 5.1999434652e-01 4.8000526133e-01 1.0000000000e-03
3.7900000000e+02 1.2674393132e-02 1.3171309605e-02 1.2135990895e-02 5.2004038547e-01 4.7995922208e-01 1.0000000000e-03
3.8000000000e+02 1.2665640563e-02 1.3168024831e-02 1.2121168897e-02 5.2010609563e-01 4.7989351163e-01 1.0000000000e-03
3.8100000000e+02 1.2656837702e-02 1.3152792118e-02 1.2119260617e-02 5.2014027662e-01 4.7985933034e-01 1.0000000000e-03
3.8200000000e+02 1.2648077682e-02 1.3126184233e-02 1.2129934505e-02 5.2009852218e-01 4.7990108449e-01 1.0000000000e-03
3.8300000000e+02 1.2639295310e-02 1.3097584248e-02 1.2142865919e-02 5.1997989604e-01 4.8001971035e-01 1.0000000000e-03
3.8400000000e+02 1.2630598620e-02 1.3075743802e-02 1.2148715556e-02 5.1981944409e-01 4.8018016201e-01 1.0000000000e-03
3.8500000000e+02 1.2621944770e-02 1.3065450825e-02 1.2142125517e-02 5.1966892316e-01 4.8033068266e-01 1.0000000000e-03
3.8600000000e+02 1.2613398954e-02 1.3068167493e-02 1.2121567503e-02 5.1958095020e-01 4.8041865534e-01 1.0000000000e-03
3.8700000000e+02 1.2605012394e-02 1.3077758253e-02 1.2093747035e-02 5.1957744791e-01 4.8042215734e-01 1.0000000000e-03
3.8800000000e+02 1.2596799061e-02 1.3083924539e-02 1.2069862336e-02 5.1963540717e-01 4.8036419781e-01 1.0000000000e-03
3.8900000000e+02 1.2588644400e-02 1.3080793433e-02 1.2056110427e-02 5.1971005024e-01 4.8028955446e-01 1.0000000000e-03
3.9000000000e+02 1.2580482289e-02 1.3064123690e-02 1.2057087384e-02 5.1974337913e-01 4.8025622529e-01 1.0000000000e-03
3.9100000000e+02 1.2572329491e-02 1.3037251309e-02 1.2069287710e-02 5.1969673267e-01 4.8030287148e-01 1.0000000000e-03
3.9200000000e+02 1.2564245611e-02 1.3010288589e-02 1.2081859633e-02 5.1957707754e-01 4.8042252634e-01 1.0000000000e-03
3.9300000000e+02 1.2556167319e-02 1.2990389951e-02 1.2086859904e-02 5.1942084261e-01 4.8057876100e-01 1.0000000000e-03
3.9400000000e+02 1.2548094615e-02 1.2983492576e-02 1.2077770196e-02 5.1928575433e-01 4.8071384903e-01 1.0000000000e-03
3.9500000000e+02 1.2540206313e-02 1.2989311479e-02 1.2055199593e-02 5.1922206160e-01 4.8077754149e-01 1.0000000000e-03
3.9600000000e+02 1.2532467023e-02 1.2999555096e-02 1.2028001249e-02 5.1924080294e-01 4.8075879988e-01 1.0000000000e-03
3.9700000000e+02 1.2524882331e-02 1.3005511835e-02 1.2005636469e-02 5.1931556124e-01 4.8068404132e-01 1.0000000000e-03
3.9800000000e+02 1.2517327443e-02 1.3000001200e-02 1.1995711364e-02 5.1939290850e-01 4.8060669379e-01 1.0000000000e-03
3.9900000000e+02 1.2509772554e-02 1.2980741449e-02 1.2000760064e-02 5.1941501095e-01 4.8058459109e-01 1.0000000000e-03
4.0000000000e+02 1.2502191588e-02 1.2953700498e-02 1.2014328502e-02 5.1935463876e-01 4.8064496303e-01 1.0000000000e-03
4.0100000000e+02 1.2494658120e-02 1.2928085402e-02 1.2026577257e-02 5.1922544611e-01 4.8077415542e-01 1.0000000000e-03
4.0200000000e+02 1.2487161905e-02 1.2912369333e-02 1.2028235011e-02 5.1907536049e-01 4.8092424079e-01 1.0000000000e-03
4.0300000000e+02 1.2479716912e-02 1.2910470366e-02 1.2015009299e-02 5.1896408016e-01 4.8103552087e-01 1.0000000000e-03
4.0400000000e+02 1.2472445145e-02 1.2919521891e-02 1.1990186758e-02 5.1893305879e-01 4.8106654199e-01 1.0000000000e-03
4.0500000000e+02 1.2465295382e-02 1.2930289842e-02 1.1963612400e-02 5.1898132689e-01 4.8101827365e-01 1.0000000000e-03
4.0600000000e+02 1.2458276004e-02 1.2933835387e-02 1.1945012957e-02 5.1907044863e-01 4.8092915166e-01 1.0000000000e-03
4.0700000000e+02 1.2451294810e-02 1.2924270704e-02 1.1940672994e-02 5.1914126329e-01 4.8085833675e-01 1.0000000000e-03
4.0800000000e+02 1.2444257736e-02 1.2901654467e-02 1.1950456537e-02 5.1914083264e-01 4.8085876716e-01 1.0000000000e-03
4.0900000000e+02 1.2437230907e-02 1.2874479406e-02 1.1965340935e-02 5.1905673062e-01 4.8094286895e-01 1.0000000000e-03
4.1000000000e+02 1.2430243194e-02 1.2852295302e-02 1.1975008063e-02 5.1891781585e-01 4.8108178347e-01 1.0000000000e-03
4.1100000000e+02 1.2423291802e-02 1.2842574157e-02 1.1971290223e-02 5.1878165276e-01 4.8121794634e-01 1.0000000000e-03
4.1200000000e+02 1.2416435406e-02 1.2846427038e-02 1.1953031644e-02 5.1870470630e-01 4.8129489256e-01 1.0000000000e-03
4.1300000000e+02 1.2409696355e-02 1.2858418748e-02 1.1926085688e-02 5.1871509370e-01 4.8128450493e-01 1.0000000000e-03
4.1400000000e+02 1.2403150089e-02 1.2867974117e-02 1.1902028695e-02 5.1879339241e-01 4.8120620598e-01 1.0000000000e-03
4.1500000000e+02 1.2396648526e-02 1.2867194600e-02 1.1889163405e-02 5.1888934534e-01 4.8111025282e-01 1.0000000000e-03
4.1600000000e+02 1.2390105054e-02 1.2851343490e-02 1.1892562732e-02 5.1893779765e-01 4.8106180028e-01 1.0000000000e-03
4.1700000000e+02 1.2383608148e-02 1.2825854123e-02 1.1906620115e-02 5.1890235124e-01 4.8109724646e-01 1.0000000000e-03
4.1800000000e+02 1.2377066538e-02 1.2800523080e-02 1.1920547113e-02 5.1879190478e-01 4.8120769270e-01 1.0000000000e-03
4.1900000000e+02 1.2370565906e-02 1.2783427723e-02 1.1925725266e-02 5.1864829000e-01 4.8135130726e-01 1.0000000000e-03
4.2000000000e+02 1.2364149094e-02 1.2781903148e-02 1.1914230883e-02 5.1854013659e-01 4.8145946046e-01 1.0000000000e-03
4.2100000000e+02 1.2357823551e-02 1.2791696005e-02 1.1890600435e-02 5.1851149037e-01 4.8148810646e-01 1.0000000000e-03
4.2200000000e+02 1.2351660058e-02 1.2804525904e-02 1.1863874272e-02 5.1856691258e-01 4.8143268403e-01 1.0000000000e-03
4.2300000000e+02 1.2345589697e-02 1.2810616754e-02 1.1844498105e-02 5.1866946642e-01 4.8133012997e-01 1.0000000000e-03
4.2400000000e+02 1.2339604087e-02 1.2801669538e-02 1.1841543019e-02 5.1875055339e-01 4.8124904278e-01 1.0000000000e-03
4.2500000000e+02 1.2333516032e-02 1.2780367397e-02 1.1851835065e-02 5.1876027055e-01 4.8123932540e-01 1.0000000000e-03
4.2600000000e+02 1.2327435426e-02 1.2753627263e-02 1.1868168600e-02 5.1868234203e-01 4.8131725371e-01 1.0000000000e-03
4.2700000000e+02 1.2321358547e-02 1.2732238509e-02 1.1878830381e-02 5.1854787605e-01 4.8145171949e-01 1.0000000000e-03
4.2800000000e+02 1.2315349653e-02 1.2724732980e-02 1.1874656193e-02 5.1842090867e-01 4.8157868667e-01 1.0000000000e-03
4.2900000000e+02 1.2309401296e-02 1.2731111608e-02 1.1855551042e-02 5.1835935675e-01 4.8164023837e-01 1.0000000000e-03
4.3000000000e+02 1.2303620577e-02 1.2745242566e-02 1.1828284711e-02 5.1838914323e-01 4.8161045169e-01 1.0000000000e-03
4.3100000000e+02 1.2297999114e-02 1.2755803764e-02 1.1805052869e-02 5.1848570803e-01 4.8151388668e-01 1.0000000000e-03
4.3200000000e+02 1.2292377651e-02 1.2753218412e-02 1.1795963161e-02 5.1858678443e-01 4.8141281008e-01 1.0000000000e-03
4.3300000000e+02 1.2286724523e-02 1.2736514211e-02 1.1802124791e-02 5.1863199935e-01 4.8136759496e-01 1.0000000000e-03
4.3400000000e+02 1.2281061150e-02 1.2710330077e-02 1.1818654835e-02 5.1858637336e-01 4.8141322075e-01 1.0000000000e-03
4.3500000000e+02 1.2275414541e-02 1.2686031871e-02 1.1833312921e-02 5.1846658469e-01 4.8153300922e-01 1.0000000000e-03
4.3600000000e+02 1.2269813567e-02 1.2673973106e-02 1.1834900826e-02 5.1833167753e-01 4.8166791619e-01 1.0000000000e-03
4.3700000000e+02 1.2264247984e-02 1.2676903047e-02 1.1820344254e-02 5.1824676424e-01 4.8175282928e-01 1.0000000000e-03
4.3800000000e+02 1.2258803472e-02 1.2690577656e-02 1.1794320308e-02 5.1825229145e-01 4.8174730188e-01 1.0000000000e-03
4.3900000000e+02 1.2253521010e-02 1.2704059482e-02 1.1768685654e-02 5.1833809321e-01 4.8166149993e-01 1.0000000000e-03
4.4000000000e+02 1.2248314917e-02 1.2706594542e-02 1.1754930019e-02 5.1844948998e-01 4.8155010296e-01 1.0000000000e-03
4.4100000000e+02 1.2243092060e-02 1.2694198638e-02 1.1757289991e-02 5.1852037171e-01 4.8147922104e-01 1.0000000000e-03
4.4200000000e+02 1.2237813324e-02 1.2669501826e-02 1.1772957630e-02 5.1850230266e-01 4.8149728990e-01 1.0000000000e-03
4.4300000000e+02 1.2232553214e-02 1.2643666938e-02 1.1790036224e-02 5.1839888163e-01 4.8160071075e-01 1.0000000000e-03
4.4400000000e+02 1.2227293104e-02 1.2627994642e-02 1.1796221137e-02 5.1826173629e-01 4.8173785591e-01 1.0000000000e-03
4.4500000000e+02 1.2222094461e-02 1.2628100812e-02 1.1785491370e-02 5.1816123886e-01 4.8183835316e-01 1.0000000000e-03
4.4600000000e+02 1.2216991745e-02 1.2640976347e-02 1.1761080474e-02 5.1814800708e-01 4.8185158476e-01 1.0000000000e-03
4.4700000000e+02 1.2212075293e-02 1.2656071223e-02 1.1734503321e-02 5.1822237368e-01 4.8177721797e-01 1.0000000000e-03
4.4800000000e+02 1.2207217515e-02 1.2662813067e-02 1.1716937646e-02 5.1833999420e-01 4.8165959727e-01 1.0000000000e-03
4.4900000000e+02 1.2202352285e-02 1.2653199956e-02 1.1717011221e-02 5.1842673799e-01 4.8157285330e-01 1.0000000000e-03
4.5000000000e+02 1.2197435834e-02 1.2630407698e-02 1.1731335893e-02 5.1842929631e-01 4.8157029480e-01 1.0000000000e-03
4.5100000000e+02 1.2192527764e-02 1.2603866868e-02 1.1749874800e-02 5.1833965315e-01 4.8165993779e-01 1.0000000000e-03
4.5200000000e+02 1.2187611312e-02 1.2586196885e-02 1.1758913286e-02 5.1820474209e-01 4.8179484868e-01 1.0000000000e-03
4.5300000000e+02 1.2182788923e-02 1.2583605945e-02 1.1751884595e-02 5.1809311161e-01 4.8190647899e-01 1.0000000000e-03
4.5400000000e+02 1.2178009376e-02 1.2596352026e-02 1.1728309095e-02 5.1806806492e-01 4.8193152551e-01 1.0000000000e-03
4.5500000000e+02 1.2173370458e-02 1.2612424791e-02 1.1701278389e-02 5.1813496730e-01 4.8186462295e-01 1.0000000000e-03
4.5600000000e+02 1.2168874964e-02 1.2621710077e-02 1.1681731790e-02 5.1825528700e-01 4.8174430309e-01 1.0000000000e-03
4.5700000000e+02 1.2164369226e-02 1.2614426203e-02 1.1680025607e-02 5.1835281097e-01 4.8164677894e-01 1.0000000000e-03
4.5800000000e+02 1.2159781530e-02 1.2592432089e-02 1.1694143526e-02 5.1836686056e-01 4.8163272918e-01 1.0000000000e-03
4.5900000000e+02 1.2155194767e-02 1.2566538528e-02 1.1712627485e-02 5.1828867950e-01 4.8171091009e-01 1.0000000000e-03
4.6000000000e+02 1.2150597759e-02 1.2546346523e-02 1.1725042015e-02 5.1815170933e-01 4.8184788010e-01 1.0000000000e-03
4.6100000000e+02 1.2146083638e-02 1.2544005178e-02 1.1718384922e-02 5.1803795757e-01 4.8196163169e-01 1.0000000000e-03
4.6200000000e+02 1.2141607702e-02 1.2555708177e-02 1.1696579866e-02 5.1800537193e-01 4.8199421718e-01 1.0000000000e-03
4.6300000000e+02 1.2137282640e-02 1.2573548593e-02 1.1668305844e-02 5.1807192040e-01 4.8192766855e-01 1.0000000000e-03
4.6400000000e+02 1.2133111246e-02 1.2583629228e-02 1.1648577638e-02 5.1819406399e-01 4.8180552479e-01 1.0000000000e-03
4.6500000000e+02 1.2128913775e-02 1.2577474117e-02 1.1646288447e-02 5.1829668618e-01 4.8170290244e-01 1.0000000000e-03
4.6600000000e+02 1.2124691159e-02 1.2556637637e-02 1.1659901589e-02 5.1831849120e-01 4.8168109727e-01 1.0000000000e-03
4.6700000000e+02 1.2120348401e-02 1.2529000640e-02 1.1680764146e-02 5.1823846857e-01 4.8176111975e-01 1.0000000000e-03
4.6800000000e+02 1.2116095051e-02 1.2509994209e-02 1.1692610569e-02 5.1810322777e-01 4.8189636040e-01 1.0000000000e-03
4.6900000000e+02 1.2111833319e-02 1.2507187203e-02 1.1686982587e-02 5.1798792963e-01 4.8201165839e-01 1.0000000000e-03
4.7000000000e+02 1.2107668445e-02 1.2519834563e-02 1.1664805934e-02 5.1795682529e-01 4.8204276258e-01 1.0000000000e-03
4.7100000000e+02 1.2103639543e-02 1.2538645416e-02 1.1636100709e-02 5.1802783110e-01 4.8197175662e-01 1.0000000000e-03
4.7200000000e+02 1.2099733576e-02 1.2548983097e-02 1.1616641656e-02 5.1815409196e-01 4.8184549560e-01 1.0000000000e-03
4.7300000000e+02 1.2095819227e-02 1.2542753480e-02 1.1615015566e-02 5.1825882599e-01 4.8174076143e-01 1.0000000000e-03
4.7400000000e+02 1.2091871351e-02 1.2520637363e-02 1.1630582623e-02 5.1827559227e-01 4.8172399499e-01 1.0000000000e-03
4.7500000000e+02 1.2087847106e-02 1.2493969873e-02 1.1651062407e-02 5.1819352070e-01 4.8180606642e-01 1.0000000000e-03
4.7600000000e+02 1.2083846144e-02 1.2474698946e-02 1.1663720012e-02 5.1805399820e-01 4.8194558878e-01 1.0000000000e-03
4.7700000000e+02 1.2079885229e-02 1.2473857030e-02 1.1656596325e-02 5.1794199874e-01 4.8205758810e-01 1.0000000000e-03
4.7800000000e+02 1.2075982988e-02 1.2488425709e-02 1.1632885784e-02 5.1792118828e-01 4.8207839842e-01 1.0000000000e-03
4.7900000000e+02 1.2072246522e-02 1.2507408857e-02 1.1604591273e-02 5.1800118128e-01 4.8199840528e-01 1.0000000000e-03
4.8000000000e+02 1.2068625540e-02 1.2517400086e-02 1.1586085893e-02 5.1813294928e-01 4.8186663713e-01 1.0000000000e-03
4.8100000000e+02 1.2064964511e-02 1.2509350665e-02 1.1586951092e-02 5.1823361858e-01 4.8176596770e-01 1.0000000000e-03
4.8200000000e+02 1.2061232701e-02 1.2486051768e-02 1.1604256928e-02 5.1824042105e-01 4.8175916508e-01 1.0000000000e-03
4.8300000000e+02 1.2057479471e-02 1.2458613142e-02 1.1626145802e-02 5.1814456106e-01 4.8185502494e-01 1.0000000000e-03
4.8400000000e+02 1.2053745799e-02 1.2442248873e-02 1.1636229232e-02 5.1800381810e-01 4.8199576777e-01 1.0000000000e-03
4.8500000000e+02 1.2050051242e-02 1.2443923391e-02 1.1626939289e-02 5.1790045433e-01 4.8209913141e-01 1.0000000000e-03
4.8600000000e+02 1.2046437711e-02 1.2460719794e-02 1.1601408944e-02 5.1789599591e-01 4.8210358969e-01 1.0000000000e-03
4.8700000000e+02 1.2042972259e-02 1.2480446137e-02 1.1572846211e-02 5.1799301861e-01 4.8200656686e-01 1.0000000000e-03
4.8800000000e+02 1.2039592490e-02 1.2488020584e-02 1.1557431892e-02 5.1812875687e-01 4.8187082847e-01 1.0000000000e-03
4.8900000000e+02 1.2036149390e-02 1.2476667762e-02 1.1562326923e-02 5.1821764636e-01 4.8178193885e-01 1.0000000000e-03
4.9000000000e+02 1.2032661587e-02 1.2451480143e-02 1.1582204141e-02 5.1820431365e-01 4.8179527142e-01 1.0000000000e-03
4.9100000000e+02 1.2029141188e-02 1.2424718589e-02 1.1603871360e-02 5.1809192443e-01 4.8190766052e-01 1.0000000000e-03
4.9200000000e+02 1.2025630102e-02 1.2411636300e-02 1.1610887013e-02 5.1794937405e-01 4.8205021078e-01 1.0000000000e-03
4.9300000000e+02 1.2022174895e-02 1.2418002822e-02 1.1597025208e-02 5.1786371483e-01 4.8213586988e-01 1.0000000000e-03
4.9400000000e+02 1.2018823065e-02 1.2437432073e-02 1.1569163762e-02 5.1788571708e-01 4.8211386750e-01 1.0000000000e-03
4.9500000000e+02 1.2015616521e-02 1.2456319295e-02 1.1542004533e-02 5.1800207921e-01 4.8199750524e-01 1.0000000000e-03
4.9600000000e+02 1.2012477964e-02 1.2460000813e-02 1.1531276628e-02 5.1813739515e-01 4.8186218918e-01 1.0000000000e-03
4.9700000000e+02 1.2009246275e-02 1.2444487773e-02 1.1541119777e-02 5.1820677996e-01 4.8179280424e-01 1.0000000000e-03
4.9800000000e+02 1.2005934492e-02 1.2416192330e-02 1.1564761400e-02 5.1816130362e-01 4.8183828047e-01 1.0000000000e-03
4.9900000000e+02 1.2002636679e-02 1.2392639183e-02 1.1583460495e-02 5.1803262109e-01 4.8196696287e-01 1.0000000000e-03
5.0000000000e+02 1.1999398470e-02 1.2383961119e-02 1.1586299166e-02 5.1789319494e-01 4.8210638891e-01 1.0000000000e-03
