# time_s Ids_true_A Ids_pred_A Ids_physics_A T_mean_K
4.1760358727e-08 1.0031250000e+01 1.9447998047e+01 3.4739093781e+01 3.4256234741e+02
5.1360075304e-08 2.1375000000e+01 2.8091705322e+01 5.3542560577e+01 3.4333068848e+02
6.0960246628e-08 4.2000000000e+01 5.4847351074e+01 7.9073089600e+01 3.4366625977e+02
7.0560417953e-08 6.0343750000e+01 8.2060729980e+01 9.8674873352e+01 3.4467434692e+02
8.0160361904e-08 8.5031250000e+01 1.0723361206e+02 1.2103374481e+02 3.4528302002e+02
8.9760078481e-08 1.0725000000e+02 1.2527542114e+02 1.3759346008e+02 3.4648623657e+02
9.9360249806e-08 1.2943750000e+02 1.4183958435e+02 1.5745655823e+02 3.4736431885e+02
1.0896042113e-07 1.4840625000e+02 1.6262812805e+02 1.7965504456e+02 3.4887866211e+02
1.1856036508e-07 1.7168750000e+02 1.8010984802e+02 1.9703666687e+02 3.5001889038e+02
1.2816008166e-07 1.9215625000e+02 1.9922949219e+02 2.1303002930e+02 3.5180300903e+02
1.3776025298e-07 2.1053125000e+02 2.1632124329e+02 2.2695260620e+02 3.5317480469e+02
1.4736042431e-07 2.2796875000e+02 2.4341857910e+02 2.4596623230e+02 3.5529019165e+02
1.5696036826e-07 2.4431250000e+02 2.6864544678e+02 2.6410751343e+02 3.5693423462e+02
1.6656008484e-07 2.6412500000e+02 2.7939880371e+02 2.7117239380e+02 3.5917443848e+02
1.7616025616e-07 2.7378125000e+02 2.8299069214e+02 2.7693872070e+02 3.6087609863e+02
1.8576042748e-07 2.8675000000e+02 3.0196331787e+02 2.9170147705e+02 3.6332849121e+02
1.9536037144e-07 3.0181250000e+02 2.9885821533e+02 2.9808804321e+02 3.6504446411e+02
2.0496008801e-07 3.0959375000e+02 3.1660772705e+02 3.1508166504e+02 3.6771316528e+02
2.1456003196e-07 3.2462500000e+02 3.1201489258e+02 3.1719317627e+02 3.6940759277e+02
2.2416043066e-07 3.3140625000e+02 3.3060336304e+02 3.3545046997e+02 3.7231072998e+02
2.3376037461e-07 3.4006250000e+02 3.3324652100e+02 3.4187969971e+02 3.7405905151e+02
2.4336031856e-07 3.5053125000e+02 3.5582754517e+02 3.5840850830e+02 3.7724322510e+02
2.5296003514e-07 3.6309375000e+02 3.5631103516e+02 3.5841302490e+02 3.7898889160e+02
2.6256043384e-07 3.6790625000e+02 3.8253472900e+02 3.7345788574e+02 3.8243276978e+02
2.7216037779e-07 3.7925000000e+02 3.8670944214e+02 3.7516738892e+02 3.8417016602e+02
2.8176032174e-07 3.8568750000e+02 4.2875540161e+02 3.9157031250e+02 3.8790567017e+02
2.9136003832e-07 3.9493750000e+02 4.5038061523e+02 3.9878637695e+02 3.8971380615e+02
3.0096043702e-07 3.9765625000e+02 4.2057342529e+02 3.9423678589e+02 3.9335296631e+02
3.1056038097e-07 4.0946875000e+02 4.3677496338e+02 4.1105737305e+02 3.9534646606e+02
3.2016032492e-07 4.1406250000e+02 4.1897692871e+02 4.1908853149e+02 3.9904745483e+02
3.2976004150e-07 4.1815625000e+02 4.0547711182e+02 4.2051910400e+02 4.0097998047e+02
3.3936044019e-07 4.2425000000e+02 4.0925973511e+02 4.2296929932e+02 4.0472521973e+02
3.4896038414e-07 4.3287500000e+02 3.9668289185e+02 4.2675857544e+02 4.0662176514e+02
3.5856032810e-07 4.3531250000e+02 4.1658413696e+02 4.3385375977e+02 4.1050628662e+02
3.6816004467e-07 4.4296875000e+02 4.1483868408e+02 4.4256082153e+02 4.1245205688e+02
3.7775998862e-07 4.4200000000e+02 4.2417474365e+02 4.4304531860e+02 4.1636895752e+02
3.8736038732e-07 4.4987500000e+02 4.5681475830e+02 4.6243249512e+02 4.1856518555e+02
3.9696033127e-07 4.5765625000e+02 4.7593270874e+02 4.6663696289e+02 4.2256372070e+02
4.0656004785e-07 4.6300000000e+02 4.8089511108e+02 4.7301855469e+02 4.2480245972e+02
4.1615999180e-07 4.6781250000e+02 4.8906054688e+02 4.6556359863e+02 4.2871746826e+02
4.2576039050e-07 4.6859375000e+02 4.8808517456e+02 4.7173181152e+02 4.3099044800e+02
4.3536033445e-07 4.7415625000e+02 4.8416094971e+02 4.6963809204e+02 4.3486364746e+02
4.4496027840e-07 4.7543750000e+02 4.6917559814e+02 4.7542312622e+02 4.3714447021e+02
4.5455999498e-07 4.7918750000e+02 4.5910055542e+02 4.7530230713e+02 4.4098776245e+02
4.6416039368e-07 4.7928125000e+02 4.5713137817e+02 4.7780249023e+02 4.4326217651e+02
4.7376033763e-07 4.8590625000e+02 4.5673449707e+02 4.7907873535e+02 4.4710766602e+02
4.8336028158e-07 4.8940625000e+02 4.7485705566e+02 4.8425228882e+02 4.4944348145e+02
4.9295999816e-07 4.8665625000e+02 4.6476470947e+02 4.8440005493e+02 4.5325939941e+02
5.0256039685e-07 4.9359375000e+02 4.7780532837e+02 4.9661068726e+02 4.5573229980e+02
5.1216034080e-07 4.9725000000e+02 4.9565667725e+02 5.0571676636e+02 4.5967150879e+02
5.2176028476e-07 4.9934375000e+02 5.0792251587e+02 5.0371795654e+02 4.6211642456e+02
5.3136000133e-07 4.9796875000e+02 5.1769317627e+02 5.0518621826e+02 4.6607629395e+02
5.4096040003e-07 5.0243750000e+02 5.2144689941e+02 5.1402362061e+02 4.6860830688e+02
5.5056034398e-07 5.0400000000e+02 5.0389587402e+02 5.1156887817e+02 4.7248260498e+02
5.6016028793e-07 5.0653125000e+02 5.0980413818e+02 5.0729827881e+02 4.7495297241e+02
5.6976000451e-07 5.0718750000e+02 5.0712536621e+02 5.1094183350e+02 4.7884536743e+02
5.7936040321e-07 5.0556250000e+02 5.1163757324e+02 5.2210913086e+02 4.8143295288e+02
5.8896034716e-07 5.0793750000e+02 5.1457824707e+02 5.2284442139e+02 4.8532009888e+02
5.9856029111e-07 5.1231250000e+02 4.9847784424e+02 5.0054360962e+02 4.8759701538e+02
6.0816000769e-07 5.1240625000e+02 5.1305480957e+02 5.1955682373e+02 4.9171322632e+02
6.1776017901e-07 5.1412500000e+02 5.0090383911e+02 5.0782534790e+02 4.9381210327e+02
6.2736035034e-07 5.1553125000e+02 5.1586737061e+02 5.2147332764e+02 4.9809628296e+02
6.3696029429e-07 5.1787500000e+02 5.0855059814e+02 5.0980487061e+02 5.0002951050e+02
6.4656023824e-07 5.1853125000e+02 5.2448156738e+02 5.2277093506e+02 5.0447976685e+02
6.5616018219e-07 5.1946875000e+02 5.1997119141e+02 5.1676300049e+02 5.0631930542e+02
6.6576035351e-07 5.1853125000e+02 5.2436907959e+02 5.1311267090e+02 5.1071923828e+02
6.7536029746e-07 5.1915625000e+02 5.3178552246e+02 5.3138494873e+02 5.1278076172e+02
6.8496024141e-07 5.1875000000e+02 5.1897991943e+02 5.1691491699e+02 5.1695098877e+02
6.9456018537e-07 5.2140625000e+02 5.1845672607e+02 5.0511560059e+02 5.1887054443e+02
7.0416035669e-07 5.1953125000e+02 5.1295159912e+02 5.0988351440e+02 5.2305548096e+02
7.1376030064e-07 5.2265625000e+02 5.1423272705e+02 5.1646258545e+02 5.2504376221e+02
7.2336024459e-07 5.1862500000e+02 5.1087451172e+02 5.1392327881e+02 5.2916778564e+02
7.3296018854e-07 5.1984375000e+02 5.2469744873e+02 5.2448712158e+02 5.3131115723e+02
7.4256035987e-07 5.1812500000e+02 5.1975994873e+02 5.2598907471e+02 5.3540911865e+02
7.5216030382e-07 5.2562500000e+02 5.1243518066e+02 5.2047332764e+02 5.3746301270e+02
7.6176024777e-07 5.2018750000e+02 5.0829211426e+02 5.0516421509e+02 5.4135949707e+02
7.7136019172e-07 5.2065625000e+02 5.1421044922e+02 5.1793316650e+02 5.4356445312e+02
7.8096036304e-07 5.2275000000e+02 5.1962255859e+02 5.1378112793e+02 5.4741638184e+02
7.9056030700e-07 5.1896875000e+02 5.1442388916e+02 5.0123684692e+02 5.4946282959e+02
8.0016025095e-07 5.2003125000e+02 5.1039715576e+02 5.0856643677e+02 5.5335656738e+02
8.0976019490e-07 5.1925000000e+02 5.1719696045e+02 5.2064501953e+02 5.5555450439e+02
8.1936013885e-07 5.1950000000e+02 5.0861361694e+02 5.1314709473e+02 5.5931494141e+02
8.2896031017e-07 5.1881250000e+02 5.1063220215e+02 5.1615710449e+02 5.6154846191e+02
8.3856025412e-07 5.1878125000e+02 5.1319720459e+02 5.0511331177e+02 5.6518444824e+02
8.4816019807e-07 5.1981250000e+02 5.1515521240e+02 5.1694726562e+02 5.6754705811e+02
8.5776014203e-07 5.2365625000e+02 5.1282153320e+02 5.1603820801e+02 5.7114392090e+02
8.6736031335e-07 5.1687500000e+02 5.0854553223e+02 5.0024884033e+02 5.7332287598e+02
8.7696025730e-07 5.1850000000e+02 5.0640368652e+02 5.0328948975e+02 5.7692321777e+02
8.8656020125e-07 5.1587500000e+02 5.1147378540e+02 5.1111880493e+02 5.7920495605e+02
8.9616014520e-07 5.1543750000e+02 5.1336090088e+02 5.1584716797e+02 5.8284729004e+02
9.0576031653e-07 5.1425000000e+02 5.0872976685e+02 5.0078875732e+02 5.8495257568e+02
9.1536026048e-07 5.1412500000e+02 5.0511419678e+02 4.9183905029e+02 5.8846850586e+02
9.2496020443e-07 5.1131250000e+02 5.0811968994e+02 5.1255505371e+02 5.9079559326e+02
9.3456014838e-07 5.1578125000e+02 5.0636462402e+02 5.0504351807e+02 5.9421185303e+02
9.4416031970e-07 5.1562500000e+02 5.0343624878e+02 4.9644311523e+02 5.9643811035e+02
9.5376026366e-07 5.1231250000e+02 5.0560772705e+02 5.0531048584e+02 5.9993823242e+02
9.6336020761e-07 5.0909375000e+02 5.0367919922e+02 5.0397900391e+02 6.0214111328e+02
9.7296015156e-07 5.0950000000e+02 5.0346664429e+02 5.0230960083e+02 6.0560858154e+02
9.8256009551e-07 5.0709375000e+02 4.9781500244e+02 4.9277023315e+02 6.0768884277e+02
9.9216026683e-07 5.0993750000e+02 4.9978704834e+02 4.9010836792e+02 6.1112774658e+02
1.0017602108e-06 5.0987500000e+02 5.0126339722e+02 4.9596420288e+02 6.1327789307e+02
1.0113601547e-06 5.0737500000e+02 4.9509771729e+02 4.9412786865e+02 6.1664520264e+02
1.0209600987e-06 5.0331250000e+02 4.9819799805e+02 4.9027850342e+02 6.1878186035e+02
1.0305602700e-06 5.0206250000e+02 5.0109881592e+02 5.0328231812e+02 6.2227966309e+02
1.0401602140e-06 5.0462500000e+02 4.9992742920e+02 5.0136349487e+02 6.2439428711e+02
1.0497601579e-06 5.0403125000e+02 4.9586090088e+02 4.9449761963e+02 6.2778112793e+02
1.0593601019e-06 4.9965625000e+02 4.9215451050e+02 4.8735977173e+02 6.2980895996e+02
1.0689602732e-06 5.0006250000e+02 4.9304327393e+02 4.8572576904e+02 6.3317523193e+02
1.0785602171e-06 5.0303125000e+02 4.9650390625e+02 4.9630749512e+02 6.3534259033e+02
1.0881601611e-06 4.9531250000e+02 4.9053399658e+02 4.8438925171e+02 6.3853100586e+02
1.0977601050e-06 4.9762500000e+02 4.8778680420e+02 4.7653427124e+02 6.4061193848e+02
1.1073602764e-06 4.9512500000e+02 4.9167898560e+02 4.9045434570e+02 6.4394525146e+02
1.1169602203e-06 4.9446875000e+02 4.8838565063e+02 4.8023519897e+02 6.4591564941e+02
1.1265601643e-06 4.9371875000e+02 4.8623645020e+02 4.7967907715e+02 6.4921307373e+02
1.1361601082e-06 4.9287500000e+02 4.8553195190e+02 4.8117407227e+02 6.5119696045e+02
1.1457602795e-06 4.9234375000e+02 4.8615985107e+02 4.8689434814e+02 6.5453710938e+02
1.1553602235e-06 4.9371875000e+02 4.8377972412e+02 4.8057287598e+02 6.5645422363e+02
1.1649603948e-06 4.8837500000e+02 4.8007153320e+02 4.7506188965e+02 6.5970776367e+02
1.1745601114e-06 4.8715625000e+02 4.8069152832e+02 4.7523428345e+02 6.6163635254e+02
1.1841600553e-06 4.8665625000e+02 4.7993121338e+02 4.7168554688e+02 6.6484393311e+02
1.1937602267e-06 4.8659375000e+02 4.8181268311e+02 4.7648535156e+02 6.6684204102e+02
1.2033601706e-06 4.8221875000e+02 4.7948904419e+02 4.7924981689e+02 6.7003588867e+02
1.2129601146e-06 4.8312500000e+02 4.8085693359e+02 4.7955386353e+02 6.7206048584e+02
1.2225600585e-06 4.8353125000e+02 4.7893704224e+02 4.7280813599e+02 6.7518988037e+02
1.2321602298e-06 4.8484375000e+02 4.7444989014e+02 4.6975744629e+02 6.7713519287e+02
1.2417601738e-06 4.8009375000e+02 4.7170770264e+02 4.6056701660e+02 6.8015802002e+02
1.2513601177e-06 4.8025000000e+02 4.7316296387e+02 4.6689239502e+02 6.8217333984e+02
1.2609600617e-06 4.7968750000e+02 4.7318255615e+02 4.7090277100e+02 6.8522113037e+02
1.2705602330e-06 4.7596875000e+02 4.7063638306e+02 4.6335034180e+02 6.8716015625e+02
1.2801601770e-06 4.7637500000e+02 4.7094024658e+02 4.6652014160e+02 6.9022875977e+02
1.2897601209e-06 4.7081250000e+02 4.7047326660e+02 4.6619052124e+02 6.9216882324e+02
1.2993600649e-06 4.7115625000e+02 4.7110614014e+02 4.6955966187e+02 6.9526580811e+02
1.3089602362e-06 4.6931250000e+02 4.7037414551e+02 4.7099832153e+02 6.9721490479e+02
1.3185601802e-06 4.7240625000e+02 4.6756445312e+02 4.6530270386e+02 7.0023278809e+02
1.3281601241e-06 4.7084375000e+02 4.6580419922e+02 4.6059820557e+02 7.0213690186e+02
1.3377600681e-06 4.6325000000e+02 4.6757067871e+02 4.7094079590e+02 7.0524285889e+02
1.3473600120e-06 4.6721875000e+02 4.6324414062e+02 4.5544622803e+02 7.0699884033e+02
1.3569601833e-06 4.6421875000e+02 4.6519177246e+02 4.6461291504e+02 7.1018768311e+02
1.3665603547e-06 4.6478125000e+02 4.6439239502e+02 4.6384109497e+02 7.1194042969e+02
1.3761600712e-06 4.6346875000e+02 4.6136630249e+02 4.5665313721e+02 7.1503637695e+02
1.3857600152e-06 4.6431250000e+02 4.6160070801e+02 4.5904006958e+02 7.1682098389e+02
1.3953601865e-06 4.5990625000e+02 4.5917944336e+02 4.5715072632e+02 7.1986608887e+02
1.4049603578e-06 4.5834375000e+02 4.6051202393e+02 4.6216522217e+02 7.2171154785e+02
1.4145600744e-06 4.5509375000e+02 4.5868566895e+02 4.5717501831e+02 7.2470001221e+02
1.4241600184e-06 4.5650000000e+02 4.5302062988e+02 4.4887756348e+02 7.2643151855e+02
1.4337601897e-06 4.5587500000e+02 4.5650222778e+02 4.5500540161e+02 7.2949859619e+02
1.4433603610e-06 4.5125000000e+02 4.5483291626e+02 4.5578790283e+02 7.3122070312e+02
1.4529600776e-06 4.4978125000e+02 4.5392126465e+02 4.5483135986e+02 7.3426562500e+02
1.4625600215e-06 4.5359375000e+02 4.4981961060e+02 4.4578341675e+02 7.3589221191e+02
1.4721601929e-06 4.5209375000e+02 4.4897979736e+02 4.4506973267e+02 7.3891760254e+02
1.4817603642e-06 4.4562500000e+02 4.4964764404e+02 4.4293966675e+02 7.4055834961e+02
1.4913600808e-06 4.4881250000e+02 4.4631042480e+02 4.3965237427e+02 7.4350964355e+02
1.5009600247e-06 4.5162500000e+02 4.4850622559e+02 4.4640872192e+02 7.4523199463e+02
1.5105599687e-06 4.4753125000e+02 4.4843801880e+02 4.4785058594e+02 7.4819158936e+02
1.5201603674e-06 4.4243750000e+02 4.4761212158e+02 4.4901321411e+02 7.4991625977e+02
1.5297600839e-06 4.4475000000e+02 4.4682373047e+02 4.4854333496e+02 7.5286071777e+02
1.5393600279e-06 4.4503125000e+02 4.4218515015e+02 4.3766329956e+02 7.5447033691e+02
1.5489599718e-06 4.4371875000e+02 4.4231936646e+02 4.3930004883e+02 7.5742413330e+02
1.5585603705e-06 4.3934375000e+02 4.4047698975e+02 4.3592166138e+02 7.5900122070e+02
1.5681603145e-06 4.4296875000e+02 4.3836602783e+02 4.3218194580e+02 7.6190325928e+02
1.5777600311e-06 4.3678125000e+02 4.4119995117e+02 4.4162133789e+02 7.6358398438e+02
1.5873599750e-06 4.3846875000e+02 4.4093649292e+02 4.4243972778e+02 7.6648913574e+02
1.5969603737e-06 4.3578125000e+02 4.3902151489e+02 4.3951974487e+02 7.6813385010e+02
1.6065600903e-06 4.3784375000e+02 4.3513769531e+02 4.3291461182e+02 7.7094683838e+02
1.6161602616e-06 4.3637500000e+02 4.3746990967e+02 4.3830493164e+02 7.7266754150e+02
1.6257599782e-06 4.3318750000e+02 4.3370388794e+02 4.3045135498e+02 7.7538275146e+02
1.6353603769e-06 4.3153125000e+02 4.3482043457e+02 4.3445968628e+02 7.7715362549e+02
1.6449600935e-06 4.2878125000e+02 4.3203955078e+02 4.3050408936e+02 7.7980456543e+02
1.6545602648e-06 4.3431250000e+02 4.3198483276e+02 4.3186657715e+02 7.8159069824e+02
1.6641599814e-06 4.2900000000e+02 4.2815997314e+02 4.2339871216e+02 7.8414697266e+02
1.6737603801e-06 4.2603125000e+02 4.3009869385e+02 4.2886468506e+02 7.8600042725e+02
1.6833600966e-06 4.2562500000e+02 4.2785137939e+02 4.2327297974e+02 7.8850378418e+02
1.6929602680e-06 4.2409375000e+02 4.2683197021e+02 4.2242239380e+02 7.9034582520e+02
1.7025599846e-06 4.2415625000e+02 4.2863995361e+02 4.2984240723e+02 7.9291979980e+02
1.7121603832e-06 4.2221875000e+02 4.2444055176e+02 4.2094201660e+02 7.9465515137e+02
1.7217600998e-06 4.2162500000e+02 4.2531909180e+02 4.2469561768e+02 7.9726562500e+02
1.7313600438e-06 4.1859375000e+02 4.2420077515e+02 4.2521786499e+02 7.9898614502e+02
1.7409599877e-06 4.1993750000e+02 4.2445874023e+02 4.2593093872e+02 8.0161791992e+02
1.7505603864e-06 4.1793750000e+02 4.2245480347e+02 4.2253372192e+02 8.0329650879e+02
1.7601601030e-06 4.1918750000e+02 4.2197573853e+02 4.2351144409e+02 8.0592376709e+02
1.7697600470e-06 4.1709375000e+02 4.2092428589e+02 4.2313796997e+02 8.0758758545e+02
1.7793602183e-06 4.1659375000e+02 4.1935748291e+02 4.1976809692e+02 8.1018597412e+02
1.7889602759e-06 4.1334375000e+02 4.1681665039e+02 4.1462283325e+02 8.1179882812e+02
1.7985602199e-06 4.1500000000e+02 4.1955645752e+02 4.2327005005e+02 8.1448242188e+02
1.8081602775e-06 4.1240625000e+02 4.1724960327e+02 4.1925445557e+02 8.1604187012e+02
1.8177602215e-06 4.1209375000e+02 4.1552941895e+02 4.1628060913e+02 8.1869244385e+02
1.8273602791e-06 4.0962500000e+02 4.1610632324e+02 4.1861135864e+02 8.2029144287e+02
1.8369602230e-06 4.1025000000e+02 4.1364166260e+02 4.1449899292e+02 8.2287713623e+02
1.8465602807e-06 4.1103125000e+02 4.1159490967e+02 4.0987197876e+02 8.2444409180e+02
1.8561602246e-06 4.0771875000e+02 4.1431692505e+02 4.1901806641e+02 8.2710198975e+02
1.8657602823e-06 4.0878125000e+02 4.1000668335e+02 4.0951269531e+02 8.2857470703e+02
1.8753602262e-06 4.0687500000e+02 4.0881311035e+02 4.0821664429e+02 8.3121081543e+02
1.8849602839e-06 4.0703125000e+02 4.0848327637e+02 4.0805371094e+02 8.3269915771e+02
1.8945602278e-06 4.0512500000e+02 4.0659497070e+02 4.0475708008e+02 8.3529711914e+02
1.9041600581e-06 4.0178125000e+02 4.0873828125e+02 4.1196527100e+02 8.3685107422e+02
1.9137601157e-06 4.0287500000e+02 4.0577447510e+02 4.0635186768e+02 8.3937249756e+02
1.9233602870e-06 4.0046875000e+02 4.0408453369e+02 4.0340963745e+02 8.4089929199e+02
1.9329602310e-06 4.0128125000e+02 4.0386437988e+02 4.0409182739e+02 8.4343780518e+02
1.9425601749e-06 4.0365625000e+02 4.0587731934e+02 4.0998361206e+02 8.4500006104e+02
1.9521601189e-06 3.9718750000e+02 4.0013619995e+02 3.9762527466e+02 8.4742626953e+02
1.9617600628e-06 3.9740625000e+02 4.0133816528e+02 4.0196520996e+02 8.4902557373e+02
1.9713602342e-06 3.9890625000e+02 4.0256344604e+02 4.0644390869e+02 8.5149053955e+02
1.9809599507e-06 3.9550000000e+02 3.9800485229e+02 3.9630267334e+02 8.5300274658e+02
1.9905601221e-06 3.9215625000e+02 3.9855187988e+02 3.9937493896e+02 8.5548071289e+02
2.0001602934e-06 3.9103125000e+02 3.9859503174e+02 4.0106790161e+02 8.5702886963e+02
2.0097602373e-06 3.9640625000e+02 3.9629858398e+02 3.9650006104e+02 8.5943438721e+02
2.0193601813e-06 3.9328125000e+02 3.9645883179e+02 3.9763693237e+02 8.6097735596e+02
2.0289601252e-06 3.9406250000e+02 3.9358724976e+02 3.9256677246e+02 8.6334820557e+02
2.0385600692e-06 3.9209375000e+02 3.9323629761e+02 3.9282571411e+02 8.6489221191e+02
2.0481602405e-06 3.8900000000e+02 3.9301074219e+02 3.9360043335e+02 8.6725891113e+02
2.0577601845e-06 3.8990625000e+02 3.9506927490e+02 4.0059558105e+02 8.6889025879e+02
2.0673601284e-06 3.9050000000e+02 3.9421691895e+02 3.9853594971e+02 8.7121258545e+02
2.0769602997e-06 3.8962500000e+02 3.9099288940e+02 3.9267904663e+02 8.7279852295e+02
2.0865602437e-06 3.8834375000e+02 3.8892837524e+02 3.8867932129e+02 8.7506103516e+02
2.0961601876e-06 3.8609375000e+02 3.8834310913e+02 3.8832501221e+02 8.7664532471e+02
2.1057599042e-06 3.8409375000e+02 3.8834515381e+02 3.8907266235e+02 8.7889819336e+02
2.1153603029e-06 3.8646875000e+02 3.8984689331e+02 3.9431674194e+02 8.8055230713e+02
2.1249602469e-06 3.8503125000e+02 3.8882763672e+02 3.9304312134e+02 8.8278552246e+02
2.1345601908e-06 3.8096875000e+02 3.8475134277e+02 3.8421328735e+02 8.8433978271e+02
2.1441601348e-06 3.8362500000e+02 3.8445361328e+02 3.8568951416e+02 8.8660229492e+02
2.1537603061e-06 3.8546875000e+02 3.8430361938e+02 3.8532080078e+02 8.8813922119e+02
2.1633600227e-06 3.7934375000e+02 3.8344973755e+02 3.8588668823e+02 8.9041870117e+02
2.1729601940e-06 3.7881250000e+02 3.8131436157e+02 3.8198361206e+02 8.9192169189e+02
2.1825599106e-06 3.7953125000e+02 3.8051724243e+02 3.8179516602e+02 8.9419885254e+02
2.1921603093e-06 3.8150000000e+02 3.8166735840e+02 3.8408999634e+02 8.9570770264e+02
2.2017602532e-06 3.7556250000e+02 3.7905566406e+02 3.7918838501e+02 8.9792779541e+02
2.2113601972e-06 3.7628125000e+02 3.7862536621e+02 3.7993737793e+02 8.9945544434e+02
2.2209601411e-06 3.7340625000e+02 3.7972186279e+02 3.8327862549e+02 9.0169860840e+02
2.2305603125e-06 3.7365625000e+02 3.7957977295e+02 3.8246765137e+02 9.0320849609e+02
2.2401600290e-06 3.7796875000e+02 3.7715542603e+02 3.7937326050e+02 9.0542553711e+02
2.2497602004e-06 3.7321875000e+02 3.7362802124e+02 3.7219290161e+02 9.0686474609e+02
2.2593601443e-06 3.7328125000e+02 3.7561898804e+02 3.7615612793e+02 9.0909869385e+02
2.2689603156e-06 3.7121875000e+02 3.7532659912e+02 3.7890991211e+02 9.1059027100e+02
2.2785602596e-06 3.7209375000e+02 3.7799325562e+02 3.8633758545e+02 9.1289111328e+02
2.2881599762e-06 3.7031250000e+02 3.7103735352e+02 3.7105230713e+02 9.1423565674e+02
2.2977601475e-06 3.7293750000e+02 3.7349902344e+02 3.7549755859e+02 9.1655511475e+02
2.3073603188e-06 3.7090625000e+02 3.7435452271e+02 3.7827337646e+02 9.1793194580e+02
2.3169602628e-06 3.7112500000e+02 3.7336569214e+02 3.7721923828e+02 9.2023504639e+02
2.3265602067e-06 3.6881250000e+02 3.7414495850e+02 3.7814657593e+02 9.2161553955e+02
2.3361601507e-06 3.6906250000e+02 3.7156735229e+02 3.7487637329e+02 9.2388702393e+02
2.3457600946e-06 3.6600000000e+02 3.7157949829e+02 3.7762142944e+02 9.2530773926e+02
2.3553602659e-06 3.6506250000e+02 3.6872164917e+02 3.7241165161e+02 9.2752362061e+02
2.3649599825e-06 3.6643750000e+02 3.6781256104e+02 3.7022543335e+02 9.2891845703e+02
2.3745601538e-06 3.6106250000e+02 3.6873565674e+02 3.7180065918e+02 9.3113641357e+02
2.3841603252e-06 3.6756250000e+02 3.6732373047e+02 3.7147155762e+02 9.3254113770e+02
2.3937602691e-06 3.6331250000e+02 3.6640805054e+02 3.7113403320e+02 9.3475396729e+02
2.4033602131e-06 3.6428125000e+02 3.6458541870e+02 3.6784475708e+02 9.3612854004e+02
2.4129601570e-06 3.6328125000e+02 3.5978222656e+02 3.5807577515e+02 9.3824133301e+02
2.4225601010e-06 3.6253125000e+02 3.6246624756e+02 3.6431057739e+02 9.3967370605e+02
2.4321602723e-06 3.5893750000e+02 3.6577725220e+02 3.6940103149e+02 9.4181658936e+02
2.4417599889e-06 3.5806250000e+02 3.6467175293e+02 3.6828439331e+02 9.4324188232e+02
2.4513601602e-06 3.5834375000e+02 3.6424291992e+02 3.6889334106e+02 9.4538940430e+02
2.4609603315e-06 3.5837500000e+02 3.6089785767e+02 3.6379498291e+02 9.4677276611e+02
2.4705602755e-06 3.6000000000e+02 3.6127523804e+02 3.6449890137e+02 9.4891711426e+02
2.4801602194e-06 3.5662500000e+02 3.5843765259e+02 3.6064352417e+02 9.5027258301e+02
2.4897599360e-06 3.5443750000e+02 3.6016564941e+02 3.6502999878e+02 9.5245288086e+02
2.4993601073e-06 3.5546875000e+02 3.5720428467e+02 3.5983685303e+02 9.5376275635e+02
2.5089602786e-06 3.5134375000e+02 3.5824707031e+02 3.6178771973e+02 9.5595068359e+02
2.5185602226e-06 3.5493750000e+02 3.5663754272e+02 3.5964010620e+02 9.5724475098e+02
2.5281601665e-06 3.5709375000e+02 3.5692150879e+02 3.5986660767e+02 9.5942358398e+02
2.5377603379e-06 3.5165625000e+02 3.5537683105e+02 3.5949768066e+02 9.6072686768e+02
2.5473600545e-06 3.5296875000e+02 3.5790652466e+02 3.6455587769e+02 9.6294366455e+02
2.5569602258e-06 3.5481250000e+02 3.5502734375e+02 3.5779330444e+02 9.6417822266e+02
2.5665599424e-06 3.5000000000e+02 3.5556872559e+02 3.6020394897e+02 9.6641473389e+02
2.5761603411e-06 3.5087500000e+02 3.5152322388e+02 3.5276882935e+02 9.6758221436e+02
2.5857602850e-06 3.5159375000e+02 3.5376702881e+02 3.5917929077e+02 9.6987805176e+02
2.5953602290e-06 3.4862500000e+02 3.5026614380e+02 3.5153237915e+02 9.7097119141e+02
2.6049601729e-06 3.4959375000e+02 3.5452441406e+02 3.5682348633e+02 9.7329333496e+02
2.6145601169e-06 3.4934375000e+02 3.5432852173e+02 3.6005282593e+02 9.7443450928e+02
2.6241600608e-06 3.4853125000e+02 3.5239538574e+02 3.5908682251e+02 9.7674920654e+02
2.6337602321e-06 3.5006250000e+02 3.4811703491e+02 3.5016744995e+02 9.7780621338e+02
2.6433601761e-06 3.4493750000e+02 3.4955758667e+02 3.5323074341e+02 9.8014056396e+02
2.6529601200e-06 3.4718750000e+02 3.4901348877e+02 3.5056460571e+02 9.8116638184e+02
2.6625602914e-06 3.4431250000e+02 3.4865585327e+02 3.5236422729e+02 9.8351940918e+02
2.6721602353e-06 3.4765625000e+02 3.4938671875e+02 3.5740496826e+02 9.8460797119e+02
2.6817601793e-06 3.4425000000e+02 3.4866189575e+02 3.5328167725e+02 9.8690313721e+02
2.6913598958e-06 3.4618750000e+02 3.4756600952e+02 3.5467834473e+02 9.8801947021e+02
2.7009600672e-06 3.4328125000e+02 3.4757699585e+02 3.5303067017e+02 9.9028448486e+02
2.7105602385e-06 3.4393750000e+02 3.4697976685e+02 3.5199539185e+02 9.9139282227e+02
2.7201599551e-06 3.4421875000e+02 3.4153842163e+02 3.4222424316e+02 9.9356085205e+02
2.7297601264e-06 3.3990625000e+02 3.4461618042e+02 3.5019885254e+02 9.9475219727e+02
2.7393602977e-06 3.4343750000e+02 3.4323205566e+02 3.4433874512e+02 9.9684399414e+02
2.7489602417e-06 3.4228125000e+02 3.4215393066e+02 3.4564523315e+02 9.9806237793e+02
2.7585601856e-06 3.4031250000e+02 3.4207226562e+02 3.4836935425e+02 1.0001832886e+03
2.7681601296e-06 3.4071875000e+02 3.4341592407e+02 3.4804727173e+02 1.0013879395e+03
2.7777603009e-06 3.4150000000e+02 3.4445547485e+02 3.4978845215e+02 1.0035175171e+03
2.7873602448e-06 3.3628125000e+02 3.3921417236e+02 3.4179818726e+02 1.0046552734e+03
2.7969601888e-06 3.4125000000e+02 3.3709918213e+02 3.3685446167e+02 1.0067267456e+03
2.8065601327e-06 3.3818750000e+02 3.4150012207e+02 3.4381628418e+02 1.0079249878e+03
2.8161603041e-06 3.3725000000e+02 3.4120855713e+02 3.4728295898e+02 1.0100375366e+03
2.8257602480e-06 3.3359375000e+02 3.4002944946e+02 3.4468066406e+02 1.0112106323e+03
2.8353601920e-06 3.3771875000e+02 3.3732022095e+02 3.4003366089e+02 1.0132745972e+03
2.8449601359e-06 3.3612500000e+02 3.3864910889e+02 3.4315319824e+02 1.0144794312e+03
2.8545603072e-06 3.3809375000e+02 3.3971032715e+02 3.4131057739e+02 1.0165045776e+03
2.8641602512e-06 3.3178125000e+02 3.3862966919e+02 3.4279141235e+02 1.0177374268e+03
2.8737601951e-06 3.3271875000e+02 3.4115045166e+02 3.4592681885e+02 1.0197811279e+03
2.8833601391e-06 3.3418750000e+02 3.3448544312e+02 3.4183126831e+02 1.0210047607e+03
2.8929603104e-06 3.3368750000e+02 3.3714633179e+02 3.4320153809e+02 1.0230421753e+03
2.9025602544e-06 3.3078125000e+02 3.3475027466e+02 3.3982006836e+02 1.0242384033e+03
2.9121601983e-06 3.3146875000e+02 3.3627648926e+02 3.3936718750e+02 1.0262535400e+03
2.9217599149e-06 3.3112500000e+02 3.3674691772e+02 3.4460122681e+02 1.0275137939e+03
2.9313603136e-06 3.3371875000e+02 3.3500482178e+02 3.4181930542e+02 1.0294992676e+03
2.9409602575e-06 3.2987500000e+02 3.3438775635e+02 3.3805114746e+02 1.0307153320e+03
2.9505599741e-06 3.2962500000e+02 3.3280303955e+02 3.3716094971e+02 1.0326939697e+03
2.9601601454e-06 3.3218750000e+02 3.3340274048e+02 3.3585595703e+02 1.0338891602e+03
2.9697603168e-06 3.2775000000e+02 3.3170840454e+02 3.3993969727e+02 1.0359248047e+03
2.9793600334e-06 3.2900000000e+02 3.3064947510e+02 3.3419873047e+02 1.0370546875e+03
2.9889602047e-06 3.2609375000e+02 3.3282867432e+02 3.3736001587e+02 1.0391109619e+03
2.9985601486e-06 3.2896875000e+02 3.3471334839e+02 3.4241363525e+02 1.0402940674e+03
3.0081600926e-06 3.2759375000e+02 3.2821368408e+02 3.3105114746e+02 1.0422409668e+03
3.0177602639e-06 3.2634375000e+02 3.2871826172e+02 3.3354119873e+02 1.0434526367e+03
3.0273602079e-06 3.2375000000e+02 3.3167922974e+02 3.3781695557e+02 1.0454299316e+03
3.0369601518e-06 3.2284375000e+02 3.2946453857e+02 3.3200198364e+02 1.0465812988e+03
3.0465603231e-06 3.2353125000e+02 3.2986459351e+02 3.3402996826e+02 1.0485769043e+03
3.0561602671e-06 3.2596875000e+02 3.2638381958e+02 3.3167050171e+02 1.0497204590e+03
3.0657602110e-06 3.2456250000e+02 3.2851364136e+02 3.3606250000e+02 1.0517520752e+03
3.0753601550e-06 3.2478125000e+02 3.2925109863e+02 3.3389239502e+02 1.0528652344e+03
3.0849603263e-06 3.2550000000e+02 3.2600735474e+02 3.2720587158e+02 1.0548249512e+03
3.0945602703e-06 3.2203125000e+02 3.2627838135e+02 3.3165386963e+02 1.0559945068e+03
3.1041602142e-06 3.2146875000e+02 3.2642752075e+02 3.3241900635e+02 1.0579576416e+03
3.1137601582e-06 3.2218750000e+02 3.2450875854e+02 3.2920626831e+02 1.0590988770e+03
3.1233603295e-06 3.2128125000e+02 3.2849008179e+02 3.3320831299e+02 1.0610836182e+03
3.1329602734e-06 3.2031250000e+02 3.2507537842e+02 3.3385171509e+02 1.0622523193e+03
3.1425602174e-06 3.1759375000e+02 3.2689434814e+02 3.3407672119e+02 1.0642248535e+03
3.1521599340e-06 3.1984375000e+02 3.2362734985e+02 3.3091400146e+02 1.0653732910e+03
3.1617603327e-06 3.1968750000e+02 3.2273306274e+02 3.2913839722e+02 1.0673243408e+03
3.1713602766e-06 3.2209375000e+02 3.2379922485e+02 3.2957901001e+02 1.0684722900e+03
3.1809599932e-06 3.1709375000e+02 3.1934414673e+02 3.1996231079e+02 1.0703233643e+03
3.1905601645e-06 3.1762500000e+02 3.1864553833e+02 3.2380722046e+02 1.0715256348e+03
3.2001603358e-06 3.1806250000e+02 3.2562017822e+02 3.3303347778e+02 1.0734459229e+03
3.2097600524e-06 3.1950000000e+02 3.2134671021e+02 3.2316156006e+02 1.0745484619e+03
3.2193602237e-06 3.1393750000e+02 3.2394558716e+02 3.3000579834e+02 1.0765357666e+03
3.2289599403e-06 3.1743750000e+02 3.2059799194e+02 3.2460351562e+02 1.0775905762e+03
3.2385601116e-06 3.1590625000e+02 3.2092684937e+02 3.2746881104e+02 1.0796065674e+03
3.2481602830e-06 3.1406250000e+02 3.2154238892e+02 3.2913354492e+02 1.0806793213e+03
3.2577599995e-06 3.1575000000e+02 3.1876098633e+02 3.2461767578e+02 1.0826501465e+03
3.2673599435e-06 3.1834375000e+02 3.2118371582e+02 3.2634460449e+02 1.0837314453e+03
3.2769598874e-06 3.1487500000e+02 3.1969311523e+02 3.2594918823e+02 1.0857006836e+03
3.2865600588e-06 3.1303125000e+02 3.1583090210e+02 3.2163317871e+02 1.0867518311e+03
3.2961600027e-06 3.0856250000e+02 3.1373037720e+02 3.1871936035e+02 1.0886926270e+03
3.3057599467e-06 3.1318750000e+02 3.1977371216e+02 3.2643493652e+02 1.0898045654e+03
3.3153601180e-06 3.1403125000e+02 3.1593524170e+02 3.2347497559e+02 1.0917254639e+03
3.3249602893e-06 3.1303125000e+02 3.1514508057e+02 3.2045742798e+02 1.0928055420e+03
3.3345600059e-06 3.1375000000e+02 3.1718310547e+02 3.2223992920e+02 1.0947318115e+03
3.3441601772e-06 3.0762500000e+02 3.1424615479e+02 3.1881564331e+02 1.0957872314e+03
3.3537598938e-06 3.0981250000e+02 3.1239852905e+02 3.1941116333e+02 1.0977266846e+03
3.3633600651e-06 3.1156250000e+02 3.1219760132e+02 3.1759805298e+02 1.0987619629e+03
3.3729600091e-06 3.0946875000e+02 3.1262835693e+02 3.1615072632e+02 1.1006755371e+03
3.3825599530e-06 3.0709375000e+02 3.1121984863e+02 3.1691827393e+02 1.1017296143e+03
3.3921601243e-06 3.0865625000e+02 3.1191488647e+02 3.1524200439e+02 1.1036132812e+03
3.4017600683e-06 3.0806250000e+02 3.1035162354e+02 3.1876559448e+02 1.1047203369e+03
3.4113600123e-06 3.0740625000e+02 3.1057238770e+02 3.1325643921e+02 1.1065302734e+03
3.4209601836e-06 3.0859375000e+02 3.0836663818e+02 3.1107821655e+02 1.1076242676e+03
3.4305599002e-06 3.0559375000e+02 3.1070437622e+02 3.1513485718e+02 1.1094659424e+03
3.4401600715e-06 3.0665625000e+02 3.1239569092e+02 3.1934545898e+02 1.1106025391e+03
3.4497602428e-06 3.0543750000e+02 3.1035443115e+02 3.1486865234e+02 1.1123967285e+03
3.4593599594e-06 3.0696875000e+02 3.1052880859e+02 3.1299166870e+02 1.1135080566e+03
3.4689601307e-06 3.0381250000e+02 3.1032830811e+02 3.1577282715e+02 1.1153348389e+03
3.4785603020e-06 3.0318750000e+02 3.0754504395e+02 3.1160284424e+02 1.1164112549e+03
3.4881600186e-06 3.0500000000e+02 3.0564132690e+02 3.1228381348e+02 1.1182535400e+03
3.4977601899e-06 3.0075000000e+02 3.0850332642e+02 3.1195477295e+02 1.1193088379e+03
3.5073599065e-06 3.0546875000e+02 3.1027804565e+02 3.1899884033e+02 1.1212232666e+03
3.5169600778e-06 2.9975000000e+02 3.0740368652e+02 3.1218359375e+02 1.1222124023e+03
3.5265602492e-06 3.0131250000e+02 3.0897842407e+02 3.1249334717e+02 1.1241164551e+03
3.5361599657e-06 3.0243750000e+02 3.1125350952e+02 3.1632635498e+02 1.1251416016e+03
3.5457601371e-06 3.0340625000e+02 3.0604641724e+02 3.1032733154e+02 1.1269967041e+03
3.5553603084e-06 3.0393750000e+02 3.0402865601e+02 3.0649069214e+02 1.1279865723e+03
3.5649600250e-06 3.0265625000e+02 3.0715948486e+02 3.1096121216e+02 1.1298740234e+03
3.5745599689e-06 2.9962500000e+02 3.0600320435e+02 3.1399417114e+02 1.1309086914e+03
3.5841599129e-06 3.0246875000e+02 3.0407052612e+02 3.1099761963e+02 1.1327664795e+03
3.5937600842e-06 3.0100000000e+02 3.0384674072e+02 3.0572775269e+02 1.1337369385e+03
3.6033600281e-06 2.9962500000e+02 3.0338360596e+02 3.0639712524e+02 1.1356020508e+03
3.6129599721e-06 2.9721875000e+02 3.0064266968e+02 3.0542718506e+02 1.1365784912e+03
3.6225599160e-06 3.0200000000e+02 3.0112417603e+02 3.0466778564e+02 1.1384265137e+03
3.6321600874e-06 3.0065625000e+02 2.9903747559e+02 2.9966433716e+02 1.1393533936e+03
3.6417600313e-06 2.9890625000e+02 3.0403466797e+02 3.0952673340e+02 1.1412899170e+03
3.6513599753e-06 2.9659375000e+02 3.0398538208e+02 3.1197869873e+02 1.1422480469e+03
3.6609599192e-06 2.9703125000e+02 3.0153067017e+02 3.0430297852e+02 1.1440993652e+03
3.6705600905e-06 2.9725000000e+02 3.0228671265e+02 3.0487335205e+02 1.1450606689e+03
3.6801600345e-06 2.9631250000e+02 3.0160638428e+02 3.0479962158e+02 1.1469110107e+03
3.6897599784e-06 2.9593750000e+02 3.0269082642e+02 3.1012524414e+02 1.1479328613e+03
3.6993599224e-06 2.9706250000e+02 3.0180682373e+02 3.0836627197e+02 1.1497626953e+03
3.7089600937e-06 2.9465625000e+02 3.0069696045e+02 3.0682666016e+02 1.1507727051e+03
3.7185600377e-06 2.9878125000e+02 2.9953710938e+02 3.0279980469e+02 1.1525551758e+03
3.7281599816e-06 2.9637500000e+02 3.0059808350e+02 3.0434188843e+02 1.1535784912e+03
3.7377599256e-06 2.9546875000e+02 3.0069900513e+02 3.0564682007e+02 1.1553729248e+03
3.7473600969e-06 2.9453125000e+02 2.9762185669e+02 3.0058175659e+02 1.1563519287e+03
3.7569600408e-06 2.9015625000e+02 2.9830758667e+02 3.0208010864e+02 1.1581569824e+03
3.7665599848e-06 2.9212500000e+02 3.0125555420e+02 3.0433813477e+02 1.1591467285e+03
3.7761599287e-06 2.9440625000e+02 2.9888394165e+02 3.0267620850e+02 1.1609415283e+03
3.7857601001e-06 2.9293750000e+02 2.9656549072e+02 3.0083786011e+02 1.1619232178e+03
3.7953600440e-06 2.9234375000e+02 2.9849798584e+02 3.0252395630e+02 1.1637231445e+03
3.8049599880e-06 2.9384375000e+02 2.9559487915e+02 2.9816915894e+02 1.1646684570e+03
3.8145599319e-06 2.9478125000e+02 2.9601156616e+02 3.0007409668e+02 1.1664858398e+03
3.8241601032e-06 2.8965625000e+02 2.9764196777e+02 3.0411807251e+02 1.1674724121e+03
3.8337598198e-06 2.9071875000e+02 2.9568096924e+02 3.0085107422e+02 1.1692570801e+03
3.8433599912e-06 2.9100000000e+02 2.9580126953e+02 2.9949063110e+02 1.1702263184e+03
3.8529601625e-06 2.8806250000e+02 2.9875958252e+02 3.0715194702e+02 1.1720845947e+03
3.8625598791e-06 2.8818750000e+02 2.9139996338e+02 2.9438323975e+02 1.1729411621e+03
3.8721600504e-06 2.9071875000e+02 2.9272055054e+02 2.9686770630e+02 1.1748176270e+03
3.8817602217e-06 2.8703125000e+02 2.9416976929e+02 2.9759899902e+02 1.1756750488e+03
3.8913599383e-06 2.8825000000e+02 2.9271093750e+02 2.9490872192e+02 1.1775218506e+03
3.9009601096e-06 2.8850000000e+02 2.9351654053e+02 2.9892309570e+02 1.1784262695e+03
3.9105598262e-06 2.8546875000e+02 2.8996133423e+02 2.9292434692e+02 1.1802165527e+03
3.9201599975e-06 2.8968750000e+02 2.9299047852e+02 2.9533581543e+02 1.1811317139e+03
3.9297601688e-06 2.8837500000e+02 2.9166677856e+02 2.9685287476e+02 1.1829461670e+03
3.9393598854e-06 2.8650000000e+02 2.8961349487e+02 2.9207592773e+02 1.1838149414e+03
3.9489600567e-06 2.9012500000e+02 2.8884698486e+02 2.9021963501e+02 1.1856064453e+03
3.9585597733e-06 2.8540625000e+02 2.8985241699e+02 2.8991876221e+02 1.1864632568e+03
3.9681599446e-06 2.8646875000e+02 2.9403027344e+02 2.9826336670e+02 1.1883325195e+03
3.9777601160e-06 2.8721875000e+02 2.8889779663e+02 2.8994873047e+02 1.1891166992e+03
3.9873598325e-06 2.8434375000e+02 2.9105004883e+02 2.9430755615e+02 1.1910235596e+03
3.9969600039e-06 2.8862500000e+02 2.9025207520e+02 2.9699392700e+02 1.1918479004e+03
4.0065601752e-06 2.8853125000e+02 2.9046734619e+02 2.9492068481e+02 1.1937233887e+03
4.0161598918e-06 2.8634375000e+02 2.8970935059e+02 2.9361660767e+02 1.1945369873e+03
4.0257600631e-06 2.8506250000e+02 2.8963916016e+02 2.9359317017e+02 1.1964084473e+03
4.0353597797e-06 2.8500000000e+02 2.8601882935e+02 2.9020062256e+02 1.1972043457e+03
4.0449599510e-06 2.8565625000e+02 2.9035830688e+02 2.9764086914e+02 1.1991364746e+03
4.0545601223e-06 2.8553125000e+02 2.8762771606e+02 2.9136047363e+02 1.1998724365e+03
4.0641598389e-06 2.8328125000e+02 2.8577334595e+02 2.9187048340e+02 1.2018184814e+03
4.0737600102e-06 2.8337500000e+02 2.8655123901e+02 2.8761297607e+02 1.2024954834e+03
4.0833601815e-06 2.8681250000e+02 2.8733038330e+02 2.9111199951e+02 1.2044774170e+03
4.0929598981e-06 2.7856250000e+02 2.8562161255e+02 2.8971969604e+02 1.2051497803e+03
4.1025600694e-06 2.8006250000e+02 2.8563662720e+02 2.8757968140e+02 1.2070989990e+03
4.1121597860e-06 2.8037500000e+02 2.8365173340e+02 2.8500204468e+02 1.2077535400e+03
4.1217599573e-06 2.8271875000e+02 2.8697708130e+02 2.9123336792e+02 1.2097556152e+03
4.1313601287e-06 2.8093750000e+02 2.8651632690e+02 2.8927606201e+02 1.2103897705e+03
4.1409598452e-06 2.8193750000e+02 2.8655789185e+02 2.8953277588e+02 1.2123898926e+03
4.1505600166e-06 2.8068750000e+02 2.8350683594e+02 2.8574868774e+02 1.2129981689e+03
4.1601601879e-06 2.8040625000e+02 2.8441336060e+02 2.8594931030e+02 1.2149888916e+03
4.1697599045e-06 2.7846875000e+02 2.8340545654e+02 2.8658517456e+02 1.2156148682e+03
4.1793600758e-06 2.7834375000e+02 2.8356744385e+02 2.8700393677e+02 1.2176051025e+03
4.1889597924e-06 2.8037500000e+02 2.8314691162e+02 2.8586233521e+02 1.2182209473e+03
4.1985599637e-06 2.7903125000e+02 2.8420349121e+02 2.8738015747e+02 1.2202186279e+03
4.2081601350e-06 2.7706250000e+02 2.8372811890e+02 2.8789248657e+02 1.2208463135e+03
4.2177598516e-06 2.7937500000e+02 2.8178216553e+02 2.8570251465e+02 1.2228243408e+03
4.2273600229e-06 2.8300000000e+02 2.8096841431e+02 2.8749734497e+02 1.2234819336e+03
4.2369601942e-06 2.7953125000e+02 2.8150259399e+02 2.8226232910e+02 1.2253831787e+03
4.2465599108e-06 2.7515625000e+02 2.8139959717e+02 2.8426007080e+02 1.2260701904e+03
4.2561600822e-06 2.7593750000e+02 2.8125759888e+02 2.8740054321e+02 1.2280080566e+03
4.2657597987e-06 2.7578125000e+02 2.8034313965e+02 2.8514801025e+02 1.2286743164e+03
4.2753599701e-06 2.7696875000e+02 2.8247518921e+02 2.8881082153e+02 1.2306396484e+03
4.2849601414e-06 2.7278125000e+02 2.8077639771e+02 2.8416940308e+02 1.2312601318e+03
4.2945598580e-06 2.7465625000e+02 2.7923495483e+02 2.8365451050e+02 1.2332248535e+03
4.3041600293e-06 2.7609375000e+02 2.8233410645e+02 2.8854458618e+02 1.2338881836e+03
4.3137602006e-06 2.7340625000e+02 2.7773864746e+02 2.8336785889e+02 1.2358142090e+03
4.3233599172e-06 2.7678125000e+02 2.7828689575e+02 2.8091015625e+02 1.2364433594e+03
4.3329600885e-06 2.7306250000e+02 2.7846121216e+02 2.8086108398e+02 1.2383629150e+03
4.3425598051e-06 2.7243750000e+02 2.7967572021e+02 2.8450109863e+02 1.2390319824e+03
4.3521599764e-06 2.7459375000e+02 2.7919509888e+02 2.8386920166e+02 1.2409425049e+03
4.3617601477e-06 2.7475000000e+02 2.7662927246e+02 2.7796536255e+02 1.2415546875e+03
4.3713598643e-06 2.7362500000e+02 2.7656304932e+02 2.7943157959e+02 1.2434807129e+03
4.3809600356e-06 2.7309375000e+02 2.7491415405e+02 2.7843258667e+02 1.2440941162e+03
4.3905602070e-06 2.7040625000e+02 2.7626528931e+02 2.7661343384e+02 1.2459796143e+03
4.4001599235e-06 2.7446875000e+02 2.7661447144e+02 2.7831091309e+02 1.2466152344e+03
4.4097600949e-06 2.7253125000e+02 2.7490243530e+02 2.7747390747e+02 1.2484989014e+03
4.4193598114e-06 2.7534375000e+02 2.7456207275e+02 2.7467736816e+02 1.2491002197e+03
4.4289599828e-06 2.7415625000e+02 2.7640197754e+02 2.7948361206e+02 1.2510301514e+03
4.4385601541e-06 2.7315625000e+02 2.7617553711e+02 2.7963262939e+02 1.2516367188e+03
4.4481598707e-06 2.6843750000e+02 2.7596646118e+02 2.7846231079e+02 1.2535480957e+03
4.4577600420e-06 2.7140625000e+02 2.7445419312e+02 2.7773324585e+02 1.2541583252e+03
4.4673602133e-06 2.6987500000e+02 2.7300137329e+02 2.7416580200e+02 1.2560291748e+03
4.4769599299e-06 2.6809375000e+02 2.7009835815e+02 2.6773550415e+02 1.2565745850e+03
4.4865601012e-06 2.6553125000e+02 2.7345803833e+02 2.7543289185e+02 1.2585205078e+03
4.4961598178e-06 2.6731250000e+02 2.7251116943e+02 2.7463052368e+02 1.2590644531e+03
4.5057599891e-06 2.6993750000e+02 2.7380157471e+02 2.7708682251e+02 1.2610281982e+03
4.5153601604e-06 2.6634375000e+02 2.7471490479e+02 2.7730422974e+02 1.2615697021e+03
4.5249598770e-06 2.6800000000e+02 2.7250579834e+02 2.7449777222e+02 1.2635086670e+03
4.5345600483e-06 2.6787500000e+02 2.7423947144e+02 2.7763290405e+02 1.2640802002e+03
4.5441602197e-06 2.7193750000e+02 2.7238580322e+02 2.7514770508e+02 1.2659960938e+03
4.5537599362e-06 2.6815625000e+02 2.7094903564e+02 2.7188992310e+02 1.2665367432e+03
4.5633601076e-06 2.7250000000e+02 2.7028164673e+02 2.7258715820e+02 1.2684635010e+03
4.5729598241e-06 2.6493750000e+02 2.7083001709e+02 2.7399002075e+02 1.2690196533e+03
4.5825599955e-06 2.6550000000e+02 2.7115747070e+02 2.7554193115e+02 1.2709597168e+03
4.5921601668e-06 2.6556250000e+02 2.6752777100e+02 2.6832345581e+02 1.2714519043e+03
4.6017598834e-06 2.6534375000e+02 2.6601495361e+02 2.6637069702e+02 1.2733745117e+03
4.6113600547e-06 2.6706250000e+02 2.6987777710e+02 2.7183212280e+02 1.2739080811e+03
4.6209602260e-06 2.6856250000e+02 2.6894555664e+02 2.7347720337e+02 1.2758553467e+03
4.6305599426e-06 2.6590625000e+02 2.6930529785e+02 2.7051220703e+02 1.2763480225e+03
4.6401601139e-06 2.6728125000e+02 2.6845892334e+02 2.7151583862e+02 1.2783116455e+03
4.6497598305e-06 2.6553125000e+02 2.6754956055e+02 2.6853112793e+02 1.2787733154e+03
4.6593600018e-06 2.6909375000e+02 2.6818161011e+02 2.7186303711e+02 1.2807717285e+03
4.6689601731e-06 2.6637500000e+02 2.6819943237e+02 2.6990692139e+02 1.2812089844e+03
4.6785598897e-06 2.6503125000e+02 2.6853536987e+02 2.7116061401e+02 1.2832166748e+03
4.6881600611e-06 2.6315625000e+02 2.6692645264e+02 2.6900494385e+02 1.2836406250e+03
4.6977597776e-06 2.6550000000e+02 2.6931112671e+02 2.7354772949e+02 1.2856842041e+03
4.7073599490e-06 2.6346875000e+02 2.6497933960e+02 2.6526473999e+02 1.2860356445e+03
4.7169601203e-06 2.6271875000e+02 2.6672399902e+02 2.6984326172e+02 1.2881208496e+03
4.7265598369e-06 2.6331250000e+02 2.6658825684e+02 2.6912579346e+02 1.2884659424e+03
4.7361600082e-06 2.6496875000e+02 2.6920187378e+02 2.7516049194e+02 1.2906044922e+03
4.7457601795e-06 2.6475000000e+02 2.6507586670e+02 2.6564538574e+02 1.2908593750e+03
4.7553598961e-06 2.6521875000e+02 2.6575167847e+02 2.6763076782e+02 1.2930136719e+03
4.7649600674e-06 2.6203125000e+02 2.6579968262e+02 2.6768182373e+02 1.2932714844e+03
4.7745597840e-06 2.6706250000e+02 2.6458383179e+02 2.6515216064e+02 1.2953961182e+03
4.7841599553e-06 2.6309375000e+02 2.6300787354e+02 2.6327645874e+02 1.2956455078e+03
4.7937601266e-06 2.6187500000e+02 2.6470523071e+02 2.6710061646e+02 1.2978017578e+03
4.8033598432e-06 2.5975000000e+02 2.6461090088e+02 2.6650765991e+02 1.2980462646e+03
4.8129600145e-06 2.6268750000e+02 2.6650595093e+02 2.7063473511e+02 1.3002366943e+03
4.8225601859e-06 2.6334375000e+02 2.6443716431e+02 2.6668045044e+02 1.3004483643e+03
4.8321599024e-06 2.6159375000e+02 2.6409646606e+02 2.6586114502e+02 1.3026248779e+03
4.8417600738e-06 2.6450000000e+02 2.6609579468e+02 2.6902700806e+02 1.3028652344e+03
4.8513597903e-06 2.6218750000e+02 2.6274185181e+02 2.6395028687e+02 1.3049963379e+03
4.8609599617e-06 2.6146875000e+02 2.6014672852e+02 2.5994250488e+02 1.3052086182e+03
4.8705601330e-06 2.5906250000e+02 2.6152920532e+02 2.6173849487e+02 1.3073454590e+03
4.8801598496e-06 2.6084375000e+02 2.6152072144e+02 2.6167749023e+02 1.3075593262e+03
4.8897600209e-06 2.5893750000e+02 2.6331307983e+02 2.6556613159e+02 1.3097283936e+03
4.8993601922e-06 2.5893750000e+02 2.6165002441e+02 2.6104693604e+02 1.3098956299e+03
4.9089599088e-06 2.5984375000e+02 2.6094790649e+02 2.6271008301e+02 1.3120909424e+03
4.9185600801e-06 2.5637500000e+02 2.6337136841e+02 2.6627758789e+02 1.3122877197e+03
4.9281597967e-06 2.6340625000e+02 2.5909622192e+02 2.5922799683e+02 1.3144201660e+03
4.9377599680e-06 2.5637500000e+02 2.5957818604e+02 2.5969622803e+02 1.3146210938e+03
4.9473601393e-06 2.5825000000e+02 2.6265979004e+02 2.6350814819e+02 1.3167708740e+03
4.9569598559e-06 2.5862500000e+02 2.5886038208e+02 2.5977670288e+02 1.3169599609e+03
4.9665600272e-06 2.5784375000e+02 2.6308468628e+02 2.6804153442e+02 1.3191782227e+03
4.9761601986e-06 2.5981250000e+02 2.6001852417e+02 2.6084878540e+02 1.3192995605e+03
4.9857599151e-06 2.5603125000e+02 2.5875360107e+02 2.6057995605e+02 1.3215208740e+03
4.9953600865e-06 2.5862500000e+02 2.6036480713e+02 2.6256802368e+02 1.3216571045e+03
5.0049598030e-06 2.5956250000e+02 2.5929956055e+02 2.6119461060e+02 1.3238638916e+03
5.0145599744e-06 2.5659375000e+02 2.5931527710e+02 2.6082699585e+02 1.3239976807e+03
5.0241601457e-06 2.5506250000e+02 2.5947229004e+02 2.6149172974e+02 1.3262066650e+03
5.0337598623e-06 2.5706250000e+02 2.5774053955e+02 2.5779092407e+02 1.3263079834e+03
5.0433600336e-06 2.5728125000e+02 2.5865338135e+02 2.6109893799e+02 1.3285490723e+03
5.0529602049e-06 2.5553125000e+02 2.5693350220e+02 2.5754431152e+02 1.3286206055e+03
5.0625599215e-06 2.5550000000e+02 2.5764883423e+02 2.5894668579e+02 1.3308684082e+03
5.0721600928e-06 2.5809375000e+02 2.5732321167e+02 2.5848504639e+02 1.3309396973e+03
5.0817598094e-06 2.5556250000e+02 2.5652496338e+02 2.5672991943e+02 1.3331646729e+03
5.0913599807e-06 2.5771875000e+02 2.5765261841e+02 2.5795571899e+02 1.3332442627e+03
5.1009601520e-06 2.5437500000e+02 2.5538952637e+02 2.5489532471e+02 1.3354438477e+03
5.1105598686e-06 2.5196875000e+02 2.5554786682e+02 2.5502828979e+02 1.3355260010e+03
5.1201600400e-06 2.5625000000e+02 2.6008932495e+02 2.6539782715e+02 1.3378206787e+03
5.1297602113e-06 2.5650000000e+02 2.5508294678e+02 2.5520812988e+02 1.3378132324e+03
5.1393599279e-06 2.5218750000e+02 2.5707519531e+02 2.5918051147e+02 1.3401376953e+03
5.1489600992e-06 2.5293750000e+02 2.5371960449e+02 2.5226396179e+02 1.3400690918e+03
5.1585598158e-06 2.5643750000e+02 2.5362313843e+02 2.5227867126e+02 1.3423883057e+03
5.1681599871e-06 2.5175000000e+02 2.5378350830e+02 2.5342410278e+02 1.3423388672e+03
5.1777601584e-06 2.5290625000e+02 2.5486560059e+02 2.5561335754e+02 1.3446718750e+03
5.1873598750e-06 2.5259375000e+02 2.5610183716e+02 2.5688583374e+02 1.3446301270e+03
5.1969600463e-06 2.5296875000e+02 2.5660891724e+02 2.5939959717e+02 1.3469884033e+03
5.2065602176e-06 2.5287500000e+02 2.5347012329e+02 2.5253689575e+02 1.3468836670e+03
5.2161599342e-06 2.5443750000e+02 2.5509611511e+02 2.5618652344e+02 1.3492716064e+03
5.2257601055e-06 2.5190625000e+02 2.5344223022e+02 2.5220343018e+02 1.3491279297e+03
5.2353598221e-06 2.5609375000e+02 2.5392228699e+02 2.5462321472e+02 1.3515421143e+03
5.2449599934e-06 2.5353125000e+02 2.5137109375e+02 2.5058703613e+02 1.3513724365e+03
5.2545601648e-06 2.5350000000e+02 2.5292987061e+02 2.5235710144e+02 1.3537864990e+03
5.2641598813e-06 2.5406250000e+02 2.5556961060e+02 2.5608047485e+02 1.3536435547e+03
5.2737600527e-06 2.5493750000e+02 2.5378622437e+02 2.5564944458e+02 1.3560679932e+03
5.2833602240e-06 2.5340625000e+02 2.5179824829e+02 2.5083203125e+02 1.3558793945e+03
5.2929599406e-06 2.5337500000e+02 2.5305366516e+02 2.5419180298e+02 1.3583333740e+03
5.3025601119e-06 2.5471875000e+02 2.5014418030e+02 2.4820988464e+02 1.3580928955e+03
5.3121598285e-06 2.4884375000e+02 2.5058163452e+02 2.5020469666e+02 1.3605659180e+03
5.3217599998e-06 2.5290625000e+02 2.5242364502e+02 2.5224694824e+02 1.3603360596e+03
5.3313601711e-06 2.4875000000e+02 2.5272052002e+02 2.5443124390e+02 1.3628328857e+03
5.3409598877e-06 2.5050000000e+02 2.5107595825e+02 2.5185881042e+02 1.3625878906e+03
5.3505600590e-06 2.4890625000e+02 2.4961090088e+02 2.4755601501e+02 1.3650270996e+03
5.3601597756e-06 2.5259375000e+02 2.4977301025e+02 2.4816067505e+02 1.3647950439e+03
5.3697599469e-06 2.5096875000e+02 2.4991731262e+02 2.5085563660e+02 1.3672685547e+03
5.3793601182e-06 2.5050000000e+02 2.5077575684e+02 2.5001251221e+02 1.3670142822e+03
5.3889598348e-06 2.4993750000e+02 2.5039627075e+02 2.5105961609e+02 1.3695041504e+03
5.3985600061e-06 2.5253125000e+02 2.5026588440e+02 2.4982102966e+02 1.3692353516e+03
5.4081601775e-06 2.5103125000e+02 2.4986016846e+02 2.4953599548e+02 1.3717194824e+03
5.4177598940e-06 2.4756250000e+02 2.4642770386e+02 2.4302850342e+02 1.3713977051e+03
5.4273600654e-06 2.4712500000e+02 2.4836846924e+02 2.4700636292e+02 1.3739114990e+03
5.4369597819e-06 2.5006250000e+02 2.4825448608e+02 2.4710176086e+02 1.3735972900e+03
5.4465599533e-06 2.4800000000e+02 2.4872851562e+02 2.4825263977e+02 1.3761157227e+03
5.4561601246e-06 2.4906250000e+02 2.5029663086e+02 2.5027180481e+02 1.3758137207e+03
5.4657598412e-06 2.4837500000e+02 2.4690344238e+02 2.4654026794e+02 1.3783156738e+03
5.4753600125e-06 2.4978125000e+02 2.4996264648e+02 2.5074586487e+02 1.3780412598e+03
5.4849601838e-06 2.4665625000e+02 2.4865531921e+02 2.4997116089e+02 1.3805418701e+03
5.4945599004e-06 2.4956250000e+02 2.4736431885e+02 2.4581777954e+02 1.3802211914e+03
5.5041600717e-06 2.4787500000e+02 2.4666741943e+02 2.4484683228e+02 1.3827087402e+03
5.5137597883e-06 2.4665625000e+02 2.4967149353e+02 2.5070663452e+02 1.3824454346e+03
5.5233599596e-06 2.5012500000e+02 2.4606283569e+02 2.4436965942e+02 1.3848756104e+03
5.5329601309e-06 2.4640625000e+02 2.4676829529e+02 2.4517523193e+02 1.3846151123e+03
5.5425598475e-06 2.4571875000e+02 2.4596253967e+02 2.4498646545e+02 1.3870516357e+03
5.5521600189e-06 2.4546875000e+02 2.4292291260e+02 2.3883934021e+02 1.3867403564e+03
5.5617601902e-06 2.4934375000e+02 2.4615081787e+02 2.4532106018e+02 1.3892263184e+03
5.5713599068e-06 2.4600000000e+02 2.4639123535e+02 2.4558157349e+02 1.3889188232e+03
5.5809600781e-06 2.4490625000e+02 2.4705734253e+02 2.4829936218e+02 1.3914329834e+03
5.5905597947e-06 2.4437500000e+02 2.4666491699e+02 2.4678294373e+02 1.3911103516e+03
5.6001599660e-06 2.4731250000e+02 2.4596051025e+02 2.4566581726e+02 1.3936097412e+03
5.6097601373e-06 2.4603125000e+02 2.4615975952e+02 2.4663600159e+02 1.3933040771e+03
5.6193593991e-06 2.4362500000e+02 2.4638932800e+02 2.4659925842e+02 1.3957915039e+03
5.6289600252e-06 2.4550000000e+02 2.4674890137e+02 2.4846435547e+02 1.3955151367e+03
5.6385601965e-06 2.4728125000e+02 2.4201812744e+02 2.3835653687e+02 1.3979000244e+03
5.6481599131e-06 2.4575000000e+02 2.4231530762e+02 2.3881777954e+02 1.3976269531e+03
5.6577600844e-06 2.4543750000e+02 2.4317367554e+02 2.4261679077e+02 1.4000610352e+03
5.6673598010e-06 2.4765625000e+02 2.4331320190e+02 2.4166154480e+02 1.3997727051e+03
5.6769595176e-06 2.4656250000e+02 2.4489236450e+02 2.4504257202e+02 1.4022309570e+03
5.6865601437e-06 2.4475000000e+02 2.4427151489e+02 2.4329750061e+02 1.4019250488e+03
5.6961598602e-06 2.4893750000e+02 2.4361424255e+02 2.4259976196e+02 1.4043763428e+03
5.7057600316e-06 2.4193750000e+02 2.4301943970e+02 2.4156454468e+02 1.4040667725e+03
5.7153602029e-06 2.4440625000e+02 2.4281048584e+02 2.4102355957e+02 1.4065002441e+03
5.7249599195e-06 2.4218750000e+02 2.4378131104e+02 2.4313749695e+02 1.4062180176e+03
5.7345596360e-06 2.4728125000e+02 2.4279324341e+02 2.4131283569e+02 1.4086260986e+03
5.7441598074e-06 2.4415625000e+02 2.4173959351e+02 2.4065184021e+02 1.4083599854e+03
5.7537599787e-06 2.4315625000e+02 2.4261401367e+02 2.4169541931e+02 1.4107629395e+03
5.7633601500e-06 2.4396875000e+02 2.4273197937e+02 2.4268914795e+02 1.4105159912e+03
5.7729598666e-06 2.4746875000e+02 2.4122290039e+02 2.3922181702e+02 1.4128773193e+03
5.7825600379e-06 2.4381250000e+02 2.3954957581e+02 2.3641108704e+02 1.4126169434e+03
5.7921597545e-06 2.4450000000e+02 2.4083966064e+02 2.3865190125e+02 1.4149835205e+03
5.8017594711e-06 2.4406250000e+02 2.4081799316e+02 2.3874638367e+02 1.4147297363e+03
5.8113600971e-06 2.4381250000e+02 2.4075581360e+02 2.3904751587e+02 1.4170968018e+03
5.8209598137e-06 2.4071875000e+02 2.4161216736e+02 2.4101293945e+02 1.4168656006e+03
5.8305595303e-06 2.4384375000e+02 2.3980761719e+02 2.3744302368e+02 1.4191954346e+03
5.8401601564e-06 2.4381250000e+02 2.4191354370e+02 2.4164923096e+02 1.4190029297e+03
5.8497598729e-06 2.4425000000e+02 2.4112030029e+02 2.4133348083e+02 1.4213358154e+03
5.8593600443e-06 2.4609375000e+02 2.3797152710e+02 2.3420123291e+02 1.4210792236e+03
5.8689602156e-06 2.4356250000e+02 2.3843792725e+02 2.3523567200e+02 1.4234127197e+03
5.8785599322e-06 2.4218750000e+02 2.4022706604e+02 2.3921609497e+02 1.4231979980e+03
5.8881601035e-06 2.4246875000e+02 2.3883505249e+02 2.3634652710e+02 1.4254980469e+03
5.8977598201e-06 2.4453125000e+02 2.3974008179e+02 2.3811886597e+02 1.4252999268e+03
5.9073599914e-06 2.4193750000e+02 2.3851791382e+02 2.3611317444e+02 1.4275827637e+03
5.9169597080e-06 2.4134375000e+02 2.3755303955e+02 2.3408325195e+02 1.4273605957e+03
5.9265598793e-06 2.4059375000e+02 2.3991360474e+02 2.3915458679e+02 1.4296903076e+03
5.9361600506e-06 2.4128125000e+02 2.3990353394e+02 2.3915983582e+02 1.4294715576e+03
5.9457597672e-06 2.4315625000e+02 2.3848776245e+02 2.3720274353e+02 1.4317896729e+03
5.9553594838e-06 2.4375000000e+02 2.3862384033e+02 2.3707806396e+02 1.4315673828e+03
5.9649601098e-06 2.3968750000e+02 2.3946711731e+02 2.3910691833e+02 1.4338991699e+03
5.9745598264e-06 2.4253125000e+02 2.3896884155e+02 2.3800508118e+02 1.4336687012e+03
5.9841595430e-06 2.4087500000e+02 2.3738256836e+02 2.3502165222e+02 1.4359702148e+03
5.9937601691e-06 2.3865625000e+02 2.3807830811e+02 2.3637884521e+02 1.4357513428e+03
6.0033598857e-06 2.3971875000e+02 2.3787759399e+02 2.3648461914e+02 1.4380559082e+03
6.0129600570e-06 2.4196875000e+02 2.3524150085e+02 2.3118165588e+02 1.4377989502e+03
6.0225597736e-06 2.4265625000e+02 2.3721392822e+02 2.3530511475e+02 1.4401270752e+03
6.0321599449e-06 2.3946875000e+02 2.3781991577e+02 2.3666557312e+02 1.4398878174e+03
6.0417596615e-06 2.3706250000e+02 2.3777456665e+02 2.3675650024e+02 1.4422050781e+03
6.0513598328e-06 2.3968750000e+02 2.3570657349e+02 2.3261383057e+02 1.4419422607e+03
6.0609600041e-06 2.3775000000e+02 2.3527563477e+02 2.3196376038e+02 1.4442478027e+03
6.0705597207e-06 2.3921875000e+02 2.3601904297e+02 2.3352230835e+02 1.4440009766e+03
6.0801594373e-06 2.4071875000e+02 2.3285365295e+02 2.2717568970e+02 1.4462501221e+03
6.0897600633e-06 2.4215625000e+02 2.3309979248e+02 2.2771752930e+02 1.4460109863e+03
6.0993597799e-06 2.3618750000e+02 2.3562300110e+02 2.3335780334e+02 1.4482994385e+03
6.1089594965e-06 2.3962500000e+02 2.3405239868e+02 2.3025616455e+02 1.4480338135e+03
6.1185601226e-06 2.3831250000e+02 2.3405438232e+02 2.3064659119e+02 1.4503377686e+03
6.1281598391e-06 2.3700000000e+02 2.3482647705e+02 2.3201669312e+02 1.4500766602e+03
6.1377600105e-06 2.3687500000e+02 2.3144038391e+02 2.2510554504e+02 1.4523212891e+03
6.1473601818e-06 2.4012500000e+02 2.3341354370e+02 2.2936624146e+02 1.4520982666e+03
6.1569598984e-06 2.3875000000e+02 2.3363876343e+02 2.3016184998e+02 1.4543474121e+03
6.1665600697e-06 2.3612500000e+02 2.3250987244e+02 2.2775964355e+02 1.4541058350e+03
6.1761597863e-06 2.3940625000e+02 2.3314770508e+02 2.2944982910e+02 1.4563680420e+03
6.1857599576e-06 2.3631250000e+02 2.3101510620e+02 2.2488485718e+02 1.4560872803e+03
6.1953596742e-06 2.3915625000e+02 2.3370846558e+02 2.3098243713e+02 1.4583970947e+03
6.2049593907e-06 2.3659375000e+02 2.3209115601e+02 2.2773690796e+02 1.4580874023e+03
6.2145600168e-06 2.3540625000e+02 2.3378253174e+02 2.3146308899e+02 1.4604322510e+03
6.2241597334e-06 2.3368750000e+02 2.3418273926e+02 2.3238542175e+02 1.4601359863e+03
6.2337594500e-06 2.3503125000e+02 2.3232376099e+02 2.2872152710e+02 1.4624400635e+03
6.2433600760e-06 2.3659375000e+02 2.3315957642e+02 2.3046691895e+02 1.4621643066e+03
6.2529597926e-06 2.3743750000e+02 2.3209722900e+02 2.2848910522e+02 1.4644484863e+03
6.2625599639e-06 2.3650000000e+02 2.3218348694e+02 2.2883224487e+02 1.4641737061e+03
6.2721601353e-06 2.3543750000e+02 2.3388522339e+02 2.3268217468e+02 1.4664907227e+03
6.2817598518e-06 2.3531250000e+02 2.3102928162e+02 2.2653036499e+02 1.4661665039e+03
6.2913600232e-06 2.3681250000e+02 2.3167288208e+02 2.2821096802e+02 1.4684976807e+03
6.3009601945e-06 2.3428125000e+02 2.3302481079e+02 2.3125807190e+02 1.4682058105e+03
6.3105599111e-06 2.3568750000e+02 2.3136383057e+02 2.2791207886e+02 1.4704981689e+03
6.3201596276e-06 2.3693750000e+02 2.3034829712e+02 2.2574325562e+02 1.4701898193e+03
6.3297593442e-06 2.3475000000e+02 2.2961175537e+02 2.2436186218e+02 1.4724691162e+03
6.3393599703e-06 2.3715625000e+02 2.3122940063e+02 2.2797833252e+02 1.4721928711e+03
6.3489596869e-06 2.3281250000e+02 2.2991189575e+02 2.2544235229e+02 1.4744467773e+03
6.3585594035e-06 2.3443750000e+02 2.3198999023e+02 2.3023136902e+02 1.4742277832e+03
6.3681600295e-06 2.3287500000e+02 2.2940071106e+02 2.2524148560e+02 1.4764158936e+03
6.3777602008e-06 2.3487500000e+02 2.2951382446e+02 2.2477453613e+02 1.4762052002e+03
6.3873594627e-06 2.3471875000e+02 2.3055493164e+02 2.2739259338e+02 1.4784124756e+03
6.3969600888e-06 2.3237500000e+02 2.2808102417e+02 2.2295056152e+02 1.4781553955e+03
6.4065598053e-06 2.3475000000e+02 2.2852305603e+02 2.2345359802e+02 1.4803704834e+03
6.4161599767e-06 2.3318750000e+02 2.2918939209e+02 2.2483215332e+02 1.4801293945e+03
6.4257601480e-06 2.3121875000e+02 2.2920419312e+02 2.2568605042e+02 1.4823428955e+03
6.4353598646e-06 2.3384375000e+02 2.2912026978e+02 2.2582603455e+02 1.4821030273e+03
6.4449595811e-06 2.3331250000e+02 2.2687155151e+02 2.2007402039e+02 1.4842762451e+03
6.4545602072e-06 2.3187500000e+02 2.2814053345e+02 2.2304457092e+02 1.4840628662e+03
6.4641599238e-06 2.3015625000e+02 2.2815742493e+02 2.2381799316e+02 1.4862340088e+03
6.4737596404e-06 2.3075000000e+02 2.2816348267e+02 2.2328018188e+02 1.4860294189e+03
6.4833593569e-06 2.3312500000e+02 2.2839505005e+02 2.2423748779e+02 1.4882008057e+03
6.4929599830e-06 2.3078125000e+02 2.2898321533e+02 2.2554023743e+02 1.4880112305e+03
6.5025596996e-06 2.3181250000e+02 2.2742742920e+02 2.2294026184e+02 1.4901495361e+03
6.5121594162e-06 2.3375000000e+02 2.2600505066e+02 2.2054537964e+02 1.4899372559e+03
6.5217600422e-06 2.3218750000e+02 2.2734771729e+02 2.2316978455e+02 1.4920993652e+03
6.5313602136e-06 2.3137500000e+02 2.2686692810e+02 2.2253193665e+02 1.4918812256e+03
6.5409599301e-06 2.3278125000e+02 2.2737118530e+02 2.2289033508e+02 1.4940534668e+03
6.5505601015e-06 2.3318750000e+02 2.2413073730e+02 2.1735241699e+02 1.4937780762e+03
6.5601598180e-06 2.3115625000e+02 2.2561511230e+02 2.1973681641e+02 1.4959747314e+03
6.5697599894e-06 2.3084375000e+02 2.2433575439e+02 2.1673074341e+02 1.4956771240e+03
6.5793601607e-06 2.3040625000e+02 2.2530117798e+02 2.2038732910e+02 1.4978950195e+03
6.5889598773e-06 2.3387500000e+02 2.2557881165e+02 2.2065843201e+02 1.4976040039e+03
6.5985595938e-06 2.3246875000e+02 2.2535739136e+02 2.1967080688e+02 1.4998160400e+03
6.6081602199e-06 2.3178125000e+02 2.2565939331e+02 2.2063940430e+02 1.4995338135e+03
6.6177599365e-06 2.3125000000e+02 2.2736845398e+02 2.2427072144e+02 1.5017792969e+03
6.6273596531e-06 2.3284375000e+02 2.2526361084e+02 2.2003689575e+02 1.5014581299e+03
6.6369593696e-06 2.2896875000e+02 2.2377731323e+02 2.1720301819e+02 1.5036751709e+03
6.6465599957e-06 2.2987500000e+02 2.2705975342e+02 2.2386137390e+02 1.5034210205e+03
6.6561601670e-06 2.2896875000e+02 2.2550842285e+02 2.2085925293e+02 1.5056064453e+03
6.6657598836e-06 2.3175000000e+02 2.2536398315e+02 2.2048985291e+02 1.5053519287e+03
6.6753600549e-06 2.3290625000e+02 2.2197372437e+02 2.1372174072e+02 1.5074720459e+03
6.6849597715e-06 2.3193750000e+02 2.2508625793e+02 2.2027604675e+02 1.5072796631e+03
6.6945599428e-06 2.2762500000e+02 2.2297119141e+02 2.1664033508e+02 1.5093605957e+03
6.7041601142e-06 2.3093750000e+02 2.2255169678e+02 2.1466241455e+02 1.5091595459e+03
6.7137598307e-06 2.2696875000e+02 2.2420474243e+02 2.1875454712e+02 1.5112733154e+03
6.7233595473e-06 2.2850000000e+02 2.2322520447e+02 2.1645658875e+02 1.5110550537e+03
6.7329601734e-06 2.2765625000e+02 2.2235348511e+02 2.1613153076e+02 1.5131556396e+03
6.7425598900e-06 2.3028125000e+02 2.2273699951e+02 2.1562931824e+02 1.5129431152e+03
6.7521596065e-06 2.2643750000e+02 2.2293815613e+02 2.1705754089e+02 1.5150490723e+03
6.7617593231e-06 2.2834375000e+02 2.2280456543e+02 2.1637532043e+02 1.5148353271e+03
6.7713599492e-06 2.2946875000e+02 2.2341807556e+02 2.1713523865e+02 1.5169561768e+03
6.7809601205e-06 2.2825000000e+02 2.2195144653e+02 2.1437359619e+02 1.5167122803e+03
6.7905593824e-06 2.3059375000e+02 2.2129760742e+02 2.1356733704e+02 1.5188206787e+03
6.8001600084e-06 2.2818750000e+02 2.2143978882e+02 2.1453285217e+02 1.5185842285e+03
6.8097601797e-06 2.2815625000e+02 2.2153199768e+02 2.1486277771e+02 1.5206937256e+03
6.8193598963e-06 2.2725000000e+02 2.2104315186e+02 2.1357841492e+02 1.5204492188e+03
6.8289600677e-06 2.2790625000e+02 2.2109739685e+02 2.1409973145e+02 1.5225603027e+03
6.8385597842e-06 2.2921875000e+02 2.2172927856e+02 2.1480332947e+02 1.5223287354e+03
6.8481595008e-06 2.2671875000e+02 2.2147747803e+02 2.1567259216e+02 1.5244381104e+03
6.8577601269e-06 2.2690625000e+02 2.1964633179e+02 2.1033512878e+02 1.5241684570e+03
6.8673598435e-06 2.2587500000e+02 2.2193746948e+02 2.1596771240e+02 1.5263243408e+03
6.8769595600e-06 2.2709375000e+02 2.1997949219e+02 2.1267553711e+02 1.5260218506e+03
6.8865601861e-06 2.2506250000e+02 2.1941241455e+02 2.1115867615e+02 1.5281644287e+03
6.8961599027e-06 2.2515625000e+02 2.1999559021e+02 2.1260087585e+02 1.5278760986e+03
6.9057596193e-06 2.2531250000e+02 2.1894088745e+02 2.1097862244e+02 1.5300000000e+03
6.9153593358e-06 2.2290625000e+02 2.1761929321e+02 2.0930685425e+02 1.5296949463e+03
6.9249599619e-06 2.2618750000e+02 2.1748907471e+02 2.0861402893e+02 1.5318127441e+03
6.9345601332e-06 2.3003125000e+02 2.1681338501e+02 2.0802886963e+02 1.5315018311e+03
6.9441598498e-06 2.2668750000e+02 2.2086724854e+02 2.1474186707e+02 1.5336867676e+03
6.9537600211e-06 2.2321875000e+02 2.1881529236e+02 2.1215393066e+02 1.5333461914e+03
6.9633597377e-06 2.2518750000e+02 2.1919100952e+02 2.1128817749e+02 1.5355292969e+03
6.9729594543e-06 2.2309375000e+02 2.1878396606e+02 2.1095227051e+02 1.5351851807e+03
6.9825600804e-06 2.2618750000e+02 2.1877729797e+02 2.1024031067e+02 1.5373646240e+03
6.9921597969e-06 2.2556250000e+02 2.1934048462e+02 2.1158613586e+02 1.5370344238e+03
7.0017595135e-06 2.2390625000e+02 2.1824476624e+02 2.1128340149e+02 1.5391998291e+03
7.0113601396e-06 2.2709375000e+02 2.1713891602e+02 2.0713519287e+02 1.5388422852e+03
7.0209598562e-06 2.2540625000e+02 2.1795501709e+02 2.0945515442e+02 1.5410246582e+03
7.0305595727e-06 2.2537500000e+02 2.1821415710e+02 2.0992756653e+02 1.5406741943e+03
7.0401601988e-06 2.2331250000e+02 2.1639808655e+02 2.0870935059e+02 1.5428339844e+03
7.0497599154e-06 2.2806250000e+02 2.1766944885e+02 2.0973800659e+02 1.5425007324e+03
7.0593600867e-06 2.2371875000e+02 2.1659666443e+02 2.0670845032e+02 1.5446350098e+03
7.0689598033e-06 2.2228125000e+02 2.1547467041e+02 2.0483909607e+02 1.5442845459e+03
7.0785599746e-06 2.2312500000e+02 2.1574998474e+02 2.0543081665e+02 1.5464228516e+03
7.0881596912e-06 2.2259375000e+02 2.1334417725e+02 2.0102981567e+02 1.5460323486e+03
7.0977598625e-06 2.2387500000e+02 2.1651031494e+02 2.0717381287e+02 1.5482270508e+03
7.1073600338e-06 2.2181250000e+02 2.1609931946e+02 2.0643667603e+02 1.5478314209e+03
7.1169597504e-06 2.2065625000e+02 2.1735394287e+02 2.0898498535e+02 1.5500489502e+03
7.1265594670e-06 2.2003125000e+02 1.4500088501e+02 8.4796150208e+01 1.5485665283e+03
7.1361600931e-06 2.2237500000e+02 1.6060678101e+02 8.8460113525e+01 1.5508295898e+03
7.1457598096e-06 2.2225000000e+02 1.6769587708e+02 9.5916641235e+01 1.5494234619e+03
7.1553595262e-06 2.1718750000e+02 1.6081562805e+02 8.8436965942e+01 1.5516217041e+03
7.1649601523e-06 2.1262500000e+02 1.4663064575e+02 7.6722351074e+01 1.5501213379e+03
7.1745598689e-06 2.0331250000e+02 1.3489735413e+02 6.8342651367e+01 1.5522528076e+03
7.1841600402e-06 1.9653125000e+02 1.2105752563e+02 5.7186676025e+01 1.5506561279e+03
7.1937602115e-06 1.8296875000e+02 1.1156327820e+02 4.8989227295e+01 1.5527193604e+03
7.2033599281e-06 1.7106250000e+02 1.0022222900e+02 3.9138175964e+01 1.5510341797e+03
7.2129596447e-06 1.5378125000e+02 9.4614212036e+01 3.2416381836e+01 1.5530374756e+03
7.2225598160e-06 1.3209375000e+02 8.3841049194e+01 2.6318981171e+01 1.5512926025e+03
7.2321599873e-06 1.1556250000e+02 7.3231002808e+01 2.1704662323e+01 1.5532498779e+03
7.2417597039e-06 9.9031250000e+01 6.2393997192e+01 1.8386819839e+01 1.5514705811e+03
7.2513594205e-06 8.6687500000e+01 5.1674621582e+01 1.5116243362e+01 1.5533950195e+03
7.2609600466e-06 7.3343750000e+01 4.1134887695e+01 1.2200274467e+01 1.5515858154e+03
7.2705597631e-06 6.0781250000e+01 3.5030609131e+01 1.0457175255e+01 1.5534920654e+03
7.2801594797e-06 4.6625000000e+01 2.7487640381e+01 8.3636045456e+00 1.5516618652e+03
7.2897601058e-06 3.8562500000e+01 2.2901092529e+01 7.1918001175e+00 1.5535570068e+03
7.2993598224e-06 3.1000000000e+01 1.9512390137e+01 6.3659224510e+00 1.5517186279e+03
7.3089595389e-06 2.4718750000e+01 1.6136932373e+01 5.3424520493e+00 1.5536042480e+03
7.3185601650e-06 1.9968750000e+01 1.3490875244e+01 4.6718606949e+00 1.5517598877e+03
7.3281598816e-06 1.4812500000e+01 1.0529113770e+01 3.8723566532e+00 1.5536385498e+03
7.3377600529e-06 1.4968750000e+01 7.9147338867e+00 3.3010697365e+00 1.5517889404e+03
7.3518399404e-06 1.1031250000e+01 5.1741943359e+00 2.7525694370e+00 1.5536744385e+03
