# epoch total_loss data_loss physics_loss w_data w_physics lr
1.0000000000e+00 9.5777440071e-01 8.8878464699e-01 1.0257837772e+00 4.9642219265e-01 5.0357780683e-01 1.0000000000e-03
2.0000000000e+00 7.0036542416e-01 6.5351140499e-01 7.4601238966e-01 4.9347524236e-01 5.0652475645e-01 1.0000000000e-03
3.0000000000e+00 4.6726146340e-01 4.7085210681e-01 4.6374884248e-01 4.9450773348e-01 5.0549226438e-01 1.0000000000e-03
4.0000000000e+00 3.1056225300e-01 3.3829060197e-01 2.8288745880e-01 4.9951648115e-01 5.0048351532e-01 1.0000000000e-03
5.0000000000e+00 2.5005203485e-01 2.5939285755e-01 2.4065729976e-01 5.0143819985e-01 4.9856179497e-01 1.0000000000e-03
6.0000000000e+00 2.4113529921e-01 2.2690588236e-01 2.5527125597e-01 4.9835299372e-01 5.0164699954e-01 1.0000000000e-03
7.0000000000e+00 2.3809289932e-01 2.1265617013e-01 2.6285097003e-01 4.9323966542e-01 5.0676032641e-01 1.0000000000e-03
8.0000000000e+00 2.1634112298e-01 1.9890610874e-01 2.3308967054e-01 4.8995922839e-01 5.1004076194e-01 1.0000000000e-03
9.0000000000e+00 1.7613260448e-01 1.8392531574e-01 1.6855069995e-01 4.9314424903e-01 5.0685573943e-01 1.0000000000e-03
1.0000000000e+01 1.3649716973e-01 1.7455054820e-01 9.7196467221e-02 5.0806255968e-01 4.9193742626e-01 1.0000000000e-03
1.1000000000e+01 1.1921249330e-01 1.7792885005e-01 5.1729943603e-02 5.3473160499e-01 4.6526837800e-01 1.0000000000e-03
1.2000000000e+01 1.2451554835e-01 1.9216948748e-01 3.6542717367e-02 5.6528084251e-01 4.3471913781e-01 1.0000000000e-03
1.3000000000e+01 1.4037676156e-01 2.0876145363e-01 4.1015438735e-02 5.9233192497e-01 4.0766805331e-01 1.0000000000e-03
1.4000000000e+01 1.5238064528e-01 2.1784251928e-01 4.7759991139e-02 6.1511697497e-01 3.8488300172e-01 1.0000000000e-03
1.5000000000e+01 1.5217642486e-01 2.1449998021e-01 4.2827740312e-02 6.3696200696e-01 3.6303796818e-01 1.0000000000e-03
1.6000000000e+01 1.4436036348e-01 2.0233997703e-01 3.2008424401e-02 6.5960732477e-01 3.4039264859e-01 1.0000000000e-03
1.7000000000e+01 1.3857817650e-01 1.8972003460e-01 2.9882173985e-02 6.8003917786e-01 3.1996079361e-01 1.0000000000e-03
1.8000000000e+01 1.3863062859e-01 1.8286344409e-01 3.7900950760e-02 6.9486720221e-01 3.0513276758e-01 1.0000000000e-03
1.9000000000e+01 1.4122907817e-01 1.8115478754e-01 4.5706387609e-02 7.0523318461e-01 2.9476678379e-01 1.0000000000e-03
2.0000000000e+01 1.4129608870e-01 1.7887273431e-01 4.7632440925e-02 7.1368056792e-01 2.8631939923e-01 1.0000000000e-03
2.1000000000e+01 1.3651503623e-01 1.7196568847e-01 4.4569257647e-02 7.2172956764e-01 2.7827039818e-01 1.0000000000e-03
2.2000000000e+01 1.2845875323e-01 1.6159118712e-01 3.8787800819e-02 7.3019938720e-01 2.6980057704e-01 1.0000000000e-03
2.3000000000e+01 1.2067559361e-01 1.5167798102e-01 3.2690480351e-02 7.3944838519e-01 2.6055157721e-01 1.0000000000e-03
2.4000000000e+01 1.1577173322e-01 1.4489793777e-01 2.8919290751e-02 7.4886578335e-01 2.5113417705e-01 1.0000000000e-03
2.5000000000e+01 1.1365968734e-01 1.4092350006e-01 2.8699144721e-02 7.5705979366e-01 2.4294016481e-01 1.0000000000e-03
2.6000000000e+01 1.1230593920e-01 1.3760510087e-01 3.0836477876e-02 7.6304688184e-01 2.3695307484e-01 1.0000000000e-03
2.7000000000e+01 1.0982330143e-01 1.3314208388e-01 3.3142611384e-02 7.6681094301e-01 2.3318901199e-01 1.0000000000e-03
2.8000000000e+01 1.0573858023e-01 1.2717197835e-01 3.4463785589e-02 7.6880796263e-01 2.3119199068e-01 1.0000000000e-03
2.9000000000e+01 1.0086514056e-01 1.2050706893e-01 3.5394523293e-02 7.6922404287e-01 2.3077590870e-01 1.0000000000e-03
3.0000000000e+01 9.6455477178e-02 1.1431825906e-01 3.7446968257e-02 7.6762735946e-01 2.3237259036e-01 1.0000000000e-03
3.1000000000e+01 9.3305975199e-02 1.0939270258e-01 4.1398465633e-02 7.6341044740e-01 2.3658950081e-01 1.0000000000e-03
3.2000000000e+01 9.1220594943e-02 1.0572876036e-01 4.6096011996e-02 7.5670807345e-01 2.4329187335e-01 1.0000000000e-03
3.3000000000e+01 8.9146420360e-02 1.0259554535e-01 4.9082066864e-02 7.4867779465e-01 2.5132215088e-01 1.0000000000e-03
3.4000000000e+01 8.6048439145e-02 9.9088884890e-02 4.8773858696e-02 7.4082410933e-01 2.5917583488e-01 1.0000000000e-03
3.5000000000e+01 8.1813380122e-02 9.4859138131e-02 4.5779846609e-02 7.3419037314e-01 2.6580956954e-01 1.0000000000e-03
3.6000000000e+01 7.7238425612e-02 9.0362608433e-02 4.1919223964e-02 7.2908200250e-01 2.7091793835e-01 1.0000000000e-03
3.7000000000e+01 7.3216944933e-02 8.6360782385e-02 3.8506582379e-02 7.2533580918e-01 2.7466412958e-01 1.0000000000e-03
3.8000000000e+01 7.0018962026e-02 8.3155386150e-02 3.5779569298e-02 7.2271891411e-01 2.7728102237e-01 1.0000000000e-03
3.9000000000e+01 6.7199483514e-02 8.0294370651e-02 3.3341392875e-02 7.2110643580e-01 2.7889349823e-01 1.0000000000e-03
4.0000000000e+01 6.4073652029e-02 7.7024102211e-02 3.0689038336e-02 7.2050433303e-01 2.7949559831e-01 1.0000000000e-03
4.1000000000e+01 6.0369018465e-02 7.3055125773e-02 2.7577048168e-02 7.2105008408e-01 2.7894984419e-01 1.0000000000e-03
4.2000000000e+01 5.6515991688e-02 6.8881295621e-02 2.4257177487e-02 7.2290085992e-01 2.7709906479e-01 1.0000000000e-03
4.3000000000e+01 5.3263407201e-02 6.5303988755e-02 2.1367050707e-02 7.2595771983e-01 2.7404220086e-01 1.0000000000e-03
4.4000000000e+01 5.0940733403e-02 6.2630273402e-02 1.9378608093e-02 7.2973204902e-01 2.7026786741e-01 1.0000000000e-03
4.5000000000e+01 4.9142234027e-02 6.0408543795e-02 1.8101271242e-02 7.3370277281e-01 2.6629713924e-01 1.0000000000e-03
4.6000000000e+01 4.7189112753e-02 5.7961020619e-02 1.6882009804e-02 7.3777592954e-01 2.6222397795e-01 1.0000000000e-03
4.7000000000e+01 4.4826027006e-02 5.5032353848e-02 1.5463243239e-02 7.4206327726e-01 2.5793662530e-01 1.0000000000e-03
4.8000000000e+01 4.2412504554e-02 5.1904629916e-02 1.4537446201e-02 7.4597705826e-01 2.5402283899e-01 1.0000000000e-03
4.9000000000e+01 4.0428116918e-02 4.8990990967e-02 1.5023402870e-02 7.4791055171e-01 2.5208934019e-01 1.0000000000e-03
5.0000000000e+01 3.8849994540e-02 4.6345561743e-02 1.6771761701e-02 7.4654712603e-01 2.5345276084e-01 1.0000000000e-03
5.1000000000e+01 3.7173718214e-02 4.3632410467e-02 1.8598081544e-02 7.4200660029e-01 2.5799328182e-01 1.0000000000e-03
5.2000000000e+01 3.5084102303e-02 4.0615819395e-02 1.9732933491e-02 7.3510776627e-01 2.6489211106e-01 1.0000000000e-03
5.3000000000e+01 3.2883144915e-02 3.7523780018e-02 2.0575892180e-02 7.2618216222e-01 2.7381771016e-01 1.0000000000e-03
5.4000000000e+01 3.1124329194e-02 3.4814752638e-02 2.1866558120e-02 7.1498586097e-01 2.8501400654e-01 1.0000000000e-03
5.5000000000e+01 3.0002366751e-02 3.2658319920e-02 2.3764578626e-02 7.0136858720e-01 2.9863127583e-01 1.0000000000e-03
5.6000000000e+01 2.9224388301e-02 3.0749857426e-02 2.5899210945e-02 6.8551303068e-01 3.1448682839e-01 1.0000000000e-03
5.7000000000e+01 2.8492247686e-02 2.8763232753e-02 2.7947811410e-02 6.6768064508e-01 3.3231921046e-01 1.0000000000e-03
5.8000000000e+01 2.7915436774e-02 2.6840841398e-02 2.9895598069e-02 6.4822051339e-01 3.5177933897e-01 1.0000000000e-03
5.9000000000e+01 2.7701428160e-02 2.5327691808e-02 3.1705409288e-02 6.2780721220e-01 3.7219263739e-01 1.0000000000e-03
6.0000000000e+01 2.7716524899e-02 2.4289406836e-02 3.3018935472e-02 6.0741020270e-01 3.9258964448e-01 1.0000000000e-03
6.1000000000e+01 2.7611654252e-02 2.3650400341e-02 3.3270221204e-02 5.8821896798e-01 4.1178087691e-01 1.0000000000e-03
6.2000000000e+01 2.7273546904e-02 2.3523475975e-02 3.2276216894e-02 5.7155406265e-01 4.2844577983e-01 1.0000000000e-03
6.3000000000e+01 2.6909727603e-02 2.3987952620e-02 3.0603393912e-02 5.5833959162e-01 4.4166024829e-01 1.0000000000e-03
6.4000000000e+01 2.6628311723e-02 2.4744564667e-02 2.8917856514e-02 5.4861715615e-01 4.5138268114e-01 1.0000000000e-03
6.5000000000e+01 2.6326574385e-02 2.5353230536e-02 2.7477264404e-02 5.4174519676e-01 4.5825463787e-01 1.0000000000e-03
6.6000000000e+01 2.5973780081e-02 2.5608470663e-02 2.6397166774e-02 5.3681238818e-01 4.6318744376e-01 1.0000000000e-03
6.7000000000e+01 2.5735085830e-02 2.5647273287e-02 2.5835298002e-02 5.3294852962e-01 4.6705129970e-01 1.0000000000e-03
6.8000000000e+01 2.5672797114e-02 2.5767711923e-02 2.5565840304e-02 5.2985029424e-01 4.7014953267e-01 1.0000000000e-03
6.9000000000e+01 2.5605123490e-02 2.6130545884e-02 2.5017481297e-02 5.2795333647e-01 4.7204648820e-01 1.0000000000e-03
7.0000000000e+01 2.5391284376e-02 2.6741456240e-02 2.3881031200e-02 5.2798324376e-01 4.7201657869e-01 1.0000000000e-03
7.1000000000e+01 2.5131400675e-02 2.7505643666e-02 2.2451452911e-02 5.3024343968e-01 4.6975638050e-01 1.0000000000e-03
7.2000000000e+01 2.4915698916e-02 2.8014272451e-02 2.1365677938e-02 5.3395116320e-01 4.6604865472e-01 1.0000000000e-03
7.3000000000e+01 2.4624809623e-02 2.7732416987e-02 2.1014040336e-02 5.3744717871e-01 4.6255263690e-01 1.0000000000e-03
7.4000000000e+01 2.4167994037e-02 2.6570616290e-02 2.1357268095e-02 5.3914119152e-01 4.6085862166e-01 1.0000000000e-03
7.5000000000e+01 2.3676592857e-02 2.4949356914e-02 2.2193575278e-02 5.3814985519e-01 4.6184995546e-01 1.0000000000e-03
7.6000000000e+01 2.3313689977e-02 2.3438598961e-02 2.3170206696e-02 5.3462277901e-01 4.6537702912e-01 1.0000000000e-03
7.7000000000e+01 2.3049687967e-02 2.2437212989e-02 2.3739671335e-02 5.2975019801e-01 4.7024960765e-01 1.0000000000e-03
7.8000000000e+01 2.2784993052e-02 2.2048527375e-02 2.3599239066e-02 5.2507660512e-01 4.7492319807e-01 1.0000000000e-03
7.9000000000e+01 2.2531602532e-02 2.2154401988e-02 2.2943029180e-02 5.2169457439e-01 4.7830522631e-01 1.0000000000e-03
8.0000000000e+01 2.2338330746e-02 2.2487631068e-02 2.2176677361e-02 5.1987320656e-01 4.8012659168e-01 1.0000000000e-03
8.1000000000e+01 2.2154994309e-02 2.2720979527e-02 2.1543778479e-02 5.1921560150e-01 4.8078419432e-01 1.0000000000e-03
8.2000000000e+01 2.1919306368e-02 2.2711496800e-02 2.1063935012e-02 5.1917586335e-01 4.8082393005e-01 1.0000000000e-03
8.3000000000e+01 2.1662954241e-02 2.2568032146e-02 2.0684678108e-02 5.1943541643e-01 4.8056437451e-01 1.0000000000e-03
8.4000000000e+01 2.1444521844e-02 2.2487103939e-02 2.0314935595e-02 5.2002932143e-01 4.7997046705e-01 1.0000000000e-03
8.5000000000e+01 2.1258976310e-02 2.2627981380e-02 1.9767556340e-02 5.2139987447e-01 4.7859991157e-01 1.0000000000e-03
8.6000000000e+01 2.1089259535e-02 2.3040900007e-02 1.8939577043e-02 5.2414467190e-01 4.7585511172e-01 1.0000000000e-03
8.7000000000e+01 2.0968794823e-02 2.3631939664e-02 1.7983507365e-02 5.2851665223e-01 4.7148312900e-01 1.0000000000e-03
8.8000000000e+01 2.0915528759e-02 2.4200150743e-02 1.7148714513e-02 5.3419173191e-01 4.6580804701e-01 1.0000000000e-03
8.9000000000e+01 2.0880186930e-02 2.4532958865e-02 1.6584591940e-02 5.4043796295e-01 4.5956181376e-01 1.0000000000e-03
9.0000000000e+01 2.0814921707e-02 2.4533940479e-02 1.6334591433e-02 5.4642552411e-01 4.5357425046e-01 1.0000000000e-03
9.1000000000e+01 2.0730227232e-02 2.4268208072e-02 1.6379984096e-02 5.5148600105e-01 4.4851377146e-01 1.0000000000e-03
9.2000000000e+01 2.0642032847e-02 2.3872165009e-02 1.6608400270e-02 5.5530930251e-01 4.4469046804e-01 1.0000000000e-03
9.3000000000e+01 2.0534111187e-02 2.3460015655e-02 1.6840465367e-02 5.5799110134e-01 4.4200866735e-01 1.0000000000e-03
9.4000000000e+01 2.0402643830e-02 2.3087063804e-02 1.6988884658e-02 5.5980025484e-01 4.4019951203e-01 1.0000000000e-03
9.5000000000e+01 2.0281149074e-02 2.2744687274e-02 1.7134863883e-02 5.6085367359e-01 4.3914609151e-01 1.0000000000e-03
9.6000000000e+01 2.0187452435e-02 2.2386085242e-02 1.7377056181e-02 5.6106687523e-01 4.3893288821e-01 1.0000000000e-03
9.7000000000e+01 2.0102631301e-02 2.1975569427e-02 1.7715744674e-02 5.6032636640e-01 4.3967339550e-01 1.0000000000e-03
9.8000000000e+01 2.0012371242e-02 2.1535467356e-02 1.8084490672e-02 5.5864881491e-01 4.4135094557e-01 1.0000000000e-03
9.9000000000e+01 1.9922498614e-02 2.1155916154e-02 1.8376080319e-02 5.5629985138e-01 4.4369990775e-01 1.0000000000e-03
1.0000000000e+02 1.9829008728e-02 2.0938724279e-02 1.8451549113e-02 5.5382694580e-01 4.4617281203e-01 1.0000000000e-03
1.0100000000e+02 1.9718974829e-02 2.0930904895e-02 1.8226332963e-02 5.5189771396e-01 4.4810204255e-01 1.0000000000e-03
1.0200000000e+02 1.9601456821e-02 2.1094350144e-02 1.7769536003e-02 5.5098543977e-01 4.4901431536e-01 1.0000000000e-03
1.0300000000e+02 1.9496116787e-02 2.1317690611e-02 1.7259415239e-02 5.5114683460e-01 4.4885291910e-01 1.0000000000e-03
1.0400000000e+02 1.9403710961e-02 2.1475793794e-02 1.6849923879e-02 5.5206707884e-01 4.4793267339e-01 1.0000000000e-03
1.0500000000e+02 1.9317466766e-02 2.1492879838e-02 1.6623491421e-02 5.5324788501e-01 4.4675186577e-01 1.0000000000e-03
1.0600000000e+02 1.9243162125e-02 2.1383525804e-02 1.6581857577e-02 5.5424682688e-01 4.4575292248e-01 1.0000000000e-03
1.0700000000e+02 1.9181370735e-02 2.1231446415e-02 1.6625521705e-02 5.5490545424e-01 4.4509429376e-01 1.0000000000e-03
1.0800000000e+02 1.9116049632e-02 2.1104674786e-02 1.6632443294e-02 5.5534040146e-01 4.4465934525e-01 1.0000000000e-03
1.0900000000e+02 1.9039928913e-02 2.1004894748e-02 1.6582399607e-02 5.5568931198e-01 4.4431043345e-01 1.0000000000e-03
1.1000000000e+02 1.8961675465e-02 2.0876126364e-02 1.6565503553e-02 5.5587682310e-01 4.4412292108e-01 1.0000000000e-03
1.1100000000e+02 1.8883418292e-02 2.0645041019e-02 1.6681009904e-02 5.5559913201e-01 4.4440061096e-01 1.0000000000e-03
1.1200000000e+02 1.8801378086e-02 2.0274823532e-02 1.6967589036e-02 5.5447934953e-01 4.4552039229e-01 1.0000000000e-03
1.1300000000e+02 1.8722195178e-02 1.9812120125e-02 1.7377607524e-02 5.5230449844e-01 4.4769524231e-01 1.0000000000e-03
1.1400000000e+02 1.8653549254e-02 1.9377065822e-02 1.7771992832e-02 5.4923434904e-01 4.5076539072e-01 1.0000000000e-03
1.1500000000e+02 1.8590524793e-02 1.9077667966e-02 1.8005250022e-02 5.4575687324e-01 4.5424286558e-01 1.0000000000e-03
1.1600000000e+02 1.8526829779e-02 1.8948270008e-02 1.8027244136e-02 5.4242662583e-01 4.5757311206e-01 1.0000000000e-03
1.1700000000e+02 1.8462348729e-02 1.8955489621e-02 1.7884297296e-02 5.3963780178e-01 4.6036193518e-01 1.0000000000e-03
1.1800000000e+02 1.8395349383e-02 1.9025353715e-02 1.7663102597e-02 5.3753051937e-01 4.6246921664e-01 1.0000000000e-03
1.1900000000e+02 1.8324941397e-02 1.9089063630e-02 1.7442146316e-02 5.3603157681e-01 4.6396815821e-01 1.0000000000e-03
1.2000000000e+02 1.8257360905e-02 1.9137419760e-02 1.7244711518e-02 5.3502955554e-01 4.6497017850e-01 1.0000000000e-03
1.2100000000e+02 1.8197365105e-02 1.9208787009e-02 1.7035920173e-02 5.3452408073e-01 4.6547565232e-01 1.0000000000e-03
1.2200000000e+02 1.8142990768e-02 1.9319677725e-02 1.6791505739e-02 5.3457219665e-01 4.6542753540e-01 1.0000000000e-03
1.2300000000e+02 1.8092799932e-02 1.9441304728e-02 1.6540395096e-02 5.3514605228e-01 4.6485367877e-01 1.0000000000e-03
1.2400000000e+02 1.8045406789e-02 1.9514173269e-02 1.6348430887e-02 5.3604514145e-01 4.6395458861e-01 1.0000000000e-03
1.2500000000e+02 1.7995607108e-02 1.9473573193e-02 1.6282096505e-02 5.3690350805e-01 4.6309622104e-01 1.0000000000e-03
1.2600000000e+02 1.7940562218e-02 1.9307246432e-02 1.6353189945e-02 5.3735506626e-01 4.6264466188e-01 1.0000000000e-03
1.2700000000e+02 1.7883516848e-02 1.9075218588e-02 1.6500031576e-02 5.3723889650e-01 4.6276083072e-01 1.0000000000e-03
1.2800000000e+02 1.7827928066e-02 1.8852911890e-02 1.6640895978e-02 5.3663105078e-01 4.6336867554e-01 1.0000000000e-03
1.2900000000e+02 1.7774874344e-02 1.8682181835e-02 1.6727933660e-02 5.3572737983e-01 4.6427234562e-01 1.0000000000e-03
1.3000000000e+02 1.7725298181e-02 1.8562471494e-02 1.6763264313e-02 5.3470122245e-01 4.6529850215e-01 1.0000000000e-03
1.3100000000e+02 1.7678044736e-02 1.8458910286e-02 1.6784654930e-02 5.3360634923e-01 4.6639337453e-01 1.0000000000e-03
1.3200000000e+02 1.7629370093e-02 1.8348418176e-02 1.6810579225e-02 5.3243267729e-01 4.6756704566e-01 1.0000000000e-03
1.3300000000e+02 1.7578426749e-02 1.8256872892e-02 1.6809517518e-02 5.3125313061e-01 4.6874659152e-01 1.0000000000e-03
1.3400000000e+02 1.7526911572e-02 1.8229644746e-02 1.6733625904e-02 5.3026721753e-01 4.6973250378e-01 1.0000000000e-03
1.3500000000e+02 1.7476040870e-02 1.8291296437e-02 1.6557725146e-02 5.2972774035e-01 4.7027198014e-01 1.0000000000e-03
1.3600000000e+02 1.7428055406e-02 1.8422124907e-02 1.6307996586e-02 5.2979860340e-01 4.7020111625e-01 1.0000000000e-03
1.3700000000e+02 1.7385046929e-02 1.8555274233e-02 1.6063222662e-02 5.3041803401e-01 4.6958168479e-01 1.0000000000e-03
1.3800000000e+02 1.7344912514e-02 1.8622202799e-02 1.5896897763e-02 5.3132374691e-01 4.6867597104e-01 1.0000000000e-03
1.3900000000e+02 1.7304360867e-02 1.8599694595e-02 1.5830636024e-02 5.3221260541e-01 4.6778711170e-01 1.0000000000e-03
1.4000000000e+02 1.7262509093e-02 1.8509367481e-02 1.5840150416e-02 5.3287670695e-01 4.6712300933e-01 1.0000000000e-03
1.4100000000e+02 1.7218645662e-02 1.8394669518e-02 1.5874994919e-02 5.3326526698e-01 4.6673444850e-01 1.0000000000e-03
1.4200000000e+02 1.7173327506e-02 1.8282754347e-02 1.5905000269e-02 5.3341621841e-01 4.6658349626e-01 1.0000000000e-03
1.4300000000e+02 1.7128892243e-02 1.8167210743e-02 1.5942240134e-02 5.3333609727e-01 4.6666361662e-01 1.0000000000e-03
1.4400000000e+02 1.7086105421e-02 1.8033288419e-02 1.6005147249e-02 5.3298166466e-01 4.6701804846e-01 1.0000000000e-03
1.4500000000e+02 1.7044410110e-02 1.7882874236e-02 1.6090061516e-02 5.3232207233e-01 4.6767764004e-01 1.0000000000e-03
1.4600000000e+02 1.7003376037e-02 1.7743658274e-02 1.6163827851e-02 5.3141946859e-01 4.6858024306e-01 1.0000000000e-03
1.4700000000e+02 1.6961926594e-02 1.7655568197e-02 1.6178296879e-02 5.3046063158e-01 4.6953907935e-01 1.0000000000e-03
1.4800000000e+02 1.6919329762e-02 1.7634335905e-02 1.6114136204e-02 5.2966680260e-01 4.7033290760e-01 1.0000000000e-03
1.4900000000e+02 1.6876656562e-02 1.7662214115e-02 1.5993742272e-02 5.2917882378e-01 4.7082088569e-01 1.0000000000e-03
1.5000000000e+02 1.6834974289e-02 1.7704244703e-02 1.5858627856e-02 5.2901041747e-01 4.7098929126e-01 1.0000000000e-03
1.5100000000e+02 1.6794912517e-02 1.7730303109e-02 1.5744024888e-02 5.2907622785e-01 4.7092348013e-01 1.0000000000e-03
1.5200000000e+02 1.6756774858e-02 1.7736012116e-02 1.5655709431e-02 5.2928358681e-01 4.7071612042e-01 1.0000000000e-03
1.5300000000e+02 1.6719842330e-02 1.7729543149e-02 1.5583186410e-02 5.2957673853e-01 4.7042296796e-01 1.0000000000e-03
1.5400000000e+02 1.6682770103e-02 1.7708828673e-02 1.5526188537e-02 5.2990269391e-01 4.7009701185e-01 1.0000000000e-03
1.5500000000e+02 1.6644811258e-02 1.7659498379e-02 1.5499821864e-02 5.3016892352e-01 4.6983078151e-01 1.0000000000e-03
1.5600000000e+02 1.6605835408e-02 1.7563985661e-02 1.5524363145e-02 5.3023410079e-01 4.6976560350e-01 1.0000000000e-03
1.5700000000e+02 1.6566298902e-02 1.7426136881e-02 1.5596779063e-02 5.2998050557e-01 4.7001919802e-01 1.0000000000e-03
1.5800000000e+02 1.6527110711e-02 1.7276667058e-02 1.5683915466e-02 5.2939858511e-01 4.7060111778e-01 1.0000000000e-03
1.5900000000e+02 1.6488907859e-02 1.7151858658e-02 1.5745535493e-02 5.2859614930e-01 4.7140355291e-01 1.0000000000e-03
1.6000000000e+02 1.6451315954e-02 1.7072131857e-02 1.5757584944e-02 5.2773858714e-01 4.7226111438e-01 1.0000000000e-03
1.6100000000e+02 1.6413923353e-02 1.7030278221e-02 1.5727343038e-02 5.2695346377e-01 4.7304623707e-01 1.0000000000e-03
1.6200000000e+02 1.6376242042e-02 1.7006479204e-02 1.5676055104e-02 5.2629347622e-01 4.7370622394e-01 1.0000000000e-03
1.6300000000e+02 1.6338273883e-02 1.6990041360e-02 1.5615677461e-02 5.2577166299e-01 4.7422803648e-01 1.0000000000e-03
1.6400000000e+02 1.6300734133e-02 1.6984513029e-02 1.5543747693e-02 5.2540911694e-01 4.7459058185e-01 1.0000000000e-03
1.6500000000e+02 1.6264189035e-02 1.6997430474e-02 1.5452969819e-02 5.2524791422e-01 4.7475178387e-01 1.0000000000e-03
1.6600000000e+02 1.6228744760e-02 1.7020663247e-02 1.5352424234e-02 5.2529968968e-01 4.7470000772e-01 1.0000000000e-03
1.6700000000e+02 1.6194079071e-02 1.7030557618e-02 1.5267710201e-02 5.2549871670e-01 4.7450097999e-01 1.0000000000e-03
1.6800000000e+02 1.6159454361e-02 1.7004240304e-02 1.5223081224e-02 5.2571225887e-01 4.7428743712e-01 1.0000000000e-03
1.6900000000e+02 1.6124300659e-02 1.6936803237e-02 1.5223378316e-02 5.2580490848e-01 4.7419478682e-01 1.0000000000e-03
1.7000000000e+02 1.6088703647e-02 1.6845773906e-02 1.5249561518e-02 5.2571107475e-01 4.7428861986e-01 1.0000000000e-03
1.7100000000e+02 1.6053115949e-02 1.6753114760e-02 1.5278066508e-02 5.2544247023e-01 4.7455722370e-01 1.0000000000e-03
1.7200000000e+02 1.6017803922e-02 1.6671562567e-02 1.5295091085e-02 5.2505118715e-01 4.7494850611e-01 1.0000000000e-03
1.7300000000e+02 1.5982933342e-02 1.6600869596e-02 1.5301100910e-02 5.2458318128e-01 4.7541651130e-01 1.0000000000e-03
1.7400000000e+02 1.5948215500e-02 1.6539514065e-02 1.5297100879e-02 5.2407608001e-01 4.7592361190e-01 1.0000000000e-03
1.7500000000e+02 1.5913404524e-02 1.6493408009e-02 1.5275985003e-02 5.2358448694e-01 4.7641520431e-01 1.0000000000e-03
1.7600000000e+02 1.5878647566e-02 1.6471620649e-02 1.5228009783e-02 5.2318757605e-01 4.7681211452e-01 1.0000000000e-03
1.7700000000e+02 1.5844101086e-02 1.6475195065e-02 1.5152266249e-02 5.2296022627e-01 4.7703946363e-01 1.0000000000e-03
1.7800000000e+02 1.5810111538e-02 1.6489930451e-02 1.5064974315e-02 5.2292208668e-01 4.7707760254e-01 1.0000000000e-03
1.7900000000e+02 1.5776701272e-02 1.6496626660e-02 1.4987272210e-02 5.2302688731e-01 4.7697280122e-01 1.0000000000e-03
1.8000000000e+02 1.5743637457e-02 1.6482004896e-02 1.4933463186e-02 5.2318879852e-01 4.7681088933e-01 1.0000000000e-03
1.8100000000e+02 1.5710640699e-02 1.6448017210e-02 1.4901069924e-02 5.2333719433e-01 4.7666249284e-01 1.0000000000e-03
1.8200000000e+02 1.5677506104e-02 1.6401089728e-02 1.4882783405e-02 5.2343011790e-01 4.7656956858e-01 1.0000000000e-03
1.8300000000e+02 1.5644246712e-02 1.6345748678e-02 1.4873730950e-02 5.2344462019e-01 4.7655506561e-01 1.0000000000e-03
1.8400000000e+02 1.5611031093e-02 1.6279557720e-02 1.4877011068e-02 5.2335094550e-01 4.7664873963e-01 1.0000000000e-03
1.8500000000e+02 1.5577881597e-02 1.6204534099e-02 1.4890451916e-02 5.2312884717e-01 4.7687083729e-01 1.0000000000e-03
1.8600000000e+02 1.5544885769e-02 1.6129622236e-02 1.4904309064e-02 5.2279009645e-01 4.7720958734e-01 1.0000000000e-03
1.8700000000e+02 1.5511943027e-02 1.6071029007e-02 1.4900421724e-02 5.2240088673e-01 4.7759879639e-01 1.0000000000e-03
1.8800000000e+02 1.5479090624e-02 1.6035756096e-02 1.4871083200e-02 5.2204494821e-01 4.7795473424e-01 1.0000000000e-03
1.8900000000e+02 1.5446247533e-02 1.6021976247e-02 1.4818055555e-02 5.2179231633e-01 4.7820736546e-01 1.0000000000e-03
1.9000000000e+02 1.5413731337e-02 1.6014628112e-02 1.4758441597e-02 5.2165411622e-01 4.7834556489e-01 1.0000000000e-03
1.9100000000e+02 1.5381409787e-02 1.6007969156e-02 1.4698222280e-02 5.2162139574e-01 4.7837828469e-01 1.0000000000e-03
1.9200000000e+02 1.5349595807e-02 1.5993149951e-02 1.4647784643e-02 5.2165461164e-01 4.7834506811e-01 1.0000000000e-03
1.9300000000e+02 1.5317797661e-02 1.5978259966e-02 1.4597281814e-02 5.2174743867e-01 4.7825224040e-01 1.0000000000e-03
1.9400000000e+02 1.5286436304e-02 1.5947507694e-02 1.4564991929e-02 5.2183816851e-01 4.7816150988e-01 1.0000000000e-03
1.9500000000e+02 1.5254523605e-02 1.5913236886e-02 1.4535423368e-02 5.2191685361e-01 4.7808282410e-01 1.0000000000e-03
1.9600000000e+02 1.5223349445e-02 1.5845865011e-02 1.4543901198e-02 5.2186726006e-01 4.7813241698e-01 1.0000000000e-03
1.9700000000e+02 1.5191266313e-02 1.5795787796e-02 1.4531732537e-02 5.2176452382e-01 4.7823515253e-01 1.0000000000e-03
1.9800000000e+02 1.5161816962e-02 1.5706399456e-02 1.4568384737e-02 5.2146753049e-01 4.7853214520e-01 1.0000000000e-03
1.9900000000e+02 1.5131467953e-02 1.5696944669e-02 1.4515738003e-02 5.2127557948e-01 4.7872409554e-01 1.0000000000e-03
2.0000000000e+02 1.5111527406e-02 1.5590149909e-02 1.4591359533e-02 5.2080264396e-01 4.7919703043e-01 1.0000000000e-03
2.0100000000e+02 1.5099866316e-02 1.5688586980e-02 1.4460152946e-02 5.2075965148e-01 4.7924002230e-01 1.0000000000e-03
2.0200000000e+02 1.5149824321e-02 1.5505746007e-02 1.4764393680e-02 5.1990822988e-01 4.8009144349e-01 1.0000000000e-03
2.0300000000e+02 1.5316128731e-02 1.5939390287e-02 1.4640830457e-02 5.2004059203e-01 4.7995908130e-01 1.0000000000e-03
2.0400000000e+02 1.5902411193e-02 1.5676252544e-02 1.6144793481e-02 5.1730030500e-01 4.8269936957e-01 1.0000000000e-03
2.0500000000e+02 1.7199330032e-02 1.7283571884e-02 1.7109593377e-02 5.1582318588e-01 4.8417649216e-01 1.0000000000e-03
2.0600000000e+02 1.9506882876e-02 1.6958460212e-02 2.2134210914e-02 5.0762100834e-01 4.9237867631e-01 1.0000000000e-03
2.0700000000e+02 2.0195486024e-02 1.9247729331e-02 2.1160440519e-02 5.0449215751e-01 4.9550753393e-01 1.0000000000e-03
2.0800000000e+02 1.7688771710e-02 1.6278637573e-02 1.9099235535e-02 5.0005654162e-01 4.9994315241e-01 1.0000000000e-03
2.0900000000e+02 1.4862550423e-02 1.6108890995e-02 1.3594683260e-02 5.0428303284e-01 4.9571665812e-01 1.0000000000e-03
2.1000000000e+02 1.6304738820e-02 1.7236620188e-02 1.5347345732e-02 5.0675379942e-01 4.9324589175e-01 1.0000000000e-03
2.1100000000e+02 1.8003281206e-02 1.6788199544e-02 1.9231503829e-02 5.0268678466e-01 4.9731290964e-01 1.0000000000e-03
2.1200000000e+02 1.5837725252e-02 1.6670530662e-02 1.4987850562e-02 5.0507564821e-01 4.9492404507e-01 1.0000000000e-03
2.1300000000e+02 1.4817001298e-02 1.6051691025e-02 1.3538000174e-02 5.0881564377e-01 4.9118404638e-01 1.0000000000e-03
2.1400000000e+02 1.6521377489e-02 1.6344839707e-02 1.6703223810e-02 5.0739184794e-01 4.9260784294e-01 1.0000000000e-03
2.1500000000e+02 1.6065537930e-02 1.6998320818e-02 1.5096180141e-02 5.0961599024e-01 4.9038370040e-01 1.0000000000e-03
2.1600000000e+02 1.4658236876e-02 1.5760077164e-02 1.3499823399e-02 5.1251674711e-01 4.8748294028e-01 1.0000000000e-03
2.1700000000e+02 1.5547333285e-02 1.5674613416e-02 1.5413972549e-02 5.1168424680e-01 4.8831543969e-01 1.0000000000e-03
2.1800000000e+02 1.5781007707e-02 1.6551285982e-02 1.4969534241e-02 5.1302486412e-01 4.8697482199e-01 1.0000000000e-03
2.1900000000e+02 1.4657741413e-02 1.5388451517e-02 1.3884037733e-02 5.1429203152e-01 4.8570765182e-01 1.0000000000e-03
2.2000000000e+02 1.5007929876e-02 1.5383367427e-02 1.4610631391e-02 5.1415096234e-01 4.8584871933e-01 1.0000000000e-03
2.2100000000e+02 1.5434147790e-02 1.5990361571e-02 1.4844497666e-02 5.1459391502e-01 4.8540576605e-01 1.0000000000e-03
2.2200000000e+02 1.4643916860e-02 1.5220405534e-02 1.4031369239e-02 5.1516692309e-01 4.8483275569e-01 1.0000000000e-03
2.2300000000e+02 1.4691159129e-02 1.5207841061e-02 1.4141499065e-02 5.1546685021e-01 4.8453282662e-01 1.0000000000e-03
2.2400000000e+02 1.5118917450e-02 1.5895292163e-02 1.4289295301e-02 5.1658044062e-01 4.8341923539e-01 1.0000000000e-03
2.2500000000e+02 1.4598797075e-02 1.5202144161e-02 1.3952819631e-02 5.1706493755e-01 4.8293473656e-01 1.0000000000e-03
2.2600000000e+02 1.4500712976e-02 1.5168094076e-02 1.3784219511e-02 5.1774834622e-01 4.8225132594e-01 1.0000000000e-03
2.2700000000e+02 1.4857592061e-02 1.5634542331e-02 1.4020291157e-02 5.1869522749e-01 4.8130444374e-01 1.0000000000e-03
2.2800000000e+02 1.4525504783e-02 1.5023150481e-02 1.3989398256e-02 5.1860724741e-01 4.8139242223e-01 1.0000000000e-03
2.2900000000e+02 1.4358922839e-02 1.4956633560e-02 1.3714225031e-02 5.1891317926e-01 4.8108648854e-01 1.0000000000e-03
2.3000000000e+02 1.4637135901e-02 1.5273844823e-02 1.3949343935e-02 5.1928802477e-01 4.8071164203e-01 1.0000000000e-03
2.3100000000e+02 1.4446369372e-02 1.4858921990e-02 1.4001510106e-02 5.1884464978e-01 4.8115501568e-01 1.0000000000e-03
2.3200000000e+02 1.4250569977e-02 1.4814289287e-02 1.3642277569e-02 5.1901946573e-01 4.8098019805e-01 1.0000000000e-03
2.3300000000e+02 1.4451805502e-02 1.5062389895e-02 1.3792150654e-02 5.1931860914e-01 4.8068105361e-01 1.0000000000e-03
2.3400000000e+02 1.4364132658e-02 1.4654147439e-02 1.4051922597e-02 5.1843568078e-01 4.8156398085e-01 1.0000000000e-03
2.3500000000e+02 1.4163656160e-02 1.4678354375e-02 1.3609456830e-02 5.1848141966e-01 4.8151824046e-01 1.0000000000e-03
2.3600000000e+02 1.4289014973e-02 1.4873499982e-02 1.3658966869e-02 5.1876159470e-01 4.8123806436e-01 1.0000000000e-03
2.3700000000e+02 1.4274036512e-02 1.4629480429e-02 1.3891781680e-02 5.1817866076e-01 4.8182099733e-01 1.0000000000e-03
2.3800000000e+02 1.4089824632e-02 1.4681614935e-02 1.3452452607e-02 5.1854524933e-01 4.8145440741e-01 1.0000000000e-03
2.3900000000e+02 1.4146411791e-02 1.4769870788e-02 1.3473748229e-02 5.1898524639e-01 4.8101440927e-01 1.0000000000e-03
2.4000000000e+02 1.4180112630e-02 1.4573151246e-02 1.3756833039e-02 5.1852743543e-01 4.8147221936e-01 1.0000000000e-03
2.4100000000e+02 1.4029569924e-02 1.4640640467e-02 1.3370386325e-02 5.1894209126e-01 4.8105756236e-01 1.0000000000e-03
2.4200000000e+02 1.4026043937e-02 1.4632432722e-02 1.3370970264e-02 5.1930020127e-01 4.8069945128e-01 1.0000000000e-03
2.4300000000e+02 1.4077026397e-02 1.4434933662e-02 1.3691329397e-02 5.1869206667e-01 4.8130758507e-01 1.0000000000e-03
2.4400000000e+02 1.3971306384e-02 1.4494503848e-02 1.3407303020e-02 5.1877110379e-01 4.8122854693e-01 1.0000000000e-03
2.4500000000e+02 1.3923059218e-02 1.4395207167e-02 1.3414318673e-02 5.1865755843e-01 4.8134209126e-01 1.0000000000e-03
2.4600000000e+02 1.3966337778e-02 1.4277865179e-02 1.3631620444e-02 5.1794953532e-01 4.8205011357e-01 1.0000000000e-03
2.4700000000e+02 1.3910382986e-02 1.4381306246e-02 1.3404474594e-02 5.1791235370e-01 4.8208729431e-01 1.0000000000e-03
2.4800000000e+02 1.3841534033e-02 1.4281048439e-02 1.3369639404e-02 5.1776917626e-01 4.8223047079e-01 1.0000000000e-03
2.4900000000e+02 1.3856744394e-02 1.4222283848e-02 1.3464917429e-02 5.1735995943e-01 4.8263968680e-01 1.0000000000e-03
2.5000000000e+02 1.3840965927e-02 1.4339854941e-02 1.3305911794e-02 5.1749392930e-01 4.8250571613e-01 1.0000000000e-03
2.5100000000e+02 1.3777572662e-02 1.4218330383e-02 1.3305033557e-02 5.1740364769e-01 4.8259599686e-01 1.0000000000e-03
2.5200000000e+02 1.3757292181e-02 1.4214571565e-02 1.3267072849e-02 5.1738713968e-01 4.8261250403e-01 1.0000000000e-03
2.5300000000e+02 1.3758892193e-02 1.4314110391e-02 1.3162828982e-02 5.1774340248e-01 4.8225624047e-01 1.0000000000e-03
2.5400000000e+02 1.3719488867e-02 1.4191455208e-02 1.3212779537e-02 5.1775467187e-01 4.8224497029e-01 1.0000000000e-03
2.5500000000e+02 1.3674942777e-02 1.4187127352e-02 1.3124680147e-02 5.1792421842e-01 4.8207542291e-01 1.0000000000e-03
2.5600000000e+02 1.3669705018e-02 1.4198113233e-02 1.3101521879e-02 5.1814021344e-01 4.8185942712e-01 1.0000000000e-03
2.5700000000e+02 1.3655102812e-02 1.4074846171e-02 1.3204160146e-02 5.1792206347e-01 4.8207757638e-01 1.0000000000e-03
2.5800000000e+02 1.3608695939e-02 1.4093298465e-02 1.3087953441e-02 5.1797917344e-01 4.8202046563e-01 1.0000000000e-03
2.5900000000e+02 1.3585022651e-02 1.4056383632e-02 1.3078500517e-02 5.1798312993e-01 4.8201650838e-01 1.0000000000e-03
2.6000000000e+02 1.3578438200e-02 1.3969850726e-02 1.3158339076e-02 5.1768049608e-01 4.8231914154e-01 1.0000000000e-03
2.6100000000e+02 1.3547105715e-02 1.4010493644e-02 1.3049740344e-02 5.1768763981e-01 4.8231199709e-01 1.0000000000e-03
2.6200000000e+02 1.3512541540e-02 1.3946577907e-02 1.3046871871e-02 5.1758538328e-01 4.8241425289e-01 1.0000000000e-03
2.6300000000e+02 1.3495875522e-02 1.3919818215e-02 1.3041271828e-02 5.1745611154e-01 4.8254352392e-01 1.0000000000e-03
2.6400000000e+02 1.3479026034e-02 1.3965531252e-02 1.2957066298e-02 5.1758337795e-01 4.8241625682e-01 1.0000000000e-03
2.6500000000e+02 1.3450575061e-02 1.3891744427e-02 1.2977362610e-02 5.1752656949e-01 4.8247306459e-01 1.0000000000e-03
2.6600000000e+02 1.3421284035e-02 1.3887821697e-02 1.2920757756e-02 5.1757753959e-01 4.8242209378e-01 1.0000000000e-03
2.6700000000e+02 1.3404220343e-02 1.3888766058e-02 1.2884127907e-02 5.1769598881e-01 4.8230364387e-01 1.0000000000e-03
2.6800000000e+02 1.3386602513e-02 1.3814536855e-02 1.2927480042e-02 5.1758491569e-01 4.8241471632e-01 1.0000000000e-03
2.6900000000e+02 1.3357017189e-02 1.3823385350e-02 1.2856552377e-02 5.1763831481e-01 4.8236131653e-01 1.0000000000e-03
2.7000000000e+02 1.3331927359e-02 1.3771319762e-02 1.2860512361e-02 5.1758446155e-01 4.8241516911e-01 1.0000000000e-03
2.7100000000e+02 1.3314581476e-02 1.3710061088e-02 1.2890651822e-02 5.1736619772e-01 4.8263343227e-01 1.0000000000e-03
2.7200000000e+02 1.3293301687e-02 1.3710575178e-02 1.2846204452e-02 5.1725695975e-01 4.8274266959e-01 1.0000000000e-03
2.7300000000e+02 1.3268182054e-02 1.3643884100e-02 1.2866046280e-02 5.1699831314e-01 4.8300131555e-01 1.0000000000e-03
2.7400000000e+02 1.3243915513e-02 1.3631781563e-02 1.2829063460e-02 5.1681526596e-01 4.8318436206e-01 1.0000000000e-03
2.7500000000e+02 1.3224603608e-02 1.3633173890e-02 1.2787747197e-02 5.1673363887e-01 4.8326598850e-01 1.0000000000e-03
2.7600000000e+02 1.3205338269e-02 1.3586065732e-02 1.2798549607e-02 5.1655263297e-01 4.8344699377e-01 1.0000000000e-03
2.7700000000e+02 1.3180743903e-02 1.3599648140e-02 1.2733181939e-02 5.1654257049e-01 4.8345705559e-01 1.0000000000e-03
2.7800000000e+02 1.3157783076e-02 1.3571200892e-02 1.2716133147e-02 5.1651468114e-01 4.8348494429e-01 1.0000000000e-03
2.7900000000e+02 1.3138141483e-02 1.3546160422e-02 1.2702334672e-02 5.1647057266e-01 4.8352905214e-01 1.0000000000e-03
2.8000000000e+02 1.3118125498e-02 1.3550282456e-02 1.2656427920e-02 5.1652888814e-01 4.8347073601e-01 1.0000000000e-03
2.8100000000e+02 1.3096727431e-02 1.3498099521e-02 1.2668034993e-02 5.1646212243e-01 4.8353750109e-01 1.0000000000e-03
2.8200000000e+02 1.3073753566e-02 1.3482358307e-02 1.2637388892e-02 5.1643338199e-01 4.8356624089e-01 1.0000000000e-03
2.8300000000e+02 1.3053059578e-02 1.3452446088e-02 1.2626641430e-02 5.1637329386e-01 4.8362632839e-01 1.0000000000e-03
2.8400000000e+02 1.3033885509e-02 1.3406648301e-02 1.2636144646e-02 5.1621524775e-01 4.8378437388e-01 1.0000000000e-03
2.8500000000e+02 1.3012889773e-02 1.3399354182e-02 1.2600670569e-02 5.1612963171e-01 4.8386998929e-01 1.0000000000e-03
2.8600000000e+02 1.2991502881e-02 1.3353770599e-02 1.2605356984e-02 5.1595817178e-01 4.8404144861e-01 1.0000000000e-03
2.8700000000e+02 1.2970243581e-02 1.3335797004e-02 1.2580813840e-02 5.1581889704e-01 4.8418072272e-01 1.0000000000e-03
2.8800000000e+02 1.2950362638e-02 1.3323497027e-02 1.2553004548e-02 5.1572577540e-01 4.8427384374e-01 1.0000000000e-03
2.8900000000e+02 1.2931114063e-02 1.3294998556e-02 1.2543790042e-02 5.1560682294e-01 4.8439279558e-01 1.0000000000e-03
2.9000000000e+02 1.2910576537e-02 1.3300250284e-02 1.2495804578e-02 5.1560536239e-01 4.8439425551e-01 1.0000000000e-03
2.9100000000e+02 1.2890168466e-02 1.3273846358e-02 1.2481816113e-02 5.1558239083e-01 4.8441722646e-01 1.0000000000e-03
2.9200000000e+02 1.2870112434e-02 1.3258965686e-02 1.2456245720e-02 5.1558491989e-01 4.8441469678e-01 1.0000000000e-03
2.9300000000e+02 1.2850750238e-02 1.3243596070e-02 1.2432601303e-02 5.1560568132e-01 4.8439393474e-01 1.0000000000e-03
2.9400000000e+02 1.2831754982e-02 1.3207618147e-02 1.2431760319e-02 5.1555811306e-01 4.8444150239e-01 1.0000000000e-03
2.9500000000e+02 1.2811946683e-02 1.3195551001e-02 1.2403727509e-02 5.1554885546e-01 4.8445075938e-01 1.0000000000e-03
2.9600000000e+02 1.2792306952e-02 1.3158899732e-02 1.2402308173e-02 5.1547391027e-01 4.8452570397e-01 1.0000000000e-03
2.9700000000e+02 1.2772800401e-02 1.3135490939e-02 1.2387080118e-02 5.1539267351e-01 4.8460694012e-01 1.0000000000e-03
2.9800000000e+02 1.2753820047e-02 1.3114000671e-02 1.2370895594e-02 5.1531131828e-01 4.8468829475e-01 1.0000000000e-03
2.9900000000e+02 1.2735156342e-02 1.3083579019e-02 1.2364908122e-02 5.1519217729e-01 4.8480743514e-01 1.0000000000e-03
3.0000000000e+02 1.2716159225e-02 1.3075632043e-02 1.2334259227e-02 5.1513176652e-01 4.8486784531e-01 1.0000000000e-03
3.0100000000e+02 1.2697279453e-02 1.3049799949e-02 1.2322884984e-02 5.1505104505e-01 4.8494856619e-01 1.0000000000e-03
3.0200000000e+02 1.2678373605e-02 1.3039528392e-02 1.2294864282e-02 5.1501559057e-01 4.8498402007e-01 1.0000000000e-03
3.0300000000e+02 1.2659881264e-02 1.3024112210e-02 1.2273132801e-02 5.1499832182e-01 4.8500128823e-01 1.0000000000e-03
3.0400000000e+02 1.2641691603e-02 1.3004384004e-02 1.2256607413e-02 5.1497857069e-01 4.8502103877e-01 1.0000000000e-03
3.0500000000e+02 1.2623531744e-02 1.2994281016e-02 1.2229865417e-02 5.1499593892e-01 4.8500366995e-01 1.0000000000e-03
3.0600000000e+02 1.2605442666e-02 1.2965478003e-02 1.2223193422e-02 5.1496977384e-01 4.8502983444e-01 1.0000000000e-03
3.0700000000e+02 1.2587236241e-02 1.2948504649e-02 1.2203703634e-02 5.1495336371e-01 4.8504624398e-01 1.0000000000e-03
3.0800000000e+02 1.2569200248e-02 1.2918700464e-02 1.2198251672e-02 5.1489219519e-01 4.8510741192e-01 1.0000000000e-03
3.0900000000e+02 1.2551322579e-02 1.2894489802e-02 1.2187210843e-02 5.1481290534e-01 4.8518670119e-01 1.0000000000e-03
3.1000000000e+02 1.2533659115e-02 1.2873517349e-02 1.2173179537e-02 5.1472965850e-01 4.8526994745e-01 1.0000000000e-03
3.1100000000e+02 1.2516159564e-02 1.2847419828e-02 1.2164950371e-02 5.1462093598e-01 4.8537866940e-01 1.0000000000e-03
3.1200000000e+02 1.2498678640e-02 1.2834118679e-02 1.2143149972e-02 5.1454201690e-01 4.8545758790e-01 1.0000000000e-03
3.1300000000e+02 1.2481337413e-02 1.2810904533e-02 1.2132166885e-02 5.1444836814e-01 4.8555123609e-01 1.0000000000e-03
3.1400000000e+02 1.2464027852e-02 1.2800537981e-02 1.2107579038e-02 5.1439454106e-01 4.8560506260e-01 1.0000000000e-03
3.1500000000e+02 1.2446917593e-02 1.2783111073e-02 1.2090872042e-02 5.1434655841e-01 4.8565304468e-01 1.0000000000e-03
3.1600000000e+02 1.2429948896e-02 1.2769288383e-02 1.2070611119e-02 5.1431824277e-01 4.8568135976e-01 1.0000000000e-03
3.1700000000e+02 1.2413144112e-02 1.2754050083e-02 1.2052170932e-02 5.1430112182e-01 4.8569848014e-01 1.0000000000e-03
3.1800000000e+02 1.2396484613e-02 1.2733058073e-02 1.2040144764e-02 5.1426950267e-01 4.8573009873e-01 1.0000000000e-03
3.1900000000e+02 1.2379916385e-02 1.2717219070e-02 1.2022840790e-02 5.1424587964e-01 4.8575372120e-01 1.0000000000e-03
3.2000000000e+02 1.2363438495e-02 1.2691735290e-02 1.2015975080e-02 5.1418877965e-01 4.8581082063e-01 1.0000000000e-03
3.2100000000e+02 1.2347046286e-02 1.2674498372e-02 1.2000549585e-02 5.1413552925e-01 4.8586407047e-01 1.0000000000e-03
3.2200000000e+02 1.2330729514e-02 1.2649106793e-02 1.1993950233e-02 5.1405124788e-01 4.8594835129e-01 1.0000000000e-03
3.2300000000e+02 1.2314546853e-02 1.2632201426e-02 1.1978636496e-02 5.1397390126e-01 4.8602569737e-01 1.0000000000e-03
3.2400000000e+02 1.2298483402e-02 1.2612340041e-02 1.1966701597e-02 5.1388988248e-01 4.8610971560e-01 1.0000000000e-03
3.2500000000e+02 1.2282561511e-02 1.2597601861e-02 1.1949618347e-02 5.1382074480e-01 4.8617885273e-01 1.0000000000e-03
3.2600000000e+02 1.2266770005e-02 1.2583267875e-02 1.1932362802e-02 5.1376618013e-01 4.8623341685e-01 1.0000000000e-03
3.2700000000e+02 1.2251121923e-02 1.2568165548e-02 1.1916195974e-02 5.1372094115e-01 4.8627865530e-01 1.0000000000e-03
3.2800000000e+02 1.2235622853e-02 1.2555803172e-02 1.1897417717e-02 5.1369504022e-01 4.8630455569e-01 1.0000000000e-03
3.2900000000e+02 1.2220216915e-02 1.2538384646e-02 1.1884178966e-02 5.1366486204e-01 4.8633473333e-01 1.0000000000e-03
3.3000000000e+02 1.2204937637e-02 1.2525322847e-02 1.1866579764e-02 5.1364868627e-01 4.8635090856e-01 1.0000000000e-03
3.3100000000e+02 1.2189744040e-02 1.2504308484e-02 1.1857583188e-02 5.1361112638e-01 4.8638846793e-01 1.0000000000e-03
3.3200000000e+02 1.2174697593e-02 1.2489078566e-02 1.1842774227e-02 5.1357809607e-01 4.8642149771e-01 1.0000000000e-03
3.3300000000e+02 1.2159701437e-02 1.2465872802e-02 1.1836529709e-02 5.1351508197e-01 4.8648451128e-01 1.0000000000e-03
3.3400000000e+02 1.2144871056e-02 1.2451066636e-02 1.1821743101e-02 5.1345990758e-01 4.8653968515e-01 1.0000000000e-03
3.3500000000e+02 1.2130099349e-02 1.2428957038e-02 1.1814816855e-02 5.1338048929e-01 4.8661910292e-01 1.0000000000e-03
3.3600000000e+02 1.2115528807e-02 1.2417080812e-02 1.1797476560e-02 5.1332182364e-01 4.8667776805e-01 1.0000000000e-03
3.3700000000e+02 1.2100994587e-02 1.2397151440e-02 1.1788728647e-02 5.1324742586e-01 4.8675216532e-01 1.0000000000e-03
3.3800000000e+02 1.2086676434e-02 1.2388866395e-02 1.1768100783e-02 5.1320752037e-01 4.8679207029e-01 1.0000000000e-03
3.3900000000e+02 1.2072404847e-02 1.2369719334e-02 1.1759037152e-02 5.1315221260e-01 4.8684737755e-01 1.0000000000e-03
3.4000000000e+02 1.2058423832e-02 1.2363696471e-02 1.1736684479e-02 5.1313780424e-01 4.8686178540e-01 1.0000000000e-03
3.4100000000e+02 1.2044426985e-02 1.2341400608e-02 1.1731494218e-02 5.1309079323e-01 4.8690879590e-01 1.0000000000e-03
3.4200000000e+02 1.2030854821e-02 1.2336628512e-02 1.1708652601e-02 5.1308751201e-01 4.8691207662e-01 1.0000000000e-03
3.4300000000e+02 1.2017255649e-02 1.2308062986e-02 1.1710904539e-02 5.1302183714e-01 4.8697775100e-01 1.0000000000e-03
3.4400000000e+02 1.2004411779e-02 1.2307606637e-02 1.1685017496e-02 5.1301709150e-01 4.8698249614e-01 1.0000000000e-03
3.4500000000e+02 1.1991681531e-02 1.2270406820e-02 1.1698191054e-02 5.1290903900e-01 4.8709054815e-01 1.0000000000e-03
3.4600000000e+02 1.1980698444e-02 1.2281470001e-02 1.1663996615e-02 5.1290744623e-01 4.8709214046e-01 1.0000000000e-03
3.4700000000e+02 1.1970747262e-02 1.2231238186e-02 1.1696650647e-02 5.1273376070e-01 4.8726582552e-01 1.0000000000e-03
3.4800000000e+02 1.1965826154e-02 1.2268216349e-02 1.1647609994e-02 5.1275784366e-01 4.8724174213e-01 1.0000000000e-03
3.4900000000e+02 1.1966526508e-02 1.2195314281e-02 1.1726051569e-02 5.1246288229e-01 4.8753670312e-01 1.0000000000e-03
3.5000000000e+02 1.1984614655e-02 1.2288224883e-02 1.1665421538e-02 5.1251659047e-01 4.8748299465e-01 1.0000000000e-03
3.5100000000e+02 1.2030353770e-02 1.2175530195e-02 1.1878118850e-02 5.1188313538e-01 4.8811644965e-01 1.0000000000e-03
3.5200000000e+02 1.2144848704e-02 1.2404446490e-02 1.1872723699e-02 5.1178990946e-01 4.8820967587e-01 1.0000000000e-03
3.5300000000e+02 1.2391962111e-02 1.2249483727e-02 1.2540281750e-02 5.1002437020e-01 4.8997521627e-01 1.0000000000e-03
3.5400000000e+02 1.2921368703e-02 1.2871338986e-02 1.2973207980e-02 5.0882483366e-01 4.9117475546e-01 1.0000000000e-03
3.5500000000e+02 1.4028380625e-02 1.2789345346e-02 1.5284886584e-02 5.0349779353e-01 4.9650180106e-01 1.0000000000e-03
3.5600000000e+02 1.5989646316e-02 1.4557565562e-02 1.7414201051e-02 4.9868056540e-01 5.0131903846e-01 1.0000000000e-03
3.5700000000e+02 1.9151721150e-02 1.4578531496e-02 2.3494938388e-02 4.8710302378e-01 5.1289659343e-01 1.0000000000e-03
3.5800000000e+02 2.0903822035e-02 1.7547901720e-02 2.4009296671e-02 4.8061861289e-01 5.1938101853e-01 1.0000000000e-03
3.5900000000e+02 1.8417080864e-02 1.4220085926e-02 2.2163545713e-02 4.7164048617e-01 5.2835915462e-01 1.0000000000e-03
3.6000000000e+02 1.3134980574e-02 1.4165950939e-02 1.2190069072e-02 4.7822486223e-01 5.2177477654e-01 1.0000000000e-03
3.6100000000e+02 1.2169599533e-02 1.3479760848e-02 1.0932704434e-02 4.8561906622e-01 5.1438056772e-01 1.0000000000e-03
3.6200000000e+02 1.5429683030e-02 1.4262150973e-02 1.6522133723e-02 4.8338646846e-01 5.1661316959e-01 1.0000000000e-03
3.6300000000e+02 1.5856912360e-02 1.4892058447e-02 1.6755098477e-02 4.8210435114e-01 5.1789529151e-01 1.0000000000e-03
3.6400000000e+02 1.2806346640e-02 1.3447920792e-02 1.2198931538e-02 4.8632887130e-01 5.1367076809e-01 1.0000000000e-03
3.6500000000e+02 1.1996041983e-02 1.3098557480e-02 1.0927340947e-02 4.9221445335e-01 5.0778518049e-01 1.0000000000e-03
3.6600000000e+02 1.4138931409e-02 1.4513525181e-02 1.3772789389e-02 4.9430234354e-01 5.0569729156e-01 1.0000000000e-03
3.6700000000e+02 1.3786900789e-02 1.3144114055e-02 1.4410882257e-02 4.9257347389e-01 5.0742616141e-01 1.0000000000e-03
3.6800000000e+02 1.1800617911e-02 1.2762892060e-02 1.0848420672e-02 4.9737024369e-01 5.0262938573e-01 1.0000000000e-03
3.6900000000e+02 1.2685635127e-02 1.3213435188e-02 1.2158451602e-02 4.9971223926e-01 5.0028738780e-01 1.0000000000e-03
3.7000000000e+02 1.3565169647e-02 1.2921363115e-02 1.4202275313e-02 4.9737975077e-01 5.0261987672e-01 1.0000000000e-03
3.7100000000e+02 1.2101294473e-02 1.2615731917e-02 1.1587346904e-02 4.9976624629e-01 5.0023337713e-01 1.0000000000e-03
3.7200000000e+02 1.1966322549e-02 1.2559366412e-02 1.1367855594e-02 5.0227946424e-01 4.9772015505e-01 1.0000000000e-03
3.7300000000e+02 1.2984124944e-02 1.2834060006e-02 1.3135086745e-02 5.0147191344e-01 4.9852770541e-01 1.0000000000e-03
3.7400000000e+02 1.2258818373e-02 1.2931623496e-02 1.1574915610e-02 5.0409275336e-01 4.9590686279e-01 1.0000000000e-03
3.7500000000e+02 1.1708271690e-02 1.2617554516e-02 1.0770811699e-02 5.0763144945e-01 4.9236816234e-01 1.0000000000e-03
3.7600000000e+02 1.2460185215e-02 1.2591212057e-02 1.2325231917e-02 5.0740202840e-01 4.9259758207e-01 1.0000000000e-03
3.7700000000e+02 1.2229776010e-02 1.2879490852e-02 1.1555248871e-02 5.0937155657e-01 4.9062805193e-01 1.0000000000e-03
3.7800000000e+02 1.1642277241e-02 1.2311775237e-02 1.0941601358e-02 5.1138056076e-01 4.8861904388e-01 1.0000000000e-03
3.7900000000e+02 1.2101605535e-02 1.2301979586e-02 1.1892150156e-02 5.1108944414e-01 4.8891015871e-01 1.0000000000e-03
3.8000000000e+02 1.2127928436e-02 1.2439982966e-02 1.1801454239e-02 5.1129749768e-01 4.8870210363e-01 1.0000000000e-03
3.8100000000e+02 1.1629855260e-02 1.2006515637e-02 1.1234952137e-02 5.1182761117e-01 4.8817198699e-01 1.0000000000e-03
3.8200000000e+02 1.1858470738e-02 1.1939810589e-02 1.1773483828e-02 5.1099553243e-01 4.8900406374e-01 1.0000000000e-03
3.8300000000e+02 1.2006088160e-02 1.2189737521e-02 1.1814434081e-02 5.1067770432e-01 4.8932189057e-01 1.0000000000e-03
3.8400000000e+02 1.1632204987e-02 1.1819914915e-02 1.1436503381e-02 5.1043422541e-01 4.8956536699e-01 1.0000000000e-03
3.8500000000e+02 1.1698915623e-02 1.1853463016e-02 1.1538028717e-02 5.1006503128e-01 4.8993455914e-01 1.0000000000e-03
3.8600000000e+02 1.1885926127e-02 1.2224378996e-02 1.1532942764e-02 5.1051371310e-01 4.8948587618e-01 1.0000000000e-03
3.8700000000e+02 1.1635983363e-02 1.1963528581e-02 1.1293845251e-02 5.1090204226e-01 4.8909754509e-01 1.0000000000e-03
3.8800000000e+02 1.1598516256e-02 1.1992053129e-02 1.1186377145e-02 5.1154980222e-01 4.8844978325e-01 1.0000000000e-03
3.8900000000e+02 1.1775352061e-02 1.2184957974e-02 1.1345302686e-02 5.1217900311e-01 4.8782058132e-01 1.0000000000e-03
3.9000000000e+02 1.1635649018e-02 1.1963273399e-02 1.1291363277e-02 5.1240576057e-01 4.8759382241e-01 1.0000000000e-03
3.9100000000e+02 1.1536746286e-02 1.1899279431e-02 1.1155205779e-02 5.1277889075e-01 4.8722069056e-01 1.0000000000e-03
3.9200000000e+02 1.1669031344e-02 1.1990006082e-02 1.1331047863e-02 5.1291377645e-01 4.8708580385e-01 1.0000000000e-03
3.9300000000e+02 1.1615226045e-02 1.1724280193e-02 1.1500770226e-02 5.1210356002e-01 4.8789601919e-01 1.0000000000e-03
3.9400000000e+02 1.1501004919e-02 1.1702530086e-02 1.1289755814e-02 5.1179081832e-01 4.8820875948e-01 1.0000000000e-03
3.9500000000e+02 1.1579478160e-02 1.1773014441e-02 1.1376865208e-02 5.1146733286e-01 4.8853224396e-01 1.0000000000e-03
3.9600000000e+02 1.1585148051e-02 1.1634161696e-02 1.1534033343e-02 5.1053666801e-01 4.8946290797e-01 1.0000000000e-03
3.9700000000e+02 1.1483953334e-02 1.1676295660e-02 1.1283499189e-02 5.1033837971e-01 4.8966119511e-01 1.0000000000e-03
3.9800000000e+02 1.1505281553e-02 1.1731828563e-02 1.1269205250e-02 5.1031017722e-01 4.8968939665e-01 1.0000000000e-03
3.9900000000e+02 1.1542108841e-02 1.1707089841e-02 1.1370397173e-02 5.1000862047e-01 4.8999095268e-01 1.0000000000e-03
4.0000000000e+02 1.1473925784e-02 1.1826489121e-02 1.1106130667e-02 5.1057833376e-01 4.8942123847e-01 1.0000000000e-03
4.0100000000e+02 1.1451935396e-02 1.1853851378e-02 1.1031413451e-02 5.1131734996e-01 4.8868222135e-01 1.0000000000e-03
4.0200000000e+02 1.1492259800e-02 1.1808315292e-02 1.1161208153e-02 5.1159421375e-01 4.8840535689e-01 1.0000000000e-03
4.0300000000e+02 1.1463591829e-02 1.1871298775e-02 1.1035398580e-02 5.1225934573e-01 4.8774022419e-01 1.0000000000e-03
4.0400000000e+02 1.1419417337e-02 1.1768314987e-02 1.1052489281e-02 5.1260175069e-01 4.8739781842e-01 1.0000000000e-03
4.0500000000e+02 1.1441646144e-02 1.1690228246e-02 1.1180371977e-02 5.1245620760e-01 4.8754336088e-01 1.0000000000e-03
4.0600000000e+02 1.1443251744e-02 1.1709427461e-02 1.1163543910e-02 5.1240385837e-01 4.8759570953e-01 1.0000000000e-03
4.0700000000e+02 1.1399508454e-02 1.1602257378e-02 1.1186733842e-02 5.1207512622e-01 4.8792444102e-01 1.0000000000e-03
4.0800000000e+02 1.1397900060e-02 1.1570384726e-02 1.1217201129e-02 5.1164253869e-01 4.8835702794e-01 1.0000000000e-03
4.0900000000e+02 1.1412788182e-02 1.1636497453e-02 1.1178572662e-02 5.1148182017e-01 4.8851774596e-01 1.0000000000e-03
4.1000000000e+02 1.1384306476e-02 1.1579072103e-02 1.1180619709e-02 5.1120896244e-01 4.8879060314e-01 1.0000000000e-03
4.1100000000e+02 1.1365450919e-02 1.1616735719e-02 1.1102639139e-02 5.1121944934e-01 4.8878011567e-01 1.0000000000e-03
4.1200000000e+02 1.1376750655e-02 1.1680970900e-02 1.1058258824e-02 5.1146672801e-01 4.8853283652e-01 1.0000000000e-03
4.1300000000e+02 1.1367741972e-02 1.1643582024e-02 1.1078852229e-02 5.1156270276e-01 4.8843686131e-01 1.0000000000e-03
4.1400000000e+02 1.1345999315e-02 1.1677846313e-02 1.0997973382e-02 5.1190552412e-01 4.8809403945e-01 1.0000000000e-03
4.1500000000e+02 1.1343603954e-02 1.1681905016e-02 1.0988326743e-02 5.1224466045e-01 4.8775490265e-01 1.0000000000e-03
4.1600000000e+02 1.1344361119e-02 1.1622591875e-02 1.1052131653e-02 5.1227809281e-01 4.8772146988e-01 1.0000000000e-03
4.1700000000e+02 1.1329792440e-02 1.1617500335e-02 1.1027518660e-02 5.1235293515e-01 4.8764662711e-01 1.0000000000e-03
4.1800000000e+02 1.1315558106e-02 1.1547817849e-02 1.1071719229e-02 5.1217002482e-01 4.8782953700e-01 1.0000000000e-03
4.1900000000e+02 1.1315584183e-02 1.1479844339e-02 1.1143465526e-02 5.1169643403e-01 4.8830312740e-01 1.0000000000e-03
4.2000000000e+02 1.1311708018e-02 1.1486140080e-02 1.1129207909e-02 5.1131590520e-01 4.8868365587e-01 1.0000000000e-03
4.2100000000e+02 1.1295737699e-02 1.1439711787e-02 1.1145395227e-02 5.1083586446e-01 4.8916369623e-01 1.0000000000e-03
4.2200000000e+02 1.1289061047e-02 1.1441677809e-02 1.1129943654e-02 5.1044280000e-01 4.8955676032e-01 1.0000000000e-03
4.2300000000e+02 1.1288914829e-02 1.1484258808e-02 1.1085378006e-02 5.1028216432e-01 4.8971739566e-01 1.0000000000e-03
4.2400000000e+02 1.1278448626e-02 1.1475278065e-02 1.1073475704e-02 5.1014488888e-01 4.8985467075e-01 1.0000000000e-03
4.2500000000e+02 1.1267947964e-02 1.1512637138e-02 1.1013038456e-02 5.1023933113e-01 4.8976022815e-01 1.0000000000e-03
4.2600000000e+02 1.1264383793e-02 1.1536877602e-02 1.0980264284e-02 5.1045135210e-01 4.8954820684e-01 1.0000000000e-03
4.2700000000e+02 1.1259879917e-02 1.1513561942e-02 1.0995264165e-02 5.1055751537e-01 4.8944204324e-01 1.0000000000e-03
4.2800000000e+02 1.1251637712e-02 1.1522675864e-02 1.0968716815e-02 5.1073323227e-01 4.8926632602e-01 1.0000000000e-03
4.2900000000e+02 1.1242673732e-02 1.1487099342e-02 1.0987494141e-02 5.1077137515e-01 4.8922818282e-01 1.0000000000e-03
4.3000000000e+02 1.1238087900e-02 1.1444481090e-02 1.1022735387e-02 5.1063279519e-01 4.8936676247e-01 1.0000000000e-03
4.3100000000e+02 1.1233704165e-02 1.1431654915e-02 1.1027296074e-02 5.1046971057e-01 4.8952984680e-01 1.0000000000e-03
4.3200000000e+02 1.1224160902e-02 1.1382435448e-02 1.1059341952e-02 5.1014256519e-01 4.8985699189e-01 1.0000000000e-03
4.3300000000e+02 1.1217171326e-02 1.1366957799e-02 1.1061399244e-02 5.0980947408e-01 4.9019008270e-01 1.0000000000e-03
4.3400000000e+02 1.1213142425e-02 1.1375582777e-02 1.1044374667e-02 5.0956714975e-01 4.9043240675e-01 1.0000000000e-03
4.3500000000e+02 1.1206332594e-02 1.1367692612e-02 1.1038835160e-02 5.0934425509e-01 4.9065530113e-01 1.0000000000e-03
4.3600000000e+02 1.1199183762e-02 1.1400331743e-02 1.0990398936e-02 5.0932521423e-01 4.9067434170e-01 1.0000000000e-03
4.3700000000e+02 1.1192828417e-02 1.1417162605e-02 1.0959895328e-02 5.0941440235e-01 4.9058515330e-01 1.0000000000e-03
4.3800000000e+02 1.1187840253e-02 1.1421047151e-02 1.0945576243e-02 5.0953584203e-01 4.9046371335e-01 1.0000000000e-03
4.3900000000e+02 1.1182973161e-02 1.1439777911e-02 1.0915961117e-02 5.0975378376e-01 4.9024577135e-01 1.0000000000e-03
4.4000000000e+02 1.1175553314e-02 1.1421145871e-02 1.0920048691e-02 5.0989984711e-01 4.9009970773e-01 1.0000000000e-03
4.4100000000e+02 1.1169530451e-02 1.1404888704e-02 1.0924589820e-02 5.0998532117e-01 4.9001423340e-01 1.0000000000e-03
4.4200000000e+02 1.1164823547e-02 1.1387743987e-02 1.0932806879e-02 5.1000586539e-01 4.8999368893e-01 1.0000000000e-03
4.4300000000e+02 1.1158509180e-02 1.1347122490e-02 1.0962312110e-02 5.0986769472e-01 4.9013185934e-01 1.0000000000e-03
4.4400000000e+02 1.1152536608e-02 1.1331694201e-02 1.0966300033e-02 5.0970024558e-01 4.9029930822e-01 1.0000000000e-03
4.4500000000e+02 1.1146612465e-02 1.1312524788e-02 1.0974290781e-02 5.0948901910e-01 4.9051053445e-01 1.0000000000e-03
4.4600000000e+02 1.1141240597e-02 1.1299555190e-02 1.0976959020e-02 5.0926416679e-01 4.9073538651e-01 1.0000000000e-03
4.4700000000e+02 1.1136338115e-02 1.1312309653e-02 1.0953820311e-02 5.0914273774e-01 4.9085681533e-01 1.0000000000e-03
4.4800000000e+02 1.1129936203e-02 1.1314431205e-02 1.0938630439e-02 5.0907282103e-01 4.9092673179e-01 1.0000000000e-03
4.4900000000e+02 1.1124407873e-02 1.1331642978e-02 1.0909487493e-02 5.0911455835e-01 4.9088499423e-01 1.0000000000e-03
4.5000000000e+02 1.1119573377e-02 1.1347725987e-02 1.0882832110e-02 5.0924869855e-01 4.9075085379e-01 1.0000000000e-03
4.5100000000e+02 1.1114189401e-02 1.1344346218e-02 1.0875242762e-02 5.0937941358e-01 4.9062013852e-01 1.0000000000e-03
4.5200000000e+02 1.1109132320e-02 1.1345649138e-02 1.0863436386e-02 5.0952706968e-01 4.9047248219e-01 1.0000000000e-03
4.5300000000e+02 1.1103454977e-02 1.1325989850e-02 1.0872221552e-02 5.0959642274e-01 4.9040312889e-01 1.0000000000e-03
4.5400000000e+02 1.1098209769e-02 1.1302557774e-02 1.0885893367e-02 5.0957567930e-01 4.9042387209e-01 1.0000000000e-03
4.5500000000e+02 1.1093419045e-02 1.1284304783e-02 1.0895151645e-02 5.0949537129e-01 4.9050417988e-01 1.0000000000e-03
4.5600000000e+02 1.1087805033e-02 1.1256095022e-02 1.0913131759e-02 5.0931932327e-01 4.9068022768e-01 1.0000000000e-03
4.5700000000e+02 1.1082665995e-02 1.1244625784e-02 1.0914689861e-02 5.0913183129e-01 4.9086771943e-01 1.0000000000e-03
4.5800000000e+02 1.1077461764e-02 1.1236523278e-02 1.0912612081e-02 5.0894983032e-01 4.9104972018e-01 1.0000000000e-03
4.5900000000e+02 1.1072326452e-02 1.1234061792e-02 1.0904806666e-02 5.0879843764e-01 4.9120111265e-01 1.0000000000e-03
4.6000000000e+02 1.1067630723e-02 1.1246608570e-02 1.0882293805e-02 5.0874173592e-01 4.9125781415e-01 1.0000000000e-03
4.6100000000e+02 1.1062355712e-02 1.1251668446e-02 1.0866317898e-02 5.0873866417e-01 4.9126088568e-01 1.0000000000e-03
4.6200000000e+02 1.1057564057e-02 1.1262299493e-02 1.0845497251e-02 5.0880743364e-01 4.9119211598e-01 1.0000000000e-03
4.6300000000e+02 1.1052893475e-02 1.1267009191e-02 1.0831015185e-02 5.0891316718e-01 4.9108638224e-01 1.0000000000e-03
4.6400000000e+02 1.1048011482e-02 1.1259991676e-02 1.0828269646e-02 5.0899909314e-01 4.9100045606e-01 1.0000000000e-03
4.6500000000e+02 1.1043416336e-02 1.1252974160e-02 1.0826128535e-02 5.0906578885e-01 4.9093376014e-01 1.0000000000e-03
4.6600000000e+02 1.1038348079e-02 1.1232554913e-02 1.0836985894e-02 5.0905537460e-01 4.9094417418e-01 1.0000000000e-03
4.6700000000e+02 1.1033568531e-02 1.1213944294e-02 1.0846604593e-02 5.0898238563e-01 4.9101716294e-01 1.0000000000e-03
4.6800000000e+02 1.1028937995e-02 1.1197905988e-02 1.0853880085e-02 5.0886416494e-01 4.9113538342e-01 1.0000000000e-03
4.6900000000e+02 1.1024124920e-02 1.1182256974e-02 1.0860396549e-02 5.0870781091e-01 4.9129173725e-01 1.0000000000e-03
4.7000000000e+02 1.1019606143e-02 1.1179628782e-02 1.0854007676e-02 5.0857592501e-01 4.9142362295e-01 1.0000000000e-03
4.7100000000e+02 1.1014806107e-02 1.1177768931e-02 1.0846236721e-02 5.0847097048e-01 4.9152857728e-01 1.0000000000e-03
4.7200000000e+02 1.1010235175e-02 1.1183516122e-02 1.0831025429e-02 5.0842443640e-01 4.9157511116e-01 1.0000000000e-03
4.7300000000e+02 1.1005803011e-02 1.1192405596e-02 1.0812799446e-02 5.0844450682e-01 4.9155504054e-01 1.0000000000e-03
4.7400000000e+02 1.1001248844e-02 1.1196268722e-02 1.0799492709e-02 5.0850197044e-01 4.9149757672e-01 1.0000000000e-03
4.7500000000e+02 1.0996971279e-02 1.1200925335e-02 1.0785892606e-02 5.0859557195e-01 4.9140397501e-01 1.0000000000e-03
4.7600000000e+02 1.0992459953e-02 1.1195116676e-02 1.0782657191e-02 5.0867434750e-01 4.9132519927e-01 1.0000000000e-03
4.7700000000e+02 1.0988069698e-02 1.1185475625e-02 1.0783665814e-02 5.0872137641e-01 4.9127817016e-01 1.0000000000e-03
4.7800000000e+02 1.0983734392e-02 1.1171990074e-02 1.0788803920e-02 5.0872164798e-01 4.9127789840e-01 1.0000000000e-03
4.7900000000e+02 1.0979258455e-02 1.1153964326e-02 1.0798403993e-02 5.0865930508e-01 4.9134024111e-01 1.0000000000e-03
4.8000000000e+02 1.0975011624e-02 1.1141252704e-02 1.0802986100e-02 5.0856409269e-01 4.9143545331e-01 1.0000000000e-03
4.8100000000e+02 1.0970586911e-02 1.1129004881e-02 1.0806738399e-02 5.0844222961e-01 4.9155731620e-01 1.0000000000e-03
4.8200000000e+02 1.0966323316e-02 1.1124564335e-02 1.0802730918e-02 5.0833184835e-01 4.9166769728e-01 1.0000000000e-03
4.8300000000e+02 1.0962100700e-02 1.1125375517e-02 1.0793353431e-02 5.0825603392e-01 4.9174351152e-01 1.0000000000e-03
4.8400000000e+02 1.0957847349e-02 1.1128133163e-02 1.0781878605e-02 5.0822058163e-01 4.9177896362e-01 1.0000000000e-03
4.8500000000e+02 1.0953808203e-02 1.1134853587e-02 1.0766706429e-02 5.0823895901e-01 4.9176058606e-01 1.0000000000e-03
4.8600000000e+02 1.0949650779e-02 1.1137041263e-02 1.0755955242e-02 5.0828537761e-01 4.9171416727e-01 1.0000000000e-03
4.8700000000e+02 1.0945638642e-02 1.1137970723e-02 1.0746783577e-02 5.0835056011e-01 4.9164898459e-01 1.0000000000e-03
4.8800000000e+02 1.0941591114e-02 1.1133181863e-02 1.0743456893e-02 5.0840621404e-01 4.9159333048e-01 1.0000000000e-03
4.8900000000e+02 1.0937511921e-02 1.1123223230e-02 1.0745442472e-02 5.0842931837e-01 4.9157022597e-01 1.0000000000e-03
4.9000000000e+02 1.0933537036e-02 1.1111713946e-02 1.0749268346e-02 5.0841534158e-01 4.9158420258e-01 1.0000000000e-03
4.9100000000e+02 1.0929435492e-02 1.1096954346e-02 1.0756233707e-02 5.0835335154e-01 4.9164619245e-01 1.0000000000e-03
4.9200000000e+02 1.0925507173e-02 1.1086063460e-02 1.0759564117e-02 5.0826528078e-01 4.9173426303e-01 1.0000000000e-03
4.9300000000e+02 1.0921509936e-02 1.1077099480e-02 1.0760765523e-02 5.0816300806e-01 4.9183653558e-01 1.0000000000e-03
4.9400000000e+02 1.0917568579e-02 1.1073286645e-02 1.0756750591e-02 5.0807168519e-01 4.9192785828e-01 1.0000000000e-03
4.9500000000e+02 1.0913707316e-02 1.1074098758e-02 1.0748102330e-02 5.0801143097e-01 4.9198811233e-01 1.0000000000e-03
4.9600000000e+02 1.0909803212e-02 1.1076349765e-02 1.0737860575e-02 5.0798611021e-01 4.9201343291e-01 1.0000000000e-03
4.9700000000e+02 1.0906055570e-02 1.1080933735e-02 1.0725497268e-02 5.0800245672e-01 4.9199708623e-01 1.0000000000e-03
4.9800000000e+02 1.0902234353e-02 1.1081928387e-02 1.0716677643e-02 5.0803997236e-01 4.9195957042e-01 1.0000000000e-03
4.9900000000e+02 1.0898523033e-02 1.1081022210e-02 1.0710031725e-02 5.0808719672e-01 4.9191234589e-01 1.0000000000e-03
5.0000000000e+02 1.0894777253e-02 1.1075343005e-02 1.0708260350e-02 5.0812102014e-01 4.9187852231e-01 1.0000000000e-03
