# epoch total_loss data_loss physics_loss w_data w_physics lr
1.0000000000e+00 1.5321602821e+00 9.5535659790e-01 2.0680160522e+00 4.8159903542e-01 5.1840096424e-01 1.0000000000e-03
2.0000000000e+00 1.0779296160e+00 9.0216076374e-01 1.2373454571e+00 4.7560590619e-01 5.2439409304e-01 1.0000000000e-03
3.0000000000e+00 8.4576845169e-01 8.8452047110e-01 8.0996221304e-01 4.8024534536e-01 5.1975465336e-01 1.0000000000e-03
4.0000000000e+00 8.0376040936e-01 8.5425132513e-01 7.5615996122e-01 4.8526634814e-01 5.1473365009e-01 1.0000000000e-03
5.0000000000e+00 7.5019383430e-01 8.0536895990e-01 6.9710969925e-01 4.9034240177e-01 5.0965759597e-01 1.0000000000e-03
6.0000000000e+00 6.4551675320e-01 7.5376605988e-01 5.3740292788e-01 4.9968673645e-01 5.0031326074e-01 1.0000000000e-03
7.0000000000e+00 5.6894910336e-01 7.0861911774e-01 4.2218518257e-01 5.1238311557e-01 4.8761688102e-01 1.0000000000e-03
8.0000000000e+00 5.4297047853e-01 6.7332780361e-01 3.9952230453e-01 5.2390546295e-01 4.7609453304e-01 1.0000000000e-03
9.0000000000e+00 5.1177555323e-01 6.4872276783e-01 3.5341975093e-01 5.3624849988e-01 4.6375149552e-01 1.0000000000e-03
1.0000000000e+01 4.6576955914e-01 6.3481980562e-01 2.5587147474e-01 5.5389635823e-01 4.4610363650e-01 1.0000000000e-03
1.1000000000e+01 4.3480926752e-01 6.3421773911e-01 1.6144369543e-01 5.7821621989e-01 4.2178377411e-01 1.0000000000e-03
1.2000000000e+01 4.4571745396e-01 6.4660865068e-01 1.4126724005e-01 6.0246445816e-01 3.9753553518e-01 1.0000000000e-03
1.3000000000e+01 4.7031962872e-01 6.6039121151e-01 1.5608759224e-01 6.2310084731e-01 3.7689914547e-01 1.0000000000e-03
1.4000000000e+01 4.7539228201e-01 6.6741693020e-01 1.2676237524e-01 6.4482933136e-01 3.5517066089e-01 1.0000000000e-03
1.5000000000e+01 4.7502690554e-01 6.7067474127e-01 7.7913165092e-02 6.6993837888e-01 3.3006161280e-01 1.0000000000e-03
1.6000000000e+01 4.8399731517e-01 6.6999036074e-01 6.0968454927e-02 6.9460365191e-01 3.0539633924e-01 1.0000000000e-03
1.7000000000e+01 4.8996269703e-01 6.5682411194e-01 7.0391215384e-02 7.1546372940e-01 2.8453626125e-01 1.0000000000e-03
1.8000000000e+01 4.8125091195e-01 6.2802445889e-01 7.8781291842e-02 7.3277125293e-01 2.6722873724e-01 1.0000000000e-03
1.9000000000e+01 4.6175995469e-01 5.9022867680e-01 8.1800058484e-02 7.4732201907e-01 2.5267797060e-01 1.0000000000e-03
2.0000000000e+01 4.4152939320e-01 5.5310159922e-01 9.1239355505e-02 7.5842971087e-01 2.4157027828e-01 1.0000000000e-03
2.1000000000e+01 4.2581295967e-01 5.2191650867e-01 1.1342811584e-01 7.6473373219e-01 2.3526625647e-01 1.0000000000e-03
2.2000000000e+01 4.1383612156e-01 4.9647492170e-01 1.4357657731e-01 7.6582832260e-01 2.3417166564e-01 1.0000000000e-03
2.3000000000e+01 4.0297552943e-01 4.7423782945e-01 1.7435894907e-01 7.6236300153e-01 2.3763698634e-01 1.0000000000e-03
2.4000000000e+01 3.9212030172e-01 4.5342397690e-01 2.0299869776e-01 7.5520170252e-01 2.4479828504e-01 1.0000000000e-03
2.5000000000e+01 3.8188806176e-01 4.3402498960e-01 2.2949066758e-01 7.4509445483e-01 2.5490553246e-01 1.0000000000e-03
2.6000000000e+01 3.7301892042e-01 4.1712760925e-01 2.5197196007e-01 7.3292664311e-01 2.6707334396e-01 1.0000000000e-03
2.7000000000e+01 3.6504781246e-01 4.0337154269e-01 2.6657757163e-01 7.1984325859e-01 2.8015672828e-01 1.0000000000e-03
2.8000000000e+01 3.5663512349e-01 3.9175674319e-01 2.7193439007e-01 7.0688589839e-01 2.9311408829e-01 1.0000000000e-03
2.9000000000e+01 3.4687364101e-01 3.8005986810e-01 2.7141806483e-01 6.9453541074e-01 3.0546457574e-01 1.0000000000e-03
3.0000000000e+01 3.3541804552e-01 3.6667993665e-01 2.6810991764e-01 6.8284585697e-01 3.1715412928e-01 1.0000000000e-03
3.1000000000e+01 3.2188481092e-01 3.5221979022e-01 2.5970092416e-01 6.7212098060e-01 3.2787900540e-01 1.0000000000e-03
3.2000000000e+01 3.0722314119e-01 3.3924689889e-01 2.4420586228e-01 6.6305358861e-01 3.3694639707e-01 1.0000000000e-03
3.3000000000e+01 2.9473334551e-01 3.3005976677e-01 2.2737917304e-01 6.5595825928e-01 3.4404172604e-01 1.0000000000e-03
3.4000000000e+01 2.8619614244e-01 3.2422554493e-01 2.1543261409e-01 6.5044223266e-01 3.4955775227e-01 1.0000000000e-03
3.5000000000e+01 2.7919983864e-01 3.1937369704e-01 2.0582133532e-01 6.4620850289e-01 3.5379148165e-01 1.0000000000e-03
3.6000000000e+01 2.7224981785e-01 3.1521391869e-01 1.9473095238e-01 6.4340098388e-01 3.5659900024e-01 1.0000000000e-03
3.7000000000e+01 2.6770862937e-01 3.1343597174e-01 1.8575978279e-01 6.4184907281e-01 3.5815091089e-01 1.0000000000e-03
3.8000000000e+01 2.6587164402e-01 3.1233114004e-01 1.8301959336e-01 6.4071668826e-01 3.5928329506e-01 1.0000000000e-03
3.9000000000e+01 2.6232260466e-01 3.0636918545e-01 1.8432931602e-01 6.3908033934e-01 3.6091964360e-01 1.0000000000e-03
4.0000000000e+01 2.5534057617e-01 2.9370957613e-01 1.8826815486e-01 6.3611071628e-01 3.6388926629e-01 1.0000000000e-03
4.1000000000e+01 2.4834999442e-01 2.7829372883e-01 1.9713778794e-01 6.3103462039e-01 3.6896536183e-01 1.0000000000e-03
4.2000000000e+01 2.4299290776e-01 2.6348596811e-01 2.0902748406e-01 6.2369379565e-01 3.7630618622e-01 1.0000000000e-03
4.3000000000e+01 2.3750758171e-01 2.4922737479e-01 2.1882013977e-01 6.1457272138e-01 3.8542726017e-01 1.0000000000e-03
4.4000000000e+01 2.3256108165e-01 2.3607634008e-01 2.2719775140e-01 6.0407369174e-01 3.9592628950e-01 1.0000000000e-03
4.5000000000e+01 2.3049244285e-01 2.2605600953e-01 2.3694270849e-01 5.9249064883e-01 4.0750933213e-01 1.0000000000e-03
4.6000000000e+01 2.3042184114e-01 2.1911971271e-01 2.4605180323e-01 5.8034672699e-01 4.1965325372e-01 1.0000000000e-03
4.7000000000e+01 2.3057186604e-01 2.1323080361e-01 2.5337314606e-01 5.6801050995e-01 4.3198947055e-01 1.0000000000e-03
4.8000000000e+01 2.3083823919e-01 2.0743253827e-01 2.6009795070e-01 5.5557716090e-01 4.4442281941e-01 1.0000000000e-03
4.9000000000e+01 2.3082879186e-01 2.0258125663e-01 2.6444572210e-01 5.4339622206e-01 4.5660375807e-01 1.0000000000e-03
5.0000000000e+01 2.3035910726e-01 2.0035171509e-01 2.6449167728e-01 5.3215750525e-01 4.6784247472e-01 1.0000000000e-03
5.1000000000e+01 2.2948040068e-01 2.0183019340e-01 2.5975665450e-01 5.2266704498e-01 4.7733293483e-01 1.0000000000e-03
5.2000000000e+01 2.2786173224e-01 2.0677930117e-01 2.5030556321e-01 5.1563905057e-01 4.8436092907e-01 1.0000000000e-03
5.3000000000e+01 2.2672119737e-01 2.1413615346e-01 2.3988506198e-01 5.1123949411e-01 4.8876048536e-01 1.0000000000e-03
5.4000000000e+01 2.2651353478e-01 2.2168762982e-01 2.3151697218e-01 5.0903111703e-01 4.9096886229e-01 1.0000000000e-03
5.5000000000e+01 2.2596523166e-01 2.2714230418e-01 2.2474798560e-01 5.0839292677e-01 4.9160705240e-01 1.0000000000e-03
5.6000000000e+01 2.2561585903e-01 2.3048582673e-01 2.2057437897e-01 5.0865231642e-01 4.9134766262e-01 1.0000000000e-03
5.7000000000e+01 2.2552189231e-01 2.3279531300e-01 2.1796882153e-01 5.0943167893e-01 4.9056829999e-01 1.0000000000e-03
5.8000000000e+01 2.2440622747e-01 2.3471868038e-01 2.1363675594e-01 5.1083953795e-01 4.8916044085e-01 1.0000000000e-03
5.9000000000e+01 2.2278808057e-01 2.3648597300e-01 2.0836372674e-01 5.1291645351e-01 4.8708352516e-01 1.0000000000e-03
6.0000000000e+01 2.2116994858e-01 2.3708423972e-01 2.0424792171e-01 5.1534494348e-01 4.8465503506e-01 1.0000000000e-03
6.1000000000e+01 2.1946358681e-01 2.3528936505e-01 2.0248591900e-01 5.1755705572e-01 4.8244292267e-01 1.0000000000e-03
6.2000000000e+01 2.1803046763e-01 2.3151540756e-01 2.0347879827e-01 5.1902399062e-01 4.8097598764e-01 1.0000000000e-03
6.3000000000e+01 2.1698737144e-01 2.2748348117e-01 2.0563279092e-01 5.1964408738e-01 4.8035589074e-01 1.0000000000e-03
6.4000000000e+01 2.1647565067e-01 2.2496041656e-01 2.0729403198e-01 5.1972319424e-01 4.8027678375e-01 1.0000000000e-03
6.5000000000e+01 2.1623529494e-01 2.2474353015e-01 2.0702533424e-01 5.1980268853e-01 4.8019728935e-01 1.0000000000e-03
6.6000000000e+01 2.1584239602e-01 2.2671134770e-01 2.0404630899e-01 5.2045325256e-01 4.7954672521e-01 1.0000000000e-03
6.7000000000e+01 2.1555498242e-01 2.3012496531e-01 1.9964680076e-01 5.2195378074e-01 4.7804619693e-01 1.0000000000e-03
6.8000000000e+01 2.1527646482e-01 2.3364795744e-01 1.9503110647e-01 5.2426256946e-01 4.7573740811e-01 1.0000000000e-03
6.9000000000e+01 2.1482910216e-01 2.3652999103e-01 1.9063046575e-01 5.2720894397e-01 4.7279103350e-01 1.0000000000e-03
7.0000000000e+01 2.1459457278e-01 2.3926033080e-01 1.8670655787e-01 5.3065681094e-01 4.6934316644e-01 1.0000000000e-03
7.1000000000e+01 2.1464937925e-01 2.4241806567e-01 1.8275079131e-01 5.3460801996e-01 4.6539195733e-01 1.0000000000e-03
7.2000000000e+01 2.1491077542e-01 2.4596568942e-01 1.7858943343e-01 5.3908214099e-01 4.6091783622e-01 1.0000000000e-03
7.3000000000e+01 2.1533045173e-01 2.4938565493e-01 1.7470669746e-01 5.4397848859e-01 4.5602148853e-01 1.0000000000e-03
7.4000000000e+01 2.1574005485e-01 2.5189250708e-01 1.7172421515e-01 5.4904299991e-01 4.5095697714e-01 1.0000000000e-03
7.5000000000e+01 2.1607485414e-01 2.5273928046e-01 1.7056047916e-01 5.5384562598e-01 4.4615435101e-01 1.0000000000e-03
7.6000000000e+01 2.1615695953e-01 2.5153413415e-01 1.7150990665e-01 5.5791920578e-01 4.4208077114e-01 1.0000000000e-03
7.7000000000e+01 2.1594665945e-01 2.4859352410e-01 1.7424075305e-01 5.6091947204e-01 4.3908050483e-01 1.0000000000e-03
7.8000000000e+01 2.1565043926e-01 2.4471700191e-01 1.7825111747e-01 5.6268460316e-01 4.3731537365e-01 1.0000000000e-03
7.9000000000e+01 2.1528646350e-01 2.4057412148e-01 1.8267369270e-01 5.6325615660e-01 4.3674382017e-01 1.0000000000e-03
8.0000000000e+01 2.1490097046e-01 2.3663264513e-01 1.8692635000e-01 5.6279823405e-01 4.3720174268e-01 1.0000000000e-03
8.1000000000e+01 2.1458142996e-01 2.3317383230e-01 1.9077198207e-01 5.6151926662e-01 4.3848071008e-01 1.0000000000e-03
8.2000000000e+01 2.1427568793e-01 2.3018047214e-01 1.9406412542e-01 5.5962388631e-01 4.4037609036e-01 1.0000000000e-03
8.3000000000e+01 2.1393860877e-01 2.2748655081e-01 1.9688586891e-01 5.5726690060e-01 4.4273307605e-01 1.0000000000e-03
8.4000000000e+01 2.1351701021e-01 2.2507914901e-01 1.9912013412e-01 5.5459997576e-01 4.4540000087e-01 1.0000000000e-03
8.5000000000e+01 2.1305277944e-01 2.2327917814e-01 2.0046094060e-01 5.5183245713e-01 4.4816751947e-01 1.0000000000e-03
8.6000000000e+01 2.1261692047e-01 2.2245606780e-01 2.0062871277e-01 5.4922875877e-01 4.5077121781e-01 1.0000000000e-03
8.7000000000e+01 2.1221491694e-01 2.2265334427e-01 1.9960871339e-01 5.4703459365e-01 4.5296538291e-01 1.0000000000e-03
8.8000000000e+01 2.1193842590e-01 2.2353388369e-01 1.9802942872e-01 5.4535611815e-01 4.5464385838e-01 1.0000000000e-03
8.9000000000e+01 2.1178962290e-01 2.2445027530e-01 1.9667851925e-01 5.4411780466e-01 4.5588217184e-01 1.0000000000e-03
9.0000000000e+01 2.1169732511e-01 2.2481615841e-01 1.9610241055e-01 5.4311686649e-01 4.5688310998e-01 1.0000000000e-03
9.1000000000e+01 2.1161860228e-01 2.2446522117e-01 1.9640737772e-01 5.4213847273e-01 4.5786150372e-01 1.0000000000e-03
9.2000000000e+01 2.1150831878e-01 2.2358728945e-01 1.9726851583e-01 5.4105144023e-01 4.5894853620e-01 1.0000000000e-03
9.3000000000e+01 2.1136119962e-01 2.2245991230e-01 1.9834215939e-01 5.3981198342e-01 4.6018799299e-01 1.0000000000e-03
9.4000000000e+01 2.1117620170e-01 2.2124786675e-01 1.9942769408e-01 5.3842425190e-01 4.6157572450e-01 1.0000000000e-03
9.5000000000e+01 2.1101117134e-01 2.2001701593e-01 2.0057043433e-01 5.3689366116e-01 4.6310631522e-01 1.0000000000e-03
9.6000000000e+01 2.1088269353e-01 2.1878907084e-01 2.0177784562e-01 5.3522670980e-01 4.6477326656e-01 1.0000000000e-03
9.7000000000e+01 2.1076551080e-01 2.1767975390e-01 2.0285932720e-01 5.3346611244e-01 4.6653386391e-01 1.0000000000e-03
9.8000000000e+01 2.1064990759e-01 2.1697743237e-01 2.0346498489e-01 5.3172643196e-01 4.6827354437e-01 1.0000000000e-03
9.9000000000e+01 2.1050062776e-01 2.1700865030e-01 2.0315581560e-01 5.3020228900e-01 4.6979768732e-01 1.0000000000e-03
1.0000000000e+02 2.1031118929e-01 2.1795347333e-01 2.0172385871e-01 5.2911564133e-01 4.7088433498e-01 1.0000000000e-03
1.0100000000e+02 2.1009826660e-01 2.1968770027e-01 1.9934388995e-01 5.2863155525e-01 4.7136842103e-01 1.0000000000e-03
1.0200000000e+02 2.0990544558e-01 2.2180266678e-01 1.9655463099e-01 5.2878591912e-01 4.7121405715e-01 1.0000000000e-03
1.0300000000e+02 2.0974743366e-01 2.2383445501e-01 1.9389447570e-01 5.2949098714e-01 4.7050898911e-01 1.0000000000e-03
1.0400000000e+02 2.0963320136e-01 2.2555236518e-01 1.9163803756e-01 5.3060649736e-01 4.6939347886e-01 1.0000000000e-03
1.0500000000e+02 2.0955893397e-01 2.2694516182e-01 1.8979485333e-01 5.3200309870e-01 4.6799687750e-01 1.0000000000e-03
1.0600000000e+02 2.0949423313e-01 2.2799368203e-01 1.8833222985e-01 5.3356605723e-01 4.6643391895e-01 1.0000000000e-03
1.0700000000e+02 2.0942321420e-01 2.2857846320e-01 1.8736994267e-01 5.3516301173e-01 4.6483696443e-01 1.0000000000e-03
1.0800000000e+02 2.0933999121e-01 2.2856107354e-01 1.8707942963e-01 5.3663679605e-01 4.6336318009e-01 1.0000000000e-03
1.0900000000e+02 2.0925280452e-01 2.2793516517e-01 1.8751133978e-01 5.3783822109e-01 4.6216175503e-01 1.0000000000e-03
1.1000000000e+02 2.0916697383e-01 2.2689421475e-01 1.8846699595e-01 5.3868015686e-01 4.6131981924e-01 1.0000000000e-03
1.1100000000e+02 2.0909392834e-01 2.2576443851e-01 1.8958972394e-01 5.3916682291e-01 4.6083315317e-01 1.0000000000e-03
1.1200000000e+02 2.0902445912e-01 2.2484497726e-01 1.9049850106e-01 5.3938484685e-01 4.6061512921e-01 1.0000000000e-03
1.1300000000e+02 2.0894652605e-01 2.2430913150e-01 1.9095113873e-01 5.3946287715e-01 4.6053709890e-01 1.0000000000e-03
1.1400000000e+02 2.0885357261e-01 2.2416292131e-01 1.9091631472e-01 5.3952143874e-01 4.6047853730e-01 1.0000000000e-03
1.1500000000e+02 2.0874491334e-01 2.2426807880e-01 1.9054894149e-01 5.3963363225e-01 4.6036634377e-01 1.0000000000e-03
1.1600000000e+02 2.0862704515e-01 2.2446671128e-01 1.9004599750e-01 5.3982221687e-01 4.6017775913e-01 1.0000000000e-03
1.1700000000e+02 2.0851284266e-01 2.2469787300e-01 1.8950627744e-01 5.4008809177e-01 4.5991188423e-01 1.0000000000e-03
1.1800000000e+02 2.0840993524e-01 2.2494448721e-01 1.8896655738e-01 5.4042537572e-01 4.5957460026e-01 1.0000000000e-03
1.1900000000e+02 2.0831212401e-01 2.2509908676e-01 1.8854196370e-01 5.4080177966e-01 4.5919819630e-01 1.0000000000e-03
1.2000000000e+02 2.0821040869e-01 2.2495724261e-01 1.8846099079e-01 5.4113556291e-01 4.5886441304e-01 1.0000000000e-03
1.2100000000e+02 2.0809343457e-01 2.2434753180e-01 1.8891170621e-01 5.4130936567e-01 4.5869061026e-01 1.0000000000e-03
1.2200000000e+02 2.0795965195e-01 2.2326904535e-01 1.8989953399e-01 5.4121667188e-01 4.5878330404e-01 1.0000000000e-03
1.2300000000e+02 2.0781683922e-01 2.2190167010e-01 1.9122868776e-01 5.4080726778e-01 4.5919270813e-01 1.0000000000e-03
1.2400000000e+02 2.0767593384e-01 2.2049915791e-01 1.9261643291e-01 5.4010122777e-01 4.5989874813e-01 1.0000000000e-03
1.2500000000e+02 2.0754051208e-01 2.1927616000e-01 1.9380965829e-01 5.3917357478e-01 4.6082640111e-01 1.0000000000e-03
1.2600000000e+02 2.0741106570e-01 2.1836024523e-01 1.9465425611e-01 5.3812608972e-01 4.6187388615e-01 1.0000000000e-03
1.2700000000e+02 2.0728173852e-01 2.1778823435e-01 1.9509300590e-01 5.3706187613e-01 4.6293809973e-01 1.0000000000e-03
1.2800000000e+02 2.0714908838e-01 2.1755382419e-01 1.9512629509e-01 5.3607298910e-01 4.6392698675e-01 1.0000000000e-03
1.2900000000e+02 2.0701552927e-01 2.1766395867e-01 1.9475212693e-01 5.3524344571e-01 4.6475653013e-01 1.0000000000e-03
1.3000000000e+02 2.0688827336e-01 2.1811112761e-01 1.9399437308e-01 5.3464514119e-01 4.6535483465e-01 1.0000000000e-03
1.3100000000e+02 2.0677134395e-01 2.1877732873e-01 1.9299621880e-01 5.3431112191e-01 4.6568885392e-01 1.0000000000e-03
1.3200000000e+02 2.0666381717e-01 2.1942487359e-01 1.9202831388e-01 5.3420925225e-01 4.6579072356e-01 1.0000000000e-03
1.3300000000e+02 2.0655742288e-01 2.1982282400e-01 1.9134092331e-01 5.3425189722e-01 4.6574807858e-01 1.0000000000e-03
1.3400000000e+02 2.0644524693e-01 2.1988238394e-01 1.9102643430e-01 5.3433794133e-01 4.6566203445e-01 1.0000000000e-03
1.3500000000e+02 2.0632539690e-01 2.1966382861e-01 1.9101649523e-01 5.3439193576e-01 4.6560804001e-01 1.0000000000e-03
1.3600000000e+02 2.0620104671e-01 2.1928898990e-01 1.9118054211e-01 5.3437667927e-01 4.6562329648e-01 1.0000000000e-03
1.3700000000e+02 2.0607703924e-01 2.1887245774e-01 1.9139756262e-01 5.3428740181e-01 4.6571257394e-01 1.0000000000e-03
1.3800000000e+02 2.0595668256e-01 2.1850876510e-01 1.9156466424e-01 5.3414393790e-01 4.6585603783e-01 1.0000000000e-03
1.3900000000e+02 2.0583830774e-01 2.1827986836e-01 1.9158203900e-01 5.3398647264e-01 4.6601350308e-01 1.0000000000e-03
1.4000000000e+02 2.0571987331e-01 2.1826258302e-01 1.9135428965e-01 5.3387239255e-01 4.6612758316e-01 1.0000000000e-03
1.4100000000e+02 2.0560175180e-01 2.1850974858e-01 1.9081808627e-01 5.3386772947e-01 4.6613224622e-01 1.0000000000e-03
1.4200000000e+02 2.0548769832e-01 2.1899124980e-01 1.9001224637e-01 5.3402359039e-01 4.6597638529e-01 1.0000000000e-03
1.4300000000e+02 2.0538133383e-01 2.1955460310e-01 1.8911734223e-01 5.3434515349e-01 4.6565482217e-01 1.0000000000e-03
1.4400000000e+02 2.0528170466e-01 2.1998804808e-01 1.8837641180e-01 5.3478115438e-01 4.6521882126e-01 1.0000000000e-03
1.4500000000e+02 2.0518337190e-01 2.2014048696e-01 1.8795762956e-01 5.3524606702e-01 4.6475390861e-01 1.0000000000e-03
1.4600000000e+02 2.0508024096e-01 2.1997046471e-01 1.8790347874e-01 5.3565245122e-01 4.6434752440e-01 1.0000000000e-03
1.4700000000e+02 2.0496842265e-01 2.1950708330e-01 1.8817853928e-01 5.3592944770e-01 4.6407052790e-01 1.0000000000e-03
1.4800000000e+02 2.0484820008e-01 2.1881300211e-01 1.8871454895e-01 5.3602931368e-01 4.6397066191e-01 1.0000000000e-03
1.4900000000e+02 2.0472252369e-01 2.1798428893e-01 1.8940699100e-01 5.3593373368e-01 4.6406624190e-01 1.0000000000e-03
1.5000000000e+02 2.0459328592e-01 2.1715134382e-01 1.9010636210e-01 5.3566073592e-01 4.6433923964e-01 1.0000000000e-03
1.5100000000e+02 2.0446093380e-01 2.1645896137e-01 1.9064199924e-01 5.3526549143e-01 4.6473448412e-01 1.0000000000e-03
1.5200000000e+02 2.0432531834e-01 2.1602468193e-01 1.9087399542e-01 5.3482947530e-01 4.6517050024e-01 1.0000000000e-03
1.5300000000e+02 2.0418855548e-01 2.1588158607e-01 1.9076584280e-01 5.3443467377e-01 4.6556530175e-01 1.0000000000e-03
1.5400000000e+02 2.0405393839e-01 2.1594604850e-01 1.9041930139e-01 5.3413206677e-01 4.6586790874e-01 1.0000000000e-03
1.5500000000e+02 2.0392367244e-01 2.1606746316e-01 1.9001193345e-01 5.3392704047e-01 4.6607293502e-01 1.0000000000e-03
1.5600000000e+02 2.0379707217e-01 2.1611785889e-01 1.8969030678e-01 5.3379049829e-01 4.6620947720e-01 1.0000000000e-03
1.5700000000e+02 2.0367091894e-01 2.1602401137e-01 1.8953356147e-01 5.3367737678e-01 4.6632259869e-01 1.0000000000e-03
1.5800000000e+02 2.0354166627e-01 2.1574994922e-01 1.8957786262e-01 5.3353814640e-01 4.6646182906e-01 1.0000000000e-03
1.5900000000e+02 2.0340824127e-01 2.1529933810e-01 1.8981863558e-01 5.3332918012e-01 4.6667079533e-01 1.0000000000e-03
1.6000000000e+02 2.0327192545e-01 2.1473748982e-01 1.9018448889e-01 5.3302807954e-01 4.6697189589e-01 1.0000000000e-03
1.6100000000e+02 2.0313437283e-01 2.1418809891e-01 1.9053632021e-01 5.3264723120e-01 4.6735274422e-01 1.0000000000e-03
1.6200000000e+02 2.0299600065e-01 2.1379257739e-01 1.9071137905e-01 5.3223553181e-01 4.6776444359e-01 1.0000000000e-03
1.6300000000e+02 2.0285686851e-01 2.1364793181e-01 1.9059686363e-01 5.3186310472e-01 4.6813687067e-01 1.0000000000e-03
1.6400000000e+02 2.0271804929e-01 2.1375292540e-01 1.9019463658e-01 5.3159280123e-01 4.6840717415e-01 1.0000000000e-03
1.6500000000e+02 2.0258148015e-01 2.1401244402e-01 1.8961568177e-01 5.3145570292e-01 4.6854427244e-01 1.0000000000e-03
1.6600000000e+02 2.0244857669e-01 2.1430058777e-01 1.8900573254e-01 5.3144606719e-01 4.6855390815e-01 1.0000000000e-03
1.6700000000e+02 2.0231874287e-01 2.1450643241e-01 1.8849053979e-01 5.3152926165e-01 4.6847071368e-01 1.0000000000e-03
1.6800000000e+02 2.0218911767e-01 2.1453709900e-01 1.8817228079e-01 5.3164976402e-01 4.6835021129e-01 1.0000000000e-03
1.6900000000e+02 2.0205685496e-01 2.1433557570e-01 1.8811340630e-01 5.3174261158e-01 4.6825736371e-01 1.0000000000e-03
1.7000000000e+02 2.0192103088e-01 2.1391893923e-01 1.8829588592e-01 5.3175359387e-01 4.6824638141e-01 1.0000000000e-03
1.7100000000e+02 2.0178261399e-01 2.1338725090e-01 1.8860900402e-01 5.3166013337e-01 4.6833984189e-01 1.0000000000e-03
1.7200000000e+02 2.0164251328e-01 2.1288442612e-01 1.8888992071e-01 5.3148018610e-01 4.6851978915e-01 1.0000000000e-03
1.7300000000e+02 2.0150113106e-01 2.1253269911e-01 1.8899804354e-01 5.3126278306e-01 4.6873719217e-01 1.0000000000e-03
1.7400000000e+02 2.0135873556e-01 2.1237491071e-01 1.8888308108e-01 5.3106377593e-01 4.6893619929e-01 1.0000000000e-03
1.7500000000e+02 2.0121644437e-01 2.1236839890e-01 1.8859419227e-01 5.3092203850e-01 4.6907793670e-01 1.0000000000e-03
1.7600000000e+02 2.0107570291e-01 2.1242654324e-01 1.8823209405e-01 5.3084916786e-01 4.6915080733e-01 1.0000000000e-03
1.7700000000e+02 2.0093652606e-01 2.1244683862e-01 1.8791362643e-01 5.3082814021e-01 4.6917183496e-01 1.0000000000e-03
1.7800000000e+02 2.0079709589e-01 2.1232475340e-01 1.8775518239e-01 5.3081590762e-01 4.6918406754e-01 1.0000000000e-03
1.7900000000e+02 2.0065495372e-01 2.1199512482e-01 1.8782819808e-01 5.3075651625e-01 4.6924345888e-01 1.0000000000e-03
1.8000000000e+02 2.0050927997e-01 2.1147732437e-01 1.8811100721e-01 5.3060466204e-01 4.6939531308e-01 1.0000000000e-03
1.8100000000e+02 2.0036102831e-01 2.1087643504e-01 1.8848668039e-01 5.3034737710e-01 4.6965259800e-01 1.0000000000e-03
1.8200000000e+02 2.0021130145e-01 2.1033550799e-01 1.8879415095e-01 5.3001117933e-01 4.6998879576e-01 1.0000000000e-03
1.8300000000e+02 2.0006081462e-01 2.0996606350e-01 1.8890678883e-01 5.2964990816e-01 4.7035006691e-01 1.0000000000e-03
1.8400000000e+02 1.9991010427e-01 2.0980094373e-01 1.8878695369e-01 5.2932097073e-01 4.7067900433e-01 1.0000000000e-03
1.8500000000e+02 1.9976022840e-01 2.0980064571e-01 1.8848045170e-01 5.2906539830e-01 4.7093457674e-01 1.0000000000e-03
1.8600000000e+02 1.9961237907e-01 2.0987731218e-01 1.8808822334e-01 5.2889641692e-01 4.7110355810e-01 1.0000000000e-03
1.8700000000e+02 1.9946607947e-01 2.0991110802e-01 1.8774452806e-01 5.2879393168e-01 4.7120604333e-01 1.0000000000e-03
1.8800000000e+02 1.9931942225e-01 2.0979323983e-01 1.8756946921e-01 5.2871094587e-01 4.7128902912e-01 1.0000000000e-03
1.8900000000e+02 1.9917067885e-01 2.0948602259e-01 1.8760392070e-01 5.2859515794e-01 4.7140481703e-01 1.0000000000e-03
1.9000000000e+02 1.9901970029e-01 2.0904751122e-01 1.8778349459e-01 5.2841486905e-01 4.7158510591e-01 1.0000000000e-03
1.9100000000e+02 1.9886741042e-01 2.0860053599e-01 1.8797193468e-01 5.2817424230e-01 4.7182573263e-01 1.0000000000e-03
1.9200000000e+02 1.9871458411e-01 2.0826452971e-01 1.8803550303e-01 5.2790905306e-01 4.7209092186e-01 1.0000000000e-03
1.9300000000e+02 1.9856163859e-01 2.0809787512e-01 1.8790823221e-01 5.2766730445e-01 4.7233267046e-01 1.0000000000e-03
1.9400000000e+02 1.9840931892e-01 2.0808619261e-01 1.8760655820e-01 5.2748839294e-01 4.7251158194e-01 1.0000000000e-03
1.9500000000e+02 1.9825871289e-01 2.0815148950e-01 1.8721941113e-01 5.2738669685e-01 4.7261327802e-01 1.0000000000e-03
1.9600000000e+02 1.9810956717e-01 2.0817098022e-01 1.8688410521e-01 5.2734219125e-01 4.7265778360e-01 1.0000000000e-03
1.9700000000e+02 1.9796024263e-01 2.0803126693e-01 1.8672564626e-01 5.2730654553e-01 4.7269342930e-01 1.0000000000e-03
1.9800000000e+02 1.9780902565e-01 2.0769335330e-01 1.8678629398e-01 5.2722584376e-01 4.7277413106e-01 1.0000000000e-03
1.9900000000e+02 1.9765561819e-01 2.0721724629e-01 1.8699951470e-01 5.2706754927e-01 4.7293242552e-01 1.0000000000e-03
2.0000000000e+02 1.9750073552e-01 2.0672786236e-01 1.8722695112e-01 5.2683581179e-01 4.7316416299e-01 1.0000000000e-03
2.0100000000e+02 1.9734503329e-01 2.0634323359e-01 1.8733701110e-01 5.2656614549e-01 4.7343382927e-01 1.0000000000e-03
2.0200000000e+02 1.9718913734e-01 2.0612186193e-01 1.8726429343e-01 5.2630635627e-01 4.7369361847e-01 1.0000000000e-03
2.0300000000e+02 1.9703391194e-01 2.0604705811e-01 1.8702816963e-01 5.2609496213e-01 4.7390501259e-01 1.0000000000e-03
2.0400000000e+02 1.9688010216e-01 2.0602886379e-01 1.8673001230e-01 5.2594229658e-01 4.7405767812e-01 1.0000000000e-03
2.0500000000e+02 1.9672715664e-01 2.0594184101e-01 1.8650877476e-01 5.2582392694e-01 4.7417604775e-01 1.0000000000e-03
2.0600000000e+02 1.9657367468e-01 2.0569644868e-01 1.8646250665e-01 5.2569384743e-01 4.7430612724e-01 1.0000000000e-03
2.0700000000e+02 1.9641862810e-01 2.0529492199e-01 1.8658787012e-01 5.2551127857e-01 4.7448869608e-01 1.0000000000e-03
2.0800000000e+02 1.9626224041e-01 2.0483107865e-01 1.8678137660e-01 5.2526468563e-01 4.7473528900e-01 1.0000000000e-03
2.0900000000e+02 1.9610521197e-01 2.0442914963e-01 1.8690590560e-01 5.2497712122e-01 4.7502285339e-01 1.0000000000e-03
2.1000000000e+02 1.9594803452e-01 2.0417588949e-01 1.8686531484e-01 5.2469280298e-01 4.7530717161e-01 1.0000000000e-03
2.1100000000e+02 1.9579151273e-01 2.0408408344e-01 1.8664607406e-01 5.2445498583e-01 4.7554498875e-01 1.0000000000e-03
2.1200000000e+02 1.9563637674e-01 2.0408119261e-01 1.8632945418e-01 5.2428295598e-01 4.7571701858e-01 1.0000000000e-03
2.1300000000e+02 1.9548249245e-01 2.0404238999e-01 1.8605336547e-01 5.2416037812e-01 4.7583959642e-01 1.0000000000e-03
2.1400000000e+02 1.9532865286e-01 2.0386245847e-01 1.8593265116e-01 5.2404424049e-01 4.7595573403e-01 1.0000000000e-03
2.1500000000e+02 1.9517388940e-01 2.0352424681e-01 1.8598549068e-01 5.2389120376e-01 4.7610877074e-01 1.0000000000e-03
2.1600000000e+02 1.9501812756e-01 2.0310838521e-01 1.8612331152e-01 5.2368395390e-01 4.7631602058e-01 1.0000000000e-03
2.1700000000e+02 1.9486178458e-01 2.0273418725e-01 1.8621501327e-01 5.2343912163e-01 4.7656085283e-01 1.0000000000e-03
2.1800000000e+02 1.9470545650e-01 2.0249094069e-01 1.8616248667e-01 5.2319585267e-01 4.7680412178e-01 1.0000000000e-03
2.1900000000e+02 1.9454979897e-01 2.0238976181e-01 1.8595404923e-01 5.2299239513e-01 4.7700757929e-01 1.0000000000e-03
2.2000000000e+02 1.9439536333e-01 2.0235368609e-01 1.8567511439e-01 5.2284229522e-01 4.7715767918e-01 1.0000000000e-03
2.2100000000e+02 1.9424195588e-01 2.0225939155e-01 1.8546107411e-01 5.2272435669e-01 4.7727561770e-01 1.0000000000e-03
2.2200000000e+02 1.9408848882e-01 2.0201712847e-01 1.8540932238e-01 5.2259526921e-01 4.7740470515e-01 1.0000000000e-03
2.2300000000e+02 1.9393426180e-01 2.0163670182e-01 1.8550869823e-01 5.2241867976e-01 4.7758129459e-01 1.0000000000e-03
2.2400000000e+02 1.9377931952e-01 2.0121476054e-01 1.8565335870e-01 5.2218801284e-01 4.7781196148e-01 1.0000000000e-03
2.2500000000e+02 1.9362410903e-01 2.0086947083e-01 1.8571406603e-01 5.2192938225e-01 4.7807059205e-01 1.0000000000e-03
2.2600000000e+02 1.9346916676e-01 2.0066651702e-01 1.8561927974e-01 5.2168412461e-01 4.7831584968e-01 1.0000000000e-03
2.2700000000e+02 1.9331514835e-01 2.0058061182e-01 1.8539731205e-01 5.2148257197e-01 4.7851740230e-01 1.0000000000e-03
2.2800000000e+02 1.9316238165e-01 2.0050607622e-01 1.8516442180e-01 5.2132327220e-01 4.7867670205e-01 1.0000000000e-03
2.2900000000e+02 1.9301016629e-01 2.0032864809e-01 1.8504442275e-01 5.2117398636e-01 4.7882598787e-01 1.0000000000e-03
2.3000000000e+02 1.9285774231e-01 2.0001100004e-01 1.8507742882e-01 5.2099556585e-01 4.7900440836e-01 1.0000000000e-03
2.3100000000e+02 1.9270500541e-01 1.9961968064e-01 1.8519096076e-01 5.2077078974e-01 4.7922918445e-01 1.0000000000e-03
2.3200000000e+02 1.9255214930e-01 1.9927226007e-01 1.8525698781e-01 5.2051610295e-01 4.7948387122e-01 1.0000000000e-03
2.3300000000e+02 1.9239959121e-01 1.9905553758e-01 1.8518120050e-01 5.2026993255e-01 4.7973004160e-01 1.0000000000e-03
2.3400000000e+02 1.9224785268e-01 1.9896608591e-01 1.8496784568e-01 5.2006593912e-01 4.7993403501e-01 1.0000000000e-03
2.3500000000e+02 1.9209739566e-01 1.9890788198e-01 1.8472206593e-01 5.1990823706e-01 4.8009173705e-01 1.0000000000e-03
2.3600000000e+02 1.9194769859e-01 1.9875937700e-01 1.8457524478e-01 5.1976750999e-01 4.8023246410e-01 1.0000000000e-03
2.3700000000e+02 1.9179809093e-01 1.9846901298e-01 1.8458271027e-01 5.1960334610e-01 4.8039662797e-01 1.0000000000e-03
2.3800000000e+02 1.9164836407e-01 1.9809497893e-01 1.8468141556e-01 5.1939515102e-01 4.8060482303e-01 1.0000000000e-03
2.3900000000e+02 1.9149886072e-01 1.9775786996e-01 1.8474113941e-01 5.1915717238e-01 4.8084280166e-01 1.0000000000e-03
2.4000000000e+02 1.9134971499e-01 1.9754731655e-01 1.8466448784e-01 5.1892675348e-01 4.8107322053e-01 1.0000000000e-03
2.4100000000e+02 1.9120150805e-01 1.9745723903e-01 1.8445868790e-01 5.1873583235e-01 4.8126414165e-01 1.0000000000e-03
2.4200000000e+02 1.9105437398e-01 1.9738183916e-01 1.8423841894e-01 5.1858430259e-01 4.8141567138e-01 1.0000000000e-03
2.4300000000e+02 1.9090810418e-01 1.9720417261e-01 1.8412983418e-01 5.1844016058e-01 4.8155981338e-01 1.0000000000e-03
2.4400000000e+02 1.9076177478e-01 1.9688156247e-01 1.8417795002e-01 5.1826302354e-01 4.8173695040e-01 1.0000000000e-03
2.4500000000e+02 1.9061596692e-01 1.9650667906e-01 1.8428422511e-01 5.1804159718e-01 4.8195837674e-01 1.0000000000e-03
2.4600000000e+02 1.9047050178e-01 1.9618642330e-01 1.8433271348e-01 5.1779500689e-01 4.8220496700e-01 1.0000000000e-03
2.4700000000e+02 1.9032889605e-01 1.9603954256e-01 1.8420223892e-01 5.1757205442e-01 4.8242791946e-01 1.0000000000e-03
2.4800000000e+02 1.9019439816e-01 1.9594503939e-01 1.8402950466e-01 5.1738278617e-01 4.8261718768e-01 1.0000000000e-03
2.4900000000e+02 1.9010306895e-01 1.9595991075e-01 1.8382789195e-01 5.1724171636e-01 4.8275825747e-01 1.0000000000e-03
2.5000000000e+02 1.9017010927e-01 1.9572758675e-01 1.8422064185e-01 5.1703182137e-01 4.8296815245e-01 1.0000000000e-03
2.5100000000e+02 1.9101347029e-01 1.9634594023e-01 1.8531079590e-01 5.1677432760e-01 4.8322564622e-01 1.0000000000e-03
2.5200000000e+02 1.9494104385e-01 1.9806219637e-01 1.9161453843e-01 5.1592420209e-01 4.8407577178e-01 1.0000000000e-03
2.5300000000e+02 2.0707048476e-01 2.0678466558e-01 2.0737308264e-01 5.1426074288e-01 4.8573923119e-01 1.0000000000e-03
2.5400000000e+02 1.8938851357e-01 1.9571344554e-01 1.8268425763e-01 5.1455629342e-01 4.8544368060e-01 1.0000000000e-03
2.5500000000e+02 2.0087099075e-01 2.0197699964e-01 1.9970417023e-01 5.1338357743e-01 4.8661639670e-01 1.0000000000e-03
2.5600000000e+02 1.9889837503e-01 2.0322103798e-01 1.9434200227e-01 5.1316190114e-01 4.8683807306e-01 1.0000000000e-03
2.5700000000e+02 1.8909928203e-01 1.9783091545e-01 1.7985624075e-01 5.1422528152e-01 4.8577469261e-01 1.0000000000e-03
2.5800000000e+02 1.9480806589e-01 1.9982899725e-01 1.8949511647e-01 5.1412990858e-01 4.8587006557e-01 1.0000000000e-03
2.5900000000e+02 2.0408692956e-01 2.0472261310e-01 2.0341764390e-01 5.1287678423e-01 4.8712319006e-01 1.0000000000e-03
2.6000000000e+02 1.8956325948e-01 1.9658944011e-01 1.8214726448e-01 5.1349572920e-01 4.8650424501e-01 1.0000000000e-03
2.6100000000e+02 2.1095643938e-01 2.0798930526e-01 2.1406237781e-01 5.1142668487e-01 4.8857328955e-01 1.0000000000e-03
2.6200000000e+02 1.9097438455e-01 1.9756190479e-01 1.8406142294e-01 5.1205283796e-01 4.8794713641e-01 1.0000000000e-03
2.6300000000e+02 2.2774566710e-01 2.1934211254e-01 2.3645626009e-01 5.0897017173e-01 4.9102980301e-01 1.0000000000e-03
2.6400000000e+02 2.1417993307e-01 2.1386773884e-01 2.1450231969e-01 5.0799908415e-01 4.9200089077e-01 1.0000000000e-03
2.6500000000e+02 2.0216542482e-01 2.0525681973e-01 1.9897381961e-01 5.0797632984e-01 4.9202364512e-01 1.0000000000e-03
2.6600000000e+02 2.0328301191e-01 2.0577126741e-01 2.0071591437e-01 5.0780052986e-01 4.9219944515e-01 1.0000000000e-03
2.6700000000e+02 1.9963714480e-01 2.0681922138e-01 1.9219614565e-01 5.0885287063e-01 4.9114710437e-01 1.0000000000e-03
2.6800000000e+02 1.9476437569e-01 2.0390467346e-01 1.8523705006e-01 5.1036614581e-01 4.8963382911e-01 1.0000000000e-03
2.6900000000e+02 2.1470707655e-01 2.1158552170e-01 2.1793776751e-01 5.0859007707e-01 4.9140989804e-01 1.0000000000e-03
2.7000000000e+02 2.1392896771e-01 2.1053546667e-01 2.1741783619e-01 5.0692696535e-01 4.9307300991e-01 1.0000000000e-03
2.7100000000e+02 1.9101202488e-01 1.9825491309e-01 1.8352875113e-01 5.0816286778e-01 4.9183710734e-01 1.0000000000e-03
2.7200000000e+02 1.9845545292e-01 2.0405635238e-01 1.9265428185e-01 5.0878365619e-01 4.9121631889e-01 1.0000000000e-03
2.7300000000e+02 1.9265127182e-01 2.0272615552e-01 1.8214084208e-01 5.1057963042e-01 4.8942034456e-01 1.0000000000e-03
2.7400000000e+02 1.8994167447e-01 1.9956111908e-01 1.7984430492e-01 5.1212004926e-01 4.8787992558e-01 1.0000000000e-03
2.7500000000e+02 1.9613005221e-01 2.0145499706e-01 1.9053651392e-01 5.1230073685e-01 4.8769923796e-01 1.0000000000e-03
2.7600000000e+02 1.8782517314e-01 1.9635096192e-01 1.7882962525e-01 5.1340571551e-01 4.8659425915e-01 1.0000000000e-03
2.7700000000e+02 1.9491115212e-01 1.9725833833e-01 1.9244182110e-01 5.1268311999e-01 4.8731685464e-01 1.0000000000e-03
2.7800000000e+02 1.8892264366e-01 1.9170124829e-01 1.8600539863e-01 5.1216881107e-01 4.8783116345e-01 1.0000000000e-03
2.7900000000e+02 1.9073557854e-01 1.9325035810e-01 1.8810106814e-01 5.1162706574e-01 4.8837290871e-01 1.0000000000e-03
2.8000000000e+02 1.9162055850e-01 1.9715143740e-01 1.8581898510e-01 5.1194390449e-01 4.8805606989e-01 1.0000000000e-03
2.8100000000e+02 1.8768993020e-01 1.9559673965e-01 1.7936384678e-01 5.1291412588e-01 4.8708584841e-01 1.0000000000e-03
2.8200000000e+02 1.9188404083e-01 1.9612979889e-01 1.8741592765e-01 5.1275867445e-01 4.8724129979e-01 1.0000000000e-03
2.8300000000e+02 1.8780004978e-01 1.9412903488e-01 1.8112741411e-01 5.1321517037e-01 4.8678480379e-01 1.0000000000e-03
2.8400000000e+02 1.8957075477e-01 1.9399951398e-01 1.8490383029e-01 5.1309391635e-01 4.8690605775e-01 1.0000000000e-03
2.8500000000e+02 1.8916289508e-01 1.9157157838e-01 1.8663133681e-01 5.1243764388e-01 4.8756233017e-01 1.0000000000e-03
2.8600000000e+02 1.8754157424e-01 1.9025366008e-01 1.8469683826e-01 5.1193488553e-01 4.8806508845e-01 1.0000000000e-03
2.8700000000e+02 1.8953824043e-01 1.9325840473e-01 1.8563905358e-01 5.1174685911e-01 4.8825311483e-01 1.0000000000e-03
2.8800000000e+02 1.8700845540e-01 1.9390048087e-01 1.7976404727e-01 5.1246376608e-01 4.8753620779e-01 1.0000000000e-03
2.8900000000e+02 1.8872189522e-01 1.9497784972e-01 1.8213404715e-01 5.1292030475e-01 4.8707966908e-01 1.0000000000e-03
2.9000000000e+02 1.8759602308e-01 1.9434937835e-01 1.8046846986e-01 5.1347996013e-01 4.8652001365e-01 1.0000000000e-03
2.9100000000e+02 1.8734812737e-01 1.9294297695e-01 1.8143883348e-01 5.1366838133e-01 4.8633159240e-01 1.0000000000e-03
2.9200000000e+02 1.8808251619e-01 1.9128409028e-01 1.8470767140e-01 5.1317608479e-01 4.8682388890e-01 1.0000000000e-03
2.9300000000e+02 1.8662938476e-01 1.8967185915e-01 1.8342836201e-01 5.1269518005e-01 4.8730479360e-01 1.0000000000e-03
2.9400000000e+02 1.8774038553e-01 1.9041109085e-01 1.8493659794e-01 5.1215491693e-01 4.8784505668e-01 1.0000000000e-03
2.9500000000e+02 1.8669003248e-01 1.9115376472e-01 1.8200369179e-01 5.1216545765e-01 4.8783451593e-01 1.0000000000e-03
2.9600000000e+02 1.8696548045e-01 1.9312512875e-01 1.8048633635e-01 5.1264034580e-01 4.8735962775e-01 1.0000000000e-03
2.9700000000e+02 1.8700218201e-01 1.9398753345e-01 1.7963513732e-01 5.1329701717e-01 4.8670295634e-01 1.0000000000e-03
2.9800000000e+02 1.8632207811e-01 1.9226233661e-01 1.8004946411e-01 5.1360745446e-01 4.8639251901e-01 1.0000000000e-03
2.9900000000e+02 1.8695475161e-01 1.9061520696e-01 1.8309497833e-01 5.1325286549e-01 4.8674710796e-01 1.0000000000e-03
3.0000000000e+02 1.8617324531e-01 1.8952035904e-01 1.8264955282e-01 5.1285065141e-01 4.8714932201e-01 1.0000000000e-03
3.0100000000e+02 1.8644794822e-01 1.8908450007e-01 1.8367850780e-01 5.1229070948e-01 4.8770926392e-01 1.0000000000e-03
3.0200000000e+02 1.8630222976e-01 1.8908059597e-01 1.8338927627e-01 5.1182563449e-01 4.8817433888e-01 1.0000000000e-03
3.0300000000e+02 1.8594455719e-01 1.9081370533e-01 1.8083621562e-01 5.1198539333e-01 4.8801458002e-01 1.0000000000e-03
3.0400000000e+02 1.8626254797e-01 1.9257427752e-01 1.7962644994e-01 5.1252621347e-01 4.8747375985e-01 1.0000000000e-03
3.0500000000e+02 1.8577401340e-01 1.9149228930e-01 1.7975397408e-01 5.1285452452e-01 4.8714544878e-01 1.0000000000e-03
3.0600000000e+02 1.8594753742e-01 1.8979182839e-01 1.8190403283e-01 5.1263012576e-01 4.8736984751e-01 1.0000000000e-03
3.0700000000e+02 1.8578451872e-01 1.8876399100e-01 1.8265615404e-01 5.1218933929e-01 4.8781063396e-01 1.0000000000e-03
3.0800000000e+02 1.8556919694e-01 1.8787667155e-01 1.8315204978e-01 5.1160709619e-01 4.8839287705e-01 1.0000000000e-03
3.0900000000e+02 1.8573240936e-01 1.8785731494e-01 1.8351164460e-01 5.1103147320e-01 4.8896850002e-01 1.0000000000e-03
3.1000000000e+02 1.8538632989e-01 1.8946261704e-01 1.8112577498e-01 5.1105313604e-01 4.8894683715e-01 1.0000000000e-03
3.1100000000e+02 1.8545645475e-01 1.9131900370e-01 1.7931623757e-01 5.1156703649e-01 4.8843293669e-01 1.0000000000e-03
3.1200000000e+02 1.8538790941e-01 1.9126363099e-01 1.7922236025e-01 5.1203539569e-01 4.8796457747e-01 1.0000000000e-03
3.1300000000e+02 1.8518643081e-01 1.8995060027e-01 1.8018494546e-01 5.1215105454e-01 4.8784891860e-01 1.0000000000e-03
3.1400000000e+02 1.8525722623e-01 1.8855245411e-01 1.8180206418e-01 5.1184728936e-01 4.8815268377e-01 1.0000000000e-03
3.1500000000e+02 1.8505840003e-01 1.8727712333e-01 1.8273730576e-01 5.1127602399e-01 4.8872394912e-01 1.0000000000e-03
3.1600000000e+02 1.8503233790e-01 1.8731503189e-01 1.8264909089e-01 5.1077901394e-01 4.8922095916e-01 1.0000000000e-03
3.1700000000e+02 1.8497905135e-01 1.8869638443e-01 1.8109868467e-01 5.1072839633e-01 4.8927157676e-01 1.0000000000e-03
3.1800000000e+02 1.8482004106e-01 1.8999572098e-01 1.7940959334e-01 5.1108841607e-01 4.8891155700e-01 1.0000000000e-03
3.1900000000e+02 1.8485975266e-01 1.9042213261e-01 1.7903502285e-01 5.1152063265e-01 4.8847934041e-01 1.0000000000e-03
3.2000000000e+02 1.8472307920e-01 1.8950346112e-01 1.7971371114e-01 5.1169431212e-01 4.8830566092e-01 1.0000000000e-03
3.2100000000e+02 1.8463370204e-01 1.8755346537e-01 1.8157851696e-01 5.1133420366e-01 4.8866576937e-01 1.0000000000e-03
3.2200000000e+02 1.8463084102e-01 1.8616324663e-01 1.8303187191e-01 5.1062486320e-01 4.8937510981e-01 1.0000000000e-03
3.2300000000e+02 1.8448726833e-01 1.8640996516e-01 1.8248532712e-01 5.1009432023e-01 4.8990565278e-01 1.0000000000e-03
3.2400000000e+02 1.8444317579e-01 1.8763305247e-01 1.8112353981e-01 5.0996751683e-01 4.9003245616e-01 1.0000000000e-03
3.2500000000e+02 1.8439427018e-01 1.8890534341e-01 1.7969498038e-01 5.1022013366e-01 4.8977983932e-01 1.0000000000e-03
3.2600000000e+02 1.8429473042e-01 1.8967521191e-01 1.7867918313e-01 5.1069070714e-01 4.8930926583e-01 1.0000000000e-03
3.2700000000e+02 1.8426302075e-01 1.8888381124e-01 1.7943622172e-01 5.1090415956e-01 4.8909581339e-01 1.0000000000e-03
3.2800000000e+02 1.8417543173e-01 1.8679803610e-01 1.8143990636e-01 5.1054127857e-01 4.8945869437e-01 1.0000000000e-03
3.2900000000e+02 1.8410165608e-01 1.8559633195e-01 1.8254658580e-01 5.0990135617e-01 4.9009861677e-01 1.0000000000e-03
3.3000000000e+02 1.8405987322e-01 1.8597617745e-01 1.8206982315e-01 5.0944190750e-01 4.9055806542e-01 1.0000000000e-03
3.3100000000e+02 1.8396405876e-01 1.8708124757e-01 1.8072792888e-01 5.0936138587e-01 4.9063858704e-01 1.0000000000e-03
3.3200000000e+02 1.8391335011e-01 1.8847751617e-01 1.7916879058e-01 5.0969123516e-01 4.9030873774e-01 1.0000000000e-03
3.3300000000e+02 1.8387144804e-01 1.8910931051e-01 1.7841593921e-01 5.1017689074e-01 4.8982308215e-01 1.0000000000e-03
3.3400000000e+02 1.8378326297e-01 1.8790218234e-01 1.7949101329e-01 5.1030390969e-01 4.8969606319e-01 1.0000000000e-03
3.3500000000e+02 1.8373011053e-01 1.8596948683e-01 1.8140031397e-01 5.0989539384e-01 4.9010457903e-01 1.0000000000e-03
3.3600000000e+02 1.8367497623e-01 1.8502485752e-01 1.8227404356e-01 5.0928031840e-01 4.9071965446e-01 1.0000000000e-03
3.3700000000e+02 1.8359515071e-01 1.8541628122e-01 1.8170832098e-01 5.0885728542e-01 4.9114268743e-01 1.0000000000e-03
3.3800000000e+02 1.8354153633e-01 1.8682414293e-01 1.8014021218e-01 5.0888226121e-01 4.9111771163e-01 1.0000000000e-03
3.3900000000e+02 1.8348848820e-01 1.8823659420e-01 1.7856015265e-01 5.0931308050e-01 4.9068689233e-01 1.0000000000e-03
3.4000000000e+02 1.8342621624e-01 1.8824243546e-01 1.7841902375e-01 5.0972134621e-01 4.9027862660e-01 1.0000000000e-03
3.4100000000e+02 1.8337024748e-01 1.8677957356e-01 1.7982606590e-01 5.0969757364e-01 4.9030239917e-01 1.0000000000e-03
3.4200000000e+02 1.8330705166e-01 1.8506230414e-01 1.8148587644e-01 5.0921566723e-01 4.9078430557e-01 1.0000000000e-03
3.4300000000e+02 1.8324775994e-01 1.8430545926e-01 1.8215310574e-01 5.0858776856e-01 4.9141220423e-01 1.0000000000e-03
3.4400000000e+02 1.8319082260e-01 1.8515191972e-01 1.8116372824e-01 5.0827335575e-01 4.9172661703e-01 1.0000000000e-03
3.4500000000e+02 1.8312850595e-01 1.8686303496e-01 1.7926506698e-01 5.0848362938e-01 4.9151634339e-01 1.0000000000e-03
3.4600000000e+02 1.8308052421e-01 1.8776223063e-01 1.7822839320e-01 5.0893773522e-01 4.9106223755e-01 1.0000000000e-03
3.4700000000e+02 1.8302980065e-01 1.8715395033e-01 1.7875117064e-01 5.0919217868e-01 4.9080779408e-01 1.0000000000e-03
3.4800000000e+02 1.8296322227e-01 1.8551860750e-01 1.8031434715e-01 5.0898424859e-01 4.9101572416e-01 1.0000000000e-03
3.4900000000e+02 1.8291041255e-01 1.8395744264e-01 1.8182769418e-01 5.0837694250e-01 4.9162303023e-01 1.0000000000e-03
3.5000000000e+02 1.8285943568e-01 1.8390312791e-01 1.8178255856e-01 5.0782919114e-01 4.9217078159e-01 1.0000000000e-03
3.5100000000e+02 1.8279439211e-01 1.8544378877e-01 1.8006123602e-01 5.0778258784e-01 4.9221738488e-01 1.0000000000e-03
3.5200000000e+02 1.8274635077e-01 1.8695484102e-01 1.7839795351e-01 5.0817537214e-01 4.9182460057e-01 1.0000000000e-03
3.5300000000e+02 1.8270459771e-01 1.8718555570e-01 1.7806671560e-01 5.0860612694e-01 4.9139384576e-01 1.0000000000e-03
3.5400000000e+02 1.8264256418e-01 1.8598736823e-01 1.7917960882e-01 5.0867765620e-01 4.9132231649e-01 1.0000000000e-03
3.5500000000e+02 1.8258780241e-01 1.8411830068e-01 1.8100602925e-01 5.0823608258e-01 4.9176389011e-01 1.0000000000e-03
3.5600000000e+02 1.8254286051e-01 1.8323938549e-01 1.8182481825e-01 5.0760621520e-01 4.9239375748e-01 1.0000000000e-03
3.5700000000e+02 1.8248254061e-01 1.8418470025e-01 1.8072982132e-01 5.0731897424e-01 4.9268099843e-01 1.0000000000e-03
3.5800000000e+02 1.8242985010e-01 1.8588837981e-01 1.7886528373e-01 5.0754979311e-01 4.9245017955e-01 1.0000000000e-03
3.5900000000e+02 1.8239209056e-01 1.8681176007e-01 1.7782822251e-01 5.0802664900e-01 4.9197332365e-01 1.0000000000e-03
3.6000000000e+02 1.8233913183e-01 1.8611685932e-01 1.7843419313e-01 5.0827769879e-01 4.9172227386e-01 1.0000000000e-03
3.6100000000e+02 1.8228265643e-01 1.8424347043e-01 1.8025813997e-01 5.0799660967e-01 4.9200336297e-01 1.0000000000e-03
3.6200000000e+02 1.8223942816e-01 1.8286734819e-01 1.8159274757e-01 5.0737180880e-01 4.9262816382e-01 1.0000000000e-03
3.6300000000e+02 1.8218708038e-01 1.8319176137e-01 1.8115422130e-01 5.0691424265e-01 4.9308572997e-01 1.0000000000e-03
3.6400000000e+02 1.8213231862e-01 1.8481698632e-01 1.7937174439e-01 5.0697040217e-01 4.9302957045e-01 1.0000000000e-03
3.6500000000e+02 1.8209429085e-01 1.8626122177e-01 1.7780156434e-01 5.0743520099e-01 4.9256477161e-01 1.0000000000e-03
3.6600000000e+02 1.8204987049e-01 1.8606922030e-01 1.7790293694e-01 5.0781350752e-01 4.9218646508e-01 1.0000000000e-03
3.6700000000e+02 1.8199470639e-01 1.8433390558e-01 1.7958246171e-01 5.0768497623e-01 4.9231499636e-01 1.0000000000e-03
3.6800000000e+02 1.8195122480e-01 1.8268522620e-01 1.8119601905e-01 5.0712110541e-01 4.9287886717e-01 1.0000000000e-03
3.6900000000e+02 1.8190553784e-01 1.8251036108e-01 1.8128457665e-01 5.0657746538e-01 4.9342250720e-01 1.0000000000e-03
3.7000000000e+02 1.8185162544e-01 1.8394492567e-01 1.7970316112e-01 5.0650294127e-01 4.9349703129e-01 1.0000000000e-03
3.7100000000e+02 1.8181303144e-01 1.8567346036e-01 1.7784412205e-01 5.0692953152e-01 4.9307044104e-01 1.0000000000e-03
3.7200000000e+02 1.8177470565e-01 1.8586839736e-01 1.7755840719e-01 5.0737985947e-01 4.9262011308e-01 1.0000000000e-03
3.7300000000e+02 1.8172168732e-01 1.8430818617e-01 1.7905788124e-01 5.0736432607e-01 4.9263564648e-01 1.0000000000e-03
3.7400000000e+02 1.8167889118e-01 1.8248903751e-01 1.8084625900e-01 5.0685396129e-01 4.9314601124e-01 1.0000000000e-03
3.7500000000e+02 1.8163822591e-01 1.8198093772e-01 1.8128682673e-01 5.0626410089e-01 4.9373587164e-01 1.0000000000e-03
3.7600000000e+02 1.8158528209e-01 1.8327923119e-01 1.7984943092e-01 5.0610994630e-01 4.9389002622e-01 1.0000000000e-03
3.7700000000e+02 1.8154737353e-01 1.8512891233e-01 1.7787152529e-01 5.0649858915e-01 4.9350138337e-01 1.0000000000e-03
3.7800000000e+02 1.8151384592e-01 1.8557411432e-01 1.7733855546e-01 5.0698337630e-01 4.9301659621e-01 1.0000000000e-03
3.7900000000e+02 1.8146240711e-01 1.8415445089e-01 1.7869351804e-01 5.0703754704e-01 4.9296242546e-01 1.0000000000e-03
3.8000000000e+02 1.8142110109e-01 1.8220561743e-01 1.8061573803e-01 5.0655289043e-01 4.9344708207e-01 1.0000000000e-03
3.8100000000e+02 1.8138453364e-01 1.8153789639e-01 1.8122749031e-01 5.0594038332e-01 4.9405958917e-01 1.0000000000e-03
3.8200000000e+02 1.8133315444e-01 1.8279841542e-01 1.7983376980e-01 5.0575511118e-01 4.9424486130e-01 1.0000000000e-03
3.8300000000e+02 1.8129652739e-01 1.8468062580e-01 1.7782852054e-01 5.0612469278e-01 4.9387527970e-01 1.0000000000e-03
3.8400000000e+02 1.8126592040e-01 1.8523915112e-01 1.7718601227e-01 5.0662322922e-01 4.9337674325e-01 1.0000000000e-03
3.8500000000e+02 1.8121668696e-01 1.8384002149e-01 1.7852215469e-01 5.0669468276e-01 4.9330528971e-01 1.0000000000e-03
3.8600000000e+02 1.8117767572e-01 1.8180690706e-01 1.8053267896e-01 5.0620104651e-01 4.9379892595e-01 1.0000000000e-03
3.8700000000e+02 1.8114307523e-01 1.8116769195e-01 1.8111790717e-01 5.0558781140e-01 4.9441216105e-01 1.0000000000e-03
3.8800000000e+02 1.8109396100e-01 1.8249696493e-01 1.7966021597e-01 5.0542067497e-01 4.9457929747e-01 1.0000000000e-03
3.8900000000e+02 1.8106049299e-01 1.8440695107e-01 1.7763528228e-01 5.0581381033e-01 4.9418616211e-01 1.0000000000e-03
3.9000000000e+02 1.8103089929e-01 1.8492302299e-01 1.7703910172e-01 5.0632148123e-01 4.9367849120e-01 1.0000000000e-03
3.9100000000e+02 1.8098330498e-01 1.8338361382e-01 1.7852112651e-01 5.0636112276e-01 4.9363884966e-01 1.0000000000e-03
3.9200000000e+02 1.8094792962e-01 1.8133977056e-01 1.8054683506e-01 5.0583456489e-01 4.9416540753e-01 1.0000000000e-03
3.9300000000e+02 1.8091425300e-01 1.8087272346e-01 1.8095667660e-01 5.0523950582e-01 4.9476046660e-01 1.0000000000e-03
3.9400000000e+02 1.8086707592e-01 1.8237118423e-01 1.7933174968e-01 5.0513571004e-01 4.9486426237e-01 1.0000000000e-03
3.9500000000e+02 1.8083775043e-01 1.8428477645e-01 1.7731283605e-01 5.0558618442e-01 4.9441378798e-01 1.0000000000e-03
3.9600000000e+02 1.8080815673e-01 1.8453319371e-01 1.7699155211e-01 5.0607059712e-01 4.9392937527e-01 1.0000000000e-03
3.9700000000e+02 1.8076190352e-01 1.8274687231e-01 1.7872856557e-01 5.0601935617e-01 4.9398061622e-01 1.0000000000e-03
3.9800000000e+02 1.8073105812e-01 1.8078963459e-01 1.8067118526e-01 5.0543380398e-01 4.9456616840e-01 1.0000000000e-03
3.9900000000e+02 1.8069675565e-01 1.8065388501e-01 1.8074049056e-01 5.0487844006e-01 4.9512153232e-01 1.0000000000e-03
4.0000000000e+02 1.8065205216e-01 1.8245039880e-01 1.7881818116e-01 5.0489329789e-01 4.9510667449e-01 1.0000000000e-03
4.0100000000e+02 1.8062822521e-01 1.8424145877e-01 1.7693586648e-01 5.0541532479e-01 4.9458464758e-01 1.0000000000e-03
4.0200000000e+02 1.8059597909e-01 1.8401621282e-01 1.7709502578e-01 5.0583210877e-01 4.9416786359e-01 1.0000000000e-03
4.0300000000e+02 1.8055215478e-01 1.8195909262e-01 1.7911310494e-01 5.0564299880e-01 4.9435697356e-01 1.0000000000e-03
4.0400000000e+02 1.8052658439e-01 1.8022230268e-01 1.8083702028e-01 5.0499357058e-01 4.9500640177e-01 1.0000000000e-03
4.0500000000e+02 1.8048912287e-01 1.8064473569e-01 1.8033066392e-01 5.0453771535e-01 4.9546225700e-01 1.0000000000e-03
4.0600000000e+02 1.8044975400e-01 1.8274241686e-01 1.7811332643e-01 5.0472534697e-01 4.9527462536e-01 1.0000000000e-03
4.0700000000e+02 1.8043044209e-01 1.8417285383e-01 1.7660781741e-01 5.0530123682e-01 4.9469873551e-01 1.0000000000e-03
4.0800000000e+02 1.8039283156e-01 1.8330860138e-01 1.7741115391e-01 5.0558856730e-01 4.9441140503e-01 1.0000000000e-03
4.0900000000e+02 1.8035539985e-01 1.8101683259e-01 1.7968001962e-01 5.0521501894e-01 4.9478495338e-01 1.0000000000e-03
4.1000000000e+02 1.8033242226e-01 1.7977960408e-01 1.8089537323e-01 5.0453883774e-01 4.9546113458e-01 1.0000000000e-03
4.1100000000e+02 1.8029078841e-01 1.8093235791e-01 1.7963817716e-01 5.0426441549e-01 4.9573555683e-01 1.0000000000e-03
4.1200000000e+02 1.8026116490e-01 1.8315851688e-01 1.7730942369e-01 5.0464929200e-01 4.9535068031e-01 1.0000000000e-03
4.1300000000e+02 1.8024125695e-01 1.8393850327e-01 1.7646595836e-01 5.0522105012e-01 4.9477892218e-01 1.0000000000e-03
4.1400000000e+02 1.8019929528e-01 1.8230533600e-01 1.7804822326e-01 5.0528962924e-01 4.9471034305e-01 1.0000000000e-03
4.1500000000e+02 1.8017190695e-01 1.8004144728e-01 1.8030484021e-01 5.0472411774e-01 4.9527585455e-01 1.0000000000e-03
4.1600000000e+02 1.8014530838e-01 1.7964981496e-01 1.8064904213e-01 5.0411303814e-01 4.9588693414e-01 1.0000000000e-03
4.1700000000e+02 1.8010374904e-01 1.8153332174e-01 1.7865052819e-01 5.0410191655e-01 4.9589805573e-01 1.0000000000e-03
4.1800000000e+02 1.8008527160e-01 1.8354734778e-01 1.7655804753e-01 5.0466217551e-01 4.9533779676e-01 1.0000000000e-03
4.1900000000e+02 1.8005749583e-01 1.8330740929e-01 1.7674052715e-01 5.0510790208e-01 4.9489207019e-01 1.0000000000e-03
4.2000000000e+02 1.8001791835e-01 1.8102699518e-01 1.7898894846e-01 5.0488015998e-01 4.9511981228e-01 1.0000000000e-03
4.2100000000e+02 1.7999911308e-01 1.7926810682e-01 1.8074245751e-01 5.0418737768e-01 4.9581259458e-01 1.0000000000e-03
4.2200000000e+02 1.7996354401e-01 1.8000033498e-01 1.7992620170e-01 5.0377893691e-01 4.9622103534e-01 1.0000000000e-03
4.2300000000e+02 1.7993143201e-01 1.8238034844e-01 1.7744217813e-01 5.0408723708e-01 4.9591273517e-01 1.0000000000e-03
4.2400000000e+02 1.7991745472e-01 1.8359699845e-01 1.7616790533e-01 5.0471100471e-01 4.9528896754e-01 1.0000000000e-03
4.2500000000e+02 1.7987892032e-01 1.8216121197e-01 1.7755167186e-01 5.0488062774e-01 4.9511934450e-01 1.0000000000e-03
4.2600000000e+02 1.7985184491e-01 1.7969048023e-01 1.8001604080e-01 5.0434730994e-01 4.9565266230e-01 1.0000000000e-03
4.2700000000e+02 1.7983093858e-01 1.7902259529e-01 1.8065129220e-01 5.0368616456e-01 4.9631380768e-01 1.0000000000e-03
4.2800000000e+02 1.7979049683e-01 1.8091572821e-01 1.7864881456e-01 5.0363277712e-01 4.9636719511e-01 1.0000000000e-03
4.2900000000e+02 1.7977458239e-01 1.8312956393e-01 1.7636261880e-01 5.0421067912e-01 4.9578929311e-01 1.0000000000e-03
4.3000000000e+02 1.7975032330e-01 1.8297901750e-01 1.7646041512e-01 5.0469638320e-01 4.9530358902e-01 1.0000000000e-03
4.3100000000e+02 1.7971231043e-01 1.8056477606e-01 1.7884448171e-01 5.0446606597e-01 4.9553390625e-01 1.0000000000e-03
4.3200000000e+02 1.7969748378e-01 1.7871907353e-01 1.8069066107e-01 5.0374517666e-01 4.9625479555e-01 1.0000000000e-03
4.3300000000e+02 1.7966322601e-01 1.7958642542e-01 1.7974106967e-01 5.0334913904e-01 4.9665083317e-01 1.0000000000e-03
4.3400000000e+02 1.7963485420e-01 1.8213240802e-01 1.7709991336e-01 5.0371467499e-01 4.9628529721e-01 1.0000000000e-03
4.3500000000e+02 1.7962354422e-01 1.8326324224e-01 1.7591974139e-01 5.0436545673e-01 4.9563451547e-01 1.0000000000e-03
4.3600000000e+02 1.7958503962e-01 1.8152409792e-01 1.7761100829e-01 5.0447370318e-01 4.9552626902e-01 1.0000000000e-03
4.3700000000e+02 1.7956392467e-01 1.7897698283e-01 1.8016003072e-01 5.0386162443e-01 4.9613834776e-01 1.0000000000e-03
4.3800000000e+02 1.7954294384e-01 1.7864555120e-01 1.8045198917e-01 5.0322393591e-01 4.9677603628e-01 1.0000000000e-03
4.3900000000e+02 1.7950493097e-01 1.8091990054e-01 1.7807120085e-01 5.0329830558e-01 4.9670166660e-01 1.0000000000e-03
4.4000000000e+02 1.7949558794e-01 1.8302130699e-01 1.7591361701e-01 5.0395858205e-01 4.9604139013e-01 1.0000000000e-03
4.4100000000e+02 1.7946730554e-01 1.8230047822e-01 1.7658430338e-01 5.0435910265e-01 4.9564086953e-01 1.0000000000e-03
4.4200000000e+02 1.7943546176e-01 1.7957726121e-01 1.7929141223e-01 5.0396301739e-01 4.9603695478e-01 1.0000000000e-03
4.4300000000e+02 1.7942395806e-01 1.7815665901e-01 1.8070766330e-01 5.0321128687e-01 4.9678868530e-01 1.0000000000e-03
4.4400000000e+02 1.7938615382e-01 1.7974787951e-01 1.7902007699e-01 5.0299158760e-01 4.9700838457e-01 1.0000000000e-03
4.4500000000e+02 1.7936906219e-01 1.8239584565e-01 1.7629909515e-01 5.0354227917e-01 4.9645769298e-01 1.0000000000e-03
4.4600000000e+02 1.7935399711e-01 1.8276174366e-01 1.7588926852e-01 5.0414615046e-01 4.9585382170e-01 1.0000000000e-03
4.4700000000e+02 1.7931564152e-01 1.8030548096e-01 1.7830979824e-01 5.0400978243e-01 4.9599018972e-01 1.0000000000e-03
4.4800000000e+02 1.7930513620e-01 1.7805658281e-01 1.8057009578e-01 5.0325836694e-01 4.9674160520e-01 1.0000000000e-03
4.4900000000e+02 1.7927554250e-01 1.7876952887e-01 1.7978723347e-01 5.0279061205e-01 4.9720936009e-01 1.0000000000e-03
4.5000000000e+02 1.7924782634e-01 1.8156196177e-01 1.7690423131e-01 5.0316122443e-01 4.9683874771e-01 1.0000000000e-03
4.5100000000e+02 1.7924202979e-01 1.8289397657e-01 1.7553310096e-01 5.0387193086e-01 4.9612804128e-01 1.0000000000e-03
4.5200000000e+02 1.7920444906e-01 1.8099956214e-01 1.7738047242e-01 5.0398965982e-01 4.9601031231e-01 1.0000000000e-03
4.5300000000e+02 1.7918834090e-01 1.7822477221e-01 1.8016482890e-01 5.0332002937e-01 4.9667994276e-01 1.0000000000e-03
4.5400000000e+02 1.7916950583e-01 1.7804327607e-01 1.8030785024e-01 5.0267205364e-01 4.9732791848e-01 1.0000000000e-03
4.5500000000e+02 1.7913396657e-01 1.8066602945e-01 1.7758445442e-01 5.0283493352e-01 4.9716503860e-01 1.0000000000e-03
4.5600000000e+02 1.7913100123e-01 1.8276642263e-01 1.7544321716e-01 5.0357363422e-01 4.9642633789e-01 1.0000000000e-03
4.5700000000e+02 1.7910002172e-01 1.8156085908e-01 1.7660042644e-01 5.0390875526e-01 4.9609121685e-01 1.0000000000e-03
4.5800000000e+02 1.7907570302e-01 1.7855244875e-01 1.7960608006e-01 5.0337078827e-01 4.9662918384e-01 1.0000000000e-03
4.5900000000e+02 1.7906606197e-01 1.7754602432e-01 1.8060205877e-01 5.0260706408e-01 4.9739290803e-01 1.0000000000e-03
4.6000000000e+02 1.7902740836e-01 1.7982530594e-01 1.7822130024e-01 5.0257035025e-01 4.9742962185e-01 1.0000000000e-03
4.6100000000e+02 1.7902207375e-01 1.8245226145e-01 1.7554661632e-01 5.0327779240e-01 4.9672217970e-01 1.0000000000e-03
4.6200000000e+02 1.7900007963e-01 1.8197591603e-01 1.7597880960e-01 5.0378770238e-01 4.9621226972e-01 1.0000000000e-03
4.6300000000e+02 1.7896875739e-01 1.7891779542e-01 1.7902041972e-01 5.0339459527e-01 4.9660537682e-01 1.0000000000e-03
4.6400000000e+02 1.7896434665e-01 1.7725366354e-01 1.8069273233e-01 5.0257474556e-01 4.9742522653e-01 1.0000000000e-03
4.6500000000e+02 1.7892746627e-01 1.7906175554e-01 1.7879191041e-01 5.0235497288e-01 4.9764499920e-01 1.0000000000e-03
4.6600000000e+02 1.7891654372e-01 1.8207752705e-01 1.7571727931e-01 5.0300828636e-01 4.9699168572e-01 1.0000000000e-03
4.6700000000e+02 1.7890426517e-01 1.8220080435e-01 1.7555943131e-01 5.0363564401e-01 4.9636432807e-01 1.0000000000e-03
4.6800000000e+02 1.7886762321e-01 1.7932184041e-01 1.7840719223e-01 5.0339991913e-01 4.9660005295e-01 1.0000000000e-03
4.6900000000e+02 1.7886796594e-01 1.7701394856e-01 1.8074089289e-01 5.0253904618e-01 4.9746092589e-01 1.0000000000e-03
4.7000000000e+02 1.7883521318e-01 1.7852687836e-01 1.7914628983e-01 5.0219855114e-01 4.9780142093e-01 1.0000000000e-03
4.7100000000e+02 1.7882558703e-01 1.8153543770e-01 1.7608587444e-01 5.0274061274e-01 4.9725935933e-01 1.0000000000e-03
4.7200000000e+02 1.7882737517e-01 1.8253459036e-01 1.7506773770e-01 5.0351056626e-01 4.9648940580e-01 1.0000000000e-03
4.7300000000e+02 1.7881575227e-01 1.7938174307e-01 1.7824222147e-01 5.0331882664e-01 4.9668114542e-01 1.0000000000e-03
4.7400000000e+02 1.7885692418e-01 1.7735078931e-01 1.8037860096e-01 5.0256374398e-01 4.9743622808e-01 1.0000000000e-03
4.7500000000e+02 1.7895278335e-01 1.7755778134e-01 1.8035852909e-01 5.0191611084e-01 4.9808386122e-01 1.0000000000e-03
4.7600000000e+02 1.7918018997e-01 1.8227727711e-01 1.7605079710e-01 5.0259332225e-01 4.9740664981e-01 1.0000000000e-03
4.7700000000e+02 1.7980012298e-01 1.8191868067e-01 1.7765662074e-01 5.0292664055e-01 4.9707333153e-01 1.0000000000e-03
4.7800000000e+02 1.8111489713e-01 1.8300114572e-01 1.7920468748e-01 5.0315804980e-01 4.9684192231e-01 1.0000000000e-03
4.7900000000e+02 1.8409308791e-01 1.7762702703e-01 1.9058720767e-01 5.0108237392e-01 4.9891759826e-01 1.0000000000e-03
4.8000000000e+02 1.8892864883e-01 1.8671682477e-01 1.9114391506e-01 5.0038832545e-01 4.9961164687e-01 1.0000000000e-03
4.8100000000e+02 1.7908480763e-01 1.8123778701e-01 1.7692363262e-01 5.0095175546e-01 4.9904821683e-01 1.0000000000e-03
4.8200000000e+02 1.8115955591e-01 1.8298541009e-01 1.7932374775e-01 5.0136190143e-01 4.9863807087e-01 1.0000000000e-03
4.8300000000e+02 1.9206649065e-01 1.9256606698e-01 1.9156420231e-01 5.0135611687e-01 4.9864385560e-01 1.0000000000e-03
4.8400000000e+02 1.7863482237e-01 1.7996467650e-01 1.7729644477e-01 5.0159393256e-01 4.9840603986e-01 1.0000000000e-03
4.8500000000e+02 1.8716098368e-01 1.7968796194e-01 1.9461731613e-01 4.9944026289e-01 5.0055970962e-01 1.0000000000e-03
4.8600000000e+02 1.8926219642e-01 1.8897232413e-01 1.8955139816e-01 4.9941974416e-01 5.0058022845e-01 1.0000000000e-03
4.8700000000e+02 1.7872115970e-01 1.8405811489e-01 1.7336337268e-01 5.0097386501e-01 4.9902610755e-01 1.0000000000e-03
4.8800000000e+02 1.9236452878e-01 1.8579216301e-01 1.9891513884e-01 4.9917089801e-01 5.0082907470e-01 1.0000000000e-03
4.8900000000e+02 1.7954429984e-01 1.8319101632e-01 1.7589366436e-01 5.0026991139e-01 4.9973006126e-01 1.0000000000e-03
4.9000000000e+02 1.8104371428e-01 1.8504886329e-01 1.7701682448e-01 5.0135211519e-01 4.9864785743e-01 1.0000000000e-03
4.9100000000e+02 1.9135484099e-01 1.8108937144e-01 2.0156064630e-01 4.9854196791e-01 5.0145800483e-01 1.0000000000e-03
4.9200000000e+02 1.7852833867e-01 1.7879199982e-01 1.7826597393e-01 4.9876143085e-01 5.0123854182e-01 1.0000000000e-03
4.9300000000e+02 1.8793171644e-01 1.9340492785e-01 1.8245102465e-01 5.0034248072e-01 4.9965749202e-01 1.0000000000e-03
4.9400000000e+02 1.8373766541e-01 1.8525002897e-01 1.8222095072e-01 5.0072038331e-01 4.9927958944e-01 1.0000000000e-03
4.9500000000e+02 1.7952835560e-01 1.8011869490e-01 1.7893609405e-01 5.0081302609e-01 4.9918694660e-01 1.0000000000e-03
4.9600000000e+02 1.7908652127e-01 1.8311345577e-01 1.7502951622e-01 5.0186031317e-01 4.9813965945e-01 1.0000000000e-03
4.9700000000e+02 1.8181988597e-01 1.7823395133e-01 1.8541568518e-01 5.0068682815e-01 4.9931314447e-01 1.0000000000e-03
4.9800000000e+02 1.8343262374e-01 1.8126659095e-01 1.8559889495e-01 5.0002769542e-01 4.9997227721e-01 1.0000000000e-03
4.9900000000e+02 1.8107652664e-01 1.8546058238e-01 1.7667070031e-01 5.0123855644e-01 4.9876141617e-01 1.0000000000e-03
5.0000000000e+02 1.7851921916e-01 1.8382151425e-01 1.7316134274e-01 5.0260779227e-01 4.9739218027e-01 1.0000000000e-03
