# time_s Ids_A Vds_V Vgs_V
2.8300000565e-08 1.0500000000e+01 7.8000000000e+02 6.9200000763e+00
4.0199999773e-08 2.1500000000e+01 7.7200000000e+02 8.3299999237e+00
4.9800000568e-08 2.9200000763e+01 7.6700000000e+02 8.9799995422e+00
5.9400001362e-08 4.2000000000e+01 7.6200000000e+02 9.5699996948e+00
6.9000002156e-08 5.4000000000e+01 7.6000000000e+02 1.0300000191e+01
7.8600002951e-08 6.6800003052e+01 7.5900000000e+02 1.0800000191e+01
8.8199996640e-08 7.8900001526e+01 7.6300000000e+02 1.1300000191e+01
9.7799997434e-08 9.3300003052e+01 7.6600000000e+02 1.1699999809e+01
1.0699999820e-07 1.0300000000e+02 7.6600000000e+02 1.2100000381e+01
1.1699999902e-07 1.1500000000e+02 7.7000000000e+02 1.2300000191e+01
1.2700000696e-07 1.2700000000e+02 7.7300000000e+02 1.2500000000e+01
1.3599999704e-07 1.3700000000e+02 7.6900000000e+02 1.2699999809e+01
1.4600000497e-07 1.4700000000e+02 7.6900000000e+02 1.2800000191e+01
1.5499999506e-07 1.5500000000e+02 7.7000000000e+02 1.2800000191e+01
1.6500000299e-07 1.6300000000e+02 7.7100000000e+02 1.3000000000e+01
1.7499999672e-07 1.7100000000e+02 7.7200000000e+02 1.3100000381e+01
1.8400000101e-07 1.8000000000e+02 7.7500000000e+02 1.3300000191e+01
1.9399999474e-07 1.8900000000e+02 7.7600000000e+02 1.3500000000e+01
2.0299999903e-07 1.9700000000e+02 7.7600000000e+02 1.3500000000e+01
2.1300000697e-07 2.0300000000e+02 7.7700000000e+02 1.3600000381e+01
2.2300000069e-07 2.1000000000e+02 7.7700000000e+02 1.3699999809e+01
2.3200000498e-07 2.1500000000e+02 7.7800000000e+02 1.3600000381e+01
2.4199999871e-07 2.2300000000e+02 7.7900000000e+02 1.3600000381e+01
2.5099998879e-07 2.2800000000e+02 7.7600000000e+02 1.3699999809e+01
2.6099999673e-07 2.3300000000e+02 7.7900000000e+02 1.3800000191e+01
2.7100000466e-07 2.4200000000e+02 7.8100000000e+02 1.3800000191e+01
2.7999999475e-07 2.4400000000e+02 7.8100000000e+02 1.3800000191e+01
2.9000000268e-07 2.4800000000e+02 7.8100000000e+02 1.4000000000e+01
2.9899999276e-07 2.5500000000e+02 7.8400000000e+02 1.3899999619e+01
3.0900000070e-07 2.6100000000e+02 7.8200000000e+02 1.3899999619e+01
3.1900000863e-07 2.6300000000e+02 7.8200000000e+02 1.3899999619e+01
3.2799999872e-07 2.7100000000e+02 7.8000000000e+02 1.4000000000e+01
3.3800000665e-07 2.7300000000e+02 7.8200000000e+02 1.3899999619e+01
3.4699999674e-07 2.7900000000e+02 7.8100000000e+02 1.4100000381e+01
3.5700000467e-07 2.8400000000e+02 7.8500000000e+02 1.4100000381e+01
3.6700001260e-07 2.8700000000e+02 7.8400000000e+02 1.4199999809e+01
3.7600000269e-07 2.9000000000e+02 7.8400000000e+02 1.4100000381e+01
3.8600001062e-07 2.9300000000e+02 7.8300000000e+02 1.4100000381e+01
3.9500000071e-07 2.9800000000e+02 7.8300000000e+02 1.4199999809e+01
4.0500000864e-07 3.0400000000e+02 7.8200000000e+02 1.4000000000e+01
4.1499998815e-07 3.0700000000e+02 7.8400000000e+02 1.4100000381e+01
4.2400000666e-07 3.0900000000e+02 7.8400000000e+02 1.4100000381e+01
4.3399998617e-07 3.1300000000e+02 7.8500000000e+02 1.4100000381e+01
4.4300000468e-07 3.1600000000e+02 7.8700000000e+02 1.4199999809e+01
4.5300001261e-07 3.1900000000e+02 7.8700000000e+02 1.4000000000e+01
4.6299999212e-07 3.2300000000e+02 7.8400000000e+02 1.4199999809e+01
4.7200001063e-07 3.2400000000e+02 7.8600000000e+02 1.4100000381e+01
4.8200001856e-07 3.2800000000e+02 7.8700000000e+02 1.4100000381e+01
4.9099998023e-07 3.3100000000e+02 7.8500000000e+02 1.4100000381e+01
5.0099998816e-07 3.3400000000e+02 7.8600000000e+02 1.4199999809e+01
5.1099999610e-07 3.3500000000e+02 7.8800000000e+02 1.4100000381e+01
5.2000001460e-07 3.3800000000e+02 7.8600000000e+02 1.4199999809e+01
5.3000002254e-07 3.3900000000e+02 7.8800000000e+02 1.4199999809e+01
5.3899998420e-07 3.4300000000e+02 7.8700000000e+02 1.4199999809e+01
5.4899999213e-07 3.4500000000e+02 7.8800000000e+02 1.4199999809e+01
5.5900000007e-07 3.4700000000e+02 7.8700000000e+02 1.4199999809e+01
5.6800001857e-07 3.4900000000e+02 7.8800000000e+02 1.4100000381e+01
5.7800002651e-07 3.5000000000e+02 7.9000000000e+02 1.4199999809e+01
5.8699998817e-07 3.5500000000e+02 7.8900000000e+02 1.4199999809e+01
5.9699999611e-07 3.5500000000e+02 7.9100000000e+02 1.4199999809e+01
6.0700000404e-07 3.5500000000e+02 7.9000000000e+02 1.4100000381e+01
6.1600002255e-07 3.5700000000e+02 7.8800000000e+02 1.4199999809e+01
6.2599997364e-07 3.6100000000e+02 7.8900000000e+02 1.4199999809e+01
6.3499999214e-07 3.6400000000e+02 7.9100000000e+02 1.4100000381e+01
6.4500000008e-07 3.6300000000e+02 7.8900000000e+02 1.4399999619e+01
6.5500000801e-07 3.6400000000e+02 7.8800000000e+02 1.4300000191e+01
6.6400002652e-07 3.6700000000e+02 7.9100000000e+02 1.4199999809e+01
6.7399997761e-07 3.6600000000e+02 7.9000000000e+02 1.4199999809e+01
6.8299999612e-07 3.6600000000e+02 7.9200000000e+02 1.4199999809e+01
6.9300000405e-07 3.6800000000e+02 7.9000000000e+02 1.4199999809e+01
7.0300001198e-07 3.6900000000e+02 7.9000000000e+02 1.4199999809e+01
7.1199997365e-07 3.7300000000e+02 7.9000000000e+02 1.4300000191e+01
7.2199998158e-07 3.7300000000e+02 7.9300000000e+02 1.4199999809e+01
7.3100000009e-07 3.7200000000e+02 7.9200000000e+02 1.4199999809e+01
7.4100000802e-07 3.7400000000e+02 7.9100000000e+02 1.4199999809e+01
7.5100001595e-07 3.7600000000e+02 7.9300000000e+02 1.4399999619e+01
7.5999997762e-07 3.7600000000e+02 7.9200000000e+02 1.4300000191e+01
7.6999998555e-07 3.7700000000e+02 7.9200000000e+02 1.4199999809e+01
7.7900000406e-07 3.7500000000e+02 7.9300000000e+02 1.4300000191e+01
7.8900001199e-07 3.7600000000e+02 7.9200000000e+02 1.4199999809e+01
7.9900001992e-07 3.7900000000e+02 7.9300000000e+02 1.4100000381e+01
8.0799998159e-07 3.7800000000e+02 7.9200000000e+02 1.4300000191e+01
8.1799998952e-07 3.8000000000e+02 7.9300000000e+02 1.4199999809e+01
8.2700000803e-07 3.7800000000e+02 7.9100000000e+02 1.4300000191e+01
8.3700001596e-07 3.8000000000e+02 7.9300000000e+02 1.4100000381e+01
8.4700002390e-07 3.7800000000e+02 7.9200000000e+02 1.4199999809e+01
8.5599998556e-07 3.7900000000e+02 7.9300000000e+02 1.4199999809e+01
8.6599999349e-07 3.8000000000e+02 7.9200000000e+02 1.4199999809e+01
8.7500001200e-07 3.8200000000e+02 7.9100000000e+02 1.4300000191e+01
8.8500001993e-07 3.8000000000e+02 7.9300000000e+02 1.4300000191e+01
8.9500002787e-07 3.7800000000e+02 7.9300000000e+02 1.4300000191e+01
9.0399998953e-07 3.8000000000e+02 7.9600000000e+02 1.4300000191e+01
9.1399999746e-07 3.8200000000e+02 7.9500000000e+02 1.4399999619e+01
9.2300001597e-07 3.8100000000e+02 7.9300000000e+02 1.4399999619e+01
9.3300002391e-07 3.8000000000e+02 7.9400000000e+02 1.4300000191e+01
9.4299997500e-07 3.7900000000e+02 7.9300000000e+02 1.4300000191e+01
9.5199999350e-07 3.8000000000e+02 7.9200000000e+02 1.4399999619e+01
9.6199994459e-07 3.8000000000e+02 7.9300000000e+02 1.4300000191e+01
9.7099996310e-07 3.7900000000e+02 7.9400000000e+02 1.4300000191e+01
9.8099997103e-07 3.7900000000e+02 7.9300000000e+02 1.4300000191e+01
9.9099997897e-07 3.7900000000e+02 7.9400000000e+02 1.4300000191e+01
9.9999999748e-07 3.7900000000e+02 7.9300000000e+02 1.4300000191e+01
1.0100000054e-06 3.7900000000e+02 7.9700000000e+02 1.4399999619e+01
1.0200000133e-06 3.7800000000e+02 7.9500000000e+02 1.4300000191e+01
1.0300000213e-06 3.7700000000e+02 7.9300000000e+02 1.4199999809e+01
1.0400000292e-06 3.7800000000e+02 7.9300000000e+02 1.4300000191e+01
1.0500000371e-06 3.7800000000e+02 7.9400000000e+02 1.4300000191e+01
1.0600000451e-06 3.7900000000e+02 7.9400000000e+02 1.4300000191e+01
1.0700000530e-06 3.7800000000e+02 7.9600000000e+02 1.4399999619e+01
1.0799999473e-06 3.7500000000e+02 7.9400000000e+02 1.4399999619e+01
1.0899999552e-06 3.7500000000e+02 7.9600000000e+02 1.4300000191e+01
1.0999999631e-06 3.7600000000e+02 7.9300000000e+02 1.4399999619e+01
1.1099999710e-06 3.7500000000e+02 7.9300000000e+02 1.4399999619e+01
1.1199999790e-06 3.7400000000e+02 7.9600000000e+02 1.4300000191e+01
1.1199999790e-06 3.7300000000e+02 7.9500000000e+02 1.4300000191e+01
1.1299999869e-06 3.7500000000e+02 7.9500000000e+02 1.4300000191e+01
1.1399999948e-06 3.7200000000e+02 7.9500000000e+02 1.4300000191e+01
1.1500000028e-06 3.7200000000e+02 7.9600000000e+02 1.4399999619e+01
1.1600000107e-06 3.7000000000e+02 7.9700000000e+02 1.4399999619e+01
1.1700000186e-06 3.7100000000e+02 7.9100000000e+02 1.4300000191e+01
1.1800000266e-06 3.6900000000e+02 7.9500000000e+02 1.4300000191e+01
1.1900000345e-06 3.6800000000e+02 7.9700000000e+02 1.4399999619e+01
1.2000000424e-06 3.6900000000e+02 7.9500000000e+02 1.4500000000e+01
1.2100000504e-06 3.6800000000e+02 7.9500000000e+02 1.4300000191e+01
1.2199999446e-06 3.6800000000e+02 7.9400000000e+02 1.4300000191e+01
1.2299999526e-06 3.6700000000e+02 7.9500000000e+02 1.4399999619e+01
1.2399999605e-06 3.6500000000e+02 7.9600000000e+02 1.4300000191e+01
1.2499999684e-06 3.6300000000e+02 7.9300000000e+02 1.4399999619e+01
1.2599999764e-06 3.6600000000e+02 7.9200000000e+02 1.4399999619e+01
1.2699999843e-06 3.6600000000e+02 7.9600000000e+02 1.4399999619e+01
1.2799999922e-06 3.6300000000e+02 7.9300000000e+02 1.4399999619e+01
1.2900000002e-06 3.6300000000e+02 7.9500000000e+02 1.4399999619e+01
1.3000000081e-06 3.6100000000e+02 7.9400000000e+02 1.4399999619e+01
1.3100000160e-06 3.6000000000e+02 7.9600000000e+02 1.4199999809e+01
1.3200000240e-06 3.5900000000e+02 7.9600000000e+02 1.4300000191e+01
1.3300000319e-06 3.5900000000e+02 7.9500000000e+02 1.4500000000e+01
1.3400000398e-06 3.5900000000e+02 7.9600000000e+02 1.4300000191e+01
1.3500000478e-06 3.5800000000e+02 7.9400000000e+02 1.4300000191e+01
1.3600000557e-06 3.5700000000e+02 7.9500000000e+02 1.4399999619e+01
1.3600000557e-06 3.5600000000e+02 7.9500000000e+02 1.4300000191e+01
1.3699999499e-06 3.5600000000e+02 7.9500000000e+02 1.4399999619e+01
1.3799999579e-06 3.5600000000e+02 7.9500000000e+02 1.4300000191e+01
1.3899999658e-06 3.5500000000e+02 7.9600000000e+02 1.4500000000e+01
1.3999999737e-06 3.5500000000e+02 7.9400000000e+02 1.4399999619e+01
1.4099999817e-06 3.5200000000e+02 7.9700000000e+02 1.4399999619e+01
1.4199999896e-06 3.5200000000e+02 7.9600000000e+02 1.4500000000e+01
1.4299999975e-06 3.5100000000e+02 7.9600000000e+02 1.4399999619e+01
1.4400000055e-06 3.5100000000e+02 7.9400000000e+02 1.4300000191e+01
1.4500000134e-06 3.4900000000e+02 7.9600000000e+02 1.4300000191e+01
1.4600000213e-06 3.5000000000e+02 7.9600000000e+02 1.4399999619e+01
1.4700000293e-06 3.4900000000e+02 7.9600000000e+02 1.4500000000e+01
1.4800000372e-06 3.4800000000e+02 7.9500000000e+02 1.4300000191e+01
1.4900000451e-06 3.4700000000e+02 7.9500000000e+02 1.4300000191e+01
1.5000000531e-06 3.4600000000e+02 7.9300000000e+02 1.4399999619e+01
1.5099999473e-06 3.4400000000e+02 7.9500000000e+02 1.4300000191e+01
1.5199999552e-06 3.4500000000e+02 7.9600000000e+02 1.4300000191e+01
1.5299999632e-06 3.4300000000e+02 7.9500000000e+02 1.4300000191e+01
1.5399999711e-06 3.4200000000e+02 7.9500000000e+02 1.4300000191e+01
1.5499999790e-06 3.4300000000e+02 7.9600000000e+02 1.4300000191e+01
1.5599999870e-06 3.4100000000e+02 7.9200000000e+02 1.4500000000e+01
1.5699999949e-06 3.4100000000e+02 7.9400000000e+02 1.4500000000e+01
1.5800000028e-06 3.4100000000e+02 7.9300000000e+02 1.4399999619e+01
1.5900000108e-06 3.3900000000e+02 7.9700000000e+02 1.4399999619e+01
1.6000000187e-06 3.3700000000e+02 7.9700000000e+02 1.4500000000e+01
1.6000000187e-06 3.3700000000e+02 7.9600000000e+02 1.4300000191e+01
1.6100000266e-06 3.3800000000e+02 7.9700000000e+02 1.4399999619e+01
1.6200000346e-06 3.3900000000e+02 7.9400000000e+02 1.4399999619e+01
1.6300000425e-06 3.3400000000e+02 7.9300000000e+02 1.4399999619e+01
1.6400000504e-06 3.3400000000e+02 7.9400000000e+02 1.4399999619e+01
1.6499999447e-06 3.3600000000e+02 7.9500000000e+02 1.4600000381e+01
1.6599999526e-06 3.3400000000e+02 7.9400000000e+02 1.4300000191e+01
1.6699999605e-06 3.3100000000e+02 7.9400000000e+02 1.4500000000e+01
1.6799999685e-06 3.3400000000e+02 7.9400000000e+02 1.4300000191e+01
1.6899999764e-06 3.3300000000e+02 7.9700000000e+02 1.4500000000e+01
1.6999999843e-06 3.2900000000e+02 7.9500000000e+02 1.4500000000e+01
1.7099999923e-06 3.3100000000e+02 7.9500000000e+02 1.4399999619e+01
1.7200000002e-06 3.2900000000e+02 7.9400000000e+02 1.4300000191e+01
1.7300000081e-06 3.2700000000e+02 7.9600000000e+02 1.4399999619e+01
1.7400000161e-06 3.2800000000e+02 7.9400000000e+02 1.4399999619e+01
1.7500000240e-06 3.2900000000e+02 7.9400000000e+02 1.4300000191e+01
1.7600000319e-06 3.2700000000e+02 7.9500000000e+02 1.4300000191e+01
1.7700000399e-06 3.2700000000e+02 7.9500000000e+02 1.4399999619e+01
1.7800000478e-06 3.2700000000e+02 7.9400000000e+02 1.4300000191e+01
1.7900000557e-06 3.2400000000e+02 7.9500000000e+02 1.4399999619e+01
1.7999999500e-06 3.2600000000e+02 7.9500000000e+02 1.4300000191e+01
1.8099999579e-06 3.2300000000e+02 7.9400000000e+02 1.4500000000e+01
1.8199999658e-06 3.2000000000e+02 7.9400000000e+02 1.4300000191e+01
1.8299999738e-06 3.2200000000e+02 7.9300000000e+02 1.4300000191e+01
1.8399999817e-06 3.2200000000e+02 7.9400000000e+02 1.4399999619e+01
1.8399999817e-06 3.2100000000e+02 7.9400000000e+02 1.4399999619e+01
1.8499999896e-06 3.2200000000e+02 7.9300000000e+02 1.4399999619e+01
1.8599999976e-06 3.1800000000e+02 7.9200000000e+02 1.4300000191e+01
1.8700000055e-06 3.1900000000e+02 7.9400000000e+02 1.4300000191e+01
1.8800000134e-06 3.1800000000e+02 7.9200000000e+02 1.4199999809e+01
1.8900000214e-06 3.1900000000e+02 7.9200000000e+02 1.4399999619e+01
1.9000000293e-06 3.1700000000e+02 7.9400000000e+02 1.4399999619e+01
1.9100000372e-06 3.1700000000e+02 7.9400000000e+02 1.4300000191e+01
1.9199999315e-06 3.1500000000e+02 7.9300000000e+02 1.4399999619e+01
1.9300000531e-06 3.1400000000e+02 7.9600000000e+02 1.4399999619e+01
1.9399999474e-06 3.1500000000e+02 7.9200000000e+02 1.4399999619e+01
1.9500000690e-06 3.1300000000e+02 7.9100000000e+02 1.4500000000e+01
1.9599999632e-06 3.1200000000e+02 7.9200000000e+02 1.4300000191e+01
1.9700000848e-06 3.1300000000e+02 7.9500000000e+02 1.4399999619e+01
1.9799999791e-06 3.1000000000e+02 7.9300000000e+02 1.4399999619e+01
1.9900001007e-06 3.1300000000e+02 7.9300000000e+02 1.4500000000e+01
1.9999999950e-06 3.1100000000e+02 7.9300000000e+02 1.4399999619e+01
2.0099998892e-06 3.0900000000e+02 7.9300000000e+02 1.4399999619e+01
2.0200000108e-06 3.0900000000e+02 7.9300000000e+02 1.4399999619e+01
2.0299999051e-06 3.0900000000e+02 7.9500000000e+02 1.4300000191e+01
2.0400000267e-06 3.0500000000e+02 7.9400000000e+02 1.4300000191e+01
2.0499999209e-06 3.0700000000e+02 7.9400000000e+02 1.4300000191e+01
2.0600000425e-06 3.0500000000e+02 7.9400000000e+02 1.4300000191e+01
2.0699999368e-06 3.0600000000e+02 7.9300000000e+02 1.4300000191e+01
2.0800000584e-06 3.0400000000e+02 7.9300000000e+02 1.4399999619e+01
2.0800000584e-06 3.0500000000e+02 7.9000000000e+02 1.4399999619e+01
2.0899999527e-06 3.0300000000e+02 7.9200000000e+02 1.4300000191e+01
2.1000000743e-06 3.0300000000e+02 7.9200000000e+02 1.4199999809e+01
2.1099999685e-06 3.0200000000e+02 7.9300000000e+02 1.4399999619e+01
2.1200000901e-06 3.0100000000e+02 7.9500000000e+02 1.4399999619e+01
2.1299999844e-06 3.0200000000e+02 7.9400000000e+02 1.4199999809e+01
2.1400001060e-06 2.9900000000e+02 7.9300000000e+02 1.4399999619e+01
2.1500000003e-06 3.0100000000e+02 7.9400000000e+02 1.4300000191e+01
2.1599998945e-06 3.0100000000e+02 7.9500000000e+02 1.4300000191e+01
2.1700000161e-06 2.9900000000e+02 7.9400000000e+02 1.4199999809e+01
2.1799999104e-06 2.9700000000e+02 7.9200000000e+02 1.4399999619e+01
2.1900000320e-06 2.9900000000e+02 7.9400000000e+02 1.4300000191e+01
2.1999999262e-06 2.9700000000e+02 7.9400000000e+02 1.4300000191e+01
2.2100000479e-06 2.9900000000e+02 7.9500000000e+02 1.4399999619e+01
2.2199999421e-06 2.9600000000e+02 7.9200000000e+02 1.4399999619e+01
2.2300000637e-06 2.9500000000e+02 7.9300000000e+02 1.4199999809e+01
2.2399999580e-06 2.9500000000e+02 7.9100000000e+02 1.4399999619e+01
2.2500000796e-06 2.9300000000e+02 7.9100000000e+02 1.4300000191e+01
2.2599999738e-06 2.9400000000e+02 7.9200000000e+02 1.4399999619e+01
2.2700000955e-06 2.9300000000e+02 7.9200000000e+02 1.4300000191e+01
2.2799999897e-06 2.9300000000e+02 7.9300000000e+02 1.4300000191e+01
2.2900001113e-06 2.9200000000e+02 7.9300000000e+02 1.4399999619e+01
2.3000000056e-06 2.9000000000e+02 7.9400000000e+02 1.4399999619e+01
2.3099998998e-06 2.9100000000e+02 7.9000000000e+02 1.4300000191e+01
2.3200000214e-06 2.9100000000e+02 7.9000000000e+02 1.4300000191e+01
2.3200000214e-06 2.8900000000e+02 7.9200000000e+02 1.4300000191e+01
2.3299999157e-06 2.9000000000e+02 7.9000000000e+02 1.4300000191e+01
2.3400000373e-06 2.8900000000e+02 7.9100000000e+02 1.4399999619e+01
2.3499999315e-06 2.8800000000e+02 7.9200000000e+02 1.4399999619e+01
2.3600000532e-06 2.8800000000e+02 7.9200000000e+02 1.4300000191e+01
2.3699999474e-06 2.8700000000e+02 7.9300000000e+02 1.4300000191e+01
2.3800000690e-06 2.8700000000e+02 7.9200000000e+02 1.4300000191e+01
2.3899999633e-06 2.8600000000e+02 7.9400000000e+02 1.4199999809e+01
2.4000000849e-06 2.8500000000e+02 7.9100000000e+02 1.4199999809e+01
2.4099999791e-06 2.8400000000e+02 7.9100000000e+02 1.4300000191e+01
2.4200001008e-06 2.8300000000e+02 7.9200000000e+02 1.4399999619e+01
2.4299999950e-06 2.8300000000e+02 7.9000000000e+02 1.4300000191e+01
2.4399998892e-06 2.8400000000e+02 7.9200000000e+02 1.4399999619e+01
2.4500000109e-06 2.8100000000e+02 7.9100000000e+02 1.4199999809e+01
2.4599999051e-06 2.8100000000e+02 7.9000000000e+02 1.4300000191e+01
2.4700000267e-06 2.7900000000e+02 7.9100000000e+02 1.4199999809e+01
2.4799999210e-06 2.8000000000e+02 7.9200000000e+02 1.4100000381e+01
2.4900000426e-06 2.8100000000e+02 7.9000000000e+02 1.4199999809e+01
2.4999999368e-06 2.7800000000e+02 7.9100000000e+02 1.4199999809e+01
2.5100000585e-06 2.7800000000e+02 7.9100000000e+02 1.4199999809e+01
2.5199999527e-06 2.7800000000e+02 7.9200000000e+02 1.4199999809e+01
2.5300000743e-06 2.7800000000e+02 7.9200000000e+02 1.4300000191e+01
2.5399999686e-06 2.7700000000e+02 7.9200000000e+02 1.4199999809e+01
2.5500000902e-06 2.7800000000e+02 7.9300000000e+02 1.4199999809e+01
2.5599999844e-06 2.7700000000e+02 7.9100000000e+02 1.4199999809e+01
2.5599999844e-06 2.7300000000e+02 7.9200000000e+02 1.4199999809e+01
2.5700001061e-06 2.7600000000e+02 7.9200000000e+02 1.4199999809e+01
2.5800000003e-06 2.7600000000e+02 7.9400000000e+02 1.4199999809e+01
2.5899998946e-06 2.7600000000e+02 7.9100000000e+02 1.4199999809e+01
2.6000000162e-06 2.7400000000e+02 7.9300000000e+02 1.4199999809e+01
2.6099999104e-06 2.7300000000e+02 7.9200000000e+02 1.4199999809e+01
2.6200000320e-06 2.7100000000e+02 7.9400000000e+02 1.4100000381e+01
2.6299999263e-06 2.7200000000e+02 7.9200000000e+02 1.4100000381e+01
2.6400000479e-06 2.7300000000e+02 7.9400000000e+02 1.4100000381e+01
2.6499999422e-06 2.7100000000e+02 7.9200000000e+02 1.4199999809e+01
2.6600000638e-06 2.7000000000e+02 7.9200000000e+02 1.4100000381e+01
2.6699999580e-06 2.7000000000e+02 7.9200000000e+02 1.4199999809e+01
2.6800000796e-06 2.7200000000e+02 7.9200000000e+02 1.4100000381e+01
2.6899999739e-06 2.6800000000e+02 7.9300000000e+02 1.4199999809e+01
2.7000000955e-06 2.6800000000e+02 7.9000000000e+02 1.4100000381e+01
2.7099999897e-06 2.6800000000e+02 7.9100000000e+02 1.4100000381e+01
2.7200001114e-06 2.6700000000e+02 7.9300000000e+02 1.4199999809e+01
2.7300000056e-06 2.6800000000e+02 7.9200000000e+02 1.4100000381e+01
2.7399998999e-06 2.6600000000e+02 7.9200000000e+02 1.4100000381e+01
2.7500000215e-06 2.6700000000e+02 7.9400000000e+02 1.4199999809e+01
2.7599999157e-06 2.6500000000e+02 7.9500000000e+02 1.4000000000e+01
2.7700000373e-06 2.6600000000e+02 7.9200000000e+02 1.4100000381e+01
2.7799999316e-06 2.6500000000e+02 7.9400000000e+02 1.4000000000e+01
2.7900000532e-06 2.6300000000e+02 7.9300000000e+02 1.4000000000e+01
2.7999999475e-06 2.6400000000e+02 7.9200000000e+02 1.4100000381e+01
2.7999999475e-06 2.6200000000e+02 7.9400000000e+02 1.4199999809e+01
2.8100000691e-06 2.6300000000e+02 7.9400000000e+02 1.4199999809e+01
2.8199999633e-06 2.6200000000e+02 7.9300000000e+02 1.4100000381e+01
2.8300000849e-06 2.6200000000e+02 7.9200000000e+02 1.4100000381e+01
2.8399999792e-06 2.6200000000e+02 7.9400000000e+02 1.4000000000e+01
2.8500001008e-06 2.6100000000e+02 7.9300000000e+02 1.3899999619e+01
2.8599999951e-06 2.6100000000e+02 7.9200000000e+02 1.4000000000e+01
2.8699998893e-06 2.6000000000e+02 7.9400000000e+02 1.4000000000e+01
2.8800000109e-06 2.5900000000e+02 7.9500000000e+02 1.4100000381e+01
2.8899999052e-06 2.5900000000e+02 7.9300000000e+02 1.4000000000e+01
2.9000000268e-06 2.5900000000e+02 7.9200000000e+02 1.4100000381e+01
2.9099999210e-06 2.5700000000e+02 7.9200000000e+02 1.4000000000e+01
2.9200000426e-06 2.5800000000e+02 7.9300000000e+02 1.3899999619e+01
2.9299999369e-06 2.5800000000e+02 7.9400000000e+02 1.4100000381e+01
2.9400000585e-06 2.5800000000e+02 7.9200000000e+02 1.3899999619e+01
2.9499999528e-06 2.5500000000e+02 7.9300000000e+02 1.4000000000e+01
2.9600000744e-06 2.5400000000e+02 7.9400000000e+02 1.3899999619e+01
2.9699999686e-06 2.5500000000e+02 7.9400000000e+02 1.3899999619e+01
2.9800000902e-06 2.5400000000e+02 7.9300000000e+02 1.3899999619e+01
2.9899999845e-06 2.5300000000e+02 7.9300000000e+02 1.3899999619e+01
3.0000001061e-06 2.5500000000e+02 7.9200000000e+02 1.3800000191e+01
3.0100000004e-06 2.5300000000e+02 7.9400000000e+02 1.3899999619e+01
3.0199998946e-06 2.5100000000e+02 7.9400000000e+02 1.3899999619e+01
3.0300000162e-06 2.5300000000e+02 7.9300000000e+02 1.3899999619e+01
3.0399999105e-06 2.5200000000e+02 7.9200000000e+02 1.3800000191e+01
3.0399999105e-06 2.5300000000e+02 7.9400000000e+02 1.3800000191e+01
3.0500000321e-06 2.5100000000e+02 7.9200000000e+02 1.3800000191e+01
3.0599999263e-06 2.5100000000e+02 7.9200000000e+02 1.3800000191e+01
3.0700000480e-06 2.5000000000e+02 7.9400000000e+02 1.3899999619e+01
3.0799999422e-06 2.5100000000e+02 7.9300000000e+02 1.3899999619e+01
3.0900000638e-06 2.5100000000e+02 7.9100000000e+02 1.3899999619e+01
3.0999999581e-06 2.5000000000e+02 7.9200000000e+02 1.3899999619e+01
3.1100000797e-06 2.4900000000e+02 7.9000000000e+02 1.3800000191e+01
3.1199999739e-06 2.4800000000e+02 7.9500000000e+02 1.3800000191e+01
3.1300000956e-06 2.5000000000e+02 7.9300000000e+02 1.3800000191e+01
3.1399999898e-06 2.4900000000e+02 7.9200000000e+02 1.3800000191e+01
3.1500001114e-06 2.4800000000e+02 7.9400000000e+02 1.3699999809e+01
3.1600000057e-06 2.4600000000e+02 7.9300000000e+02 1.3699999809e+01
3.1699998999e-06 2.4800000000e+02 7.9300000000e+02 1.3600000381e+01
3.1800000215e-06 2.4500000000e+02 7.9200000000e+02 1.3600000381e+01
3.1899999158e-06 2.4700000000e+02 7.9000000000e+02 1.3699999809e+01
3.2000000374e-06 2.4500000000e+02 7.9400000000e+02 1.3699999809e+01
3.2099999316e-06 2.4400000000e+02 7.9100000000e+02 1.3699999809e+01
3.2200000533e-06 2.4500000000e+02 7.9400000000e+02 1.3699999809e+01
3.2299999475e-06 2.4500000000e+02 7.9100000000e+02 1.3600000381e+01
3.2400000691e-06 2.4200000000e+02 7.9200000000e+02 1.3600000381e+01
3.2499999634e-06 2.4200000000e+02 7.9200000000e+02 1.3699999809e+01
3.2600000850e-06 2.4400000000e+02 7.9200000000e+02 1.3600000381e+01
3.2699999792e-06 2.4300000000e+02 7.9200000000e+02 1.3699999809e+01
3.2800001009e-06 2.4300000000e+02 7.9200000000e+02 1.3500000000e+01
3.2800001009e-06 2.4100000000e+02 7.9500000000e+02 1.3600000381e+01
3.2899999951e-06 2.4000000000e+02 7.9300000000e+02 1.3500000000e+01
3.2999998894e-06 2.4300000000e+02 7.9300000000e+02 1.3500000000e+01
3.3100000110e-06 2.4000000000e+02 7.9100000000e+02 1.3500000000e+01
3.3199999052e-06 2.4000000000e+02 7.9200000000e+02 1.3500000000e+01
3.3300000268e-06 2.4100000000e+02 7.9400000000e+02 1.3500000000e+01
3.3399999211e-06 2.3900000000e+02 7.9300000000e+02 1.3500000000e+01
3.3500000427e-06 2.4100000000e+02 7.9500000000e+02 1.3500000000e+01
3.3599999369e-06 2.3800000000e+02 7.9100000000e+02 1.3500000000e+01
3.3700000586e-06 2.3800000000e+02 7.9200000000e+02 1.3399999619e+01
3.3799999528e-06 2.4000000000e+02 7.9300000000e+02 1.3399999619e+01
3.3900000744e-06 2.3800000000e+02 7.9300000000e+02 1.3399999619e+01
3.3999999687e-06 2.3900000000e+02 7.9300000000e+02 1.3399999619e+01
3.4100000903e-06 2.3800000000e+02 7.9500000000e+02 1.3300000191e+01
3.4199999845e-06 2.3800000000e+02 7.9000000000e+02 1.3500000000e+01
3.4300001062e-06 2.3600000000e+02 7.9300000000e+02 1.3399999619e+01
3.4400000004e-06 2.3700000000e+02 7.9200000000e+02 1.3300000191e+01
3.4499998947e-06 2.3700000000e+02 7.9300000000e+02 1.3399999619e+01
3.4600000163e-06 2.3600000000e+02 7.9300000000e+02 1.3300000191e+01
3.4699999105e-06 2.3500000000e+02 7.9200000000e+02 1.3300000191e+01
3.4800000321e-06 2.3400000000e+02 7.9200000000e+02 1.3300000191e+01
3.4899999264e-06 2.3500000000e+02 7.9200000000e+02 1.3100000381e+01
3.5000000480e-06 2.3500000000e+02 7.9000000000e+02 1.3199999809e+01
3.5099999423e-06 2.3500000000e+02 7.9400000000e+02 1.3199999809e+01
3.5200000639e-06 2.3500000000e+02 7.9100000000e+02 1.3199999809e+01
3.5200000639e-06 2.3500000000e+02 7.9100000000e+02 1.3300000191e+01
3.5299999581e-06 2.3500000000e+02 7.9100000000e+02 1.3100000381e+01
3.5400000797e-06 2.3400000000e+02 7.9100000000e+02 1.3199999809e+01
3.5499999740e-06 2.3200000000e+02 7.9300000000e+02 1.3199999809e+01
3.5600000956e-06 2.3200000000e+02 7.9100000000e+02 1.3000000000e+01
3.5699999898e-06 2.3400000000e+02 7.9500000000e+02 1.3100000381e+01
3.5800001115e-06 2.3400000000e+02 7.9400000000e+02 1.3100000381e+01
3.5900000057e-06 2.3200000000e+02 7.9300000000e+02 1.3199999809e+01
3.5999999000e-06 2.3200000000e+02 7.9300000000e+02 1.3199999809e+01
3.6100000216e-06 2.3100000000e+02 7.9300000000e+02 1.2899999619e+01
3.6199999158e-06 2.3300000000e+02 7.9100000000e+02 1.3000000000e+01
3.6300000374e-06 2.3000000000e+02 7.9100000000e+02 1.3000000000e+01
3.6399999317e-06 2.3000000000e+02 7.9200000000e+02 1.3100000381e+01
3.6500000533e-06 2.2900000000e+02 7.9200000000e+02 1.3100000381e+01
3.6599999476e-06 2.3000000000e+02 7.9000000000e+02 1.3000000000e+01
3.6700000692e-06 2.3000000000e+02 7.9100000000e+02 1.3000000000e+01
3.6799999634e-06 2.3100000000e+02 7.9000000000e+02 1.3100000381e+01
3.6900000850e-06 2.3000000000e+02 7.9200000000e+02 1.2899999619e+01
3.6999999793e-06 2.2900000000e+02 7.9100000000e+02 1.3000000000e+01
3.7100001009e-06 2.3000000000e+02 7.9100000000e+02 1.2800000191e+01
3.7199999952e-06 2.3000000000e+02 7.9000000000e+02 1.2899999619e+01
3.7299998894e-06 2.3000000000e+02 7.9100000000e+02 1.2800000191e+01
3.7400000110e-06 2.2800000000e+02 7.9000000000e+02 1.2899999619e+01
3.7499999053e-06 2.2900000000e+02 7.9100000000e+02 1.2800000191e+01
3.7600000269e-06 2.2700000000e+02 7.9300000000e+02 1.2899999619e+01
3.7600000269e-06 2.3000000000e+02 7.9400000000e+02 1.2800000191e+01
3.7699999211e-06 2.2800000000e+02 7.9000000000e+02 1.2800000191e+01
3.7800000428e-06 2.2700000000e+02 7.9100000000e+02 1.2800000191e+01
3.7899999370e-06 2.2700000000e+02 7.9200000000e+02 1.2800000191e+01
3.8000000586e-06 2.2700000000e+02 7.9200000000e+02 1.2899999619e+01
3.8099999529e-06 2.2800000000e+02 7.9000000000e+02 1.2699999809e+01
3.8200000745e-06 2.2900000000e+02 7.9300000000e+02 1.2800000191e+01
3.8299999687e-06 2.2600000000e+02 7.9100000000e+02 1.2899999619e+01
3.8399998630e-06 2.2600000000e+02 7.9000000000e+02 1.2699999809e+01
3.8500002120e-06 2.2800000000e+02 7.9000000000e+02 1.2800000191e+01
3.8600001062e-06 2.2800000000e+02 7.9000000000e+02 1.2699999809e+01
3.8700000005e-06 2.2600000000e+02 7.9000000000e+02 1.2600000381e+01
3.8799998947e-06 2.2600000000e+02 7.9300000000e+02 1.2699999809e+01
3.8899997890e-06 2.2600000000e+02 7.9200000000e+02 1.2600000381e+01
3.9000001379e-06 2.2600000000e+02 7.9200000000e+02 1.2699999809e+01
3.9100000322e-06 2.2500000000e+02 7.9400000000e+02 1.0600000381e+01
3.9199999264e-06 2.1200000000e+02 8.3600000000e+02 9.3100004196e+00
3.9299998207e-06 1.9000000000e+02 8.3800000000e+02 8.6999998093e+00
3.9400001697e-06 1.7100000000e+02 8.4500000000e+02 7.9600000381e+00
3.9500000639e-06 1.5300000000e+02 8.4800000000e+02 7.4899997711e+00
3.9599999582e-06 1.4400000000e+02 8.3700000000e+02 7.5000000000e+00
3.9699998524e-06 1.9600000000e+02 6.2500000000e+02 1.0199999809e+01
3.9800002014e-06 2.7700000000e+02 6.4200000000e+02 5.9400000572e+00
3.9900000957e-06 3.3300000000e+02 6.2000000000e+02 3.3699998856e+00
3.9999999899e-06 3.8500000000e+02 5.9700000000e+02 2.2000000477e+00
3.9999999899e-06 4.3600000000e+02 5.9600000000e+02 2.3800001144e+00
4.0099998841e-06 4.9600000000e+02 5.9900000000e+02 3.2999999523e+00
4.0199997784e-06 5.7200000000e+02 6.1300000000e+02 5.0100002289e+00
4.0300001274e-06 6.6000000000e+02 6.0000000000e+02 7.4800000191e+00
