# epoch total_loss data_loss physics_loss w_data w_physics lr
1.0000000000e+00 1.0087472200e+00 9.0647017956e-01 1.1089892387e+00 4.9497585845e-01 5.0502414106e-01 1.0000000000e-03
2.0000000000e+00 6.8753218651e-01 6.5306508541e-01 7.2104811668e-01 4.9300456663e-01 5.0699543220e-01 1.0000000000e-03
3.0000000000e+00 4.7339588404e-01 4.5627251267e-01 4.8997485638e-01 4.9192326732e-01 5.0807673057e-01 1.0000000000e-03
4.0000000000e+00 3.0491101742e-01 3.1766247749e-01 2.9242208600e-01 4.9479953752e-01 5.0520045894e-01 1.0000000000e-03
5.0000000000e+00 2.0904947817e-01 2.4479216337e-01 1.7273783684e-01 5.0394822300e-01 4.9605177142e-01 1.0000000000e-03
6.0000000000e+00 2.0599436760e-01 2.3955839872e-01 1.7078912258e-01 5.1193279388e-01 4.8806719866e-01 1.0000000000e-03
7.0000000000e+00 2.4571087956e-01 2.5843662024e-01 2.3228402436e-01 5.1340422665e-01 4.8659576460e-01 1.0000000000e-03
8.0000000000e+00 2.6234638691e-01 2.6362764835e-01 2.6100042462e-01 5.1231419220e-01 4.8768579802e-01 1.0000000000e-03
9.0000000000e+00 2.4008065462e-01 2.4995331466e-01 2.2967271507e-01 5.1319698154e-01 4.8680300757e-01 1.0000000000e-03
1.0000000000e+01 1.9614484906e-01 2.2597028315e-01 1.6385409236e-01 5.1984448389e-01 4.8015550375e-01 1.0000000000e-03
1.1000000000e+01 1.5600462258e-01 2.0484988391e-01 9.9782578647e-02 5.3510496254e-01 4.6489502305e-01 1.0000000000e-03
1.2000000000e+01 1.3893018663e-01 1.9957451522e-01 6.2443796545e-02 5.5776261891e-01 4.4223736431e-01 1.0000000000e-03
1.3000000000e+01 1.4666245878e-01 2.1271182597e-01 5.4898321629e-02 5.8147206409e-01 4.1852791707e-01 1.0000000000e-03
1.4000000000e+01 1.6589233279e-01 2.3250831664e-01 6.5394662321e-02 6.0137319061e-01 3.9862678907e-01 1.0000000000e-03
1.5000000000e+01 1.7914451659e-01 2.4322390556e-01 7.5695782900e-02 6.1750080806e-01 3.8249917051e-01 1.0000000000e-03
1.6000000000e+01 1.7730660737e-01 2.3827548325e-01 7.2397619486e-02 6.3244725280e-01 3.6755272470e-01 1.0000000000e-03
1.7000000000e+01 1.6392490268e-01 2.2197097540e-01 5.6660037488e-02 6.4886737356e-01 3.5113260261e-01 1.0000000000e-03
1.8000000000e+01 1.4910553396e-01 2.0331819355e-01 4.0303424001e-02 6.6743718133e-01 3.3256279311e-01 1.0000000000e-03
1.9000000000e+01 1.4127621055e-01 1.9021469355e-01 3.4728746861e-02 6.8525457987e-01 3.1474539268e-01 1.0000000000e-03
2.0000000000e+01 1.4221391082e-01 1.8543648720e-01 4.2229969054e-02 6.9818006644e-01 3.0181990446e-01 1.0000000000e-03
2.1000000000e+01 1.4729273319e-01 1.8560825288e-01 5.5585864931e-02 7.0531594527e-01 2.9468402440e-01 1.0000000000e-03
2.2000000000e+01 1.4989832044e-01 1.8471443653e-01 6.5196119249e-02 7.0869656648e-01 2.9130340222e-01 1.0000000000e-03
2.3000000000e+01 1.4641155303e-01 1.7915347219e-01 6.5883249044e-02 7.1093981470e-01 2.8906015305e-01 1.0000000000e-03
2.4000000000e+01 1.3773638010e-01 1.6955381632e-01 5.8188974857e-02 7.1429552623e-01 2.8570444035e-01 1.0000000000e-03
2.5000000000e+01 1.2764628232e-01 1.5910968184e-01 4.6664789319e-02 7.2018833202e-01 2.7981163305e-01 1.0000000000e-03
2.6000000000e+01 1.2011819333e-01 1.5099142492e-01 3.7344511598e-02 7.2834082443e-01 2.7165913882e-01 1.0000000000e-03
2.7000000000e+01 1.1696476489e-01 1.4654551446e-01 3.4259755164e-02 7.3655831015e-01 2.6344165124e-01 1.0000000000e-03
2.8000000000e+01 1.1694976687e-01 1.4473664761e-01 3.6765035242e-02 7.4264644479e-01 2.5735351496e-01 1.0000000000e-03
2.9000000000e+01 1.1690913141e-01 1.4289908111e-01 4.0446832776e-02 7.4632140108e-01 2.5367855723e-01 1.0000000000e-03
3.0000000000e+01 1.1413337290e-01 1.3855788112e-01 4.1365850717e-02 7.4869848705e-01 2.5130146987e-01 1.0000000000e-03
3.1000000000e+01 1.0829049349e-01 1.3113716245e-01 3.9501432329e-02 7.5067945567e-01 2.4932049970e-01 1.0000000000e-03
3.2000000000e+01 1.0120751709e-01 1.2213290483e-01 3.7757392973e-02 7.5199694366e-01 2.4800300992e-01 1.0000000000e-03
3.3000000000e+01 9.5010608435e-02 1.1380004883e-01 3.8127291948e-02 7.5170150337e-01 2.4829844827e-01 1.0000000000e-03
3.4000000000e+01 9.0629950166e-02 1.0761108249e-01 3.9815571159e-02 7.4952431090e-01 2.5047563879e-01 1.0000000000e-03
3.5000000000e+01 8.7634727359e-02 1.0349386185e-01 4.1008975357e-02 7.4619251833e-01 2.5380742947e-01 1.0000000000e-03
3.6000000000e+01 8.4828145802e-02 1.0007271171e-01 4.0850896388e-02 7.4258528923e-01 2.5741465670e-01 1.0000000000e-03
3.7000000000e+01 8.0936603248e-02 9.5699183643e-02 3.9063885808e-02 7.3933966980e-01 2.6066027412e-01 1.0000000000e-03
3.8000000000e+01 7.5482353568e-02 8.9745618403e-02 3.5500030965e-02 7.3706137445e-01 2.6293856709e-01 1.0000000000e-03
3.9000000000e+01 6.9409467280e-02 8.3129644394e-02 3.1138664111e-02 7.3610474927e-01 2.6389518936e-01 1.0000000000e-03
4.0000000000e+01 6.4368911088e-02 7.7391698956e-02 2.8088085353e-02 7.3586538723e-01 2.6413454806e-01 1.0000000000e-03
4.1000000000e+01 6.1054065824e-02 7.3157332838e-02 2.7490634471e-02 7.3496519035e-01 2.6503474148e-01 1.0000000000e-03
4.2000000000e+01 5.8566220105e-02 6.9644778967e-02 2.8207609430e-02 7.3264196916e-01 2.6735795926e-01 1.0000000000e-03
4.3000000000e+01 5.5577605963e-02 6.5720260143e-02 2.8249941766e-02 7.2931510537e-01 2.7068481957e-01 1.0000000000e-03
4.4000000000e+01 5.1654722542e-02 6.1085827649e-02 2.6666326448e-02 7.2599535687e-01 2.7400456418e-01 1.0000000000e-03
4.5000000000e+01 4.7371573746e-02 5.6372653693e-02 2.3793639615e-02 7.2371545844e-01 2.7628445803e-01 1.0000000000e-03
4.6000000000e+01 4.3758217245e-02 5.2524380386e-02 2.0890306681e-02 7.2288868835e-01 2.7711122285e-01 1.0000000000e-03
4.7000000000e+01 4.1503477842e-02 4.9989625812e-02 1.9392415881e-02 7.2264961423e-01 2.7735029144e-01 1.0000000000e-03
4.8000000000e+01 4.0080767125e-02 4.8062026501e-02 1.9389744848e-02 7.2163855528e-01 2.7836134500e-01 1.0000000000e-03
4.9000000000e+01 3.8248497993e-02 4.5462224633e-02 1.9775860012e-02 7.1916132209e-01 2.8083857283e-01 1.0000000000e-03
5.0000000000e+01 3.5743691027e-02 4.1865590960e-02 2.0426334813e-02 7.1445387498e-01 2.8554601439e-01 1.0000000000e-03
5.1000000000e+01 3.3446766436e-02 3.8092438132e-02 2.2285548970e-02 7.0609842084e-01 2.9390146304e-01 1.0000000000e-03
5.2000000000e+01 3.2044101506e-02 3.4938342869e-02 2.5501785800e-02 6.9329510210e-01 3.0670477684e-01 1.0000000000e-03
5.3000000000e+01 3.1437568367e-02 3.2555524260e-02 2.9096826911e-02 6.7677058369e-01 3.2322929114e-01 1.0000000000e-03
5.4000000000e+01 3.0926356092e-02 3.0557915568e-02 3.1635954976e-02 6.5822684085e-01 3.4177303042e-01 1.0000000000e-03
5.5000000000e+01 2.9986619949e-02 2.8654480353e-02 3.2348480076e-02 6.3937642738e-01 3.6062344037e-01 1.0000000000e-03
5.6000000000e+01 2.9144711792e-02 2.7346709743e-02 3.2096344978e-02 6.2144366321e-01 3.7855620094e-01 1.0000000000e-03
5.7000000000e+01 2.8992298990e-02 2.7163097635e-02 3.1798321754e-02 6.0536856271e-01 3.9463129807e-01 1.0000000000e-03
5.8000000000e+01 2.9225751758e-02 2.7631418779e-02 3.1534638256e-02 5.9153316923e-01 4.0846668857e-01 1.0000000000e-03
5.9000000000e+01 2.9240176082e-02 2.7640664950e-02 3.1441461295e-02 5.7916330786e-01 4.2083654723e-01 1.0000000000e-03
6.0000000000e+01 2.8759304434e-02 2.6612693444e-02 3.1570084393e-02 5.6698678163e-01 4.3301307076e-01 1.0000000000e-03
6.1000000000e+01 2.8324840590e-02 2.5227865204e-02 3.2175451517e-02 5.5423654103e-01 4.4576330870e-01 1.0000000000e-03
6.2000000000e+01 2.8321392834e-02 2.4318480864e-02 3.3043380827e-02 5.4120773938e-01 4.5879210795e-01 1.0000000000e-03
6.3000000000e+01 2.8314653784e-02 2.4086013436e-02 3.3068392426e-02 5.2922896457e-01 4.7077088053e-01 1.0000000000e-03
6.4000000000e+01 2.7964761481e-02 2.4665676057e-02 3.1541496515e-02 5.2018956294e-01 4.7981027986e-01 1.0000000000e-03
6.5000000000e+01 2.7404442430e-02 2.6095617563e-02 2.8798185289e-02 5.1570896517e-01 4.8429087513e-01 1.0000000000e-03
6.6000000000e+01 2.7133718133e-02 2.8116233647e-02 2.6086203754e-02 5.1601069618e-01 4.8398914164e-01 1.0000000000e-03
6.7000000000e+01 2.7109716088e-02 2.9933698475e-02 2.4052159861e-02 5.1985691193e-01 4.8014292359e-01 1.0000000000e-03
6.8000000000e+01 2.6902537793e-02 3.0488200486e-02 2.2940481082e-02 5.2493456927e-01 4.7506526398e-01 1.0000000000e-03
6.9000000000e+01 2.6364009827e-02 2.9319399968e-02 2.3052357137e-02 5.2842432923e-01 4.7157550160e-01 1.0000000000e-03
7.0000000000e+01 2.5801397860e-02 2.7192980051e-02 2.4241907522e-02 5.2845063200e-01 4.7154919630e-01 1.0000000000e-03
7.1000000000e+01 2.5484193116e-02 2.5322690606e-02 2.5662897155e-02 5.2527192895e-01 4.7472789691e-01 1.0000000000e-03
7.2000000000e+01 2.5179384276e-02 2.4249544367e-02 2.6190040633e-02 5.2082114183e-01 4.7917868162e-01 1.0000000000e-03
7.3000000000e+01 2.4707239121e-02 2.4006802589e-02 2.5457808748e-02 5.1727230647e-01 4.8272751442e-01 1.0000000000e-03
7.4000000000e+01 2.4189410731e-02 2.4436267093e-02 2.3926164955e-02 5.1607243974e-01 4.8392737838e-01 1.0000000000e-03
7.5000000000e+01 2.3882586509e-02 2.5194022804e-02 2.2477071732e-02 5.1731486864e-01 4.8268494669e-01 1.0000000000e-03
7.6000000000e+01 2.3715833202e-02 2.5709467009e-02 2.1556269377e-02 5.1997682518e-01 4.8002298746e-01 1.0000000000e-03
7.7000000000e+01 2.3462451994e-02 2.5504155084e-02 2.1227858961e-02 5.2255446998e-01 4.7744534000e-01 1.0000000000e-03
7.8000000000e+01 2.3096889257e-02 2.4586826563e-02 2.1458713338e-02 5.2369577167e-01 4.7630403560e-01 1.0000000000e-03
7.9000000000e+01 2.2802580148e-02 2.3512264714e-02 2.2024588659e-02 5.2295966895e-01 4.7704013563e-01 1.0000000000e-03
8.0000000000e+01 2.2651191801e-02 2.2865902632e-02 2.2417515516e-02 5.2115878064e-01 4.7884102139e-01 1.0000000000e-03
8.1000000000e+01 2.2489858791e-02 2.2815959528e-02 2.2136878222e-02 5.1979821769e-01 4.8020158189e-01 1.0000000000e-03
8.2000000000e+01 2.2256091237e-02 2.3258278146e-02 2.1169664338e-02 5.2016894743e-01 4.7983084969e-01 1.0000000000e-03
8.3000000000e+01 2.2047970444e-02 2.4009155110e-02 1.9899109378e-02 5.2283230462e-01 4.7716749002e-01 1.0000000000e-03
8.4000000000e+01 2.1971367300e-02 2.4826461449e-02 1.8784243613e-02 5.2747650911e-01 4.7252328313e-01 1.0000000000e-03
8.5000000000e+01 2.1941928193e-02 2.5358309969e-02 1.8040217459e-02 5.3316011296e-01 4.6683967701e-01 1.0000000000e-03
8.6000000000e+01 2.1849865094e-02 2.5338664651e-02 1.7777126282e-02 5.3861296158e-01 4.6138682621e-01 1.0000000000e-03
8.7000000000e+01 2.1703248844e-02 2.4827528745e-02 1.7995085567e-02 5.4272926288e-01 4.5727052277e-01 1.0000000000e-03
8.8000000000e+01 2.1595567465e-02 2.4166250601e-02 1.8515460193e-02 5.4507600925e-01 4.5492377440e-01 1.0000000000e-03
8.9000000000e+01 2.1518286318e-02 2.3637354374e-02 1.8969336525e-02 5.4604642910e-01 4.5395335272e-01 1.0000000000e-03
9.0000000000e+01 2.1401446313e-02 2.3334618658e-02 1.9072148949e-02 5.4646746834e-01 4.5353231171e-01 1.0000000000e-03
9.1000000000e+01 2.1242655814e-02 2.3242423311e-02 1.8827270716e-02 5.4706813494e-01 4.5293164335e-01 1.0000000000e-03
9.2000000000e+01 2.1113600582e-02 2.3295393214e-02 1.8466908485e-02 5.4814222117e-01 4.5185755534e-01 1.0000000000e-03
9.3000000000e+01 2.1035702899e-02 2.3351684213e-02 1.8210632727e-02 5.4951273637e-01 4.5048703843e-01 1.0000000000e-03
9.4000000000e+01 2.0949415863e-02 2.3208431900e-02 1.8181320280e-02 5.5063434327e-01 4.4936542989e-01 1.0000000000e-03
9.5000000000e+01 2.0820530131e-02 2.2771567106e-02 1.8427805975e-02 5.5084253051e-01 4.4915724106e-01 1.0000000000e-03
9.6000000000e+01 2.0688585937e-02 2.2187639028e-02 1.8857792020e-02 5.4981455865e-01 4.5018521140e-01 1.0000000000e-03
9.7000000000e+01 2.0588228479e-02 2.1708093584e-02 1.9231302664e-02 5.4785803786e-01 4.5214173076e-01 1.0000000000e-03
9.8000000000e+01 2.0487245172e-02 2.1485093981e-02 1.9288333133e-02 5.4576608454e-01 4.5423368269e-01 1.0000000000e-03
9.9000000000e+01 2.0361592993e-02 2.1545957774e-02 1.8946399912e-02 5.4439939935e-01 4.5560036646e-01 1.0000000000e-03
1.0000000000e+02 2.0241443068e-02 2.1822944283e-02 1.8352629617e-02 5.4427838191e-01 4.5572138243e-01 1.0000000000e-03
1.0100000000e+02 2.0160425454e-02 2.2158386186e-02 1.7763853073e-02 5.4535439583e-01 4.5464536703e-01 1.0000000000e-03
1.0200000000e+02 2.0093835890e-02 2.2325100377e-02 1.7399376258e-02 5.4701880241e-01 4.5298095899e-01 1.0000000000e-03
1.0300000000e+02 2.0006924868e-02 2.2160161287e-02 1.7392752692e-02 5.4834352920e-01 4.5165623078e-01 1.0000000000e-03
1.0400000000e+02 1.9909851253e-02 2.1718166769e-02 1.7712259665e-02 5.4858887798e-01 4.5141088064e-01 1.0000000000e-03
1.0500000000e+02 1.9828282297e-02 2.1215057001e-02 1.8149534240e-02 5.4762373312e-01 4.5237602423e-01 1.0000000000e-03
1.0600000000e+02 1.9749749452e-02 2.0829234272e-02 1.8452115357e-02 5.4588710654e-01 4.5411264961e-01 1.0000000000e-03
1.0700000000e+02 1.9657000899e-02 2.0626131445e-02 1.8500788137e-02 5.4401434285e-01 4.5598541214e-01 1.0000000000e-03
1.0800000000e+02 1.9565373659e-02 2.0580939949e-02 1.8361313269e-02 5.4246279003e-01 4.5753696378e-01 1.0000000000e-03
1.0900000000e+02 1.9494753331e-02 2.0590672269e-02 1.8201516941e-02 5.4129592567e-01 4.5870382698e-01 1.0000000000e-03
1.1000000000e+02 1.9431458786e-02 2.0501833409e-02 1.8174052238e-02 5.4017566376e-01 4.5982408777e-01 1.0000000000e-03
1.1100000000e+02 1.9356509671e-02 2.0226323977e-02 1.8341161311e-02 5.3860206303e-01 4.6139768742e-01 1.0000000000e-03
1.1200000000e+02 1.9279830158e-02 1.9847465679e-02 1.8623242155e-02 5.3633295457e-01 4.6366679484e-01 1.0000000000e-03
1.1300000000e+02 1.9213508815e-02 1.9546428695e-02 1.8832586706e-02 5.3362963581e-01 4.6637011260e-01 1.0000000000e-03
1.1400000000e+02 1.9146658480e-02 1.9447611645e-02 1.8805786967e-02 5.3110557091e-01 4.6889417652e-01 1.0000000000e-03
1.1500000000e+02 1.9070748240e-02 1.9567659125e-02 1.8511801958e-02 5.2938138702e-01 4.7061835940e-01 1.0000000000e-03
1.1600000000e+02 1.8999908119e-02 1.9834719598e-02 1.8063131720e-02 5.2878055419e-01 4.7121919120e-01 1.0000000000e-03
1.1700000000e+02 1.8941950053e-02 2.0098395646e-02 1.7642291263e-02 5.2915640581e-01 4.7084333855e-01 1.0000000000e-03
1.1800000000e+02 1.8885124475e-02 2.0192079246e-02 1.7411701381e-02 5.2993769022e-01 4.7006205311e-01 1.0000000000e-03
1.1900000000e+02 1.8821816891e-02 2.0065577701e-02 1.7416594550e-02 5.3047756437e-01 4.6952217795e-01 1.0000000000e-03
1.2000000000e+02 1.8761225045e-02 1.9825337455e-02 1.7559055239e-02 5.3046084769e-01 4.6953889365e-01 1.0000000000e-03
1.2100000000e+02 1.8705110997e-02 1.9616860896e-02 1.7676910385e-02 5.3001565299e-01 4.6998408740e-01 1.0000000000e-03
1.2200000000e+02 1.8645260483e-02 1.9521323964e-02 1.7659280449e-02 5.2951812581e-01 4.7048161364e-01 1.0000000000e-03
1.2300000000e+02 1.8583130091e-02 1.9539732486e-02 1.7507405952e-02 5.2930919173e-01 4.7069054679e-01 1.0000000000e-03
1.2400000000e+02 1.8527556211e-02 1.9597707316e-02 1.7323421314e-02 5.2945818299e-01 4.7054155459e-01 1.0000000000e-03
1.2500000000e+02 1.8476292491e-02 1.9574873149e-02 1.7239041626e-02 5.2968483480e-01 4.7031490186e-01 1.0000000000e-03
1.2600000000e+02 1.8420800567e-02 1.9406139851e-02 1.7311608419e-02 5.2956854265e-01 4.7043119311e-01 1.0000000000e-03
1.2700000000e+02 1.8363906071e-02 1.9153717905e-02 1.7477201298e-02 5.2890006414e-01 4.7109967074e-01 1.0000000000e-03
1.2800000000e+02 1.8310911953e-02 1.8941935152e-02 1.7605492845e-02 5.2783841066e-01 4.7216132338e-01 1.0000000000e-03
1.2900000000e+02 1.8258150667e-02 1.8859669566e-02 1.7588512972e-02 5.2679834137e-01 4.7320139182e-01 1.0000000000e-03
1.3000000000e+02 1.8203046173e-02 1.8925074488e-02 1.7401121557e-02 5.2621608788e-01 4.7378364447e-01 1.0000000000e-03
1.3100000000e+02 1.8151242286e-02 1.9078020006e-02 1.7121575773e-02 5.2629676575e-01 4.7370296574e-01 1.0000000000e-03
1.3200000000e+02 1.8104583025e-02 1.9198520109e-02 1.6886400059e-02 5.2687079504e-01 4.7312893559e-01 1.0000000000e-03
1.3300000000e+02 1.8056897447e-02 1.9191278145e-02 1.6790380701e-02 5.2751998025e-01 4.7247974952e-01 1.0000000000e-03
1.3400000000e+02 1.8006991595e-02 1.9063016400e-02 1.6826234758e-02 5.2788419522e-01 4.7211553371e-01 1.0000000000e-03
1.3500000000e+02 1.7958525568e-02 1.8893241882e-02 1.6913505271e-02 5.2786023522e-01 4.7213949289e-01 1.0000000000e-03
1.3600000000e+02 1.7910420895e-02 1.8761688843e-02 1.6959702596e-02 5.2759647590e-01 4.7240325140e-01 1.0000000000e-03
1.3700000000e+02 1.7860159278e-02 1.8707461655e-02 1.6914797947e-02 5.2735302637e-01 4.7264670013e-01 1.0000000000e-03
1.3800000000e+02 1.7810730264e-02 1.8706211820e-02 1.6811884940e-02 5.2728441553e-01 4.7271531017e-01 1.0000000000e-03
1.3900000000e+02 1.7764355987e-02 1.8682025373e-02 1.6740711406e-02 5.2729616798e-01 4.7270355691e-01 1.0000000000e-03
1.4000000000e+02 1.7717432231e-02 1.8577009439e-02 1.6759198159e-02 5.2713870152e-01 4.7286102259e-01 1.0000000000e-03
1.4100000000e+02 1.7668914050e-02 1.8407341093e-02 1.6847394407e-02 5.2663720968e-01 4.7336251365e-01 1.0000000000e-03
1.4200000000e+02 1.7621688545e-02 1.8242385238e-02 1.6933370382e-02 5.2583415163e-01 4.7416557094e-01 1.0000000000e-03
1.4300000000e+02 1.7575304955e-02 1.8153073266e-02 1.6936765984e-02 5.2498385489e-01 4.7501586692e-01 1.0000000000e-03
1.4400000000e+02 1.7527893186e-02 1.8169302493e-02 1.6820648685e-02 5.2441265618e-01 4.7558706488e-01 1.0000000000e-03
1.4500000000e+02 1.7481608316e-02 1.8252385780e-02 1.6632115468e-02 5.2429371106e-01 4.7570600922e-01 1.0000000000e-03
1.4600000000e+02 1.7437815666e-02 1.8317548558e-02 1.6467344016e-02 5.2452381922e-01 4.7547590029e-01 1.0000000000e-03
1.4700000000e+02 1.7393752933e-02 1.8302023411e-02 1.6390586272e-02 5.2482624099e-01 4.7517347774e-01 1.0000000000e-03
1.4800000000e+02 1.7348699272e-02 1.8205985427e-02 1.6401367262e-02 5.2495087735e-01 4.7504884061e-01 1.0000000000e-03
1.4900000000e+02 1.7304386944e-02 1.8079586327e-02 1.6448220238e-02 5.2481816907e-01 4.7518154814e-01 1.0000000000e-03
1.5000000000e+02 1.7260037363e-02 1.7984157428e-02 1.6461158171e-02 5.2454708646e-01 4.7545262999e-01 1.0000000000e-03
1.5100000000e+02 1.7214650288e-02 1.7944758758e-02 1.6409875825e-02 5.2432624307e-01 4.7567347263e-01 1.0000000000e-03
1.5200000000e+02 1.7169993371e-02 1.7929693684e-02 1.6332944855e-02 5.2422376382e-01 4.7577595112e-01 1.0000000000e-03
1.5300000000e+02 1.7126221210e-02 1.7884526402e-02 1.6291012987e-02 5.2413273755e-01 4.7586697664e-01 1.0000000000e-03
1.5400000000e+02 1.7081497237e-02 1.7782466486e-02 1.6310228035e-02 5.2387861848e-01 4.7612109496e-01 1.0000000000e-03
1.5500000000e+02 1.7036370933e-02 1.7644155771e-02 1.6369007528e-02 5.2336523366e-01 4.7663447903e-01 1.0000000000e-03
1.5600000000e+02 1.6991939396e-02 1.7525177449e-02 1.6408052295e-02 5.2267475877e-01 4.7732495318e-01 1.0000000000e-03
1.5700000000e+02 1.6947334632e-02 1.7473904416e-02 1.6372224316e-02 5.2203475082e-01 4.7796496040e-01 1.0000000000e-03
1.5800000000e+02 1.6902688891e-02 1.7489520833e-02 1.6262749210e-02 5.2164857759e-01 4.7835113287e-01 1.0000000000e-03
1.5900000000e+02 1.6859225929e-02 1.7526043579e-02 1.6132336110e-02 5.2155407656e-01 4.7844563315e-01 1.0000000000e-03
1.6000000000e+02 1.6816187650e-02 1.7530672252e-02 1.6037119552e-02 5.2162333453e-01 4.7837637441e-01 1.0000000000e-03
1.6100000000e+02 1.6772706062e-02 1.7479194328e-02 1.6002224758e-02 5.2166664106e-01 4.7833306713e-01 1.0000000000e-03
1.6200000000e+02 1.6729347408e-02 1.7392329872e-02 1.6006581485e-02 5.2157450261e-01 4.7842520482e-01 1.0000000000e-03
1.6300000000e+02 1.6686167568e-02 1.7315277830e-02 1.6000833362e-02 5.2138972267e-01 4.7860998400e-01 1.0000000000e-03
1.6400000000e+02 1.6642596573e-02 1.7272800207e-02 1.5956509858e-02 5.2123135118e-01 4.7876835472e-01 1.0000000000e-03
1.6500000000e+02 1.6599260271e-02 1.7251558602e-02 1.5889314935e-02 5.2116343235e-01 4.7883627280e-01 1.0000000000e-03
1.6600000000e+02 1.6556378454e-02 1.7217749730e-02 1.5836633742e-02 5.2113623044e-01 4.7886347394e-01 1.0000000000e-03
1.6700000000e+02 1.6513209790e-02 1.7145164311e-02 1.5825789422e-02 5.2102340558e-01 4.7897629803e-01 1.0000000000e-03
1.6800000000e+02 1.6469821334e-02 1.7042236403e-02 1.5847880393e-02 5.2073672541e-01 4.7926297743e-01 1.0000000000e-03
1.6900000000e+02 1.6426648945e-02 1.6949111596e-02 1.5859924257e-02 5.2032292641e-01 4.7967677567e-01 1.0000000000e-03
1.7000000000e+02 1.6383482143e-02 1.6899632290e-02 1.5824478120e-02 5.1993337337e-01 4.8006632794e-01 1.0000000000e-03
1.7100000000e+02 1.6340393573e-02 1.6895070672e-02 1.5740202740e-02 5.1970937555e-01 4.8029032499e-01 1.0000000000e-03
1.7200000000e+02 1.6297776252e-02 1.6906192526e-02 1.5639502555e-02 5.1968443973e-01 4.8031526003e-01 1.0000000000e-03
1.7300000000e+02 1.6255358234e-02 1.6893617809e-02 1.5564574860e-02 5.1976329480e-01 4.8023640417e-01 1.0000000000e-03
1.7400000000e+02 1.6212787479e-02 1.6841169447e-02 1.5532572754e-02 5.1980802653e-01 4.8019167166e-01 1.0000000000e-03
1.7500000000e+02 1.6170140356e-02 1.6767622903e-02 1.5523518436e-02 5.1975359444e-01 4.8024610296e-01 1.0000000000e-03
1.7600000000e+02 1.6127562150e-02 1.6702335328e-02 1.5505808406e-02 5.1963571017e-01 4.8036398644e-01 1.0000000000e-03
1.7700000000e+02 1.6084909439e-02 1.6659716144e-02 1.5463373624e-02 5.1953424544e-01 4.8046545038e-01 1.0000000000e-03
1.7800000000e+02 1.6042301431e-02 1.6628867015e-02 1.5408172272e-02 5.1948593509e-01 4.8051375994e-01 1.0000000000e-03
1.7900000000e+02 1.5999877825e-02 1.6583450139e-02 1.5369105153e-02 5.1943755675e-01 4.8056213748e-01 1.0000000000e-03
1.8000000000e+02 1.5957282856e-02 1.6510624439e-02 1.5359519050e-02 5.1929971548e-01 4.8069997794e-01 1.0000000000e-03
1.8100000000e+02 1.5914589167e-02 1.6424842179e-02 1.5363950282e-02 5.1903838480e-01 4.8096130783e-01 1.0000000000e-03
1.8200000000e+02 1.5872003511e-02 1.6353784129e-02 1.5352766961e-02 5.1871309526e-01 4.8128659656e-01 1.0000000000e-03
1.8300000000e+02 1.5829464421e-02 1.6315974295e-02 1.5305706300e-02 5.1843919874e-01 4.8156049228e-01 1.0000000000e-03
1.8400000000e+02 1.5787100419e-02 1.6304356977e-02 1.5230556019e-02 5.1829782141e-01 4.8170186880e-01 1.0000000000e-03
1.8500000000e+02 1.5745040029e-02 1.6292225569e-02 1.5156349167e-02 5.1827394947e-01 4.8172573992e-01 1.0000000000e-03
1.8600000000e+02 1.5703015029e-02 1.6258534044e-02 1.5105331317e-02 5.1828496370e-01 4.8171472486e-01 1.0000000000e-03
1.8700000000e+02 1.5660911798e-02 1.6203518957e-02 1.5077188611e-02 5.1825681022e-01 4.8174287752e-01 1.0000000000e-03
1.8800000000e+02 1.5618890524e-02 1.6144996509e-02 1.5053090639e-02 5.1818106905e-01 4.8181861787e-01 1.0000000000e-03
1.8900000000e+02 1.5576859936e-02 1.6099940985e-02 1.5014479868e-02 5.1810725103e-01 4.8189243506e-01 1.0000000000e-03
1.9000000000e+02 1.5534866601e-02 1.6066709533e-02 1.4963137917e-02 5.1807475133e-01 4.8192493392e-01 1.0000000000e-03
1.9100000000e+02 1.5492980368e-02 1.6028836370e-02 1.4916964807e-02 5.1806374157e-01 4.8193594284e-01 1.0000000000e-03
1.9200000000e+02 1.5451045707e-02 1.5972636640e-02 1.4890483581e-02 5.1801049979e-01 4.8198918378e-01 1.0000000000e-03
1.9300000000e+02 1.5409028158e-02 1.5901328996e-02 1.4880246483e-02 5.1786802668e-01 4.8213165604e-01 1.0000000000e-03
1.9400000000e+02 1.5367064625e-02 1.5834128484e-02 1.4865812846e-02 5.1765827153e-01 4.8234141035e-01 1.0000000000e-03
1.9500000000e+02 1.5325175598e-02 1.5787946060e-02 1.4828928746e-02 5.1745858561e-01 4.8254109542e-01 1.0000000000e-03
1.9600000000e+02 1.5283393674e-02 1.5762222931e-02 1.4770175330e-02 5.1733729199e-01 4.8266238819e-01 1.0000000000e-03
1.9700000000e+02 1.5241796151e-02 1.5740985051e-02 1.4706830494e-02 5.1730178678e-01 4.8269789253e-01 1.0000000000e-03
1.9800000000e+02 1.5200256370e-02 1.5706937760e-02 1.4657265507e-02 5.1730006101e-01 4.8269961744e-01 1.0000000000e-03
1.9900000000e+02 1.5158740804e-02 1.5657309443e-02 1.4624496922e-02 5.1727537289e-01 4.8272430469e-01 1.0000000000e-03
2.0000000000e+02 1.5117293224e-02 1.5603811480e-02 1.4596085064e-02 5.1721624543e-01 4.8278343128e-01 1.0000000000e-03
2.0100000000e+02 1.5075882897e-02 1.5558136627e-02 1.4559373260e-02 5.1715271453e-01 4.8284696130e-01 1.0000000000e-03
2.0200000000e+02 1.5034530312e-02 1.5520798042e-02 1.4513806440e-02 5.1711381153e-01 4.8288586343e-01 1.0000000000e-03
2.0300000000e+02 1.4993265271e-02 1.5480686910e-02 1.4471358620e-02 5.1708732023e-01 4.8291235384e-01 1.0000000000e-03
2.0400000000e+02 1.4952065423e-02 1.5427958220e-02 1.4442627318e-02 5.1702790401e-01 4.8297176918e-01 1.0000000000e-03
2.0500000000e+02 1.4910828322e-02 1.5365678817e-02 1.4424153604e-02 5.1690537576e-01 4.8309429654e-01 1.0000000000e-03
2.0600000000e+02 1.4869673178e-02 1.5306832269e-02 1.4402243309e-02 5.1673723267e-01 4.8326243874e-01 1.0000000000e-03
2.0700000000e+02 1.4828616753e-02 1.5262871981e-02 1.4364585280e-02 5.1657946197e-01 4.8342020855e-01 1.0000000000e-03
2.0800000000e+02 1.4787685126e-02 1.5232404694e-02 1.4312662184e-02 5.1647800607e-01 4.8352166355e-01 1.0000000000e-03
2.0900000000e+02 1.4746934175e-02 1.5203442425e-02 1.4259409159e-02 5.1643226177e-01 4.8356740695e-01 1.0000000000e-03
2.1000000000e+02 1.4706238173e-02 1.5165616758e-02 1.4215703122e-02 5.1640554451e-01 4.8359412330e-01 1.0000000000e-03
2.1100000000e+02 1.4665640891e-02 1.5118630603e-02 1.4182007872e-02 5.1636326993e-01 4.8363639697e-01 1.0000000000e-03
2.1200000000e+02 1.4625135809e-02 1.5071455389e-02 1.4148733579e-02 5.1630583672e-01 4.8369382927e-01 1.0000000000e-03
2.1300000000e+02 1.4584694058e-02 1.5030564740e-02 1.4108866453e-02 5.1625676637e-01 4.8374289870e-01 1.0000000000e-03
2.1400000000e+02 1.4544381760e-02 1.4993352816e-02 1.4065298252e-02 5.1622793647e-01 4.8377172768e-01 1.0000000000e-03
2.1500000000e+02 1.4504129067e-02 1.4951322228e-02 1.4026996680e-02 5.1619998211e-01 4.8379968112e-01 1.0000000000e-03
2.1600000000e+02 1.4463922009e-02 1.4899625443e-02 1.3999165967e-02 5.1613791958e-01 4.8386174272e-01 1.0000000000e-03
2.1700000000e+02 1.4423790388e-02 1.4843611047e-02 1.3976170681e-02 5.1602904891e-01 4.8397061246e-01 1.0000000000e-03
2.1800000000e+02 1.4383746311e-02 1.4793219976e-02 1.3947388157e-02 5.1589761867e-01 4.8410204177e-01 1.0000000000e-03
2.1900000000e+02 1.4343837276e-02 1.4753835276e-02 1.3907117769e-02 5.1578496611e-01 4.8421469339e-01 1.0000000000e-03
2.2000000000e+02 1.4304079115e-02 1.4721242711e-02 1.3859853148e-02 5.1571337334e-01 4.8428628523e-01 1.0000000000e-03
2.2100000000e+02 1.4264428988e-02 1.4686459675e-02 1.3815098442e-02 5.1567063827e-01 4.8432901935e-01 1.0000000000e-03
2.2200000000e+02 1.4224922284e-02 1.4645213261e-02 1.3777518645e-02 5.1562996592e-01 4.8436969076e-01 1.0000000000e-03
2.2300000000e+02 1.4185542241e-02 1.4600559138e-02 1.3743842021e-02 5.1557821454e-01 4.8442144119e-01 1.0000000000e-03
2.2400000000e+02 1.4146247879e-02 1.4558816329e-02 1.3707244769e-02 5.1552672476e-01 4.8447293002e-01 1.0000000000e-03
2.2500000000e+02 1.4107078314e-02 1.4520906843e-02 1.3666800223e-02 5.1548906788e-01 4.8451058595e-01 1.0000000000e-03
2.2600000000e+02 1.4068032615e-02 1.4482191764e-02 1.3627454638e-02 5.1546050540e-01 4.8453914746e-01 1.0000000000e-03
2.2700000000e+02 1.4029107988e-02 1.4437360689e-02 1.3594887219e-02 5.1541712274e-01 4.8458252917e-01 1.0000000000e-03
2.2800000000e+02 1.3990288600e-02 1.4387463219e-02 1.3567980379e-02 5.1534108663e-01 4.8465856431e-01 1.0000000000e-03
2.2900000000e+02 1.3951588422e-02 1.4338959008e-02 1.3539868407e-02 5.1524010911e-01 4.8475954087e-01 1.0000000000e-03
2.3000000000e+02 1.3913024217e-02 1.4297470450e-02 1.3504575938e-02 5.1514204400e-01 4.8485760501e-01 1.0000000000e-03
2.3100000000e+02 1.3874614611e-02 1.4262234792e-02 1.3462915085e-02 5.1506932760e-01 4.8493032044e-01 1.0000000000e-03
2.3200000000e+02 1.3836398721e-02 1.4227477834e-02 1.3421105221e-02 5.1502062929e-01 4.8497901779e-01 1.0000000000e-03
2.3300000000e+02 1.3798276894e-02 1.4188862406e-02 1.3383575715e-02 5.1497885869e-01 4.8502078741e-01 1.0000000000e-03
2.3400000000e+02 1.3760337606e-02 1.4147400856e-02 1.3349454850e-02 5.1493193093e-01 4.8506771419e-01 1.0000000000e-03
2.3500000000e+02 1.3722542673e-02 1.4107123017e-02 1.3314370997e-02 5.1488421293e-01 4.8511543121e-01 1.0000000000e-03
2.3600000000e+02 1.3684900478e-02 1.4069740660e-02 1.3276517391e-02 5.1484610520e-01 4.8515353796e-01 1.0000000000e-03
2.3700000000e+02 1.3647409156e-02 1.4032296836e-02 1.3239025138e-02 5.1481588220e-01 4.8518375997e-01 1.0000000000e-03
2.3800000000e+02 1.3610080816e-02 1.3990893960e-02 1.3206081465e-02 5.1477710553e-01 4.8522253566e-01 1.0000000000e-03
2.3900000000e+02 1.3572849333e-02 1.3945373707e-02 1.3177744113e-02 5.1471445964e-01 4.8528518056e-01 1.0000000000e-03
2.4000000000e+02 1.3535791077e-02 1.3900071383e-02 1.3149560429e-02 5.1463027965e-01 4.8536935956e-01 1.0000000000e-03
2.4100000000e+02 1.3498884626e-02 1.3859229162e-02 1.3116961345e-02 5.1454301588e-01 4.8545662234e-01 1.0000000000e-03
2.4200000000e+02 1.3462202623e-02 1.3822972775e-02 1.3079938479e-02 5.1446965038e-01 4.8552998685e-01 1.0000000000e-03
2.4300000000e+02 1.3425633311e-02 1.3787673786e-02 1.3042112812e-02 5.1441209389e-01 4.8558754234e-01 1.0000000000e-03
2.4400000000e+02 1.3389293104e-02 1.3750235550e-02 1.3007016852e-02 5.1435968259e-01 4.8563995265e-01 1.0000000000e-03
2.4500000000e+02 1.3353102840e-02 1.3711220585e-02 1.2973899022e-02 5.1430521701e-01 4.8569441723e-01 1.0000000000e-03
2.4600000000e+02 1.3317105360e-02 1.3673293404e-02 1.2940024957e-02 5.1425231039e-01 4.8574732285e-01 1.0000000000e-03
2.4700000000e+02 1.3281273656e-02 1.3637324795e-02 1.2904406525e-02 5.1420775038e-01 4.8579188185e-01 1.0000000000e-03
2.4800000000e+02 1.3245634735e-02 1.3601135463e-02 1.2869408354e-02 5.1416910946e-01 4.8583052178e-01 1.0000000000e-03
2.4900000000e+02 1.3210162520e-02 1.3561950065e-02 1.2837933376e-02 5.1412342884e-01 4.8587620140e-01 1.0000000000e-03
2.5000000000e+02 1.3174861670e-02 1.3520211913e-02 1.2809536420e-02 5.1406063403e-01 4.8593899520e-01 1.0000000000e-03
2.5100000000e+02 1.3139749877e-02 1.3478855602e-02 1.2781141326e-02 5.1398302472e-01 4.8601660350e-01 1.0000000000e-03
2.5200000000e+02 1.3104790822e-02 1.3441065326e-02 1.2749288231e-02 5.1390537420e-01 4.8609425302e-01 1.0000000000e-03
2.5300000000e+02 1.3070064597e-02 1.3405865058e-02 1.2715159915e-02 5.1383694202e-01 4.8616268420e-01 1.0000000000e-03
2.5400000000e+02 1.3035535812e-02 1.3371571898e-02 1.2680461630e-02 5.1377963181e-01 4.8621999340e-01 1.0000000000e-03
2.5500000000e+02 1.3001233339e-02 1.3335213065e-02 1.2648412026e-02 5.1372325245e-01 4.8627637175e-01 1.0000000000e-03
2.5600000000e+02 1.2967064977e-02 1.3299593702e-02 1.2615852989e-02 5.1367008342e-01 4.8632953978e-01 1.0000000000e-03
2.5700000000e+02 1.2933181599e-02 1.3263305649e-02 1.2584583834e-02 5.1361597057e-01 4.8638365162e-01 1.0000000000e-03
2.5800000000e+02 1.2899429537e-02 1.3230965473e-02 1.2549396604e-02 5.1357622967e-01 4.8642339151e-01 1.0000000000e-03
2.5900000000e+02 1.2865988538e-02 1.3193440624e-02 1.2520335615e-02 5.1352742797e-01 4.8647219220e-01 1.0000000000e-03
2.6000000000e+02 1.2832706794e-02 1.3160755858e-02 1.2486476451e-02 5.1348919182e-01 4.8651042735e-01 1.0000000000e-03
2.6100000000e+02 1.2800006196e-02 1.3115493581e-02 1.2467143126e-02 5.1340742154e-01 4.8659219662e-01 1.0000000000e-03
2.6200000000e+02 1.2767797336e-02 1.3090216555e-02 1.2427677400e-02 5.1336484470e-01 4.8663477246e-01 1.0000000000e-03
2.6300000000e+02 1.2737934478e-02 1.3037500903e-02 1.2422085740e-02 5.1323695196e-01 4.8676266420e-01 1.0000000000e-03
2.6400000000e+02 1.2712638825e-02 1.3040793128e-02 1.2366642244e-02 5.1323991688e-01 4.8675969831e-01 1.0000000000e-03
2.6500000000e+02 1.2703815475e-02 1.2964860536e-02 1.2428876013e-02 5.1297125297e-01 4.8702836132e-01 1.0000000000e-03
2.6600000000e+02 1.2739833444e-02 1.3064175844e-02 1.2398211285e-02 5.1298184932e-01 4.8701776427e-01 1.0000000000e-03
2.6700000000e+02 1.2920821086e-02 1.2982502580e-02 1.2856134214e-02 5.1192817867e-01 4.8807143485e-01 1.0000000000e-03
2.6800000000e+02 1.3502984308e-02 1.3572209515e-02 1.3430655934e-02 5.1099745064e-01 4.8900216450e-01 1.0000000000e-03
2.6900000000e+02 1.5107505023e-02 1.3894680887e-02 1.6349008307e-02 5.0584010435e-01 4.9415951622e-01 1.0000000000e-03
2.7000000000e+02 1.8047189340e-02 1.6180180013e-02 1.9914831966e-02 5.0008271854e-01 4.9991691226e-01 1.0000000000e-03
2.7100000000e+02 2.0590618253e-02 1.5910523012e-02 2.5067474693e-02 4.8890142707e-01 5.1109821625e-01 1.0000000000e-03
2.7200000000e+02 1.7249049619e-02 1.6333129257e-02 1.8120018765e-02 4.8741805400e-01 5.1258159596e-01 1.0000000000e-03
2.7300000000e+02 1.2671379372e-02 1.3416464441e-02 1.1951025575e-02 4.9156464688e-01 5.0843499867e-01 1.0000000000e-03
2.7400000000e+02 1.4182424173e-02 1.3883808628e-02 1.4470919035e-02 4.9137286947e-01 5.0862677625e-01 1.0000000000e-03
2.7500000000e+02 1.6698060557e-02 1.5879876912e-02 1.7483642325e-02 4.8983209667e-01 5.1016755451e-01 1.0000000000e-03
2.7600000000e+02 1.4111908153e-02 1.4090941288e-02 1.4132125303e-02 4.9077590769e-01 5.0922374294e-01 1.0000000000e-03
2.7700000000e+02 1.2456058525e-02 1.3550331816e-02 1.1378931813e-02 4.9605341775e-01 5.0394622771e-01 1.0000000000e-03
2.7800000000e+02 1.4898017980e-02 1.4823873527e-02 1.4971054159e-02 4.9620106986e-01 5.0379857748e-01 1.0000000000e-03
2.7900000000e+02 1.4253601432e-02 1.3927485794e-02 1.4573841356e-02 4.9544704141e-01 5.0455260612e-01 1.0000000000e-03
2.8000000000e+02 1.2240434065e-02 1.3164924458e-02 1.1317148805e-02 4.9967604728e-01 5.0032359465e-01 1.0000000000e-03
2.8100000000e+02 1.3886759989e-02 1.4153362252e-02 1.3619450852e-02 5.0066963651e-01 4.9933000521e-01 1.0000000000e-03
2.8200000000e+02 1.3790555298e-02 1.3330416754e-02 1.4248751104e-02 4.9893774950e-01 5.0106189179e-01 1.0000000000e-03
2.8300000000e+02 1.2167129666e-02 1.2970446609e-02 1.1356195435e-02 5.0236181946e-01 4.9763781659e-01 1.0000000000e-03
2.8400000000e+02 1.3369273394e-02 1.3655565679e-02 1.3079299591e-02 5.0320336106e-01 4.9679627399e-01 1.0000000000e-03
2.8500000000e+02 1.3289319351e-02 1.3237758540e-02 1.3341447338e-02 5.0268794997e-01 4.9731168395e-01 1.0000000000e-03
2.8600000000e+02 1.2092636898e-02 1.2801589444e-02 1.1368257925e-02 5.0538425629e-01 4.9461537286e-01 1.0000000000e-03
2.8700000000e+02 1.3036444783e-02 1.3323406689e-02 1.2742569670e-02 5.0595997806e-01 4.9403964981e-01 1.0000000000e-03
2.8800000000e+02 1.2854648754e-02 1.2979924679e-02 1.2726413086e-02 5.0585705223e-01 4.9414257395e-01 1.0000000000e-03
2.8900000000e+02 1.2031309307e-02 1.2760349549e-02 1.1277497746e-02 5.0835573549e-01 4.9164388648e-01 1.0000000000e-03
2.9000000000e+02 1.2790559791e-02 1.3255911879e-02 1.2307432480e-02 5.0937529681e-01 4.9062432384e-01 1.0000000000e-03
2.9100000000e+02 1.2489847839e-02 1.2647257186e-02 1.2326624244e-02 5.0907968339e-01 4.9091993515e-01 1.0000000000e-03
2.9200000000e+02 1.1983195320e-02 1.2420366518e-02 1.1528126895e-02 5.1003452378e-01 4.8996509115e-01 1.0000000000e-03
2.9300000000e+02 1.2572679669e-02 1.2736392207e-02 1.2402500026e-02 5.0969514611e-01 4.9030446756e-01 1.0000000000e-03
2.9400000000e+02 1.2218503281e-02 1.2360583991e-02 1.2071036734e-02 5.0931817740e-01 4.9068143396e-01 1.0000000000e-03
2.9500000000e+02 1.1937957257e-02 1.2271797284e-02 1.1590759270e-02 5.0981333948e-01 4.9018626885e-01 1.0000000000e-03
2.9600000000e+02 1.2366782874e-02 1.2576936744e-02 1.2148323469e-02 5.0969873675e-01 4.9030087029e-01 1.0000000000e-03
2.9700000000e+02 1.2020677328e-02 1.2254265137e-02 1.1777836829e-02 5.0972007498e-01 4.9027952975e-01 1.0000000000e-03
2.9800000000e+02 1.1886157095e-02 1.2229208834e-02 1.1528794654e-02 5.1022210524e-01 4.8977749692e-01 1.0000000000e-03
2.9900000000e+02 1.2178812176e-02 1.2552811764e-02 1.1788355187e-02 5.1077016920e-01 4.8922943167e-01 1.0000000000e-03
3.0000000000e+02 1.1875538155e-02 1.2257785536e-02 1.1475557461e-02 5.1134108225e-01 4.8865851640e-01 1.0000000000e-03
3.0100000000e+02 1.1829079129e-02 1.2228346430e-02 1.1410290375e-02 5.1193728892e-01 4.8806230756e-01 1.0000000000e-03
3.0200000000e+02 1.2016009539e-02 1.2364570983e-02 1.1649977416e-02 5.1223137329e-01 4.8776822190e-01 1.0000000000e-03
3.0300000000e+02 1.1764612049e-02 1.2063521892e-02 1.1450620368e-02 5.1231147563e-01 4.8768811751e-01 1.0000000000e-03
3.0400000000e+02 1.1760175228e-02 1.1986681260e-02 1.1522473767e-02 5.1206759727e-01 4.8793199402e-01 1.0000000000e-03
3.0500000000e+02 1.1874113232e-02 1.2094984762e-02 1.1642561294e-02 5.1181378626e-01 4.8818580378e-01 1.0000000000e-03
3.0600000000e+02 1.1674666777e-02 1.1893136427e-02 1.1445837095e-02 5.1159065273e-01 4.8840893545e-01 1.0000000000e-03
3.0700000000e+02 1.1683622375e-02 1.1860177852e-02 1.1498982087e-02 5.1120470090e-01 4.8879488566e-01 1.0000000000e-03
3.0800000000e+02 1.1753750965e-02 1.1976556852e-02 1.1520880274e-02 5.1105383950e-01 4.8894574585e-01 1.0000000000e-03
3.0900000000e+02 1.1599222198e-02 1.1807052419e-02 1.1382170022e-02 5.1086455400e-01 4.8913502969e-01 1.0000000000e-03
3.1000000000e+02 1.1606424116e-02 1.1808521114e-02 1.1395526119e-02 5.1066799684e-01 4.8933158538e-01 1.0000000000e-03
3.1100000000e+02 1.1651533656e-02 1.1928282678e-02 1.1362556368e-02 5.1081565763e-01 4.8918392344e-01 1.0000000000e-03
3.1200000000e+02 1.1533269659e-02 1.1832274497e-02 1.1220745742e-02 5.1106042239e-01 4.8893915719e-01 1.0000000000e-03
3.1300000000e+02 1.1531911790e-02 1.1814774945e-02 1.1236082762e-02 5.1120960878e-01 4.8878996946e-01 1.0000000000e-03
3.1400000000e+02 1.1562411673e-02 1.1863898486e-02 1.1246836744e-02 5.1142363675e-01 4.8857594039e-01 1.0000000000e-03
3.1500000000e+02 1.1471034959e-02 1.1731103063e-02 1.1198794469e-02 5.1144198119e-01 4.8855759463e-01 1.0000000000e-03
3.1600000000e+02 1.1460011825e-02 1.1689076200e-02 1.1220345274e-02 5.1132076988e-01 4.8867880470e-01 1.0000000000e-03
3.1700000000e+02 1.1482043192e-02 1.1733985506e-02 1.1218448170e-02 5.1131172655e-01 4.8868784701e-01 1.0000000000e-03
3.1800000000e+02 1.1411920190e-02 1.1621553451e-02 1.1192761362e-02 5.1112027509e-01 4.8887929728e-01 1.0000000000e-03
3.1900000000e+02 1.1392829008e-02 1.1589291506e-02 1.1187627912e-02 5.1088995904e-01 4.8910961219e-01 1.0000000000e-03
3.2000000000e+02 1.1408996768e-02 1.1627427302e-02 1.1180951260e-02 5.1077969524e-01 4.8921987502e-01 1.0000000000e-03
3.2100000000e+02 1.1355955154e-02 1.1570811272e-02 1.1131739244e-02 5.1066871362e-01 4.8933085557e-01 1.0000000000e-03
3.2200000000e+02 1.1329665780e-02 1.1587485671e-02 1.1060510762e-02 5.1076522260e-01 4.8923434552e-01 1.0000000000e-03
3.2300000000e+02 1.1340169236e-02 1.1646605097e-02 1.1019864120e-02 5.1107120657e-01 4.8892836061e-01 1.0000000000e-03
3.2400000000e+02 1.1301610619e-02 1.1587710120e-02 1.1002337560e-02 5.1125970580e-01 4.8873986040e-01 1.0000000000e-03
3.2500000000e+02 1.1271344498e-02 1.1566515081e-02 1.0962318629e-02 5.1147465280e-01 4.8852491239e-01 1.0000000000e-03
3.2600000000e+02 1.1275225319e-02 1.1564703658e-02 1.0971955024e-02 5.1164224132e-01 4.8835732298e-01 1.0000000000e-03
3.2700000000e+02 1.1247943155e-02 1.1484280229e-02 1.1000434868e-02 5.1155393730e-01 4.8844562609e-01 1.0000000000e-03
3.2800000000e+02 1.1216308922e-02 1.1457128450e-02 1.0964163579e-02 5.1149784385e-01 4.8850171861e-01 1.0000000000e-03
3.2900000000e+02 1.1212971061e-02 1.1441608891e-02 1.0973679833e-02 5.1139180879e-01 4.8860775281e-01 1.0000000000e-03
3.3000000000e+02 1.1194363236e-02 1.1375447735e-02 1.1005082168e-02 5.1108003326e-01 4.8891952750e-01 1.0000000000e-03
3.3100000000e+02 1.1164588854e-02 1.1361206882e-02 1.0959237814e-02 5.1087245753e-01 4.8912710235e-01 1.0000000000e-03
3.3200000000e+02 1.1153784581e-02 1.1358586140e-02 1.0940015316e-02 5.1072374740e-01 4.8927581165e-01 1.0000000000e-03
3.3300000000e+02 1.1140901595e-02 1.1332884431e-02 1.0940668173e-02 5.1053180267e-01 4.8946775558e-01 1.0000000000e-03
3.3400000000e+02 1.1115809903e-02 1.1352082714e-02 1.0869346559e-02 5.1056479452e-01 4.8943476290e-01 1.0000000000e-03
3.3500000000e+02 1.1098993942e-02 1.1345872656e-02 1.0841385461e-02 5.1064517696e-01 4.8935437964e-01 1.0000000000e-03
3.3600000000e+02 1.1088589206e-02 1.1316392571e-02 1.0850898921e-02 5.1063059232e-01 4.8936896352e-01 1.0000000000e-03
3.3700000000e+02 1.1069340631e-02 1.1316763237e-02 1.0811095126e-02 5.1071011515e-01 4.8928943991e-01 1.0000000000e-03
3.3800000000e+02 1.1048533022e-02 1.1286526918e-02 1.0800098069e-02 5.1074026470e-01 4.8925928958e-01 1.0000000000e-03
3.3900000000e+02 1.1036839336e-02 1.1252211407e-02 1.0812091641e-02 5.1066357217e-01 4.8933598136e-01 1.0000000000e-03
3.4000000000e+02 1.1022524908e-02 1.1239624582e-02 1.0796026327e-02 5.1060373855e-01 4.8939581424e-01 1.0000000000e-03
3.4100000000e+02 1.1001095176e-02 1.1190932244e-02 1.0803185403e-02 5.1042482007e-01 4.8957473197e-01 1.0000000000e-03
3.4200000000e+02 1.0986896232e-02 1.1158980429e-02 1.0807667859e-02 5.1018196486e-01 4.8981758646e-01 1.0000000000e-03
3.4300000000e+02 1.0975442827e-02 1.1157163419e-02 1.0786308907e-02 5.1000876760e-01 4.8999078302e-01 1.0000000000e-03
3.4400000000e+02 1.0956279002e-02 1.1134948581e-02 1.0770444758e-02 5.0983986325e-01 4.9015968665e-01 1.0000000000e-03
3.4500000000e+02 1.0940042324e-02 1.1136305518e-02 1.0735965334e-02 5.0977103110e-01 4.9022851809e-01 1.0000000000e-03
3.4600000000e+02 1.0928455740e-02 1.1142287403e-02 1.0706090368e-02 5.0979214131e-01 4.9020740719e-01 1.0000000000e-03
3.4700000000e+02 1.0912660509e-02 1.1121302843e-02 1.0695694946e-02 5.0978830818e-01 4.9021123963e-01 1.0000000000e-03
3.4800000000e+02 1.0896368884e-02 1.1116494425e-02 1.0667415336e-02 5.0984021264e-01 4.9015933449e-01 1.0000000000e-03
3.4900000000e+02 1.0882634670e-02 1.1101741344e-02 1.0654701851e-02 5.0988354056e-01 4.9011600589e-01 1.0000000000e-03
3.5000000000e+02 1.0868998244e-02 1.1069761589e-02 1.0660186410e-02 5.0983758405e-01 4.9016196174e-01 1.0000000000e-03
3.5100000000e+02 1.0854434222e-02 1.1051620357e-02 1.0649390519e-02 5.0978055587e-01 4.9021898926e-01 1.0000000000e-03
3.5200000000e+02 1.0838935152e-02 1.1017838493e-02 1.0653003119e-02 5.0964424241e-01 4.9035530207e-01 1.0000000000e-03
3.5300000000e+02 1.0825702921e-02 1.0989324190e-02 1.0655786842e-02 5.0945026280e-01 4.9054928102e-01 1.0000000000e-03
3.5400000000e+02 1.0813125409e-02 1.0982220992e-02 1.0637628846e-02 5.0930214767e-01 4.9069739552e-01 1.0000000000e-03
3.5500000000e+02 1.0797686875e-02 1.0965695605e-02 1.0623414069e-02 5.0916462742e-01 4.9083491513e-01 1.0000000000e-03
3.5600000000e+02 1.0783994570e-02 1.0961239226e-02 1.0600199923e-02 5.0908537488e-01 4.9091416704e-01 1.0000000000e-03
3.5700000000e+02 1.0771965608e-02 1.0961625725e-02 1.0575303808e-02 5.0907369629e-01 4.9092584501e-01 1.0000000000e-03
3.5800000000e+02 1.0758074000e-02 1.0948148556e-02 1.0560988449e-02 5.0906629286e-01 4.9093324781e-01 1.0000000000e-03
3.5900000000e+02 1.0744743049e-02 1.0945878923e-02 1.0536149144e-02 5.0911329697e-01 4.9088624308e-01 1.0000000000e-03
3.6000000000e+02 1.0731943883e-02 1.0936086997e-02 1.0520181619e-02 5.0917113669e-01 4.9082840275e-01 1.0000000000e-03
3.6100000000e+02 1.0719246231e-02 1.0915945284e-02 1.0515191592e-02 5.0918897926e-01 4.9081055957e-01 1.0000000000e-03
3.6200000000e+02 1.0706941597e-02 1.0901015252e-02 1.0505607352e-02 5.0919362197e-01 4.9080591627e-01 1.0000000000e-03
3.6300000000e+02 1.0693497024e-02 1.0873804800e-02 1.0506489314e-02 5.0913324074e-01 4.9086629690e-01 1.0000000000e-03
3.6400000000e+02 1.0681047104e-02 1.0851437226e-02 1.0504397564e-02 5.0903241007e-01 4.9096712698e-01 1.0000000000e-03
3.6500000000e+02 1.0669420473e-02 1.0838673450e-02 1.0494017042e-02 5.0893695805e-01 4.9106257842e-01 1.0000000000e-03
3.6600000000e+02 1.0656531900e-02 1.0821045376e-02 1.0486114770e-02 5.0882919628e-01 4.9117033961e-01 1.0000000000e-03
3.6700000000e+02 1.0644364171e-02 1.0814670473e-02 1.0467994027e-02 5.0876071012e-01 4.9123882520e-01 1.0000000000e-03
3.6800000000e+02 1.0632554069e-02 1.0808848776e-02 1.0450005531e-02 5.0872860057e-01 4.9127093418e-01 1.0000000000e-03
3.6900000000e+02 1.0620606132e-02 1.0800432414e-02 1.0434406810e-02 5.0871756816e-01 4.9128196601e-01 1.0000000000e-03
3.7000000000e+02 1.0609218851e-02 1.0798829608e-02 1.0412860662e-02 5.0875558977e-01 4.9124394384e-01 1.0000000000e-03
3.7100000000e+02 1.0597154498e-02 1.0787206702e-02 1.0400306433e-02 5.0879304518e-01 4.9120648788e-01 1.0000000000e-03
3.7200000000e+02 1.0585652664e-02 1.0772555135e-02 1.0392053984e-02 5.0881262561e-01 4.9118690689e-01 1.0000000000e-03
3.7300000000e+02 1.0574644431e-02 1.0756376199e-02 1.0386404581e-02 5.0880627503e-01 4.9119325693e-01 1.0000000000e-03
3.7400000000e+02 1.0562958196e-02 1.0732595809e-02 1.0387292132e-02 5.0874310810e-01 4.9125642331e-01 1.0000000000e-03
3.7500000000e+02 1.0551830754e-02 1.0715976357e-02 1.0381908156e-02 5.0866048340e-01 4.9133904747e-01 1.0000000000e-03
3.7600000000e+02 1.0540697724e-02 1.0699951090e-02 1.0375904851e-02 5.0856317272e-01 4.9143635761e-01 1.0000000000e-03
3.7700000000e+02 1.0529638268e-02 1.0685696267e-02 1.0368217714e-02 5.0846079698e-01 4.9153873283e-01 1.0000000000e-03
3.7800000000e+02 1.0519098490e-02 1.0678951629e-02 1.0353799909e-02 5.0838765839e-01 4.9161187089e-01 1.0000000000e-03
3.7900000000e+02 1.0508022271e-02 1.0669892654e-02 1.0340675712e-02 5.0833232396e-01 4.9166720479e-01 1.0000000000e-03
3.8000000000e+02 1.0497432202e-02 1.0665544309e-02 1.0323644616e-02 5.0831353354e-01 4.9168599470e-01 1.0000000000e-03
3.8100000000e+02 1.0487075895e-02 1.0660961270e-02 1.0307312012e-02 5.0832545203e-01 4.9167407569e-01 1.0000000000e-03
3.8200000000e+02 1.0476488620e-02 1.0650768876e-02 1.0296307504e-02 5.0833897049e-01 4.9166055672e-01 1.0000000000e-03
3.8300000000e+02 1.0466368869e-02 1.0641068220e-02 1.0285743512e-02 5.0835401915e-01 4.9164550756e-01 1.0000000000e-03
3.8400000000e+02 1.0455929674e-02 1.0625041090e-02 1.0281089693e-02 5.0834120185e-01 4.9165832435e-01 1.0000000000e-03
3.8500000000e+02 1.0445774533e-02 1.0608957149e-02 1.0277092457e-02 5.0830152231e-01 4.9169800340e-01 1.0000000000e-03
3.8600000000e+02 1.0435884818e-02 1.0594397783e-02 1.0272065178e-02 5.0824371576e-01 4.9175580945e-01 1.0000000000e-03
3.8700000000e+02 1.0425712913e-02 1.0578043759e-02 1.0268337093e-02 5.0816215062e-01 4.9183737410e-01 1.0000000000e-03
3.8800000000e+02 1.0415975004e-02 1.0567051359e-02 1.0259942152e-02 5.0808319766e-01 4.9191632658e-01 1.0000000000e-03
3.8900000000e+02 1.0406072251e-02 1.0556785390e-02 1.0250460356e-02 5.0801095534e-01 4.9198856841e-01 1.0000000000e-03
3.9000000000e+02 1.0396360420e-02 1.0549748316e-02 1.0238020681e-02 5.0795962156e-01 4.9203990171e-01 1.0000000000e-03
3.9100000000e+02 1.0386947542e-02 1.0545967147e-02 1.0222803801e-02 5.0794163801e-01 4.9205788478e-01 1.0000000000e-03
3.9200000000e+02 1.0377289727e-02 1.0539221577e-02 1.0210142471e-02 5.0794043574e-01 4.9205908658e-01 1.0000000000e-03
3.9300000000e+02 1.0368010029e-02 1.0532870889e-02 1.0197826661e-02 5.0795445486e-01 4.9204506699e-01 1.0000000000e-03
3.9400000000e+02 1.0358659551e-02 1.0522236116e-02 1.0189798661e-02 5.0796150729e-01 4.9203801409e-01 1.0000000000e-03
3.9500000000e+02 1.0349391028e-02 1.0509442538e-02 1.0184176266e-02 5.0795124161e-01 4.9204827931e-01 1.0000000000e-03
3.9600000000e+02 1.0340362787e-02 1.0496671312e-02 1.0179030709e-02 5.0792424240e-01 4.9207527807e-01 1.0000000000e-03
3.9700000000e+02 1.0331137106e-02 1.0481609963e-02 1.0175862350e-02 5.0787183480e-01 4.9212768521e-01 1.0000000000e-03
3.9800000000e+02 1.0322242044e-02 1.0469460860e-02 1.0170361027e-02 5.0780919654e-01 4.9219032301e-01 1.0000000000e-03
3.9900000000e+02 1.0313285515e-02 1.0458071716e-02 1.0163956322e-02 5.0774136207e-01 4.9225815704e-01 1.0000000000e-03
4.0000000000e+02 1.0304458439e-02 1.0449514724e-02 1.0154886171e-02 5.0768216635e-01 4.9231735231e-01 1.0000000000e-03
4.0100000000e+02 1.0295819491e-02 1.0444086976e-02 1.0142958723e-02 5.0764527881e-01 4.9235423942e-01 1.0000000000e-03
4.0200000000e+02 1.0287078097e-02 1.0438021272e-02 1.0131469928e-02 5.0762588651e-01 4.9237363128e-01 1.0000000000e-03
4.0300000000e+02 1.0278625414e-02 1.0433061980e-02 1.0119415820e-02 5.0762631050e-01 4.9237320685e-01 1.0000000000e-03
4.0400000000e+02 1.0270101950e-02 1.0425393470e-02 1.0110007599e-02 5.0763156247e-01 4.9236795445e-01 1.0000000000e-03
4.0500000000e+02 1.0261695832e-02 1.0416402481e-02 1.0102203116e-02 5.0763402651e-01 4.9236548998e-01 1.0000000000e-03
4.0600000000e+02 1.0253423825e-02 1.0406084359e-02 1.0096045211e-02 5.0762671360e-01 4.9237280247e-01 1.0000000000e-03
4.0700000000e+02 1.0245082900e-02 1.0393441655e-02 1.0092154145e-02 5.0759938175e-01 4.9240013389e-01 1.0000000000e-03
4.0800000000e+02 1.0236978531e-02 1.0381747968e-02 1.0087775066e-02 5.0755749343e-01 4.9244202180e-01 1.0000000000e-03
4.0900000000e+02 1.0228782892e-02 1.0369588621e-02 1.0083697736e-02 5.0750060670e-01 4.9249890811e-01 1.0000000000e-03
4.1000000000e+02 1.0220780969e-02 1.0360060260e-02 1.0077302344e-02 5.0744228836e-01 4.9255722604e-01 1.0000000000e-03
4.1100000000e+02 1.0212814435e-02 1.0352388024e-02 1.0069062933e-02 5.0739172951e-01 4.9260778448e-01 1.0000000000e-03
4.1200000000e+02 1.0204890743e-02 1.0345943272e-02 1.0059636086e-02 5.0735407314e-01 4.9264544044e-01 1.0000000000e-03
4.1300000000e+02 1.0197149590e-02 1.0341002606e-02 1.0049022734e-02 5.0733462798e-01 4.9266488520e-01 1.0000000000e-03
4.1400000000e+02 1.0189350694e-02 1.0334799998e-02 1.0039587505e-02 5.0732560990e-01 4.9267390289e-01 1.0000000000e-03
4.1500000000e+02 1.0181736201e-02 1.0328579694e-02 1.0030536912e-02 5.0732498793e-01 4.9267452446e-01 1.0000000000e-03
4.1600000000e+02 1.0174117051e-02 1.0320167989e-02 1.0023735464e-02 5.0732101790e-01 4.9267849409e-01 1.0000000000e-03
4.1700000000e+02 1.0166588239e-02 1.0310480371e-02 1.0018439032e-02 5.0730718153e-01 4.9269233008e-01 1.0000000000e-03
4.1800000000e+02 1.0159151629e-02 1.0299873538e-02 1.0014280677e-02 5.0727937898e-01 4.9272013223e-01 1.0000000000e-03
4.1900000000e+02 1.0151686147e-02 1.0288677178e-02 1.0010680184e-02 5.0723615946e-01 4.9276335138e-01 1.0000000000e-03
4.2000000000e+02 1.0144390166e-02 1.0279193521e-02 1.0005663149e-02 5.0718674161e-01 4.9281276884e-01 1.0000000000e-03
4.2100000000e+02 1.0137059726e-02 1.0270409286e-02 9.9998591468e-03 5.0713539952e-01 4.9286411055e-01 1.0000000000e-03
4.2200000000e+02 1.0129889473e-02 1.0263943113e-02 9.9919876084e-03 5.0709313302e-01 4.9290637667e-01 1.0000000000e-03
4.2300000000e+02 1.0122723877e-02 1.0258062743e-02 9.9835181609e-03 5.0706196449e-01 4.9293754483e-01 1.0000000000e-03
4.2400000000e+02 1.0115661658e-02 1.0252915323e-02 9.9744955078e-03 5.0704396704e-01 4.9295554191e-01 1.0000000000e-03
4.2500000000e+02 1.0108667426e-02 1.0247602127e-02 9.9657764658e-03 5.0703667182e-01 4.9296283677e-01 1.0000000000e-03
4.2600000000e+02 1.0101698339e-02 1.0241003707e-02 9.9584283307e-03 5.0703244320e-01 4.9296706502e-01 1.0000000000e-03
4.2700000000e+02 1.0094843805e-02 1.0233613662e-02 9.9521279335e-03 5.0702641278e-01 4.9297309508e-01 1.0000000000e-03
4.2800000000e+02 1.0087965988e-02 1.0224374011e-02 9.9476883188e-03 5.0700956046e-01 4.9298994704e-01 1.0000000000e-03
4.2900000000e+02 1.0081211105e-02 1.0215136223e-02 9.9435029551e-03 5.0698231838e-01 4.9301718877e-01 1.0000000000e-03
4.3000000000e+02 1.0074468330e-02 1.0205562226e-02 9.9396910518e-03 5.0694394680e-01 4.9305555999e-01 1.0000000000e-03
4.3100000000e+02 1.0067828000e-02 1.0197201744e-02 9.9348407239e-03 5.0690112757e-01 4.9309837887e-01 1.0000000000e-03
4.3200000000e+02 1.0061215609e-02 1.0189843364e-02 9.9290190265e-03 5.0685919810e-01 4.9314030799e-01 1.0000000000e-03
4.3300000000e+02 1.0054652579e-02 1.0183666833e-02 9.9220778793e-03 5.0682378596e-01 4.9317571978e-01 1.0000000000e-03
4.3400000000e+02 1.0048199445e-02 1.0178566910e-02 9.9142482504e-03 5.0679912637e-01 4.9320037903e-01 1.0000000000e-03
4.3500000000e+02 1.0041744448e-02 1.0173472576e-02 9.9064027891e-03 5.0678420704e-01 4.9321529802e-01 1.0000000000e-03
4.3600000000e+02 1.0035412386e-02 1.0168442503e-02 9.8987370729e-03 5.0677776740e-01 4.9322173732e-01 1.0000000000e-03
4.3700000000e+02 1.0029062629e-02 1.0161972605e-02 9.8925130442e-03 5.0677178407e-01 4.9322772031e-01 1.0000000000e-03
4.3800000000e+02 1.0022843257e-02 1.0154904798e-02 9.8871719092e-03 5.0676250740e-01 4.9323699665e-01 1.0000000000e-03
4.3900000000e+02 1.0016595013e-02 1.0146534070e-02 9.8831132054e-03 5.0674380876e-01 4.9325569496e-01 1.0000000000e-03
4.4000000000e+02 1.0010458529e-02 1.0138311423e-02 9.8791336641e-03 5.0671678230e-01 4.9328272109e-01 1.0000000000e-03
4.4100000000e+02 1.0004326701e-02 1.0130048729e-02 9.8752100021e-03 5.0668200811e-01 4.9331749496e-01 1.0000000000e-03
4.4200000000e+02 9.9982740358e-03 1.0122790933e-02 9.8704118282e-03 5.0664494424e-01 4.9335455850e-01 1.0000000000e-03
4.4300000000e+02 9.9922632799e-03 1.0116402060e-02 9.8648089916e-03 5.0660999860e-01 4.9338950382e-01 1.0000000000e-03
4.4400000000e+02 9.9863149226e-03 1.0111039504e-02 9.8582729697e-03 5.0658186081e-01 4.9341764129e-01 1.0000000000e-03
4.4500000000e+02 9.9804140627e-03 1.0106329806e-02 9.8511595279e-03 5.0656293387e-01 4.9343656792e-01 1.0000000000e-03
4.4600000000e+02 9.9745718762e-03 1.0101479478e-02 9.8443040624e-03 5.0655130126e-01 4.9344820021e-01 1.0000000000e-03
4.4700000000e+02 9.9687799811e-03 1.0096306913e-02 9.8378807306e-03 5.0654434416e-01 4.9345515700e-01 1.0000000000e-03
4.4800000000e+02 9.9630160257e-03 1.0090081021e-02 9.8325964063e-03 5.0653609419e-01 4.9346340666e-01 1.0000000000e-03
4.4900000000e+02 9.9573228508e-03 1.0083362460e-02 9.8279602826e-03 5.0652380843e-01 4.9347569211e-01 1.0000000000e-03
4.5000000000e+02 9.9516380578e-03 1.0075800121e-02 9.8242126405e-03 5.0650353109e-01 4.9349596915e-01 1.0000000000e-03
4.5100000000e+02 9.9460538477e-03 1.0068509728e-02 9.8203951493e-03 5.0647690376e-01 4.9352259618e-01 1.0000000000e-03
4.5200000000e+02 9.9404389039e-03 1.0061197914e-02 9.8165366799e-03 5.0644460320e-01 4.9355489643e-01 1.0000000000e-03
4.5300000000e+02 9.9349627271e-03 1.0055113584e-02 9.8116993904e-03 5.0641273251e-01 4.9358676682e-01 1.0000000000e-03
4.5400000000e+02 9.9294371903e-03 1.0049400851e-02 9.8063815385e-03 5.0638339483e-01 4.9361610421e-01 1.0000000000e-03
4.5500000000e+02 9.9240588024e-03 1.0044969618e-02 9.8000420257e-03 5.0636213100e-01 4.9363736775e-01 1.0000000000e-03
4.5600000000e+02 9.9186385050e-03 1.0040160269e-02 9.7940014675e-03 5.0634643486e-01 4.9365306359e-01 1.0000000000e-03
4.5700000000e+02 9.9133569747e-03 1.0035943240e-02 9.7876321524e-03 5.0633806831e-01 4.9366142985e-01 1.0000000000e-03
4.5800000000e+02 9.9080055952e-03 1.0030279867e-02 9.7826067358e-03 5.0632926634e-01 4.9367023153e-01 1.0000000000e-03
4.5900000000e+02 9.9028283730e-03 1.0024998337e-02 9.7775394097e-03 5.0632113034e-01 4.9367836725e-01 1.0000000000e-03
4.6000000000e+02 9.8975189030e-03 1.0017826222e-02 9.7741503268e-03 5.0630458435e-01 4.9369491295e-01 1.0000000000e-03
4.6100000000e+02 9.8924897611e-03 1.0011943989e-02 9.7700040787e-03 5.0628561723e-01 4.9371387979e-01 1.0000000000e-03
4.6200000000e+02 9.8872128874e-03 1.0004288517e-02 9.7671803087e-03 5.0625665205e-01 4.9374284469e-01 1.0000000000e-03
4.6300000000e+02 9.8823383451e-03 9.9996151403e-03 9.7621111199e-03 5.0623188046e-01 4.9376761601e-01 1.0000000000e-03
4.6400000000e+02 9.8770689219e-03 9.9925361574e-03 9.7587099299e-03 5.0620059458e-01 4.9379890161e-01 1.0000000000e-03
4.6500000000e+02 9.8724514246e-03 9.9901184440e-03 9.7518470138e-03 5.0618397380e-01 4.9381552212e-01 1.0000000000e-03
4.6600000000e+02 9.8671577871e-03 9.9828783423e-03 9.7485603765e-03 5.0615931885e-01 4.9384017680e-01 1.0000000000e-03
4.6700000000e+02 9.8629817367e-03 9.9826538935e-03 9.7403340042e-03 5.0615766957e-01 4.9384182581e-01 1.0000000000e-03
4.6800000000e+02 9.8576731980e-03 9.9729653448e-03 9.7395284101e-03 5.0613398096e-01 4.9386551415e-01 1.0000000000e-03
4.6900000000e+02 9.8545122892e-03 9.9753104150e-03 9.7307190299e-03 5.0614115755e-01 4.9385833730e-01 1.0000000000e-03
4.7000000000e+02 9.8495222628e-03 9.9604483694e-03 9.7358683124e-03 5.0609712286e-01 4.9390237174e-01 1.0000000000e-03
4.7100000000e+02 9.8490659148e-03 9.9689718336e-03 9.7262058407e-03 5.0610369308e-01 4.9389580128e-01 1.0000000000e-03
4.7200000000e+02 9.8463743925e-03 9.9463853985e-03 9.7439419478e-03 5.0600736639e-01 4.9399212775e-01 1.0000000000e-03
4.7300000000e+02 9.8549965769e-03 9.9712414667e-03 9.7359372303e-03 5.0600360540e-01 4.9399588858e-01 1.0000000000e-03
4.7400000000e+02 9.8646432161e-03 9.9376533180e-03 9.7899362445e-03 5.0577761143e-01 4.9422188247e-01 1.0000000000e-03
4.7500000000e+02 9.9082775414e-03 1.0004580021e-02 9.8097678274e-03 5.0569141856e-01 4.9430807548e-01 1.0000000000e-03
4.7600000000e+02 9.9794436246e-03 9.9618192762e-03 9.9974367768e-03 5.0503302617e-01 4.9496646836e-01 1.0000000000e-03
4.7700000000e+02 1.0172987357e-02 1.0152373463e-02 1.0193981230e-02 5.0442745033e-01 4.9557204560e-01 1.0000000000e-03
4.7800000000e+02 1.0546829551e-02 1.0153901763e-02 1.0943103582e-02 5.0211427053e-01 4.9788522840e-01 1.0000000000e-03
4.7900000000e+02 1.1407360435e-02 1.0777842253e-02 1.2034747750e-02 4.9914797228e-01 5.0085153293e-01 1.0000000000e-03
4.8000000000e+02 1.3183274306e-02 1.1112289503e-02 1.5184953809e-02 4.9148963952e-01 5.0850987714e-01 1.0000000000e-03
4.8100000000e+02 1.6446694732e-02 1.3225742616e-02 1.9453575835e-02 4.8281195587e-01 5.1718757853e-01 1.0000000000e-03
4.8200000000e+02 2.1717254072e-02 1.3942614198e-02 2.8538823128e-02 4.6735123857e-01 5.3264831884e-01 1.0000000000e-03
4.8300000000e+02 1.5636980534e-02 1.3869910501e-02 1.7174674198e-02 4.6529349136e-01 5.3470607810e-01 1.0000000000e-03
4.8400000000e+02 1.0938259773e-02 1.0781342164e-02 1.1076359078e-02 4.6808926160e-01 5.3191030516e-01 1.0000000000e-03
4.8500000000e+02 9.9497362971e-03 1.0870468803e-02 9.1144470498e-03 4.7567367612e-01 5.2432588393e-01 1.0000000000e-03
4.8600000000e+02 1.2484237552e-02 1.2143966742e-02 1.2794344686e-02 4.7680231548e-01 5.2319724847e-01 1.0000000000e-03
4.8700000000e+02 1.4678079635e-02 1.2943721376e-02 1.6237724572e-02 4.7347806603e-01 5.2652150725e-01 1.0000000000e-03
4.8800000000e+02 1.3076545671e-02 1.2022920884e-02 1.4019557275e-02 4.7229681928e-01 5.2770275827e-01 1.0000000000e-03
4.8900000000e+02 1.0253725573e-02 1.0876465589e-02 9.6835577860e-03 4.7796814870e-01 5.2203142246e-01 1.0000000000e-03
4.9000000000e+02 1.0124598630e-02 1.0640094057e-02 9.6437307075e-03 4.8262736190e-01 5.1737220285e-01 1.0000000000e-03
4.9100000000e+02 1.1965589598e-02 1.1900312267e-02 1.2026853859e-02 4.8410017413e-01 5.1589939235e-01 1.0000000000e-03
4.9200000000e+02 1.1865730397e-02 1.0806317441e-02 1.2849052437e-02 4.8137243912e-01 5.1862712843e-01 1.0000000000e-03
4.9300000000e+02 1.0079457425e-02 1.0667758062e-02 9.5230573788e-03 4.8606987546e-01 5.1392968581e-01 5.0000000000e-04
4.9400000000e+02 1.0086867958e-02 1.0634209961e-02 9.5607433468e-03 4.9012062143e-01 5.0987893420e-01 5.0000000000e-04
4.9500000000e+02 9.8647139966e-03 1.0492729954e-02 9.2509789392e-03 4.9425320752e-01 5.0574634190e-01 5.0000000000e-04
4.9600000000e+02 1.0133633390e-02 1.0592152365e-02 9.6804527566e-03 4.9707646102e-01 5.0292308413e-01 5.0000000000e-04
4.9700000000e+02 9.7733885050e-03 1.0429207236e-02 9.1156633571e-03 5.0072911654e-01 4.9927042293e-01 5.0000000000e-04
4.9800000000e+02 1.0117654689e-02 1.0567492805e-02 9.6625899896e-03 5.0289270678e-01 4.9710682932e-01 5.0000000000e-04
4.9900000000e+02 9.7686499357e-03 1.0371423326e-02 9.1519178823e-03 5.0572660750e-01 4.9427292376e-01 5.0000000000e-04
5.0000000000e+02 9.9915275350e-03 1.0335428640e-02 9.6380114555e-03 5.0689978230e-01 4.9309974577e-01 5.0000000000e-04
