# time_s Ids_true_A Ids_pred_A Ids_physics_A T_mean_K
3.9035057853e-08 1.0250000000e+01 7.3632507324e+00 1.0474647522e+01 3.3526266479e+02
5.7274974097e-08 1.5515625000e+01 1.6890335083e+01 1.8325107574e+01 3.3625811768e+02
6.6874918048e-08 1.8875000000e+01 2.2013961792e+01 2.3041484833e+01 3.3688717651e+02
7.6474861999e-08 2.1640625000e+01 2.6110946655e+01 2.6824800491e+01 3.3759698486e+02
8.6075033323e-08 2.6281250000e+01 2.8000587463e+01 2.8888021469e+01 3.3833731079e+02
9.5674977274e-08 3.0437500000e+01 3.3698867798e+01 3.4451583862e+01 3.3920806885e+02
1.0527492122e-07 3.3312500000e+01 3.6646011353e+01 3.7436504364e+01 3.4012680054e+02
1.1487486518e-07 3.9062500000e+01 3.8745857239e+01 3.9512977600e+01 3.4106747437e+02
1.2447503650e-07 3.8640625000e+01 4.1525100708e+01 4.2234546661e+01 3.4204901123e+02
1.3407509414e-07 4.2156250000e+01 4.4289215088e+01 4.5019084930e+01 3.4307070923e+02
1.4367492440e-07 4.4312500000e+01 4.7815994263e+01 4.8510623932e+01 3.4415148926e+02
1.5327509573e-07 4.6953125000e+01 5.0713539124e+01 5.1384880066e+01 3.4527416992e+02
1.6287492599e-07 4.9593750000e+01 5.1261940002e+01 5.1925300598e+01 3.4636865234e+02
1.7247509732e-07 5.1593750000e+01 5.2590263367e+01 5.3267227173e+01 3.4746441650e+02
1.8207492758e-07 5.4343750000e+01 5.7618339539e+01 5.8117321014e+01 3.4865957642e+02
1.9167498522e-07 5.7171875000e+01 5.7392761230e+01 5.7970935822e+01 3.4980941772e+02
2.0127492917e-07 5.8734375000e+01 6.3573654175e+01 6.3902530670e+01 3.5108746338e+02
2.1087498681e-07 5.9109375000e+01 6.1716018677e+01 6.2351089478e+01 3.5227572632e+02
2.2047493076e-07 6.1890625000e+01 6.0430900574e+01 6.0829566956e+01 3.5338967896e+02
2.3007498839e-07 6.4281250000e+01 6.1134231567e+01 6.1850360870e+01 3.5449667358e+02
2.3967493235e-07 6.4109375000e+01 6.5211692810e+01 6.5351173401e+01 3.5567163086e+02
2.4927498998e-07 6.7984375000e+01 6.5706947327e+01 6.5725860596e+01 3.5682354736e+02
2.5887493393e-07 6.6250000000e+01 6.8932899475e+01 6.7974227905e+01 3.5800839233e+02
2.6847499157e-07 6.8984375000e+01 6.7887504578e+01 6.8030235291e+01 3.5915838623e+02
2.7807493552e-07 6.9343750000e+01 7.0345878601e+01 6.9771255493e+01 3.6032821655e+02
2.8767499316e-07 6.8906250000e+01 7.3998283386e+01 7.4434806824e+01 3.6158947754e+02
2.9727493711e-07 7.1218750000e+01 6.9138282776e+01 7.0070587158e+01 3.6269628906e+02
3.0687499475e-07 7.4203125000e+01 6.9033905029e+01 6.9985748291e+01 3.6377438354e+02
3.1647493870e-07 7.4828125000e+01 7.1676177979e+01 7.2332771301e+01 3.6489355469e+02
3.2607499634e-07 7.4187500000e+01 7.2827919006e+01 7.3007362366e+01 3.6600778198e+02
3.3567494029e-07 7.7156250000e+01 7.7272994995e+01 7.7577560425e+01 3.6721911621e+02
3.4527499793e-07 7.8125000000e+01 7.9167297363e+01 7.9393646240e+01 3.6845147705e+02
3.5487494188e-07 7.7890625000e+01 7.7224700928e+01 7.7525352478e+01 3.6960528564e+02
3.6447499951e-07 8.1015625000e+01 7.8303596497e+01 7.8906990051e+01 3.7076943970e+02
3.7407494347e-07 7.9328125000e+01 7.8799865723e+01 7.9617660522e+01 3.7192620850e+02
3.8367500110e-07 8.1421875000e+01 7.8085609436e+01 7.8910560608e+01 3.7304049683e+02
3.9327494505e-07 8.0781250000e+01 8.3217704773e+01 8.3995223999e+01 3.7426718140e+02
4.0287500269e-07 8.2187500000e+01 8.4943336487e+01 8.5415245056e+01 3.7550881958e+02
4.1247494664e-07 8.1812500000e+01 8.0394042969e+01 8.0991149902e+01 3.7660739136e+02
4.2207500428e-07 8.4359375000e+01 8.3763092041e+01 8.4437164307e+01 3.7777639771e+02
4.3167494823e-07 8.3968750000e+01 8.7729553223e+01 8.7499877930e+01 3.7900863647e+02
4.4127500587e-07 8.3671875000e+01 8.5851219177e+01 8.6846786499e+01 3.8019223022e+02
4.5087494982e-07 8.4437500000e+01 8.4961677551e+01 8.6112319946e+01 3.8133200073e+02
4.6047500746e-07 8.6234375000e+01 8.4377738953e+01 8.5023811340e+01 3.8242910767e+02
4.7007495141e-07 8.6406250000e+01 8.5878494263e+01 8.6900283813e+01 3.8355358887e+02
4.7967500905e-07 8.7203125000e+01 8.3816894531e+01 8.4841247559e+01 3.8460525513e+02
4.8927495300e-07 8.8093750000e+01 8.7370155334e+01 8.8254959106e+01 3.8573077393e+02
4.9887501063e-07 8.9109375000e+01 9.3896652222e+01 9.4748527527e+01 3.8700671387e+02
5.0847495459e-07 8.9796875000e+01 9.3713745117e+01 9.4430290222e+01 3.8825320435e+02
5.1807501222e-07 9.1953125000e+01 9.2191680908e+01 9.3174041748e+01 3.8944271851e+02
5.2767495617e-07 9.0296875000e+01 9.1697021484e+01 9.2765693665e+01 3.9060043335e+02
5.3727501381e-07 9.2046875000e+01 8.9579338074e+01 9.0264579773e+01 3.9167941284e+02
5.4687495776e-07 9.3140625000e+01 9.2194023132e+01 9.3160514832e+01 3.9281402588e+02
5.5647501540e-07 9.3750000000e+01 9.1716789246e+01 9.2634666443e+01 3.9391802979e+02
5.6607495935e-07 9.4687500000e+01 9.7905975342e+01 9.8568725586e+01 3.9516256714e+02
5.7567501699e-07 9.5234375000e+01 9.4045516968e+01 9.4929534912e+01 3.9628979492e+02
5.8527496094e-07 9.7328125000e+01 9.6728790283e+01 9.7637962341e+01 3.9746936035e+02
5.9487501858e-07 9.6953125000e+01 9.6951225281e+01 9.6823471069e+01 3.9861959839e+02
6.0447507622e-07 9.6015625000e+01 9.8322097778e+01 9.9176567078e+01 3.9980468750e+02
6.1407502017e-07 9.9343750000e+01 9.6292785645e+01 9.6989181519e+01 4.0091812134e+02
6.2367507780e-07 1.0015625000e+02 9.8350822449e+01 9.8832725525e+01 4.0206610107e+02
6.3327502176e-07 1.0110937500e+02 9.8285491943e+01 9.8440902710e+01 4.0319058228e+02
6.4287507939e-07 1.0214062500e+02 1.0028182983e+02 9.9860519409e+01 4.0433975220e+02
6.5247513703e-07 1.0245312500e+02 9.8145370483e+01 9.8441375732e+01 4.0543130493e+02
6.6207508098e-07 1.0110937500e+02 1.0579054260e+02 1.0648307037e+02 4.0670620728e+02
6.7167513862e-07 1.0254687500e+02 1.0022817993e+02 1.0053026581e+02 4.0781738281e+02
6.8127508257e-07 1.0398437500e+02 1.0573612976e+02 1.0622249603e+02 4.0905786133e+02
6.9087514021e-07 1.0367187500e+02 1.0714524841e+02 1.0757100677e+02 4.1030590820e+02
7.0047508416e-07 1.0525000000e+02 1.0675350952e+02 1.0731832123e+02 4.1153607178e+02
7.1007514180e-07 1.0614062500e+02 1.0862699890e+02 1.0926313019e+02 4.1279827881e+02
7.1967497206e-07 1.0751562500e+02 1.0921255493e+02 1.0906872559e+02 4.1404693604e+02
7.2927491601e-07 1.0848437500e+02 1.1023402405e+02 1.1076151276e+02 4.1530627441e+02
7.3887497365e-07 1.0707812500e+02 1.0861305237e+02 1.0893816376e+02 4.1651226807e+02
7.4847491760e-07 1.1039062500e+02 1.1114067078e+02 1.1174140930e+02 4.1776727295e+02
7.5807497524e-07 1.0829687500e+02 1.1032042694e+02 1.1078013611e+02 4.1898281860e+02
7.6767491919e-07 1.0907812500e+02 1.0984384155e+02 1.1012116241e+02 4.2016934204e+02
7.7727497683e-07 1.1153125000e+02 1.1225689697e+02 1.1235309601e+02 4.2140145874e+02
7.8687492078e-07 1.1262500000e+02 1.1386930847e+02 1.1430823517e+02 4.2265728760e+02
7.9647497842e-07 1.1393750000e+02 1.1229078674e+02 1.1243922424e+02 4.2385726929e+02
8.0607492237e-07 1.1392187500e+02 1.1438241577e+02 1.1431267548e+02 4.2509368896e+02
8.1567498000e-07 1.1456250000e+02 1.1425820160e+02 1.1443685150e+02 4.2631179810e+02
8.2527492395e-07 1.1510937500e+02 1.1422656250e+02 1.1424997711e+02 4.2751220703e+02
8.3487498159e-07 1.1634375000e+02 1.1215203094e+02 1.1177142334e+02 4.2863967896e+02
8.4447492554e-07 1.1490625000e+02 1.1921653748e+02 1.1949035645e+02 4.2994458008e+02
8.5407498318e-07 1.1651562500e+02 1.1976417542e+02 1.1994400024e+02 4.3124588013e+02
8.6367492713e-07 1.1792187500e+02 1.1402375793e+02 1.1293388367e+02 4.3236572266e+02
8.7327498477e-07 1.1900000000e+02 1.2571823120e+02 1.2669418335e+02 4.3379998779e+02
8.8287492872e-07 1.2185937500e+02 1.2338610840e+02 1.2374063873e+02 4.3514831543e+02
8.9247498636e-07 1.1900000000e+02 1.1674458313e+02 1.1620606995e+02 4.3629061890e+02
9.0207493031e-07 1.2157812500e+02 1.2208946228e+02 1.2156831360e+02 4.3756301880e+02
9.1167498795e-07 1.2204687500e+02 1.2650559998e+02 1.2716021729e+02 4.3894696045e+02
9.2127493190e-07 1.2129687500e+02 1.2489492798e+02 1.2516407013e+02 4.4026577759e+02
9.3087498954e-07 1.2275000000e+02 1.2434597015e+02 1.2420137024e+02 4.4155133057e+02
9.4047493349e-07 1.2460937500e+02 1.2588549042e+02 1.2606028748e+02 4.4286111450e+02
9.5007499112e-07 1.2767187500e+02 1.2593746185e+02 1.2578723145e+02 4.4415628052e+02
9.5967504876e-07 1.2940625000e+02 1.2681018829e+02 1.2683821869e+02 4.4545849609e+02
9.6927499271e-07 1.2687500000e+02 1.3023124695e+02 1.3081344604e+02 4.4684176636e+02
9.7887505035e-07 1.2704687500e+02 1.2992677307e+02 1.3013302612e+02 4.4819738770e+02
9.8847499430e-07 1.2735937500e+02 1.3271054077e+02 1.3359986877e+02 4.4961645508e+02
9.9807505194e-07 1.3045312500e+02 1.2899464417e+02 1.2893357849e+02 4.5090747070e+02
1.0076749959e-06 1.3432812500e+02 1.2769734955e+02 1.2702950287e+02 4.5214431763e+02
1.0172750535e-06 1.3168750000e+02 1.3018713379e+02 1.2998641968e+02 4.5343539429e+02
1.0268749975e-06 1.3153125000e+02 1.3102008057e+02 1.3082228088e+02 4.5473135376e+02
1.0364750551e-06 1.3259375000e+02 1.3641586304e+02 1.3693865967e+02 4.5617025757e+02
1.0460749991e-06 1.3375000000e+02 1.3846319580e+02 1.3946203613e+02 4.5765234375e+02
1.0556750567e-06 1.3431250000e+02 1.3294660950e+02 1.3263439941e+02 4.5895144653e+02
1.0652750007e-06 1.3601562500e+02 1.3735690308e+02 1.3812922668e+02 4.6036199951e+02
1.0748749446e-06 1.3443750000e+02 1.3570777893e+02 1.3552651978e+02 4.6170571899e+02
1.0844751159e-06 1.3434375000e+02 1.3489070129e+02 1.3461918640e+02 4.6300747681e+02
1.0940749462e-06 1.3759375000e+02 1.3696917725e+02 1.3701617432e+02 4.6435440063e+02
1.1036750038e-06 1.3803125000e+02 1.4065652466e+02 1.4152297974e+02 4.6579653931e+02
1.1132749478e-06 1.3807812500e+02 1.3848574829e+02 1.3841419983e+02 4.6715313721e+02
1.1228750054e-06 1.3812500000e+02 1.4045733643e+02 1.4097906494e+02 4.6854837036e+02
1.1324749494e-06 1.4032812500e+02 1.3707331848e+02 1.3634428406e+02 4.6982666016e+02
1.1420750070e-06 1.3960937500e+02 1.3740090942e+02 1.3652944946e+02 4.7109783936e+02
1.1516749510e-06 1.4221875000e+02 1.4408512878e+02 1.4501531982e+02 4.7254855347e+02
1.1612750086e-06 1.4232812500e+02 1.4668211365e+02 1.4843600464e+02 4.7406893921e+02
1.1708749525e-06 1.4209375000e+02 1.4316220093e+02 1.4340914917e+02 4.7546084595e+02
1.1804750102e-06 1.4296875000e+02 1.4602212524e+02 1.4713160706e+02 4.7692312622e+02
1.1900749541e-06 1.4375000000e+02 1.5031838989e+02 1.5281823730e+02 4.7850750732e+02
1.1996750118e-06 1.4551562500e+02 1.4463554382e+02 1.4489511108e+02 4.7988726807e+02
1.2092749557e-06 1.4587500000e+02 1.4484283447e+02 1.4494621277e+02 4.8125067139e+02
1.2188750134e-06 1.4681250000e+02 1.4568444824e+02 1.4581083679e+02 4.8262847900e+02
1.2284749573e-06 1.4582812500e+02 1.4556956482e+02 1.4497537231e+02 4.8398513794e+02
1.2380750150e-06 1.4728125000e+02 1.5098847961e+02 1.5269984436e+02 4.8549206543e+02
1.2476749589e-06 1.4656250000e+02 1.4557221985e+02 1.4479158020e+02 4.8681411743e+02
1.2572750165e-06 1.4867187500e+02 1.4983905029e+02 1.5040774536e+02 4.8825488281e+02
1.2668749605e-06 1.4996875000e+02 1.5128353882e+02 1.5227838135e+02 4.8971014404e+02
1.2764750181e-06 1.5070312500e+02 1.4821354675e+02 1.4784095764e+02 4.9105902100e+02
1.2860749621e-06 1.5187500000e+02 1.5227008057e+02 1.5328070068e+02 4.9252096558e+02
1.2956750197e-06 1.4904687500e+02 1.4745426941e+02 1.4626339722e+02 4.9381216431e+02
1.3052749637e-06 1.5178125000e+02 1.5425146484e+02 1.5532334900e+02 4.9528778076e+02
1.3148750213e-06 1.5240625000e+02 1.4862792969e+02 1.4727243042e+02 4.9658325195e+02
1.3244750789e-06 1.5300000000e+02 1.5212680054e+02 1.5184765625e+02 4.9797460938e+02
1.3340750229e-06 1.5314062500e+02 1.5561322021e+02 1.5662962341e+02 4.9945089722e+02
1.3436749668e-06 1.5201562500e+02 1.5964329529e+02 1.6253944397e+02 5.0105749512e+02
1.3532750245e-06 1.5395312500e+02 1.5812535095e+02 1.5999679565e+02 5.0258557129e+02
1.3628749684e-06 1.5578125000e+02 1.5681040955e+02 1.5771340942e+02 5.0405749512e+02
1.3724750261e-06 1.5567187500e+02 1.6058863831e+02 1.6323852539e+02 5.0563223267e+02
1.3820749700e-06 1.5650000000e+02 1.5798574829e+02 1.5905152893e+02 5.0710214233e+02
1.3916751413e-06 1.5796875000e+02 1.5719398499e+02 1.5740844727e+02 5.0853292847e+02
1.4012749716e-06 1.5762500000e+02 1.5806646729e+02 1.5832780457e+02 5.0997631836e+02
1.4108750293e-06 1.6040625000e+02 1.5663092041e+02 1.5612449646e+02 5.1135095215e+02
1.4204749732e-06 1.5737500000e+02 1.6169812012e+02 1.6348019409e+02 5.1288317871e+02
1.4300750308e-06 1.6065625000e+02 1.6002249146e+02 1.6063076782e+02 5.1432635498e+02
1.4396749748e-06 1.6089062500e+02 1.6258309937e+02 1.6435029602e+02 5.1584686279e+02
1.4492750324e-06 1.6057812500e+02 1.6084309387e+02 1.6120645142e+02 5.1727551270e+02
1.4588749764e-06 1.6159375000e+02 1.5964067078e+02 1.5919804382e+02 5.1865460205e+02
1.4684750340e-06 1.6079687500e+02 1.5823014832e+02 1.5663285828e+02 5.1998254395e+02
1.4780749780e-06 1.6089062500e+02 1.6221604919e+02 1.6233027649e+02 5.2143060303e+02
1.4876750356e-06 1.6332812500e+02 1.6331048584e+02 1.6376652527e+02 5.2289916992e+02
1.4972749796e-06 1.6223437500e+02 1.6210740662e+02 1.6167103577e+02 5.2430584717e+02
1.5068750372e-06 1.6282812500e+02 1.6250363159e+02 1.6198159790e+02 5.2569927979e+02
1.5164749811e-06 1.6625000000e+02 1.6456840515e+02 1.6487806702e+02 5.2714752197e+02
1.5260750388e-06 1.6387500000e+02 1.6486845398e+02 1.6501325989e+02 5.2858697510e+02
1.5356749827e-06 1.6581250000e+02 1.6473719788e+02 1.6454823303e+02 5.3001287842e+02
1.5452750404e-06 1.6575000000e+02 1.6575765991e+02 1.6583639526e+02 5.3145495605e+02
1.5548749843e-06 1.6825000000e+02 1.6956030273e+02 1.7168695068e+02 5.3302911377e+02
1.5644750420e-06 1.6793750000e+02 1.6981420898e+02 1.7166070557e+02 5.3456890869e+02
1.5740749859e-06 1.6778125000e+02 1.6845620728e+02 1.6933070374e+02 5.3606152344e+02
1.5836750435e-06 1.6784375000e+02 1.6920048523e+02 1.7025309753e+02 5.3755963135e+02
1.5932749875e-06 1.6784375000e+02 1.6842427063e+02 1.6866062927e+02 5.3901440430e+02
1.6028750451e-06 1.6959375000e+02 1.6652479553e+02 1.6522828674e+02 5.4038867188e+02
1.6124749891e-06 1.7039062500e+02 1.7326354980e+02 1.7611763000e+02 5.4198419189e+02
1.6220750467e-06 1.6842187500e+02 1.6734236145e+02 1.6593016052e+02 5.4334222412e+02
1.6316749907e-06 1.7068750000e+02 1.7203742981e+02 1.7333499146e+02 5.4487042236e+02
1.6412750483e-06 1.6973437500e+02 1.6627816772e+02 1.6357244873e+02 5.4617199707e+02
1.6508749923e-06 1.7060937500e+02 1.6967182922e+02 1.6873614502e+02 5.4757391357e+02
1.6604750499e-06 1.7200000000e+02 1.7374153137e+02 1.7529148865e+02 5.4911260986e+02
1.6700749939e-06 1.7303125000e+02 1.7207685852e+02 1.7210115051e+02 5.5057513428e+02
1.6796750515e-06 1.7123437500e+02 1.7091290283e+02 1.6982688904e+02 5.5197717285e+02
1.6892749954e-06 1.7264062500e+02 1.7142591858e+02 1.7035820007e+02 5.5337677002e+02
1.6988750531e-06 1.7368750000e+02 1.7134947205e+02 1.6989233398e+02 5.5476202393e+02
1.7084749970e-06 1.7443750000e+02 1.7521502686e+02 1.7607368469e+02 5.5626263428e+02
1.7180750547e-06 1.7501562500e+02 1.6943496704e+02 1.6610501099e+02 5.5754217529e+02
1.7276749986e-06 1.7643750000e+02 1.7377986145e+02 1.7291192627e+02 5.5895782471e+02
1.7372750563e-06 1.7562500000e+02 1.7434423828e+02 1.7363835144e+02 5.6039056396e+02
1.7468750002e-06 1.7396875000e+02 1.7403225708e+02 1.7270022583e+02 5.6180889893e+02
1.7564749442e-06 1.7615625000e+02 1.7528454590e+02 1.7460119629e+02 5.6324346924e+02
1.7660750018e-06 1.7764062500e+02 1.7862902832e+02 1.8008486938e+02 5.6478057861e+02
1.7756749457e-06 1.7787500000e+02 1.7827543640e+02 1.7929701233e+02 5.6630035400e+02
1.7852750034e-06 1.7712500000e+02 1.7594583130e+02 1.7484494019e+02 5.6772003174e+02
1.7948749473e-06 1.7787500000e+02 1.8080090332e+02 1.8327305603e+02 5.6930603027e+02
1.8044750050e-06 1.8026562500e+02 1.7912725830e+02 1.7990528870e+02 5.7081994629e+02
1.8140749489e-06 1.7943750000e+02 1.8186114502e+02 1.8468804932e+02 5.7242071533e+02
1.8236750066e-06 1.7787500000e+02 1.7696168518e+02 1.7544302368e+02 5.7380963135e+02
1.8332749505e-06 1.7862500000e+02 1.7758499146e+02 1.7619221497e+02 5.7521966553e+02
1.8428750082e-06 1.7860937500e+02 1.8076229858e+02 1.8157089233e+02 5.7671795654e+02
1.8524749521e-06 1.7979687500e+02 1.8165603638e+02 1.8295574951e+02 5.7823864746e+02
1.8620750097e-06 1.8035937500e+02 1.7743112183e+02 1.7501757812e+02 5.7959820557e+02
1.8716749537e-06 1.8129687500e+02 1.7903804016e+02 1.7758972168e+02 5.8100256348e+02
1.8812750113e-06 1.8367187500e+02 1.8251339722e+02 1.8366291809e+02 5.8251867676e+02
1.8908749553e-06 1.8093750000e+02 1.7981921387e+02 1.7841275024e+02 5.8392163086e+02
1.9004750129e-06 1.8207812500e+02 1.8226325989e+02 1.8261648560e+02 5.8541082764e+02
1.9100750706e-06 1.8295312500e+02 1.8127209473e+02 1.8044422913e+02 5.8683367920e+02
1.9196750145e-06 1.8006250000e+02 1.8175575256e+02 1.8100988770e+02 5.8825903320e+02
1.9292749585e-06 1.8287500000e+02 1.8074922180e+02 1.7887500000e+02 5.8963354492e+02
1.9388749024e-06 1.8296875000e+02 1.8110624695e+02 1.7925888062e+02 5.9102252197e+02
1.9484750737e-06 1.8357812500e+02 1.8279563904e+02 1.8211343384e+02 5.9245819092e+02
1.9580750177e-06 1.8526562500e+02 1.8375845337e+02 1.8365647888e+02 5.9392364502e+02
1.9676749616e-06 1.8276562500e+02 1.8447837830e+02 1.8474534607e+02 5.9540649414e+02
1.9772749056e-06 1.8487500000e+02 1.8454275513e+02 1.8459768677e+02 5.9687652588e+02
1.9868750769e-06 1.8314062500e+02 1.8390338135e+02 1.8309526062e+02 5.9830682373e+02
1.9964750209e-06 1.8509375000e+02 1.8224722290e+02 1.7966772461e+02 5.9966314697e+02
2.0060749648e-06 1.8576562500e+02 1.8254995728e+02 1.7996089172e+02 6.0101208496e+02
2.0156749088e-06 1.8728125000e+02 1.8552818298e+02 1.8530059814e+02 6.0247869873e+02
2.0252750801e-06 1.8492187500e+02 1.8715396118e+02 1.8829537964e+02 6.0399096680e+02
2.0348750240e-06 1.8756250000e+02 1.8599293518e+02 1.8567590332e+02 6.0545037842e+02
2.0444749680e-06 1.8801562500e+02 1.8739546204e+02 1.8822138977e+02 6.0695214844e+02
2.0540749119e-06 1.8682812500e+02 1.8560899353e+02 1.8447822571e+02 6.0836572266e+02
2.0636750833e-06 1.8521875000e+02 1.8362951660e+02 1.8039926147e+02 6.0967919922e+02
2.0732750272e-06 1.8690625000e+02 1.8563227844e+02 1.8399617004e+02 6.1106634521e+02
2.0828749712e-06 1.8842187500e+02 1.8758941650e+02 1.8759475708e+02 6.1252258301e+02
2.0924749151e-06 1.8818750000e+02 1.8429255676e+02 1.8088938904e+02 6.1383917236e+02
2.1020750864e-06 1.8904687500e+02 1.8663186646e+02 1.8518585205e+02 6.1523748779e+02
2.1116750304e-06 1.8939062500e+02 1.8990521240e+02 1.9135490417e+02 6.1676684570e+02
2.1212749743e-06 1.8851562500e+02 1.9107986450e+02 1.9339384460e+02 6.1833428955e+02
2.1308749183e-06 1.8853125000e+02 1.8858605957e+02 1.8831549072e+02 6.1978143311e+02
2.1404750896e-06 1.8804687500e+02 1.8713310242e+02 1.8523265076e+02 6.2115509033e+02
2.1500750336e-06 1.8915625000e+02 1.9068913269e+02 1.9220399475e+02 6.2265698242e+02
2.1596749775e-06 1.8801562500e+02 1.8803617859e+02 1.8660249329e+02 6.2403887939e+02
2.1692749215e-06 1.8940625000e+02 1.8787893677e+02 1.8580384827e+02 6.2541760254e+02
2.1788750928e-06 1.8839062500e+02 1.8991419983e+02 1.8996882629e+02 6.2685876465e+02
2.1884750367e-06 1.9150000000e+02 1.8884655762e+02 1.8750469971e+02 6.2825219727e+02
2.1980749807e-06 1.8901562500e+02 1.8808276367e+02 1.8578500366e+02 6.2960241699e+02
2.2076749246e-06 1.9093750000e+02 1.8942399597e+02 1.8828443909e+02 6.3099890137e+02
2.2172750960e-06 1.9073437500e+02 1.8526338196e+02 1.7978797913e+02 6.3221173096e+02
2.2268750399e-06 1.8962500000e+02 1.8861109924e+02 1.8623228455e+02 6.3355389404e+02
2.2364749839e-06 1.9096875000e+02 1.8924218750e+02 1.8731297302e+02 6.3491046143e+02
2.2460749278e-06 1.9245312500e+02 1.8743159485e+02 1.8340481567e+02 6.3619104004e+02
2.2556750991e-06 1.9212500000e+02 1.9234124756e+02 1.9336680603e+02 6.3766156006e+02
2.2652750431e-06 1.9056250000e+02 1.9145155334e+02 1.9128938293e+02 6.3908917236e+02
2.2748749871e-06 1.9365625000e+02 1.9146522522e+02 1.9102194214e+02 6.4051098633e+02
2.2844749310e-06 1.9129687500e+02 1.9074096680e+02 1.8940193176e+02 6.4189154053e+02
2.2940751023e-06 1.9323437500e+02 1.9129457092e+02 1.9021661377e+02 6.4328900146e+02
2.3036750463e-06 1.9160937500e+02 1.9565301514e+02 1.9944128418e+02 6.4486468506e+02
2.3132749902e-06 1.9281250000e+02 1.9021109009e+02 1.8776518250e+02 6.4619543457e+02
2.3228749342e-06 1.9189062500e+02 1.8824511719e+02 1.8349865723e+02 6.4743933105e+02
2.3324751055e-06 1.9142187500e+02 1.8855856323e+02 1.8396141052e+02 6.4868933105e+02
2.3420750495e-06 1.9328125000e+02 1.9165243530e+02 1.8988922119e+02 6.5006127930e+02
2.3516749934e-06 1.9218750000e+02 1.9136535645e+02 1.8952253723e+02 6.5141125488e+02
2.3612749374e-06 1.9156250000e+02 1.9311695862e+02 1.9301802063e+02 6.5282897949e+02
2.3708751087e-06 1.9165625000e+02 1.9186503601e+02 1.9038833618e+02 6.5418029785e+02
2.3804750526e-06 1.9287500000e+02 1.9191764832e+02 1.9036437988e+02 6.5552490234e+02
2.3900749966e-06 1.9503125000e+02 1.9126992798e+02 1.8874179077e+02 6.5682470703e+02
2.3996749405e-06 1.9145312500e+02 1.9150337219e+02 1.8896374512e+02 6.5814447021e+02
2.4092751119e-06 1.9393750000e+02 1.9130596924e+02 1.8846524048e+02 6.5944879150e+02
2.4188750558e-06 1.9218750000e+02 1.9468391418e+02 1.9567164612e+02 6.6089117432e+02
2.4284749998e-06 1.9256250000e+02 1.9295223999e+02 1.9128302002e+02 6.6225006104e+02
2.4380749437e-06 1.9503125000e+02 1.9220706177e+02 1.8987789917e+02 6.6357128906e+02
2.4476748877e-06 1.9315625000e+02 1.9330853271e+02 1.9249374390e+02 6.6492718506e+02
2.4572750590e-06 1.9437500000e+02 1.9036961365e+02 1.8594612122e+02 6.6615643311e+02
2.4668750029e-06 1.9396875000e+02 1.9457543945e+02 1.9459408569e+02 6.6756079102e+02
2.4764749469e-06 1.9521875000e+02 1.9365530396e+02 1.9274423218e+02 6.6891833496e+02
2.4860748908e-06 1.9595312500e+02 1.9573477173e+02 1.9709027100e+02 6.7036029053e+02
2.4956750622e-06 1.9390625000e+02 1.9511976624e+02 1.9566778564e+02 6.7176800537e+02
2.5052750061e-06 1.9425000000e+02 1.9089126587e+02 1.8646273804e+02 6.7298687744e+02
2.5148749501e-06 1.9354687500e+02 1.9302717590e+02 1.9117292786e+02 6.7428320312e+02
2.5244748940e-06 1.9396875000e+02 1.9193476868e+02 1.8869650269e+02 6.7553289795e+02
2.5340750653e-06 1.9453125000e+02 1.9155789185e+02 1.8779449463e+02 6.7675988770e+02
2.5436750093e-06 1.9353125000e+02 1.9553521729e+02 1.9651220703e+02 6.7815032959e+02
2.5532749532e-06 1.9598437500e+02 1.9508825684e+02 1.9538809204e+02 6.7952453613e+02
2.5628748972e-06 1.9493750000e+02 1.9245108032e+02 1.8933242798e+02 6.8077850342e+02
2.5724750685e-06 1.9379687500e+02 1.9245611572e+02 1.8940370178e+02 6.8201635742e+02
2.5820750125e-06 1.9465625000e+02 1.9680175781e+02 1.9921984863e+02 6.8344976807e+02
2.5916749564e-06 1.9528125000e+02 1.9615032959e+02 1.9766532898e+02 6.8484930420e+02
2.6012749004e-06 1.9582812500e+02 1.9446838379e+02 1.9372183228e+02 6.8616967773e+02
2.6108750717e-06 1.9425000000e+02 1.9160588074e+02 1.8722682190e+02 6.8736090088e+02
2.6204750156e-06 1.9540625000e+02 1.9550926208e+02 1.9607275391e+02 6.8871862793e+02
2.6300749596e-06 1.9435937500e+02 1.9405155945e+02 1.9275161743e+02 6.9000299072e+02
2.6396749035e-06 1.9428125000e+02 1.9581210327e+02 1.9657542419e+02 6.9136651611e+02
2.6492750749e-06 1.9614062500e+02 1.9626516724e+02 1.9637887573e+02 6.9273522949e+02
2.6588750188e-06 1.9409375000e+02 1.9649252319e+02 1.9821130371e+02 6.9411859131e+02
2.6684749628e-06 1.9540625000e+02 1.9647555542e+02 1.9822404480e+02 6.9549316406e+02
2.6780749067e-06 1.9612500000e+02 1.9555287170e+02 1.9599757385e+02 6.9682482910e+02
2.6876750781e-06 1.9606250000e+02 1.9366302490e+02 1.9122183228e+02 6.9806750488e+02
2.6972750220e-06 1.9440625000e+02 1.9628189087e+02 1.9772030640e+02 6.9942395020e+02
2.7068749660e-06 1.9504687500e+02 1.9398580933e+02 1.9218812561e+02 7.0067449951e+02
2.7164749099e-06 1.9618750000e+02 1.9527384949e+02 1.9459370422e+02 7.0197546387e+02
2.7260750812e-06 1.9454687500e+02 1.9425457764e+02 1.9296353149e+02 7.0323065186e+02
2.7356750252e-06 1.9400000000e+02 1.9531298828e+02 1.9549757385e+02 7.0452813721e+02
2.7452749691e-06 1.9567187500e+02 1.9433731079e+02 1.9322618103e+02 7.0577844238e+02
2.7548749131e-06 1.9450000000e+02 1.9459014893e+02 1.9381433105e+02 7.0703820801e+02
2.7644750844e-06 1.9423437500e+02 1.9436074829e+02 1.9329975891e+02 7.0828399658e+02
2.7740750284e-06 1.9512500000e+02 1.9318444824e+02 1.9039646912e+02 7.0947729492e+02
2.7836749723e-06 1.9529687500e+02 1.9172319031e+02 1.8709484863e+02 7.1060339355e+02
2.7932749163e-06 1.9376562500e+02 1.9377044678e+02 1.9195387268e+02 7.1181451416e+02
2.8028750876e-06 1.9539062500e+02 1.9441928101e+02 1.9347189331e+02 7.1305743408e+02
2.8124750315e-06 1.9409375000e+02 1.9372283936e+02 1.9189794922e+02 7.1426348877e+02
2.8220749755e-06 1.9356250000e+02 1.9285494995e+02 1.8987536621e+02 7.1542785645e+02
2.8316749194e-06 1.9553125000e+02 1.9404875183e+02 1.9262765503e+02 7.1663897705e+02
2.8412750908e-06 1.9503125000e+02 1.9724044800e+02 2.0032478333e+02 7.1799615479e+02
2.8508750347e-06 1.9371875000e+02 1.9395657349e+02 1.9250003052e+02 7.1920782471e+02
2.8604749787e-06 1.9479687500e+02 1.9433436584e+02 1.9352070618e+02 7.2043353271e+02
2.8700749226e-06 1.9435937500e+02 1.9378993225e+02 1.9218312073e+02 7.2163415527e+02
2.8796750939e-06 1.9470312500e+02 1.9175355530e+02 1.8746734619e+02 7.2273809814e+02
2.8892750379e-06 1.9532812500e+02 1.9663566589e+02 1.9865069580e+02 7.2406542969e+02
2.8988749818e-06 1.9496875000e+02 1.9470681763e+02 1.9435130310e+02 7.2530322266e+02
2.9084749258e-06 1.9470312500e+02 1.9209980774e+02 1.8829515076e+02 7.2640972900e+02
2.9180750971e-06 1.9471875000e+02 1.9285272217e+02 1.9026396179e+02 7.2755981445e+02
2.9276750411e-06 1.9426562500e+02 1.9586280823e+02 1.9760844421e+02 7.2884869385e+02
2.9372749850e-06 1.9401562500e+02 1.9399594116e+02 1.9314515686e+02 7.3004882812e+02
2.9468749290e-06 1.9378125000e+02 1.9327795410e+02 1.9100703430e+02 7.3121356201e+02
2.9564751003e-06 1.9512500000e+02 1.9383029175e+02 1.9286337280e+02 7.3239831543e+02
2.9660750442e-06 1.9456250000e+02 1.9448347473e+02 1.9390197754e+02 7.3361547852e+02
2.9756749882e-06 1.9339062500e+02 1.9389215088e+02 1.9316889954e+02 7.3480755615e+02
2.9852749321e-06 1.9425000000e+02 1.9663131714e+02 1.9952153015e+02 7.3612500000e+02
2.9948751035e-06 1.9454687500e+02 1.9272628784e+02 1.8940249634e+02 7.3725140381e+02
3.0044750474e-06 1.9281250000e+02 1.9372949219e+02 1.9262876892e+02 7.3843176270e+02
3.0140749914e-06 1.9426562500e+02 1.9360469055e+02 1.9181970215e+02 7.3959930420e+02
3.0236749353e-06 1.9348437500e+02 1.9296347046e+02 1.9111062622e+02 7.4074426270e+02
3.0332751066e-06 1.9325000000e+02 1.9060954285e+02 1.8536860657e+02 7.4176531982e+02
3.0428750506e-06 1.9431250000e+02 1.9337881470e+02 1.9249662781e+02 7.4293121338e+02
3.0524749945e-06 1.9471875000e+02 1.9533059692e+02 1.9694358826e+02 7.4418579102e+02
3.0620749385e-06 1.9485937500e+02 1.9391636658e+02 1.9402198792e+02 7.4537573242e+02
3.0716751098e-06 1.9185937500e+02 1.9354025269e+02 1.9321563721e+02 7.4654736328e+02
3.0812750538e-06 1.9310937500e+02 1.9236479187e+02 1.9043141174e+02 7.4766156006e+02
3.0908749977e-06 1.9421875000e+02 1.9563180542e+02 1.9863142395e+02 7.4893322754e+02
3.1004749417e-06 1.9304687500e+02 1.9102986145e+02 1.8724339294e+02 7.4998480225e+02
3.1100751130e-06 1.9276562500e+02 1.9367614746e+02 1.9342723083e+02 7.5115979004e+02
3.1196750570e-06 1.9340625000e+02 1.9311126709e+02 1.9274670410e+02 7.5230895996e+02
3.1292750009e-06 1.9343750000e+02 1.9791491699e+02 2.0463027954e+02 7.5368927002e+02
3.1388749449e-06 1.9260937500e+02 1.9269833374e+02 1.9119338989e+02 7.5481414795e+02
3.1484748888e-06 1.9346875000e+02 1.9254090881e+02 1.9160307312e+02 7.5593170166e+02
3.1580750601e-06 1.9404687500e+02 1.9358757019e+02 1.9441908264e+02 7.5710516357e+02
3.1676750041e-06 1.9350000000e+02 1.9556729126e+02 1.9897367859e+02 7.5837048340e+02
3.1772749480e-06 1.9454687500e+02 1.9473785400e+02 1.9683753967e+02 7.5959344482e+02
3.1868748920e-06 1.9217187500e+02 1.9477688599e+02 1.9783267212e+02 7.6082391357e+02
3.1964750633e-06 1.9234375000e+02 1.9389331055e+02 1.9551095581e+02 7.6201123047e+02
3.2060750073e-06 1.9220312500e+02 1.9183941650e+02 1.9036541748e+02 7.6309930420e+02
3.2156749512e-06 1.9420312500e+02 1.9211141968e+02 1.9115684509e+02 7.6420159912e+02
3.2252748952e-06 1.9126562500e+02 1.9150448608e+02 1.8947470093e+02 7.6525585938e+02
3.2348750665e-06 1.9154687500e+02 1.9148098755e+02 1.9004054260e+02 7.6632940674e+02
3.2444750104e-06 1.9190625000e+02 1.9140829468e+02 1.8977465820e+02 7.6740167236e+02
3.2540749544e-06 1.9270312500e+02 1.9309335327e+02 1.9453359985e+02 7.6855682373e+02
3.2636748983e-06 1.9032812500e+02 1.9487461853e+02 1.9921907043e+02 7.6980133057e+02
3.2732750697e-06 1.9304687500e+02 1.9323847961e+02 1.9503431702e+02 7.7096533203e+02
3.2828750136e-06 1.9167187500e+02 1.9223263550e+02 1.9268038940e+02 7.7207586670e+02
3.2924749576e-06 1.9100000000e+02 1.9440878296e+02 1.9835638428e+02 7.7329901123e+02
3.3020746741e-06 1.9017187500e+02 1.9533750916e+02 2.0098286438e+02 7.7456805420e+02
3.3116750728e-06 1.9004687500e+02 1.9043081665e+02 1.8803565979e+02 7.7559350586e+02
3.3212750168e-06 1.9075000000e+02 1.9348818970e+02 1.9552104187e+02 7.7676361084e+02
3.3308747334e-06 1.9248437500e+02 1.9158590698e+02 1.9171730042e+02 7.7784637451e+02
3.3404749047e-06 1.9082812500e+02 1.9230857849e+02 1.9370259094e+02 7.7897070312e+02
3.3500750760e-06 1.9293750000e+02 1.9299063110e+02 1.9562280273e+02 7.8013000488e+02
3.3596747926e-06 1.9232812500e+02 1.9163502502e+02 1.9230267334e+02 7.8122253418e+02
3.3692749639e-06 1.9025000000e+02 1.9228736877e+02 1.9367256165e+02 7.8232800293e+02
3.3788749079e-06 1.9193750000e+02 1.9244841003e+02 1.9483174133e+02 7.8346105957e+02
3.3884750792e-06 1.9328125000e+02 1.9038696289e+02 1.8904081726e+02 7.8447888184e+02
3.3980750231e-06 1.9106250000e+02 1.9201443481e+02 1.9285386658e+02 7.8558618164e+02
3.4076747397e-06 1.9106250000e+02 1.9023112488e+02 1.8864834595e+02 7.8661077881e+02
3.4172749110e-06 1.9106250000e+02 1.9001884460e+02 1.8877369690e+02 7.8762396240e+02
3.4268750824e-06 1.9073437500e+02 1.9325352478e+02 1.9679267883e+02 7.8880120850e+02
3.4364747989e-06 1.8984375000e+02 1.9321105957e+02 1.9794067383e+02 7.8998602295e+02
3.4460749703e-06 1.9059375000e+02 1.9131024170e+02 1.9270484924e+02 7.9107611084e+02
3.4556749142e-06 1.8989062500e+02 1.9200155640e+02 1.9433308411e+02 7.9219866943e+02
3.4652748582e-06 1.8954687500e+02 1.9150891113e+02 1.9360780334e+02 7.9330194092e+02
3.4748750295e-06 1.8896875000e+02 1.9123010254e+02 1.9322079468e+02 7.9439111328e+02
3.4844749734e-06 1.9003125000e+02 1.9102639771e+02 1.9280194092e+02 7.9546960449e+02
3.4940749174e-06 1.8885937500e+02 1.9126058960e+02 1.9362344360e+02 7.9656579590e+02
3.5036750887e-06 1.8918750000e+02 1.9198796082e+02 1.9571752930e+02 7.9770117188e+02
3.5132750327e-06 1.8860937500e+02 1.9068017578e+02 1.9205168152e+02 7.9876898193e+02
3.5228749766e-06 1.8867187500e+02 1.9174679565e+02 1.9544538879e+02 7.9989550781e+02
3.5324749206e-06 1.8865625000e+02 1.9120137024e+02 1.9403228760e+02 8.0098620605e+02
3.5420750919e-06 1.8875000000e+02 1.9131092834e+02 1.9456208801e+02 8.0209338379e+02
3.5516750359e-06 1.8829687500e+02 1.8787692261e+02 1.8500009155e+02 8.0302233887e+02
3.5612749798e-06 1.8862500000e+02 1.9178662109e+02 1.9567956543e+02 8.0415386963e+02
3.5708749238e-06 1.8923437500e+02 1.9007775879e+02 1.9141632080e+02 8.0520178223e+02
3.5804750951e-06 1.8842187500e+02 1.9287881470e+02 1.9910238647e+02 8.0639361572e+02
3.5900750390e-06 1.8982812500e+02 1.9174670410e+02 1.9632855225e+02 8.0753009033e+02
3.5996749830e-06 1.8742187500e+02 1.9023649597e+02 1.9268774414e+02 8.0859210205e+02
3.6092749269e-06 1.8731250000e+02 1.9148501587e+02 1.9635708618e+02 8.0972180176e+02
3.6188750983e-06 1.8753125000e+02 1.9062707520e+02 1.9325202942e+02 8.1079907227e+02
3.6284750422e-06 1.8934375000e+02 1.9059667969e+02 1.9317765808e+02 8.1187420654e+02
3.6380749862e-06 1.8712500000e+02 1.9045593262e+02 1.9388130188e+02 8.1295483398e+02
3.6476749301e-06 1.8628125000e+02 1.9025794983e+02 1.9329077148e+02 8.1402502441e+02
3.6572751014e-06 1.8643750000e+02 1.8911956787e+02 1.9057603455e+02 8.1503582764e+02
3.6668750454e-06 1.8618750000e+02 1.9137402344e+02 1.9693087769e+02 8.1617047119e+02
3.6764749893e-06 1.8784375000e+02 1.8801567078e+02 1.8767156982e+02 8.1712841797e+02
3.6860749333e-06 1.8751562500e+02 1.8837419128e+02 1.8894415283e+02 8.1810723877e+02
3.6956751046e-06 1.8607812500e+02 1.8949281311e+02 1.9174195862e+02 8.1914562988e+02
3.7052750486e-06 1.8706250000e+02 1.8949487305e+02 1.9253761292e+02 8.2019213867e+02
3.7148749925e-06 1.8603125000e+02 1.8843063354e+02 1.8963151550e+02 8.2117968750e+02
3.7244749365e-06 1.8639062500e+02 1.8906643677e+02 1.9100622559e+02 8.2220190430e+02
3.7340751078e-06 1.8762500000e+02 1.8928982544e+02 1.9215803528e+02 8.2324230957e+02
3.7436750517e-06 1.8709375000e+02 1.9049029541e+02 1.9630087280e+02 8.2435150146e+02
3.7532749957e-06 1.8598437500e+02 1.8850979614e+02 1.8999542236e+02 8.2535058594e+02
3.7628749396e-06 1.8626562500e+02 1.9051580811e+02 1.9653894043e+02 8.2646594238e+02
3.7724751110e-06 1.8620312500e+02 1.9001159668e+02 1.9528475952e+02 8.2755603027e+02
3.7820750549e-06 1.8737500000e+02 1.8737173462e+02 1.8763114929e+02 8.2850274658e+02
3.7916749989e-06 1.8432812500e+02 1.8675120544e+02 1.8599099731e+02 8.2941534424e+02
3.8012749428e-06 1.8575000000e+02 1.8881439209e+02 1.9044056702e+02 8.3042419434e+02
3.8108746594e-06 1.8703125000e+02 1.8912060547e+02 1.9090602112e+02 8.3144268799e+02
3.8204748307e-06 1.8596875000e+02 1.9028001404e+02 1.9583491516e+02 8.3254638672e+02
3.8300750020e-06 1.8528125000e+02 1.8894474792e+02 1.9172238159e+02 8.3357385254e+02
3.8396751734e-06 1.8539062500e+02 1.8707843018e+02 1.8789936829e+02 8.3451776123e+02
3.8492748899e-06 1.8421875000e+02 1.8785502625e+02 1.9047361755e+02 8.3550732422e+02
3.8588750613e-06 1.8359375000e+02 1.8776815796e+02 1.8946382141e+02 8.3648797607e+02
3.8684747778e-06 1.8445312500e+02 1.8927265930e+02 1.9334205627e+02 8.3754266357e+02
3.8780749492e-06 1.8334375000e+02 1.8707946777e+02 1.8774002075e+02 8.3848944092e+02
3.8876751205e-06 1.8512500000e+02 1.9190109253e+02 2.0089451599e+02 8.3968328857e+02
3.8972748371e-06 1.7935937500e+02 1.3682414246e+02 8.4801719666e+01 8.3876959229e+02
3.9068750084e-06 1.5870312500e+02 9.0361274719e+01 4.6811195374e+01 8.3717999268e+02
3.9164751797e-06 1.3325000000e+02 9.0070236206e+01 4.6760841370e+01 8.3561383057e+02
3.9260748963e-06 1.0920312500e+02 8.4971710205e+01 4.4696407318e+01 8.3403607178e+02
3.9356750676e-06 9.1703125000e+01 6.8439445496e+01 3.5009025574e+01 8.3228643799e+02
3.9452747842e-06 7.4406250000e+01 5.4450706482e+01 2.5899311066e+01 8.3037042236e+02
3.9548749555e-06 6.0140625000e+01 3.9247230530e+01 1.6506471634e+01 8.2828594971e+02
3.9644751268e-06 4.7250000000e+01 3.0181800842e+01 1.0087678909e+01 8.2609680176e+02
3.9740748434e-06 3.7656250000e+01 2.1041564941e+01 5.8703770638e+00 8.2385064697e+02
3.9836750148e-06 2.9906250000e+01 1.9037994385e+01 4.3871116638e+00 8.2160144043e+02
3.9932751861e-06 2.2281250000e+01 1.4218734741e+01 3.2804441452e+00 8.1935699463e+02
4.0028749027e-06 1.7953125000e+01 1.0916091919e+01 3.2351226807e+00 8.1713769531e+02
4.0124750740e-06 1.3500000000e+01 8.9951782227e+00 2.8734920025e+00 8.1493688965e+02
4.0227150748e-06 1.2500000000e+01 6.4992523193e+00 2.2658741474e+00 8.1260449219e+02
