# epoch total_loss data_loss physics_loss w_data w_physics lr
1.0000000000e+00 2.0012588501e+00 1.0856784582e+00 2.8385429382e+00 4.7766608572e-01 5.2233391402e-01 1.0000000000e-03
2.0000000000e+00 1.5278747082e+00 1.0053318739e+00 1.9794642925e+00 4.6358123679e-01 5.3641876265e-01 1.0000000000e-03
3.0000000000e+00 1.1323831081e+00 9.7306519747e-01 1.2684452534e+00 4.6063425102e-01 5.3936574802e-01 1.0000000000e-03
4.0000000000e+00 8.4525585175e-01 9.7870773077e-01 7.2596567869e-01 4.7198403596e-01 5.2801596260e-01 1.0000000000e-03
5.0000000000e+00 6.8934476376e-01 9.8452985287e-01 3.9890152216e-01 4.9595142082e-01 5.0404857716e-01 1.0000000000e-03
6.0000000000e+00 6.2596470118e-01 9.2885464430e-01 2.9484665394e-01 5.2226161920e-01 4.7773837816e-01 1.0000000000e-03
7.0000000000e+00 5.8982521296e-01 8.1381547451e-01 3.2531112432e-01 5.4147751369e-01 4.5852248305e-01 1.0000000000e-03
8.0000000000e+00 5.2758479118e-01 6.6428214312e-01 3.5898539424e-01 5.5224750010e-01 4.4775249600e-01 1.0000000000e-03
9.0000000000e+00 4.2078635097e-01 5.0710439682e-01 3.1138104200e-01 5.5897918408e-01 4.4102081119e-01 1.0000000000e-03
1.0000000000e+01 2.9878643155e-01 3.6688479781e-01 2.0971910655e-01 5.6670983091e-01 4.3329016310e-01 1.0000000000e-03
1.1000000000e+01 2.1508367360e-01 2.6558747888e-01 1.4691607654e-01 5.7442313468e-01 4.2557685750e-01 1.0000000000e-03
1.2000000000e+01 1.9545987248e-01 2.2111262381e-01 1.6077004373e-01 5.7488148988e-01 4.2511850047e-01 1.0000000000e-03
1.3000000000e+01 1.9651858509e-01 2.2589832544e-01 1.5653079748e-01 5.7646267060e-01 4.2353731809e-01 1.0000000000e-03
1.4000000000e+01 1.8785531819e-01 2.4593912065e-01 1.0462578386e-01 5.8897149051e-01 4.1102849646e-01 1.0000000000e-03
1.5000000000e+01 1.8066276610e-01 2.5483441353e-01 6.4740344882e-02 6.0981606037e-01 3.9018392478e-01 1.0000000000e-03
1.6000000000e+01 1.9260704517e-01 2.4304430187e-01 1.1120169610e-01 6.1744335786e-01 3.8255662595e-01 1.0000000000e-03
1.7000000000e+01 1.8916824460e-01 2.2130843997e-01 1.3730111718e-01 6.1741194338e-01 3.8258803926e-01 1.0000000000e-03
1.8000000000e+01 1.5533065796e-01 2.0031924546e-01 7.9633451998e-02 6.2722542243e-01 3.7277455837e-01 1.0000000000e-03
1.9000000000e+01 1.2899294496e-01 1.8354396522e-01 2.6917276904e-02 6.5171321623e-01 3.4828676174e-01 1.0000000000e-03
2.0000000000e+01 1.2160847336e-01 1.6974405944e-01 2.1497301757e-02 6.7530096299e-01 3.2469901195e-01 1.0000000000e-03
2.1000000000e+01 1.1952158809e-01 1.5785601735e-01 3.4213379025e-02 6.8995783250e-01 3.1004213974e-01 1.0000000000e-03
2.2000000000e+01 1.1673054844e-01 1.5027794242e-01 3.8192681968e-02 7.0069751728e-01 2.9930245244e-01 1.0000000000e-03
2.3000000000e+01 1.1638034880e-01 1.5001848340e-01 3.2971721143e-02 7.1260946264e-01 2.8739050463e-01 1.0000000000e-03
2.4000000000e+01 1.2081499398e-01 1.5562602878e-01 2.8676141053e-02 7.2578920445e-01 2.7421076067e-01 1.0000000000e-03
2.5000000000e+01 1.2607039511e-01 1.6011697054e-01 3.0575441197e-02 7.3717637405e-01 2.6282358932e-01 1.0000000000e-03
2.6000000000e+01 1.2629546225e-01 1.5688991547e-01 3.7254244089e-02 7.4426977301e-01 2.5573018887e-01 1.0000000000e-03
2.7000000000e+01 1.2022224069e-01 1.4559812844e-01 4.5713506639e-02 7.4594800529e-01 2.5405195517e-01 1.0000000000e-03
2.8000000000e+01 1.1117211729e-01 1.3134193420e-01 5.2978951484e-02 7.4261041828e-01 2.5738954071e-01 1.0000000000e-03
2.9000000000e+01 1.0302565992e-01 1.2014557421e-01 5.5070862174e-02 7.3691918065e-01 2.6308077673e-01 1.0000000000e-03
3.0000000000e+01 9.7397461534e-02 1.1501526088e-01 4.8937253654e-02 7.3337882702e-01 2.6662112853e-01 1.0000000000e-03
3.1000000000e+01 9.4347447157e-02 1.1473052204e-01 3.7727646530e-02 7.3529471103e-01 2.6470524241e-01 1.0000000000e-03
3.2000000000e+01 9.3967698514e-02 1.1569146812e-01 3.2128810883e-02 7.4003018508e-01 2.5996976624e-01 1.0000000000e-03
3.3000000000e+01 9.5616690814e-02 1.1488632113e-01 4.0827114135e-02 7.3980777103e-01 2.6019217874e-01 1.0000000000e-03
3.4000000000e+01 9.7040832043e-02 1.1157215387e-01 5.7377982885e-02 7.3186550056e-01 2.6813444832e-01 1.0000000000e-03
3.5000000000e+01 9.4775453210e-02 1.0695636272e-01 6.3213884830e-02 7.2153151020e-01 2.7846843791e-01 1.0000000000e-03
3.6000000000e+01 8.8169865310e-02 1.0268124193e-01 5.1596656442e-02 7.1593438332e-01 2.8406556350e-01 1.0000000000e-03
3.7000000000e+01 8.1745639443e-02 9.9400386214e-02 3.6964531988e-02 7.1723387099e-01 2.8276607381e-01 1.0000000000e-03
3.8000000000e+01 7.8626029193e-02 9.6466116607e-02 3.2708391547e-02 7.2018938960e-01 2.7981055298e-01 1.0000000000e-03
3.9000000000e+01 7.7175900340e-02 9.3054585159e-02 3.6326073110e-02 7.2009354889e-01 2.7990639170e-01 1.0000000000e-03
4.0000000000e+01 7.5133904815e-02 8.9474357665e-02 3.8634963334e-02 7.1792638033e-01 2.8207355840e-01 1.0000000000e-03
4.1000000000e+01 7.2498485446e-02 8.6987920105e-02 3.5791654140e-02 7.1698258956e-01 2.8301734715e-01 1.0000000000e-03
4.2000000000e+01 7.0657350123e-02 8.6313188076e-02 3.0573064461e-02 7.1912807084e-01 2.8087186365e-01 1.0000000000e-03
4.3000000000e+01 6.9971457124e-02 8.6507268250e-02 2.6670813560e-02 7.2364990483e-01 2.7635002738e-01 1.0000000000e-03
4.4000000000e+01 6.9086760283e-02 8.5615880787e-02 2.4636477232e-02 7.2893937413e-01 2.7106055578e-01 1.0000000000e-03
4.5000000000e+01 6.6761888564e-02 8.2580007613e-02 2.3065911606e-02 7.3421220398e-01 2.6578772348e-01 1.0000000000e-03
4.6000000000e+01 6.3443869352e-02 7.8266061842e-02 2.1407837048e-02 7.3931309906e-01 2.6068682562e-01 1.0000000000e-03
4.7000000000e+01 6.0585215688e-02 7.4486762285e-02 2.0167969167e-02 7.4407490177e-01 2.5592501988e-01 1.0000000000e-03
4.8000000000e+01 5.8933921158e-02 7.2208061814e-02 1.9436882809e-02 7.4845850501e-01 2.5154141355e-01 1.0000000000e-03
4.9000000000e+01 5.7960581034e-02 7.0818327367e-02 1.8848527223e-02 7.5259202743e-01 2.4740788813e-01 1.0000000000e-03
5.0000000000e+01 5.6769602001e-02 6.9012902677e-02 1.8862644210e-02 7.5586763587e-01 2.4413227675e-01 1.0000000000e-03
5.1000000000e+01 5.5026799440e-02 6.6119022667e-02 2.0553192124e-02 7.5656715987e-01 2.4343274995e-01 1.0000000000e-03
5.2000000000e+01 5.2881240845e-02 6.2477912754e-02 2.3539118469e-02 7.5354478688e-01 2.4645512034e-01 1.0000000000e-03
5.3000000000e+01 5.0435565412e-02 5.8835119009e-02 2.5510860607e-02 7.4794480307e-01 2.5205510157e-01 1.0000000000e-03
5.4000000000e+01 4.7767642885e-02 5.5642183870e-02 2.5114661083e-02 7.4205120295e-01 2.5794869884e-01 1.0000000000e-03
5.5000000000e+01 4.5286126435e-02 5.2851907909e-02 2.4140153080e-02 7.3649199285e-01 2.6350790577e-01 1.0000000000e-03
5.6000000000e+01 4.3358080089e-02 5.0119690597e-02 2.5127673522e-02 7.2944935782e-01 2.7055053765e-01 1.0000000000e-03
5.7000000000e+01 4.1796926409e-02 4.7196265310e-02 2.7960928157e-02 7.1930115094e-01 2.8069874168e-01 1.0000000000e-03
5.8000000000e+01 4.0223486722e-02 4.4273689389e-02 3.0469052494e-02 7.0660579544e-01 2.9339409454e-01 1.0000000000e-03
5.9000000000e+01 3.8665466011e-02 4.1836701334e-02 3.1507387757e-02 6.9298688912e-01 3.0701299823e-01 1.0000000000e-03
6.0000000000e+01 3.7394508719e-02 3.9990145713e-02 3.1896047294e-02 6.7931799291e-01 3.2068189179e-01 1.0000000000e-03
6.1000000000e+01 3.6268919706e-02 3.8165729493e-02 3.2496906817e-02 6.6539737419e-01 3.3460250789e-01 1.0000000000e-03
6.2000000000e+01 3.4901276231e-02 3.5904612392e-02 3.3030208200e-02 6.5094250023e-01 3.4905737913e-01 1.0000000000e-03
6.3000000000e+01 3.3498175442e-02 3.3663600683e-02 3.3208914101e-02 6.3618820790e-01 3.6381166858e-01 1.0000000000e-03
6.4000000000e+01 3.2633543015e-02 3.2202981412e-02 3.3341147006e-02 6.2170113587e-01 3.7829873770e-01 1.0000000000e-03
6.5000000000e+01 3.2200917602e-02 3.1435057521e-02 3.3388920128e-02 6.0802396241e-01 3.9197590838e-01 1.0000000000e-03
6.6000000000e+01 3.1648084521e-02 3.0688827857e-02 3.3059488982e-02 5.9536216747e-01 4.0463770056e-01 1.0000000000e-03
6.7000000000e+01 3.0976727605e-02 2.9853859916e-02 3.2550897449e-02 5.8366502003e-01 4.1633484516e-01 1.0000000000e-03
6.8000000000e+01 3.0424349010e-02 2.9361097142e-02 3.1852696091e-02 5.7326334882e-01 4.2673651352e-01 1.0000000000e-03
6.9000000000e+01 2.9907604679e-02 2.9319092631e-02 3.0671412125e-02 5.6480989451e-01 4.3518996492e-01 1.0000000000e-03
7.0000000000e+01 2.9448341578e-02 2.9377032071e-02 2.9538441449e-02 5.5819191274e-01 4.4180794378e-01 1.0000000000e-03
7.1000000000e+01 2.9154440388e-02 2.9227560386e-02 2.9064165428e-02 5.5251286565e-01 4.4748698806e-01 1.0000000000e-03
7.2000000000e+01 2.8936687857e-02 2.8930259869e-02 2.8944464400e-02 5.4724929866e-01 4.5275055240e-01 1.0000000000e-03
7.3000000000e+01 2.8817309067e-02 2.8767842799e-02 2.8875960037e-02 5.4243057968e-01 4.5756926893e-01 1.0000000000e-03
7.4000000000e+01 2.8818204999e-02 2.8790643439e-02 2.8850326315e-02 5.3813574182e-01 4.6186410458e-01 1.0000000000e-03
7.5000000000e+01 2.8711967170e-02 2.8790513054e-02 2.8621802106e-02 5.3446908813e-01 4.6553075621e-01 1.0000000000e-03
7.6000000000e+01 2.8482431546e-02 2.8781840578e-02 2.8142655268e-02 5.3158360300e-01 4.6841623934e-01 1.0000000000e-03
7.7000000000e+01 2.8344083577e-02 2.8941184282e-02 2.7671987191e-02 5.2954617166e-01 4.7045366878e-01 1.0000000000e-03
7.8000000000e+01 2.8259906918e-02 2.9117252678e-02 2.7300074697e-02 5.2820202396e-01 4.7179781472e-01 1.0000000000e-03
7.9000000000e+01 2.8139073402e-02 2.8963815421e-02 2.7220431715e-02 5.2693330039e-01 4.7306653662e-01 1.0000000000e-03
8.0000000000e+01 2.8044600040e-02 2.8407448903e-02 2.7643695474e-02 5.2492126178e-01 4.7507857368e-01 1.0000000000e-03
8.1000000000e+01 2.7959031984e-02 2.7691261843e-02 2.8251376003e-02 5.2192851204e-01 4.7807132201e-01 1.0000000000e-03
8.2000000000e+01 2.7848651633e-02 2.7113666758e-02 2.8639703989e-02 5.1836709160e-01 4.8163274110e-01 1.0000000000e-03
8.3000000000e+01 2.7726463974e-02 2.6794621721e-02 2.8715163469e-02 5.1480046095e-01 4.8519937046e-01 1.0000000000e-03
8.4000000000e+01 2.7549836785e-02 2.6699658483e-02 2.8440916911e-02 5.1174147947e-01 4.8825835067e-01 1.0000000000e-03
8.5000000000e+01 2.7366993949e-02 2.6808155701e-02 2.7947550640e-02 5.0952688770e-01 4.9047294116e-01 1.0000000000e-03
8.6000000000e+01 2.7249086648e-02 2.7026118711e-02 2.7479464188e-02 5.0815831915e-01 4.9184150848e-01 1.0000000000e-03
8.7000000000e+01 2.7121733874e-02 2.7122024447e-02 2.7121447027e-02 5.0734301027e-01 4.9265681616e-01 1.0000000000e-03
8.8000000000e+01 2.6966862381e-02 2.7002377436e-02 2.6930399239e-02 5.0667542951e-01 4.9332439574e-01 1.0000000000e-03
8.9000000000e+01 2.6834845543e-02 2.6824923232e-02 2.6845021173e-02 5.0598915360e-01 4.9401067049e-01 1.0000000000e-03
9.0000000000e+01 2.6700053364e-02 2.6790065691e-02 2.6608023793e-02 5.0556068616e-01 4.9443913680e-01 1.0000000000e-03
9.1000000000e+01 2.6555001736e-02 2.6990165934e-02 2.6109574363e-02 5.0583379429e-01 4.9416602753e-01 1.0000000000e-03
9.2000000000e+01 2.6414353400e-02 2.7387136593e-02 2.5413475931e-02 5.0711938020e-01 4.9288044051e-01 1.0000000000e-03
9.3000000000e+01 2.6279963553e-02 2.7854630724e-02 2.4644536898e-02 5.0946471276e-01 4.9053510683e-01 1.0000000000e-03
9.4000000000e+01 2.6173356920e-02 2.8218945488e-02 2.4022581056e-02 5.1253454222e-01 4.8746527627e-01 1.0000000000e-03
9.5000000000e+01 2.6067350060e-02 2.8298649937e-02 2.3691276088e-02 5.1571210311e-01 4.8428771429e-01 1.0000000000e-03
9.6000000000e+01 2.5935051963e-02 2.8054751456e-02 2.3653421551e-02 5.1839681483e-01 4.8160300149e-01 1.0000000000e-03
9.7000000000e+01 2.5810301304e-02 2.7650797740e-02 2.3814164102e-02 5.2028454590e-01 4.7971526936e-01 1.0000000000e-03
9.8000000000e+01 2.5695212185e-02 2.7281882241e-02 2.3966029286e-02 5.2149119125e-01 4.7850862297e-01 1.0000000000e-03
9.9000000000e+01 2.5578841567e-02 2.7041796595e-02 2.3979028687e-02 5.2234354975e-01 4.7765626345e-01 1.0000000000e-03
1.0000000000e+02 2.5477446616e-02 2.6925899088e-02 2.3888699710e-02 5.2309769498e-01 4.7690211722e-01 1.0000000000e-03
1.0100000000e+02 2.5391364470e-02 2.6869853958e-02 2.3764746264e-02 5.2385410658e-01 4.7614570465e-01 1.0000000000e-03
1.0200000000e+02 2.5316635147e-02 2.6797708124e-02 2.3682590574e-02 5.2455416393e-01 4.7544564637e-01 1.0000000000e-03
1.0300000000e+02 2.5242906064e-02 2.6660395786e-02 2.3675819859e-02 5.2506337777e-01 4.7493643163e-01 1.0000000000e-03
1.0400000000e+02 2.5157451630e-02 2.6476159692e-02 2.3698041216e-02 5.2532550254e-01 4.7467430599e-01 1.0000000000e-03
1.0500000000e+02 2.5075316429e-02 2.6327153668e-02 2.3689329624e-02 5.2542989649e-01 4.7456991119e-01 1.0000000000e-03
1.0600000000e+02 2.4999026209e-02 2.6277167723e-02 2.3583009839e-02 5.2558860936e-01 4.7441119750e-01 1.0000000000e-03
1.0700000000e+02 2.4919293821e-02 2.6331625879e-02 2.3351849988e-02 5.2602849724e-01 4.7397130881e-01 1.0000000000e-03
1.0800000000e+02 2.4844747037e-02 2.6460707188e-02 2.3045213893e-02 5.2687521732e-01 4.7312458793e-01 1.0000000000e-03
1.0900000000e+02 2.4776663631e-02 2.6604527608e-02 2.2731013596e-02 5.2811336776e-01 4.7188643669e-01 1.0000000000e-03
1.1000000000e+02 2.4710513651e-02 2.6683816686e-02 2.2489175200e-02 5.2956720834e-01 4.7043259533e-01 1.0000000000e-03
1.1100000000e+02 2.4643134326e-02 2.6640728116e-02 2.2381892428e-02 5.3095422186e-01 4.6904558104e-01 1.0000000000e-03
1.1200000000e+02 2.4571616203e-02 2.6482038200e-02 2.2399647161e-02 5.3203457653e-01 4.6796522563e-01 1.0000000000e-03
1.1300000000e+02 2.4501819164e-02 2.6272272691e-02 2.2483460605e-02 5.3271661198e-01 4.6728318945e-01 1.0000000000e-03
1.1400000000e+02 2.4431334808e-02 2.6070978492e-02 2.2559558973e-02 5.3305524277e-01 4.6694455795e-01 1.0000000000e-03
1.1500000000e+02 2.4355288595e-02 2.5898307562e-02 2.2593088448e-02 5.3315775446e-01 4.6684204557e-01 1.0000000000e-03
1.1600000000e+02 2.4279117584e-02 2.5743132457e-02 2.2607637569e-02 5.3308441366e-01 4.6691538568e-01 1.0000000000e-03
1.1700000000e+02 2.4203084409e-02 2.5575086474e-02 2.2638311610e-02 5.3282156166e-01 4.6717823700e-01 1.0000000000e-03
1.1800000000e+02 2.4126049131e-02 2.5372289121e-02 2.2707622498e-02 5.3231047556e-01 4.6768932245e-01 1.0000000000e-03
1.1900000000e+02 2.4049008265e-02 2.5148119777e-02 2.2801976651e-02 5.3152585962e-01 4.6847393773e-01 1.0000000000e-03
1.2000000000e+02 2.3972686380e-02 2.4946469814e-02 2.2872205824e-02 5.3054214756e-01 4.6945764914e-01 1.0000000000e-03
1.2100000000e+02 2.3898359388e-02 2.4809651077e-02 2.2872729227e-02 5.2951898854e-01 4.7048080751e-01 1.0000000000e-03
1.2200000000e+02 2.3822931573e-02 2.4750944227e-02 2.2782165557e-02 5.2863803378e-01 4.7136176164e-01 1.0000000000e-03
1.2300000000e+02 2.3746235296e-02 2.4758523330e-02 2.2613683715e-02 5.2803803580e-01 4.7196175896e-01 1.0000000000e-03
1.2400000000e+02 2.3671802133e-02 2.4804066867e-02 2.2406360134e-02 5.2777360369e-01 4.7222619042e-01 1.0000000000e-03
1.2500000000e+02 2.3599157110e-02 2.4846712127e-02 2.2204693407e-02 5.2780381955e-01 4.7219597389e-01 1.0000000000e-03
1.2600000000e+02 2.3528397083e-02 2.4853134528e-02 2.2046400234e-02 5.2801571002e-01 4.7198408275e-01 1.0000000000e-03
1.2700000000e+02 2.3460026830e-02 2.4817604572e-02 2.1939611062e-02 5.2829172058e-01 4.7170807153e-01 1.0000000000e-03
1.2800000000e+02 2.3393582553e-02 2.4759305641e-02 2.1862341091e-02 5.2856942498e-01 4.7143036647e-01 1.0000000000e-03
1.2900000000e+02 2.3327605799e-02 2.4698106572e-02 2.1789330989e-02 5.2884103194e-01 4.7115875885e-01 1.0000000000e-03
1.3000000000e+02 2.3260239512e-02 2.4633696303e-02 2.1717019379e-02 5.2910323000e-01 4.7089656014e-01 1.0000000000e-03
1.3100000000e+02 2.3192802444e-02 2.4544909596e-02 2.1672369912e-02 5.2930054238e-01 4.7069924711e-01 1.0000000000e-03
1.3200000000e+02 2.3125141859e-02 2.4404974654e-02 2.1685872227e-02 5.2932019728e-01 4.7067959157e-01 1.0000000000e-03
1.3300000000e+02 2.3056762293e-02 2.4207318202e-02 2.1764297038e-02 5.2904526347e-01 4.7095452474e-01 1.0000000000e-03
1.3400000000e+02 2.2988956422e-02 2.3978637531e-02 2.1879959852e-02 5.2842893099e-01 4.7157085660e-01 1.0000000000e-03
1.3500000000e+02 2.2922135890e-02 2.3762349039e-02 2.1984018385e-02 5.2752971163e-01 4.7247007533e-01 1.0000000000e-03
1.3600000000e+02 2.2855995223e-02 2.3591559380e-02 2.2038176656e-02 5.2647888968e-01 4.7352089667e-01 1.0000000000e-03
1.3700000000e+02 2.2789992392e-02 2.3476187140e-02 2.2030299529e-02 5.2541965037e-01 4.7458013537e-01 1.0000000000e-03
1.3800000000e+02 2.2724311799e-02 2.3408247158e-02 2.1970022470e-02 5.2446238037e-01 4.7553740476e-01 1.0000000000e-03
1.3900000000e+02 2.2658821195e-02 2.3372331634e-02 2.1874407306e-02 5.2367141521e-01 4.7632836930e-01 1.0000000000e-03
1.4000000000e+02 2.2593079135e-02 2.3354867473e-02 2.1757587790e-02 5.2307459335e-01 4.7692519055e-01 1.0000000000e-03
1.4100000000e+02 2.2527925670e-02 2.3351451382e-02 2.1626129746e-02 5.2268510204e-01 4.7731468123e-01 1.0000000000e-03
1.4200000000e+02 2.2464010864e-02 2.3364797235e-02 2.1478263661e-02 5.2252006461e-01 4.7747971804e-01 1.0000000000e-03
1.4300000000e+02 2.2401221097e-02 2.3395372555e-02 2.1312963217e-02 5.2259692908e-01 4.7740285293e-01 1.0000000000e-03
1.4400000000e+02 2.2339563817e-02 2.3431582376e-02 2.1142700687e-02 5.2290471569e-01 4.7709506569e-01 1.0000000000e-03
1.4500000000e+02 2.2278653458e-02 2.3448470980e-02 2.0994100720e-02 5.2337551514e-01 4.7662426560e-01 1.0000000000e-03
1.4600000000e+02 2.2217918187e-02 2.3419367149e-02 2.0895935595e-02 5.2388508509e-01 4.7611469501e-01 1.0000000000e-03
1.4700000000e+02 2.2156398743e-02 2.3333929479e-02 2.0858589560e-02 5.2429719692e-01 4.7570258254e-01 1.0000000000e-03
1.4800000000e+02 2.2094551474e-02 2.3206576705e-02 2.0867841318e-02 5.2452063178e-01 4.7547914704e-01 1.0000000000e-03
1.4900000000e+02 2.2032629699e-02 2.3065103218e-02 2.0893592387e-02 5.2453850124e-01 4.7546127696e-01 1.0000000000e-03
1.5000000000e+02 2.1970909089e-02 2.2932069376e-02 2.0911181346e-02 5.2438931322e-01 4.7561046435e-01 1.0000000000e-03
1.5100000000e+02 2.1909825504e-02 2.2816464305e-02 2.0911252126e-02 5.2412886490e-01 4.7587091204e-01 1.0000000000e-03
1.5200000000e+02 2.1849263459e-02 2.2718314081e-02 2.0893322304e-02 5.2380828853e-01 4.7619148779e-01 1.0000000000e-03
1.5300000000e+02 2.1788831800e-02 2.2637492046e-02 2.0856564865e-02 5.2347477016e-01 4.7652500554e-01 1.0000000000e-03
1.5400000000e+02 2.1728269756e-02 2.2577950731e-02 2.0795978606e-02 5.2318147839e-01 4.7681829668e-01 1.0000000000e-03
1.5500000000e+02 2.1667862311e-02 2.2545078769e-02 2.0706100389e-02 5.2298924710e-01 4.7701052734e-01 1.0000000000e-03
1.5600000000e+02 2.1607933566e-02 2.2540308535e-02 2.0585833117e-02 5.2295630874e-01 4.7704346507e-01 1.0000000000e-03
1.5700000000e+02 2.1548844874e-02 2.2556765005e-02 2.0443212241e-02 5.2311828646e-01 4.7688148671e-01 1.0000000000e-03
1.5800000000e+02 2.1490942687e-02 2.2578157485e-02 2.0296657458e-02 5.2346709845e-01 4.7653267409e-01 1.0000000000e-03
1.5900000000e+02 2.1433945745e-02 2.2582834587e-02 2.0169503987e-02 5.2394283074e-01 4.7605694115e-01 1.0000000000e-03
1.6000000000e+02 2.1377269179e-02 2.2553347051e-02 2.0080270246e-02 5.2444891876e-01 4.7555085249e-01 1.0000000000e-03
1.6100000000e+02 2.1320417523e-02 2.2485859692e-02 2.0032884553e-02 5.2488859533e-01 4.7511117527e-01 1.0000000000e-03
1.6200000000e+02 2.1263118833e-02 2.2389939055e-02 2.0016707480e-02 5.2519790685e-01 4.7480186311e-01 1.0000000000e-03
1.6300000000e+02 2.1205643192e-02 2.2278619930e-02 2.0018063486e-02 5.2535036577e-01 4.7464940355e-01 1.0000000000e-03
1.6400000000e+02 2.1148050204e-02 2.2160490975e-02 2.0027507097e-02 5.2534326779e-01 4.7465650090e-01 1.0000000000e-03
1.6500000000e+02 2.1090613678e-02 2.2039934993e-02 2.0040597767e-02 5.2518453683e-01 4.7481523123e-01 1.0000000000e-03
1.6600000000e+02 2.1033493802e-02 2.1922690794e-02 2.0051117986e-02 5.2489552385e-01 4.7510424357e-01 1.0000000000e-03
1.6700000000e+02 2.0976606756e-02 2.1818997338e-02 2.0047333091e-02 5.2452181707e-01 4.7547794972e-01 1.0000000000e-03
1.6800000000e+02 2.0919712260e-02 2.1739860997e-02 2.0016385242e-02 5.2413335696e-01 4.7586640921e-01 1.0000000000e-03
1.6900000000e+02 2.0862974226e-02 2.1690858528e-02 1.9952319562e-02 5.2380743225e-01 4.7619233329e-01 1.0000000000e-03
1.7000000000e+02 2.0806478336e-02 2.1669015288e-02 1.9858470187e-02 5.2360661233e-01 4.7639315258e-01 1.0000000000e-03
1.7100000000e+02 2.0750474185e-02 2.1663807333e-02 1.9746819511e-02 5.2356054701e-01 4.7643921725e-01 1.0000000000e-03
1.7200000000e+02 2.0695321262e-02 2.1660193801e-02 1.9634619355e-02 5.2365705693e-01 4.7634270669e-01 1.0000000000e-03
1.7300000000e+02 2.0640689880e-02 2.1643996239e-02 1.9536886364e-02 5.2384969777e-01 4.7615006521e-01 1.0000000000e-03
1.7400000000e+02 2.0586565137e-02 2.1607192233e-02 1.9462684169e-02 5.2407551932e-01 4.7592424301e-01 1.0000000000e-03
1.7500000000e+02 2.0532509312e-02 2.1548857912e-02 1.9412444904e-02 5.2427579763e-01 4.7572396405e-01 1.0000000000e-03
1.7600000000e+02 2.0478302613e-02 2.1471135318e-02 1.9383594394e-02 5.2440303885e-01 4.7559672219e-01 1.0000000000e-03
1.7700000000e+02 2.0423917100e-02 2.1375911310e-02 1.9374171272e-02 5.2441883986e-01 4.7558092053e-01 1.0000000000e-03
1.7800000000e+02 2.0369552076e-02 2.1266199648e-02 1.9381327555e-02 5.2429549990e-01 4.7570425985e-01 1.0000000000e-03
1.7900000000e+02 2.0315423608e-02 2.1149791777e-02 1.9396830350e-02 5.2402759853e-01 4.7597216058e-01 1.0000000000e-03
1.8000000000e+02 2.0261492580e-02 2.1039590240e-02 1.9406162202e-02 5.2364410836e-01 4.7635565012e-01 1.0000000000e-03
1.8100000000e+02 2.0207734779e-02 2.0948478952e-02 1.9394900650e-02 5.2320512858e-01 4.7679462927e-01 1.0000000000e-03
1.8200000000e+02 2.0154234022e-02 2.0883597434e-02 1.9355239347e-02 5.2278371101e-01 4.7721604620e-01 1.0000000000e-03
1.8300000000e+02 2.0100850612e-02 2.0844703540e-02 1.9287083298e-02 5.2244595853e-01 4.7755379804e-01 1.0000000000e-03
1.8400000000e+02 2.0047828555e-02 2.0825674757e-02 1.9197590649e-02 5.2223527181e-01 4.7776448412e-01 1.0000000000e-03
1.8500000000e+02 1.9995249808e-02 2.0817052573e-02 1.9097210839e-02 5.2216615154e-01 4.7783360374e-01 1.0000000000e-03
1.8600000000e+02 1.9943386316e-02 2.0808884874e-02 1.8997378647e-02 5.2222492676e-01 4.7777482788e-01 1.0000000000e-03
1.8700000000e+02 1.9892089069e-02 2.0792724565e-02 1.8907073885e-02 5.2237730786e-01 4.7762244612e-01 1.0000000000e-03
1.8800000000e+02 1.9841168076e-02 2.0762234926e-02 1.8833002076e-02 5.2257575691e-01 4.7742399641e-01 1.0000000000e-03
1.8900000000e+02 1.9790265709e-02 2.0712489262e-02 1.8780067563e-02 5.2276473237e-01 4.7723502030e-01 1.0000000000e-03
1.9000000000e+02 1.9739424810e-02 2.0640809089e-02 1.8751574680e-02 5.2288621497e-01 4.7711353705e-01 1.0000000000e-03
1.9100000000e+02 1.9688419998e-02 2.0549578592e-02 1.8744623289e-02 5.2289429980e-01 4.7710545156e-01 1.0000000000e-03
1.9200000000e+02 1.9637599587e-02 2.0447744057e-02 1.8750157207e-02 5.2277026180e-01 4.7722948892e-01 1.0000000000e-03
1.9300000000e+02 1.9586924464e-02 2.0347965881e-02 1.8754066899e-02 5.2253135034e-01 4.7746839973e-01 1.0000000000e-03
1.9400000000e+02 1.9536472857e-02 2.0261310041e-02 1.8744219095e-02 5.2222291468e-01 4.7777683475e-01 1.0000000000e-03
1.9500000000e+02 1.9486322999e-02 2.0193964243e-02 1.8713856116e-02 5.2190268009e-01 4.7809706870e-01 1.0000000000e-03
1.9600000000e+02 1.9436212257e-02 2.0147217438e-02 1.8660927191e-02 5.2162731922e-01 4.7837242892e-01 1.0000000000e-03
1.9700000000e+02 1.9386459142e-02 2.0118677989e-02 1.8588637933e-02 5.2144099618e-01 4.7855875131e-01 1.0000000000e-03
1.9800000000e+02 1.9337087870e-02 2.0102921873e-02 1.8502879888e-02 5.2136916484e-01 4.7863058199e-01 1.0000000000e-03
1.9900000000e+02 1.9288253039e-02 2.0092144608e-02 1.8412433565e-02 5.2141341835e-01 4.7858632783e-01 1.0000000000e-03
2.0000000000e+02 1.9239950925e-02 2.0077416673e-02 1.8327053636e-02 5.2155091615e-01 4.7844882938e-01 1.0000000000e-03
2.0100000000e+02 1.9191982225e-02 2.0049933344e-02 1.8256051466e-02 5.2173732733e-01 4.7826241754e-01 1.0000000000e-03
2.0200000000e+02 1.9144155085e-02 2.0003128797e-02 1.8206445500e-02 5.2191467133e-01 4.7808507288e-01 1.0000000000e-03
2.0300000000e+02 1.9096396863e-02 1.9935224205e-02 1.8180269748e-02 5.2202534411e-01 4.7797439944e-01 1.0000000000e-03
2.0400000000e+02 1.9048567861e-02 1.9850984216e-02 1.8172187731e-02 5.2203039255e-01 4.7796935035e-01 1.0000000000e-03
2.0500000000e+02 1.9000887871e-02 1.9759735093e-02 1.8172467127e-02 5.2191958292e-01 4.7808015933e-01 1.0000000000e-03
2.0600000000e+02 1.8953420222e-02 1.9671596587e-02 1.8170049414e-02 5.2171159855e-01 4.7828814305e-01 1.0000000000e-03
2.0700000000e+02 1.8906166777e-02 1.9594734535e-02 1.8155891448e-02 5.2144614578e-01 4.7855359517e-01 1.0000000000e-03
2.0800000000e+02 1.8859133124e-02 1.9534364343e-02 1.8124194816e-02 5.2117382688e-01 4.7882591342e-01 1.0000000000e-03
2.0900000000e+02 1.8812295049e-02 1.9492460415e-02 1.8072662875e-02 5.2094621193e-01 4.7905352772e-01 1.0000000000e-03
2.1000000000e+02 1.8765686080e-02 1.9467355683e-02 1.8003096804e-02 5.2080546157e-01 4.7919427742e-01 1.0000000000e-03
2.1100000000e+02 1.8719535321e-02 1.9453134388e-02 1.7922347412e-02 5.2077275065e-01 4.7922698769e-01 1.0000000000e-03
2.1200000000e+02 1.8673926592e-02 1.9440785050e-02 1.7840364948e-02 5.2084188157e-01 4.7915785611e-01 1.0000000000e-03
2.1300000000e+02 1.8628682941e-02 1.9420627505e-02 1.7767377198e-02 5.2098050676e-01 4.7901923026e-01 1.0000000000e-03
2.1400000000e+02 1.8583776429e-02 1.9384894520e-02 1.7711943015e-02 5.2113728583e-01 4.7886245054e-01 1.0000000000e-03
2.1500000000e+02 1.8538873643e-02 1.9330132753e-02 1.7677361146e-02 5.2125656600e-01 4.7874316970e-01 1.0000000000e-03
2.1600000000e+02 1.8494086340e-02 1.9258525223e-02 1.7661649734e-02 5.2129350080e-01 4.7870623425e-01 1.0000000000e-03
2.1700000000e+02 1.8449302763e-02 1.9176654518e-02 1.7657464370e-02 5.2122634168e-01 4.7877339272e-01 1.0000000000e-03
2.1800000000e+02 1.8404772505e-02 1.9093008712e-02 1.7656022683e-02 5.2105882793e-01 4.7894090581e-01 1.0000000000e-03
2.1900000000e+02 1.8360357732e-02 1.9016098231e-02 1.7647646368e-02 5.2081915044e-01 4.7918058266e-01 1.0000000000e-03
2.2000000000e+02 1.8316231668e-02 1.8952764571e-02 1.7625136301e-02 5.2055201683e-01 4.7944771562e-01 1.0000000000e-03
2.2100000000e+02 1.8272295594e-02 1.8907265738e-02 1.7583569512e-02 5.2031053886e-01 4.7968919294e-01 1.0000000000e-03
2.2200000000e+02 1.8228642642e-02 1.8879184499e-02 1.7523497343e-02 5.2014154117e-01 4.7985818998e-01 1.0000000000e-03
2.2300000000e+02 1.8185364082e-02 1.8863189965e-02 1.7450850457e-02 5.2007199181e-01 4.7992773868e-01 1.0000000000e-03
2.2400000000e+02 1.8142500892e-02 1.8850741908e-02 1.7374936491e-02 5.2010173862e-01 4.7989799122e-01 1.0000000000e-03
2.2500000000e+02 1.8100056797e-02 1.8832454458e-02 1.7305986956e-02 5.2020352231e-01 4.7979620688e-01 1.0000000000e-03
2.2600000000e+02 1.8057987094e-02 1.8800767139e-02 1.7252249643e-02 5.2033071167e-01 4.7966901686e-01 1.0000000000e-03
2.2700000000e+02 1.8015973270e-02 1.8752228469e-02 1.7216991633e-02 5.2043172404e-01 4.7956800383e-01 1.0000000000e-03
2.2800000000e+02 1.7974033952e-02 1.8688105047e-02 1.7199026421e-02 5.2046320647e-01 4.7953652076e-01 1.0000000000e-03
2.2900000000e+02 1.7932197079e-02 1.8613575026e-02 1.7192861065e-02 5.2040075202e-01 4.7959897456e-01 1.0000000000e-03
2.3000000000e+02 1.7890598625e-02 1.8536437303e-02 1.7190262675e-02 5.2024465190e-01 4.7975507403e-01 1.0000000000e-03
2.3100000000e+02 1.7849147320e-02 1.8465463072e-02 1.7181424424e-02 5.2002122514e-01 4.7997850014e-01 1.0000000000e-03
2.3200000000e+02 1.7807949334e-02 1.8407864496e-02 1.7158636823e-02 5.1977527385e-01 4.8022445079e-01 1.0000000000e-03
2.3300000000e+02 1.7766989768e-02 1.8367359415e-02 1.7117746174e-02 5.1955848927e-01 4.8044123472e-01 1.0000000000e-03
2.3400000000e+02 1.7726261169e-02 1.8342712894e-02 1.7060011625e-02 5.1941421124e-01 4.8058551211e-01 1.0000000000e-03
2.3500000000e+02 1.7685938627e-02 1.8328310922e-02 1.6991814598e-02 5.1936475104e-01 4.8063497166e-01 1.0000000000e-03
2.3600000000e+02 1.7645997927e-02 1.8315581605e-02 1.6922352836e-02 5.1940514886e-01 4.8059457319e-01 1.0000000000e-03
2.3700000000e+02 1.7606455833e-02 1.8296077847e-02 1.6860852018e-02 5.1950578977e-01 4.8049393163e-01 1.0000000000e-03
2.3800000000e+02 1.7567180097e-02 1.8263412639e-02 1.6814082861e-02 5.1962109284e-01 4.8037862791e-01 1.0000000000e-03
2.3900000000e+02 1.7528060824e-02 1.8214875832e-02 1.6784910113e-02 5.1970178935e-01 4.8029793075e-01 1.0000000000e-03
2.4000000000e+02 1.7489008605e-02 1.8152432516e-02 1.6771147028e-02 5.1970917845e-01 4.8029054101e-01 1.0000000000e-03
2.4100000000e+02 1.7450127751e-02 1.8082153052e-02 1.6766466200e-02 5.1962596305e-01 4.8037375577e-01 1.0000000000e-03
2.4200000000e+02 1.7411312088e-02 1.8012445420e-02 1.6761494800e-02 5.1946204163e-01 4.8053767655e-01 1.0000000000e-03
2.4300000000e+02 1.7372874543e-02 1.7951559275e-02 1.6747856513e-02 5.1925029378e-01 4.8074942376e-01 1.0000000000e-03
2.4400000000e+02 1.7334531993e-02 1.7905313522e-02 1.6718572006e-02 5.1903901079e-01 4.8096070612e-01 1.0000000000e-03
2.4500000000e+02 1.7296575010e-02 1.7874998972e-02 1.6672777012e-02 5.1887503591e-01 4.8112468036e-01 1.0000000000e-03
2.4600000000e+02 1.7258841544e-02 1.7857246101e-02 1.6613710672e-02 5.1879126100e-01 4.8120845463e-01 1.0000000000e-03
2.4700000000e+02 1.7221527174e-02 1.7845053226e-02 1.6549300402e-02 5.1879579066e-01 4.8120392433e-01 1.0000000000e-03
2.4800000000e+02 1.7184589058e-02 1.7830062658e-02 1.6488492489e-02 5.1887078074e-01 4.8112893362e-01 1.0000000000e-03
2.4900000000e+02 1.7147969455e-02 1.7804976553e-02 1.6439130530e-02 5.1897796641e-01 4.8102174731e-01 1.0000000000e-03
2.5000000000e+02 1.7111506313e-02 1.7765222117e-02 1.6405958682e-02 5.1906905778e-01 4.8093065530e-01 1.0000000000e-03
2.5100000000e+02 1.7075167969e-02 1.7710922286e-02 1.6388922930e-02 5.1910056105e-01 4.8089915140e-01 1.0000000000e-03
2.5200000000e+02 1.7038989812e-02 1.7646964639e-02 1.6382867470e-02 5.1904782647e-01 4.8095188534e-01 1.0000000000e-03
2.5300000000e+02 1.7002886161e-02 1.7581142485e-02 1.6379175708e-02 5.1891269218e-01 4.8108701901e-01 1.0000000000e-03
2.5400000000e+02 1.6967058182e-02 1.7521770671e-02 1.6369197518e-02 5.1872182114e-01 4.8127788942e-01 1.0000000000e-03
2.5500000000e+02 1.6931464896e-02 1.7475308850e-02 1.6345793381e-02 5.1851946210e-01 4.8148024784e-01 1.0000000000e-03
2.5600000000e+02 1.6896106303e-02 1.7444221303e-02 1.6306230798e-02 5.1835338985e-01 4.8164631947e-01 1.0000000000e-03
2.5700000000e+02 1.6861036420e-02 1.7426032573e-02 1.6253219917e-02 5.1825918557e-01 4.8174052312e-01 1.0000000000e-03
2.5800000000e+02 1.6826326028e-02 1.7414467409e-02 1.6193633899e-02 5.1824953021e-01 4.8175017787e-01 1.0000000000e-03
2.5900000000e+02 1.6792003065e-02 1.7401466146e-02 1.6136212274e-02 5.1831087873e-01 4.8168882871e-01 1.0000000000e-03
2.6000000000e+02 1.6757952049e-02 1.7379365861e-02 1.6089044511e-02 5.1840744585e-01 4.8159226097e-01 1.0000000000e-03
2.6100000000e+02 1.6724120826e-02 1.7343312502e-02 1.6057381406e-02 5.1849169227e-01 4.8150801393e-01 1.0000000000e-03
2.6200000000e+02 1.6690388322e-02 1.7293155193e-02 1.6041262075e-02 5.1852028610e-01 4.8147941948e-01 1.0000000000e-03
2.6300000000e+02 1.6656808555e-02 1.7233744264e-02 1.6035627574e-02 5.1846887208e-01 4.8153083288e-01 1.0000000000e-03
2.6400000000e+02 1.6623463482e-02 1.7172601074e-02 1.6032520682e-02 5.1833869300e-01 4.8166101135e-01 1.0000000000e-03
2.6500000000e+02 1.6590274870e-02 1.7117930576e-02 1.6022862867e-02 5.1815695280e-01 4.8184275095e-01 1.0000000000e-03
2.6600000000e+02 1.6557317227e-02 1.7076067626e-02 1.5999900177e-02 5.1796805364e-01 4.8203164950e-01 1.0000000000e-03
2.6700000000e+02 1.6524571925e-02 1.7048919573e-02 1.5961479396e-02 5.1781835022e-01 4.8218135231e-01 1.0000000000e-03
2.6800000000e+02 1.6492128372e-02 1.7033545300e-02 1.5910886228e-02 5.1774036723e-01 4.8225933469e-01 1.0000000000e-03
2.6900000000e+02 1.6460066661e-02 1.7023703083e-02 1.5854965895e-02 5.1774366346e-01 4.8225603786e-01 1.0000000000e-03
2.7000000000e+02 1.6428401694e-02 1.7011275515e-02 1.5802478418e-02 5.1781118745e-01 4.8218851326e-01 1.0000000000e-03
2.7100000000e+02 1.6396917403e-02 1.6988631338e-02 1.5761261806e-02 5.1790390559e-01 4.8209579451e-01 1.0000000000e-03
2.7200000000e+02 1.6365662217e-02 1.6951970756e-02 1.5735637397e-02 5.1797404117e-01 4.8202565833e-01 1.0000000000e-03
2.7300000000e+02 1.6334509477e-02 1.6902578995e-02 1.5724064782e-02 5.1798268223e-01 4.8201701667e-01 1.0000000000e-03
2.7400000000e+02 1.6303505749e-02 1.6845922917e-02 1.5720793977e-02 5.1791181963e-01 4.8208787868e-01 1.0000000000e-03
2.7500000000e+02 1.6272753477e-02 1.6790147871e-02 1.5717232600e-02 5.1777088589e-01 4.8222881182e-01 1.0000000000e-03
2.7600000000e+02 1.6242118552e-02 1.6743050888e-02 1.5704657882e-02 5.1759388360e-01 4.8240581352e-01 1.0000000000e-03
2.7700000000e+02 1.6211725771e-02 1.6709407791e-02 1.5678109601e-02 5.1742660226e-01 4.8257309428e-01 1.0000000000e-03
2.7800000000e+02 1.6181651503e-02 1.6689490527e-02 1.5637394041e-02 5.1731120394e-01 4.8268849200e-01 1.0000000000e-03
2.7900000000e+02 1.6151852906e-02 1.6679154709e-02 1.5586823225e-02 5.1727276608e-01 4.8272692928e-01 1.0000000000e-03
2.8000000000e+02 1.6122367233e-02 1.6670761630e-02 1.5534653328e-02 5.1730932011e-01 4.8269037467e-01 1.0000000000e-03
2.8100000000e+02 1.6093242913e-02 1.6655962914e-02 1.5489972197e-02 5.1739196165e-01 4.8260773254e-01 1.0000000000e-03
2.8200000000e+02 1.6064325348e-02 1.6628863290e-02 1.5458905138e-02 5.1747580873e-01 4.8252388488e-01 1.0000000000e-03
2.8300000000e+02 1.6035551205e-02 1.6588194296e-02 1.5442790464e-02 5.1751617394e-01 4.8248351909e-01 1.0000000000e-03
2.8400000000e+02 1.6006879508e-02 1.6537601128e-02 1.5437701717e-02 5.1748446061e-01 4.8251523184e-01 1.0000000000e-03
2.8500000000e+02 1.5978418291e-02 1.6484109685e-02 1.5436320566e-02 5.1737724993e-01 4.8262244194e-01 1.0000000000e-03
2.8600000000e+02 1.5950163826e-02 1.6436010599e-02 1.5429671854e-02 5.1721854091e-01 4.8278115040e-01 1.0000000000e-03
2.8700000000e+02 1.5922134742e-02 1.6399774700e-02 1.5410779044e-02 5.1705117932e-01 4.8294851142e-01 1.0000000000e-03
2.8800000000e+02 1.5894301236e-02 1.6377624124e-02 1.5377129428e-02 5.1692139148e-01 4.8307829869e-01 1.0000000000e-03
2.8900000000e+02 1.5866745263e-02 1.6366729513e-02 1.5331873670e-02 5.1686157271e-01 4.8313811690e-01 1.0000000000e-03
2.9000000000e+02 1.5839533880e-02 1.6360228881e-02 1.5282465145e-02 5.1687842055e-01 4.8312126849e-01 1.0000000000e-03
2.9100000000e+02 1.5812614933e-02 1.6349710524e-02 1.5237834305e-02 5.1695055363e-01 4.8304913485e-01 1.0000000000e-03
2.9200000000e+02 1.5785979107e-02 1.6328280792e-02 1.5205428004e-02 5.1703588262e-01 4.8296380531e-01 1.0000000000e-03
2.9300000000e+02 1.5759468079e-02 1.6293499619e-02 1.5187651850e-02 5.1708864278e-01 4.8291104458e-01 1.0000000000e-03
2.9400000000e+02 1.5733076259e-02 1.6247682273e-02 1.5182091855e-02 5.1707495467e-01 4.8292473214e-01 1.0000000000e-03
2.9500000000e+02 1.5706891194e-02 1.6197340563e-02 1.5181959607e-02 5.1698535799e-01 4.8301432828e-01 1.0000000000e-03
2.9600000000e+02 1.5680866316e-02 1.6150919721e-02 1.5178059228e-02 5.1683945846e-01 4.8316022726e-01 1.0000000000e-03
2.9700000000e+02 1.5655059367e-02 1.6115469858e-02 1.5162884258e-02 5.1667825146e-01 4.8332143371e-01 1.0000000000e-03
2.9800000000e+02 1.5629490837e-02 1.6093883663e-02 1.5133316629e-02 5.1654843920e-01 4.8345124544e-01 1.0000000000e-03
2.9900000000e+02 1.5604184940e-02 1.6083935276e-02 1.5091732144e-02 5.1648488890e-01 4.8351479520e-01 1.0000000000e-03
3.0000000000e+02 1.5579158440e-02 1.6079064459e-02 1.5045150183e-02 5.1649733178e-01 4.8350235177e-01 1.0000000000e-03
3.0100000000e+02 1.5554457903e-02 1.6070730984e-02 1.5002811328e-02 5.1656595647e-01 4.8343372655e-01 1.0000000000e-03
3.0200000000e+02 1.5529973432e-02 1.6051890329e-02 1.4972110279e-02 5.1664957756e-01 4.8335010493e-01 1.0000000000e-03
3.0300000000e+02 1.5505705029e-02 1.6019823030e-02 1.4956062660e-02 5.1670168132e-01 4.8329800063e-01 1.0000000000e-03
3.0400000000e+02 1.5481526032e-02 1.5976801515e-02 1.4952057973e-02 5.1668811034e-01 4.8331157109e-01 1.0000000000e-03
3.0500000000e+02 1.5457456931e-02 1.5929421410e-02 1.4953088015e-02 5.1660000485e-01 4.8339967605e-01 1.0000000000e-03
3.0600000000e+02 1.5433646739e-02 1.5886304900e-02 1.4950186014e-02 5.1645786284e-01 4.8354181754e-01 1.0000000000e-03
3.0700000000e+02 1.5410030261e-02 1.5854412690e-02 1.4935699292e-02 5.1630395665e-01 4.8369572322e-01 1.0000000000e-03
3.0800000000e+02 1.5386591665e-02 1.5836270526e-02 1.4906835742e-02 5.1618515918e-01 4.8381452017e-01 1.0000000000e-03
3.0900000000e+02 1.5363446437e-02 1.5829177573e-02 1.4866665937e-02 5.1613444726e-01 4.8386523158e-01 1.0000000000e-03
3.1000000000e+02 1.5340592712e-02 1.5826044604e-02 1.4822727069e-02 5.1615778462e-01 4.8384189371e-01 1.0000000000e-03
3.1100000000e+02 1.5318025835e-02 1.5818253160e-02 1.4784241095e-02 5.1623141375e-01 4.8376826406e-01 1.0000000000e-03
3.1200000000e+02 1.5295678750e-02 1.5799293295e-02 1.4758106321e-02 5.1631191314e-01 4.8368776417e-01 1.0000000000e-03
3.1300000000e+02 1.5273449942e-02 1.5767049044e-02 1.4746482484e-02 5.1635302289e-01 4.8364665391e-01 1.0000000000e-03
3.1400000000e+02 1.5251397155e-02 1.5724882483e-02 1.4745960012e-02 5.1632403023e-01 4.8367564608e-01 1.0000000000e-03
3.1500000000e+02 1.5229444951e-02 1.5680454671e-02 1.4748195186e-02 5.1622348810e-01 4.8377618771e-01 1.0000000000e-03
3.1600000000e+02 1.5207702294e-02 1.5642350540e-02 1.4744180255e-02 5.1607903092e-01 4.8392064440e-01 1.0000000000e-03
3.1700000000e+02 1.5186166391e-02 1.5616598539e-02 1.4727402478e-02 5.1593630338e-01 4.8406337146e-01 1.0000000000e-03
3.1800000000e+02 1.5164831653e-02 1.5604261309e-02 1.4696657658e-02 5.1584030642e-01 4.8415936793e-01 1.0000000000e-03
3.1900000000e+02 1.5143796802e-02 1.5600992367e-02 1.4656740241e-02 5.1581660719e-01 4.8418306667e-01 1.0000000000e-03
3.2000000000e+02 1.5123024583e-02 1.5599024482e-02 1.4615844004e-02 5.1586191062e-01 4.8413776277e-01 1.0000000000e-03
3.2100000000e+02 1.5102516860e-02 1.5589617193e-02 1.4583340846e-02 5.1594321601e-01 4.8405645689e-01 1.0000000000e-03
3.2200000000e+02 1.5082143247e-02 1.5567609109e-02 1.4564562589e-02 5.1601328853e-01 4.8398638390e-01 1.0000000000e-03
3.2300000000e+02 1.5061937273e-02 1.5532921068e-02 1.4559766278e-02 5.1602887155e-01 4.8397080040e-01 1.0000000000e-03
3.2400000000e+02 1.5041852370e-02 1.5490989201e-02 1.4563088305e-02 5.1596968605e-01 4.8402998543e-01 1.0000000000e-03
3.2500000000e+02 1.5021951869e-02 1.5450797975e-02 1.4565040357e-02 5.1584818402e-01 4.8415148700e-01 1.0000000000e-03
3.2600000000e+02 1.5002189204e-02 1.5420121141e-02 1.4557165094e-02 5.1570269831e-01 4.8429697225e-01 1.0000000000e-03
3.2700000000e+02 1.4982658438e-02 1.5402913094e-02 1.4535378665e-02 5.1558128225e-01 4.8441838785e-01 1.0000000000e-03
3.2800000000e+02 1.4963326976e-02 1.5397877432e-02 1.4500939287e-02 5.1552309272e-01 4.8447657692e-01 1.0000000000e-03
3.2900000000e+02 1.4944285154e-02 1.5398119576e-02 1.4461345971e-02 5.1553940378e-01 4.8446026541e-01 1.0000000000e-03
3.3000000000e+02 1.4925507829e-02 1.5394776128e-02 1.4426006004e-02 5.1560976654e-01 4.8438990220e-01 1.0000000000e-03
3.3100000000e+02 1.4906935394e-02 1.5380613506e-02 1.4402575791e-02 5.1569070166e-01 4.8430896663e-01 1.0000000000e-03
3.3200000000e+02 1.4888469130e-02 1.5352788381e-02 1.4393988065e-02 5.1573321787e-01 4.8426644997e-01 1.0000000000e-03
3.3300000000e+02 1.4870144427e-02 1.5314997174e-02 1.4396447688e-02 5.1570566267e-01 4.8429400473e-01 1.0000000000e-03
3.3400000000e+02 1.4851948246e-02 1.5275246464e-02 1.4401382767e-02 5.1560738862e-01 4.8439227834e-01 1.0000000000e-03
3.3500000000e+02 1.4833914116e-02 1.5242256224e-02 1.4399509877e-02 5.1546818460e-01 4.8453148194e-01 1.0000000000e-03
3.3600000000e+02 1.4816081151e-02 1.5222086571e-02 1.4384392649e-02 5.1533606262e-01 4.8466360348e-01 1.0000000000e-03
3.3700000000e+02 1.4798444696e-02 1.5215331689e-02 1.4355326071e-02 5.1525659264e-01 4.8474307304e-01 1.0000000000e-03
3.3800000000e+02 1.4781041071e-02 1.5216601081e-02 1.4318082482e-02 5.1525204040e-01 4.8474762485e-01 1.0000000000e-03
3.3900000000e+02 1.4763891697e-02 1.5216961503e-02 1.4282206073e-02 5.1531119482e-01 4.8468847001e-01 1.0000000000e-03
3.4000000000e+02 1.4747002162e-02 1.5208053403e-02 1.4256669208e-02 5.1539450403e-01 4.8460516037e-01 1.0000000000e-03
3.4100000000e+02 1.4730216935e-02 1.5185492113e-02 1.4245916158e-02 5.1545124914e-01 4.8454841485e-01 1.0000000000e-03
3.4200000000e+02 1.4713542536e-02 1.5151401050e-02 1.4247785322e-02 5.1544291067e-01 4.8455675291e-01 1.0000000000e-03
3.4300000000e+02 1.4696970582e-02 1.5113090165e-02 1.4254485257e-02 5.1536042672e-01 4.8463923645e-01 1.0000000000e-03
3.4400000000e+02 1.4680575579e-02 1.5079731122e-02 1.4256354421e-02 5.1522771787e-01 4.8477194489e-01 1.0000000000e-03
3.4500000000e+02 1.4664342627e-02 1.5058699064e-02 1.4245446771e-02 5.1509253475e-01 4.8490712761e-01 1.0000000000e-03
3.4600000000e+02 1.4648357406e-02 1.5051675960e-02 1.4220095240e-02 5.1500371195e-01 4.8499595001e-01 1.0000000000e-03
3.4700000000e+02 1.4632519335e-02 1.5053912066e-02 1.4185089618e-02 5.1498904838e-01 4.8501061319e-01 1.0000000000e-03
3.4800000000e+02 1.4616964385e-02 1.5056627803e-02 1.4150033705e-02 5.1504215897e-01 4.8495750220e-01 1.0000000000e-03
3.4900000000e+02 1.4601608738e-02 1.5050812624e-02 1.4124387875e-02 5.1512561756e-01 4.8487404321e-01 1.0000000000e-03
3.5000000000e+02 1.4586386271e-02 1.5031351708e-02 1.4113552868e-02 5.1518758236e-01 4.8481207802e-01 1.0000000000e-03
3.5100000000e+02 1.4571294188e-02 1.4999673702e-02 1.4116086997e-02 5.1518617483e-01 4.8481348517e-01 1.0000000000e-03
3.5200000000e+02 1.4556277543e-02 1.4962927438e-02 1.4124295674e-02 5.1510912067e-01 4.8489053896e-01 1.0000000000e-03
3.5300000000e+02 1.4541443437e-02 1.4930638485e-02 1.4128218405e-02 5.1497887166e-01 4.8502078759e-01 1.0000000000e-03
3.5400000000e+02 1.4526711777e-02 1.4910775237e-02 1.4119156636e-02 5.1484441919e-01 4.8515523969e-01 1.0000000000e-03
3.5500000000e+02 1.4512170106e-02 1.4905123040e-02 1.4095326886e-02 5.1475613815e-01 4.8524352035e-01 1.0000000000e-03
3.5600000000e+02 1.4497863129e-02 1.4908956364e-02 1.4061800204e-02 5.1474259500e-01 4.8525706314e-01 1.0000000000e-03
3.5700000000e+02 1.4483798295e-02 1.4913420193e-02 1.4027980156e-02 5.1479802950e-01 4.8520162827e-01 1.0000000000e-03
3.5800000000e+02 1.4469914138e-02 1.4908775687e-02 1.4004136436e-02 5.1488262957e-01 4.8511702784e-01 1.0000000000e-03
3.5900000000e+02 1.4456174336e-02 1.4890193008e-02 1.3995422982e-02 5.1494316467e-01 4.8505649238e-01 1.0000000000e-03
3.6000000000e+02 1.4442486688e-02 1.4859378338e-02 1.3999925926e-02 5.1493786905e-01 4.8506178764e-01 1.0000000000e-03
3.6100000000e+02 1.4428935945e-02 1.4823777601e-02 1.4009924605e-02 5.1485535203e-01 4.8514430431e-01 1.0000000000e-03
3.6200000000e+02 1.4415502548e-02 1.4793989249e-02 1.4014058746e-02 5.1472346674e-01 4.8527618926e-01 1.0000000000e-03
3.6300000000e+02 1.4402220957e-02 1.4777116477e-02 1.4004794881e-02 5.1459278101e-01 4.8540687464e-01 1.0000000000e-03
3.6400000000e+02 1.4389082789e-02 1.4774505980e-02 1.3980624266e-02 5.1451390256e-01 4.8548575274e-01 1.0000000000e-03
3.6500000000e+02 1.4376187697e-02 1.4780850150e-02 1.3947338797e-02 5.1451317992e-01 4.8548647505e-01 1.0000000000e-03
3.6600000000e+02 1.4363519847e-02 1.4785870910e-02 1.3915813528e-02 5.1457753443e-01 4.8542212020e-01 1.0000000000e-03
3.6700000000e+02 1.4351002872e-02 1.4780638739e-02 1.3895414770e-02 5.1466325289e-01 4.8533640140e-01 1.0000000000e-03
3.6800000000e+02 1.4338595793e-02 1.4760712162e-02 1.3890891336e-02 5.1471483658e-01 4.8528481738e-01 1.0000000000e-03
3.6900000000e+02 1.4326274395e-02 1.4729208313e-02 1.3898951933e-02 5.1469340435e-01 4.8530624929e-01 1.0000000000e-03
3.7000000000e+02 1.4314042404e-02 1.4695303515e-02 1.3909860514e-02 5.1459695016e-01 4.8540270316e-01 1.0000000000e-03
3.7100000000e+02 1.4301928692e-02 1.4669059776e-02 1.3912939467e-02 5.1445995836e-01 4.8553969464e-01 1.0000000000e-03
3.7200000000e+02 1.4289975166e-02 1.4657247812e-02 1.3901025988e-02 5.1433794233e-01 4.8566171035e-01 1.0000000000e-03
3.7300000000e+02 1.4278203249e-02 1.4659389853e-02 1.3874612749e-02 5.1427929136e-01 4.8572036100e-01 1.0000000000e-03
3.7400000000e+02 1.4266602695e-02 1.4668030664e-02 1.3841545209e-02 5.1430083164e-01 4.8569882041e-01 1.0000000000e-03
3.7500000000e+02 1.4255268499e-02 1.4672542922e-02 1.3813292608e-02 5.1437893666e-01 4.8562071508e-01 1.0000000000e-03
3.7600000000e+02 1.4244002290e-02 1.4664193615e-02 1.3798791915e-02 5.1446124789e-01 4.8553840355e-01 1.0000000000e-03
3.7700000000e+02 1.4232849702e-02 1.4640944079e-02 1.3800401241e-02 5.1449278271e-01 4.8550686843e-01 1.0000000000e-03
3.7800000000e+02 1.4221746475e-02 1.4608419500e-02 1.3812078163e-02 5.1444448458e-01 4.8555516626e-01 1.0000000000e-03
3.7900000000e+02 1.4210765250e-02 1.4576896094e-02 1.3823043555e-02 5.1432722604e-01 4.8567242450e-01 1.0000000000e-03
3.8000000000e+02 1.4199877158e-02 1.4556728303e-02 1.3822192326e-02 5.1418864307e-01 4.8581100718e-01 1.0000000000e-03
3.8100000000e+02 1.4189152047e-02 1.4552017674e-02 1.3805257156e-02 5.1408646074e-01 4.8591318922e-01 1.0000000000e-03
3.8200000000e+02 1.4178579673e-02 1.4559525065e-02 1.3775599189e-02 5.1406110770e-01 4.8593854197e-01 1.0000000000e-03
3.8300000000e+02 1.4168241993e-02 1.4569336548e-02 1.3743855990e-02 5.1411274541e-01 4.8588690398e-01 1.0000000000e-03
3.8400000000e+02 1.4158076607e-02 1.4570586383e-02 1.3721456751e-02 5.1420210362e-01 4.8579754548e-01 1.0000000000e-03
3.8500000000e+02 1.4147983864e-02 1.4556662180e-02 1.3715302572e-02 5.1426985017e-01 4.8572979864e-01 1.0000000000e-03
3.8600000000e+02 1.4137951657e-02 1.4528908767e-02 1.3724038377e-02 5.1426724772e-01 4.8573240082e-01 1.0000000000e-03
3.8700000000e+02 1.4128001407e-02 1.4496129006e-02 1.3738388196e-02 5.1418237437e-01 4.8581727390e-01 1.0000000000e-03
3.8800000000e+02 1.4118141495e-02 1.4469813555e-02 1.3746149838e-02 5.1404648454e-01 4.8595316347e-01 1.0000000000e-03
3.8900000000e+02 1.4108406380e-02 1.4458273537e-02 1.3738512993e-02 5.1391813452e-01 4.8608151322e-01 1.0000000000e-03
3.9000000000e+02 1.4098806307e-02 1.4462132007e-02 1.3714786619e-02 5.1385246878e-01 4.8614717870e-01 1.0000000000e-03
3.9100000000e+02 1.4089392498e-02 1.4473878779e-02 1.3682974502e-02 5.1387166505e-01 4.8612798216e-01 1.0000000000e-03
3.9200000000e+02 1.4080203138e-02 1.4481859282e-02 1.3655496761e-02 5.1395292405e-01 4.8604672290e-01 1.0000000000e-03
3.9300000000e+02 1.4071092010e-02 1.4476303943e-02 1.3642475009e-02 5.1404030385e-01 4.8595934284e-01 1.0000000000e-03
3.9400000000e+02 1.4062040485e-02 1.4454602264e-02 1.3646748848e-02 5.1407364764e-01 4.8592599880e-01 1.0000000000e-03
3.9500000000e+02 1.4053037390e-02 1.4423091896e-02 1.3661638834e-02 5.1402189992e-01 4.8597774627e-01 1.0000000000e-03
3.9600000000e+02 1.4044126496e-02 1.4393310063e-02 1.3674981892e-02 5.1389929957e-01 4.8610034637e-01 1.0000000000e-03
3.9700000000e+02 1.4035316184e-02 1.4376145788e-02 1.3675207272e-02 5.1375873584e-01 4.8624090985e-01 1.0000000000e-03
3.9800000000e+02 1.4026629739e-02 1.4375792816e-02 1.3657856733e-02 5.1366333383e-01 4.8633631162e-01 1.0000000000e-03
3.9900000000e+02 1.4018086717e-02 1.4387445524e-02 1.3628001325e-02 5.1365238474e-01 4.8634726048e-01 1.0000000000e-03
4.0000000000e+02 1.4009764418e-02 1.4399740845e-02 1.3597792014e-02 5.1371930557e-01 4.8628033941e-01 1.0000000000e-03
4.0100000000e+02 1.4001547359e-02 1.4400874265e-02 1.3579536229e-02 5.1381505852e-01 4.8618458622e-01 1.0000000000e-03
4.0200000000e+02 1.3993384317e-02 1.4385002665e-02 1.3579424471e-02 5.1387389669e-01 4.8612574782e-01 1.0000000000e-03
4.0300000000e+02 1.3985255733e-02 1.4355977066e-02 1.3593422249e-02 5.1385065895e-01 4.8614898532e-01 1.0000000000e-03
4.0400000000e+02 1.3977210969e-02 1.4324476942e-02 1.3610324822e-02 5.1374382276e-01 4.8625582129e-01 1.0000000000e-03
4.0500000000e+02 1.3969248161e-02 1.4303472824e-02 1.3616343960e-02 5.1359996184e-01 4.8639968199e-01 1.0000000000e-03
4.0600000000e+02 1.3961403631e-02 1.4299336821e-02 1.3604747131e-02 5.1348454950e-01 4.8651509411e-01 1.0000000000e-03
4.0700000000e+02 1.3953657821e-02 1.4310420491e-02 1.3577180915e-02 5.1345070978e-01 4.8654893361e-01 1.0000000000e-03
4.0800000000e+02 1.3946145773e-02 1.4325190336e-02 1.3546070084e-02 5.1350333299e-01 4.8649631018e-01 1.0000000000e-03
4.0900000000e+02 1.3938736171e-02 1.4331427403e-02 1.3524091803e-02 5.1360212958e-01 4.8639751337e-01 1.0000000000e-03
4.1000000000e+02 1.3931402005e-02 1.4320103452e-02 1.3520847075e-02 5.1367729522e-01 4.8632234752e-01 1.0000000000e-03
4.1100000000e+02 1.3924079016e-02 1.4293582179e-02 1.3533804566e-02 5.1367470887e-01 4.8632493366e-01 1.0000000000e-03
4.1200000000e+02 1.3916835189e-02 1.4261431061e-02 1.3553009368e-02 5.1358069779e-01 4.8641894454e-01 1.0000000000e-03
4.1300000000e+02 1.3909620233e-02 1.4238091186e-02 1.3563017361e-02 5.1343672273e-01 4.8656291939e-01 1.0000000000e-03
4.1400000000e+02 1.3902541250e-02 1.4231489040e-02 1.3555613346e-02 5.1330920002e-01 4.8669044190e-01 1.0000000000e-03
4.1500000000e+02 1.3895563781e-02 1.4242211357e-02 1.3530037366e-02 5.1326042995e-01 4.8673921177e-01 1.0000000000e-03
4.1600000000e+02 1.3888761401e-02 1.4258678071e-02 1.3498630375e-02 5.1330346318e-01 4.8669617834e-01 1.0000000000e-03
4.1700000000e+02 1.3882106170e-02 1.4268546365e-02 1.3474384323e-02 5.1340438554e-01 4.8659525578e-01 1.0000000000e-03
4.1800000000e+02 1.3875523582e-02 1.4260093682e-02 1.3469638303e-02 5.1348921337e-01 4.8651042776e-01 1.0000000000e-03
4.1900000000e+02 1.3868931681e-02 1.4235526323e-02 1.3482001610e-02 5.1349956628e-01 4.8650007466e-01 1.0000000000e-03
4.2000000000e+02 1.3862365857e-02 1.4202790335e-02 1.3503186405e-02 5.1341214172e-01 4.8658749904e-01 1.0000000000e-03
4.2100000000e+02 1.3855882920e-02 1.4178501442e-02 1.3515685685e-02 5.1326757851e-01 4.8673206206e-01 1.0000000000e-03
4.2200000000e+02 1.3849493116e-02 1.4170789160e-02 1.3510874473e-02 5.1313277296e-01 4.8686686743e-01 1.0000000000e-03
4.2300000000e+02 1.3843181543e-02 1.4182184823e-02 1.3485978357e-02 5.1307761354e-01 4.8692202667e-01 1.0000000000e-03
4.2400000000e+02 1.3837057166e-02 1.4200123958e-02 1.3454437256e-02 5.1311805009e-01 4.8688158993e-01 1.0000000000e-03
4.2500000000e+02 1.3831080869e-02 1.4212301932e-02 1.3429161161e-02 5.1322283162e-01 4.8677680823e-01 1.0000000000e-03
4.2600000000e+02 1.3825153001e-02 1.4205080457e-02 1.3424448669e-02 5.1331320645e-01 4.8668643321e-01 1.0000000000e-03
4.2700000000e+02 1.3819200918e-02 1.4181246981e-02 1.3437336311e-02 5.1332862469e-01 4.8667101480e-01 1.0000000000e-03
4.2800000000e+02 1.3813303784e-02 1.4147654176e-02 1.3460776769e-02 5.1323970680e-01 4.8675993253e-01 1.0000000000e-03
4.2900000000e+02 1.3807477430e-02 1.4123994857e-02 1.3473947532e-02 5.1309342734e-01 4.8690621182e-01 1.0000000000e-03
4.3000000000e+02 1.3801682740e-02 1.4115978964e-02 1.3470678590e-02 5.1295365388e-01 4.8704598511e-01 1.0000000000e-03
4.3100000000e+02 1.3796025887e-02 1.4130587690e-02 1.3443749398e-02 5.1290370019e-01 4.8709593863e-01 1.0000000000e-03
4.3200000000e+02 1.3790533878e-02 1.4148129150e-02 1.3413940556e-02 5.1294519374e-01 4.8705444493e-01 1.0000000000e-03
4.3300000000e+02 1.3785236515e-02 1.4164109714e-02 1.3386046514e-02 5.1306274062e-01 4.8693689788e-01 1.0000000000e-03
4.3400000000e+02 1.3780016452e-02 1.4152507298e-02 1.3387421146e-02 5.1314549681e-01 4.8685414153e-01 1.0000000000e-03
4.3500000000e+02 1.3774890453e-02 1.4133191667e-02 1.3397217728e-02 5.1316758484e-01 4.8683205334e-01 1.0000000000e-03
4.3600000000e+02 1.3769995421e-02 1.4091884717e-02 1.3430860825e-02 5.1305167613e-01 4.8694796190e-01 1.0000000000e-03
4.3700000000e+02 1.3765620068e-02 1.4080530033e-02 1.3434012420e-02 5.1292135519e-01 4.8707828269e-01 1.0000000000e-03
4.3800000000e+02 1.3762197457e-02 1.4061421156e-02 1.3447329402e-02 5.1274537639e-01 4.8725426136e-01 1.0000000000e-03
4.3900000000e+02 1.3760900125e-02 1.4103260823e-02 1.3400634751e-02 5.1274814111e-01 4.8725149650e-01 1.0000000000e-03
4.4000000000e+02 1.3763936237e-02 1.4096423984e-02 1.3414110988e-02 5.1271340239e-01 4.8728623511e-01 1.0000000000e-03
4.4100000000e+02 1.3776630163e-02 1.4169434085e-02 1.3363021426e-02 5.1290651992e-01 4.8709311751e-01 1.0000000000e-03
4.4200000000e+02 1.3809639961e-02 1.4113982208e-02 1.3489384204e-02 5.1274722953e-01 4.8725240793e-01 1.0000000000e-03
4.4300000000e+02 1.3888351619e-02 1.4246772043e-02 1.3511110097e-02 5.1279762871e-01 4.8720200897e-01 1.0000000000e-03
4.4400000000e+02 1.4062118717e-02 1.4182297513e-02 1.3936063275e-02 5.1195570102e-01 4.8804393733e-01 1.0000000000e-03
4.4500000000e+02 1.4430915937e-02 1.4633060433e-02 1.4219284058e-02 5.1147717184e-01 4.8852246802e-01 1.0000000000e-03
4.4600000000e+02 1.5115689486e-02 1.4776836149e-02 1.5467240475e-02 5.0918805082e-01 4.9081159199e-01 1.0000000000e-03
4.4700000000e+02 1.6198875383e-02 1.5931038186e-02 1.6474803910e-02 5.0743023722e-01 4.9256941045e-01 1.0000000000e-03
4.4800000000e+02 1.7229365185e-02 1.6122154891e-02 1.8351988867e-02 5.0345313269e-01 4.9654652120e-01 1.0000000000e-03
4.4900000000e+02 1.7410842702e-02 1.6831340268e-02 1.7993701622e-02 5.0143894703e-01 4.9856071276e-01 1.0000000000e-03
4.5000000000e+02 1.5931438655e-02 1.5687553212e-02 1.6175847501e-02 5.0052880622e-01 4.9947085621e-01 1.0000000000e-03
4.5100000000e+02 1.4140033163e-02 1.4999055304e-02 1.3268781826e-02 5.0353640535e-01 4.9646325545e-01 1.0000000000e-03
4.5200000000e+02 1.3793399557e-02 1.4759752899e-02 1.2800657190e-02 5.0673693000e-01 4.9326272844e-01 1.0000000000e-03
4.5300000000e+02 1.4850965701e-02 1.4996200800e-02 1.4701879583e-02 5.0655874229e-01 4.9344091664e-01 1.0000000000e-03
4.5400000000e+02 1.5541307628e-02 1.5611639246e-02 1.5469240025e-02 5.0613193039e-01 4.9386773047e-01 1.0000000000e-03
4.5500000000e+02 1.4779035002e-02 1.4524135739e-02 1.5038727783e-02 5.0464838549e-01 4.9535127546e-01 1.0000000000e-03
4.5600000000e+02 1.3781012036e-02 1.4187933877e-02 1.3364752755e-02 5.0567735920e-01 4.9432229936e-01 1.0000000000e-03
4.5700000000e+02 1.3906845823e-02 1.4399994165e-02 1.3399887830e-02 5.0690836468e-01 4.9309129205e-01 1.0000000000e-03
4.5800000000e+02 1.4630225487e-02 1.4782876708e-02 1.4473408461e-02 5.0674640285e-01 4.9325325403e-01 1.0000000000e-03
4.5900000000e+02 1.4629228041e-02 1.5150412917e-02 1.4091357589e-02 5.0788260532e-01 4.9211705167e-01 5.0000000000e-04
4.6000000000e+02 1.3920107856e-02 1.4544964768e-02 1.3271357864e-02 5.0938364173e-01 4.9061601361e-01 5.0000000000e-04
4.6100000000e+02 1.3784466311e-02 1.4420422725e-02 1.3120425865e-02 5.1080538346e-01 4.8919427004e-01 5.0000000000e-04
4.6200000000e+02 1.3801788911e-02 1.4417706989e-02 1.3155553490e-02 5.1201355349e-01 4.8798609840e-01 5.0000000000e-04
4.6300000000e+02 1.3823876157e-02 1.4293188229e-02 1.3330399059e-02 5.1255487336e-01 4.8744477713e-01 5.0000000000e-04
4.6400000000e+02 1.3717473485e-02 1.3988869265e-02 1.3432380743e-02 5.1231407047e-01 4.8768557850e-01 5.0000000000e-04
4.6500000000e+02 1.3836100698e-02 1.3924323022e-02 1.3743769377e-02 5.1140893019e-01 4.8859071775e-01 5.0000000000e-04
4.6600000000e+02 1.3673659414e-02 1.3886996545e-02 1.3450675644e-02 5.1106603990e-01 4.8893360666e-01 5.0000000000e-04
4.6700000000e+02 1.3819481246e-02 1.4058143832e-02 1.3570248149e-02 5.1084237819e-01 4.8915726753e-01 5.0000000000e-04
4.6800000000e+02 1.3657756150e-02 1.3992999680e-02 1.3307419606e-02 5.1101374347e-01 4.8898590104e-01 5.0000000000e-04
4.6900000000e+02 1.3783826493e-02 1.4126297086e-02 1.3425695710e-02 5.1118376740e-01 4.8881587637e-01 5.0000000000e-04
4.7000000000e+02 1.3663768768e-02 1.4208122157e-02 1.3092406094e-02 5.1210876807e-01 4.8789087469e-01 5.0000000000e-04
4.7100000000e+02 1.3746082783e-02 1.4377151616e-02 1.3080640696e-02 5.1325878837e-01 4.8674085370e-01 5.0000000000e-04
4.7200000000e+02 1.3679903001e-02 1.4312460087e-02 1.3010065071e-02 5.1431626270e-01 4.8568337856e-01 5.0000000000e-04
4.7300000000e+02 1.3707738370e-02 1.4196784236e-02 1.3189025223e-02 5.1472454671e-01 4.8527509391e-01 5.0000000000e-04
4.7400000000e+02 1.3689013198e-02 1.4067710377e-02 1.3287419453e-02 5.1467829736e-01 4.8532134263e-01 5.0000000000e-04
4.7500000000e+02 1.3675063848e-02 1.3976906426e-02 1.3355398551e-02 5.1434739634e-01 4.8565224307e-01 5.0000000000e-04
4.7600000000e+02 1.3693553396e-02 1.3882503845e-02 1.3494027779e-02 5.1362214382e-01 4.8637749513e-01 5.0000000000e-04
4.7700000000e+02 1.3655474409e-02 1.3751407154e-02 1.3554582372e-02 5.1262031687e-01 4.8737932156e-01 5.0000000000e-04
4.7800000000e+02 1.3690900058e-02 1.3764421456e-02 1.3613886200e-02 5.1163318384e-01 4.8836645422e-01 5.0000000000e-04
4.7900000000e+02 1.3642629609e-02 1.3862035237e-02 1.3413094915e-02 5.1129283157e-01 4.8870680602e-01 5.0000000000e-04
4.8000000000e+02 1.3680027798e-02 1.4039402828e-02 1.3303730637e-02 5.1150878912e-01 4.8849084814e-01 5.0000000000e-04
4.8100000000e+02 1.3637652621e-02 1.4118041843e-02 1.3133316301e-02 5.1216463700e-01 4.8783499984e-01 5.0000000000e-04
4.8200000000e+02 1.3670505956e-02 1.4207505621e-02 1.3104922138e-02 5.1296661906e-01 4.8703301748e-01 5.0000000000e-04
4.8300000000e+02 1.3640349731e-02 1.4249015599e-02 1.2996708043e-02 5.1396811064e-01 4.8603152554e-01 5.0000000000e-04
4.8400000000e+02 1.3660030439e-02 1.4252598397e-02 1.3031296432e-02 5.1480941757e-01 4.8519021834e-01 5.0000000000e-04
4.8500000000e+02 1.3640210032e-02 1.4125256799e-02 1.3124833815e-02 5.1516408919e-01 4.8483554643e-01 5.0000000000e-04
4.8600000000e+02 1.3646082953e-02 1.3958986849e-02 1.3314060867e-02 5.1483001191e-01 4.8516962348e-01 5.0000000000e-04
4.8700000000e+02 1.3638903387e-02 1.3822412118e-02 1.3444802724e-02 5.1403941597e-01 4.8596021921e-01 5.0000000000e-04
4.8800000000e+02 1.3636877760e-02 1.3757239096e-02 1.3510055840e-02 5.1308871546e-01 4.8691091953e-01 5.0000000000e-04
4.8900000000e+02 1.3638345525e-02 1.3740971684e-02 1.3530611992e-02 5.1216550105e-01 4.8783413378e-01 5.0000000000e-04
4.9000000000e+02 1.3628328219e-02 1.3766735792e-02 1.3483431190e-02 5.1146875417e-01 4.8853088047e-01 5.0000000000e-04
4.9100000000e+02 1.3632921502e-02 1.3879254460e-02 1.3375261799e-02 5.1124646401e-01 4.8875317048e-01 5.0000000000e-04
4.9200000000e+02 1.3621104881e-02 1.4038871042e-02 1.3183341362e-02 5.1169318028e-01 4.8830645403e-01 5.0000000000e-04
4.9300000000e+02 1.3630392961e-02 1.4181364328e-02 1.3050945476e-02 5.1259935354e-01 4.8740028061e-01 5.0000000000e-04
4.9400000000e+02 1.3620824553e-02 1.4227046631e-02 1.2980634347e-02 5.1362995120e-01 4.8636968279e-01 5.0000000000e-04
4.9500000000e+02 1.3628821820e-02 1.4210124500e-02 1.3012889773e-02 5.1446587548e-01 4.8553375837e-01 5.0000000000e-04
4.9600000000e+02 1.3617926277e-02 1.4132116921e-02 1.3072011992e-02 5.1496769537e-01 4.8503193834e-01 5.0000000000e-04
4.9700000000e+02 1.3621885329e-02 1.4011890627e-02 1.3207853772e-02 5.1494784374e-01 4.8505178986e-01 5.0000000000e-04
4.9800000000e+02 1.3613654301e-02 1.3852688484e-02 1.3360496610e-02 5.1435736676e-01 4.8564226673e-01 5.0000000000e-04
4.9900000000e+02 1.3617223129e-02 1.3728706166e-02 1.3499638066e-02 5.1334225430e-01 4.8665737912e-01 5.0000000000e-04
5.0000000000e+02 1.3612335548e-02 1.3685290702e-02 1.3535717502e-02 5.1228274894e-01 4.8771688440e-01 5.0000000000e-04
