# time_s Ids_true_A Ids_pred_A Ids_physics_A T_mean_K
4.1274915930e-08 1.0250000000e+01 1.2400619507e+01 1.5684280396e+01 3.4020657349e+02
5.1834831538e-08 1.7765625000e+01 1.7744873047e+01 2.1167842865e+01 3.4075778198e+02
6.1435002863e-08 2.1140625000e+01 2.2835388184e+01 2.6326723099e+01 3.4082678223e+02
7.1034946814e-08 2.5578125000e+01 2.9806488037e+01 3.3363506317e+01 3.4154492188e+02
8.0634890764e-08 3.2593750000e+01 3.4222671509e+01 3.7933029175e+01 3.4171569824e+02
9.0234834715e-08 3.5703125000e+01 3.9291458130e+01 4.2520751953e+01 3.4254754639e+02
9.9835006040e-08 4.2296875000e+01 4.6498352051e+01 4.9797744751e+01 3.4288287354e+02
1.0943494999e-07 4.6093750000e+01 5.2090133667e+01 5.4940341949e+01 3.4384497070e+02
1.1903489394e-07 5.1406250000e+01 5.7140838623e+01 6.0173252106e+01 3.4429837036e+02
1.2863483789e-07 5.4828125000e+01 5.9436035156e+01 6.2383281708e+01 3.4531387329e+02
1.3823489553e-07 6.0203125000e+01 6.2565750122e+01 6.5610656738e+01 3.4583679199e+02
1.4783495317e-07 6.2343750000e+01 7.0147705078e+01 7.3280738831e+01 3.4703637695e+02
1.5743489712e-07 6.6250000000e+01 6.9983482361e+01 7.3137817383e+01 3.4754275513e+02
1.6703495476e-07 7.0031250000e+01 7.4191368103e+01 7.7064582825e+01 3.4884317017e+02
1.7663478502e-07 7.2140625000e+01 7.8018577576e+01 8.0674903870e+01 3.4941311646e+02
1.8623484266e-07 7.5343750000e+01 7.8538360596e+01 8.1307296753e+01 3.5073736572e+02
1.9583490030e-07 7.8531250000e+01 8.0101585388e+01 8.2929374695e+01 3.5133209229e+02
2.0543495793e-07 8.0640625000e+01 8.4536613464e+01 8.6882400513e+01 3.5275027466e+02
2.1503490188e-07 8.5046875000e+01 8.4570884705e+01 8.7148353577e+01 3.5333856201e+02
2.2463495952e-07 8.5859375000e+01 9.1076911926e+01 9.3238250732e+01 3.5490783691e+02
2.3423490347e-07 8.7140625000e+01 9.3338935852e+01 9.5339950562e+01 3.5553530884e+02
2.4383473374e-07 9.1234375000e+01 9.0322303772e+01 9.2194351196e+01 3.5703302002e+02
2.5343490506e-07 9.1890625000e+01 8.9040237427e+01 9.1303276062e+01 3.5761941528e+02
2.6303484901e-07 9.2703125000e+01 9.2794944763e+01 9.4596916199e+01 3.5919735718e+02
2.7263490665e-07 9.4093750000e+01 9.5604598999e+01 9.7444511414e+01 3.5982983398e+02
2.8223485060e-07 9.7718750000e+01 1.0106723785e+02 1.0222718048e+02 3.6152236938e+02
2.9183490824e-07 9.8250000000e+01 1.0211392212e+02 1.0364023590e+02 3.6217037964e+02
3.0143485219e-07 9.8843750000e+01 1.0541300964e+02 1.0645465851e+02 3.6393530273e+02
3.1103490983e-07 1.0046875000e+02 1.0439208984e+02 1.0581179047e+02 3.6455288696e+02
3.2063485378e-07 1.0312500000e+02 1.0884117126e+02 1.0958644104e+02 3.6641323853e+02
3.3023491142e-07 1.0253125000e+02 1.0435461426e+02 1.0524851227e+02 3.6691421509e+02
3.3983485537e-07 1.0510937500e+02 1.0493891144e+02 1.0502302551e+02 3.6878076172e+02
3.4943491301e-07 1.0707812500e+02 1.0600319672e+02 1.0686496735e+02 3.6929785156e+02
3.5903485696e-07 1.0704687500e+02 1.0528450012e+02 1.0613289642e+02 3.7114910889e+02
3.6863491459e-07 1.1009375000e+02 1.0933395386e+02 1.1041529846e+02 3.7173760986e+02
3.7823474486e-07 1.1289062500e+02 1.1278176880e+02 1.1325966644e+02 3.7366677856e+02
3.8783480250e-07 1.1096875000e+02 1.1201253510e+02 1.1294188690e+02 3.7422463989e+02
3.9743486013e-07 1.1193750000e+02 1.1159308624e+02 1.1173352051e+02 3.7614068604e+02
4.0703491777e-07 1.1423437500e+02 1.1110474396e+02 1.1176583099e+02 3.7667486572e+02
4.1663486172e-07 1.1484375000e+02 1.1142588806e+02 1.1138680267e+02 3.7859350586e+02
4.2623491936e-07 1.1659375000e+02 1.2004566956e+02 1.2033768463e+02 3.7930511475e+02
4.3583486331e-07 1.1932812500e+02 1.1371069336e+02 1.1376644897e+02 3.8108142090e+02
4.4543492095e-07 1.1918750000e+02 1.1643614960e+02 1.1694871521e+02 3.8183993530e+02
4.5503475121e-07 1.1826562500e+02 1.2204078674e+02 1.2203620911e+02 3.8373721313e+02
4.6463480885e-07 1.2184375000e+02 1.2138784027e+02 1.2181693268e+02 3.8446325684e+02
4.7423486649e-07 1.2223437500e+02 1.2185350037e+02 1.2165694427e+02 3.8637219238e+02
4.8383492413e-07 1.2184375000e+02 1.2309438324e+02 1.2277801514e+02 3.8710751343e+02
4.9343486808e-07 1.2475000000e+02 1.2752319336e+02 1.2749144745e+02 3.8911407471e+02
5.0303492571e-07 1.2589062500e+02 1.2705599213e+02 1.2698574066e+02 3.8982608032e+02
5.1263486966e-07 1.2776562500e+02 1.2450077057e+02 1.2425556183e+02 3.9177435303e+02
5.2223492730e-07 1.2696875000e+02 1.2443399811e+02 1.2460222626e+02 3.9246969604e+02
5.3183487125e-07 1.2734375000e+02 1.2962458801e+02 1.2943455505e+02 3.9453097534e+02
5.4143492889e-07 1.2917187500e+02 1.2973126221e+02 1.2781104279e+02 3.9518902588e+02
5.5103487284e-07 1.3134375000e+02 1.2553456116e+02 1.2485314178e+02 3.9717794800e+02
5.6063493048e-07 1.3146875000e+02 1.2763844299e+02 1.2723526764e+02 3.9786764526e+02
5.7023487443e-07 1.3189062500e+02 1.3028303528e+02 1.2981053162e+02 3.9991183472e+02
5.7983493207e-07 1.3260937500e+02 1.3006878662e+02 1.2989686584e+02 4.0058239746e+02
5.8943487602e-07 1.3442187500e+02 1.3329977417e+02 1.3278503418e+02 4.0269396973e+02
5.9903481997e-07 1.3492187500e+02 1.3337207031e+02 1.3322602844e+02 4.0335159302e+02
6.0863487761e-07 1.3740625000e+02 1.3170658875e+02 1.3062396240e+02 4.0542306519e+02
6.1823493525e-07 1.3578125000e+02 1.3286863708e+02 1.3231629944e+02 4.0609185791e+02
6.2783487920e-07 1.3643750000e+02 1.3477108765e+02 1.3371560669e+02 4.0820257568e+02
6.3743493683e-07 1.3767187500e+02 1.3756716919e+02 1.3722131348e+02 4.0891851807e+02
6.4703488079e-07 1.4123437500e+02 1.3905871582e+02 1.3764031982e+02 4.1105786133e+02
6.5663493842e-07 1.4029687500e+02 1.4389764404e+02 1.4390817261e+02 4.1186523438e+02
6.6623476869e-07 1.4121875000e+02 1.4440994263e+02 1.4398439026e+02 4.1401370239e+02
6.7583482632e-07 1.4276562500e+02 1.3618914795e+02 1.3490304565e+02 4.1462103271e+02
6.8543488396e-07 1.4435937500e+02 1.3861940002e+02 1.3690911865e+02 4.1682104492e+02
6.9503494160e-07 1.4412500000e+02 1.4461576843e+02 1.4427862549e+02 4.1754782104e+02
7.0463488555e-07 1.4721875000e+02 1.4150016785e+02 1.4020550537e+02 4.1967169189e+02
7.1423494319e-07 1.4656250000e+02 1.4806744385e+02 1.4785963440e+02 4.2053399658e+02
7.2383488714e-07 1.4781250000e+02 1.4750093079e+02 1.4662762451e+02 4.2264672852e+02
7.3343494478e-07 1.4826562500e+02 1.4740060425e+02 1.4660818481e+02 4.2349139404e+02
7.4303477504e-07 1.4921875000e+02 1.4702966309e+02 1.4585552979e+02 4.2558685303e+02
7.5263494637e-07 1.5056250000e+02 1.5006285095e+02 1.4959440613e+02 4.2648715210e+02
7.6223489032e-07 1.5196875000e+02 1.5067233276e+02 1.4977310181e+02 4.2859014893e+02
7.7183494795e-07 1.4956250000e+02 1.4716024780e+02 1.4558396912e+02 4.2939508057e+02
7.8143489191e-07 1.5239062500e+02 1.4762939453e+02 1.4577619934e+02 4.3150198364e+02
7.9103494954e-07 1.5404687500e+02 1.5327682495e+02 1.5259725952e+02 4.3242791748e+02
8.0063489349e-07 1.5282812500e+02 1.5378411865e+02 1.5264266968e+02 4.3454083252e+02
8.1023495113e-07 1.5540625000e+02 1.5044010925e+02 1.4887745667e+02 4.3536795044e+02
8.1983489508e-07 1.5623437500e+02 1.5704530334e+02 1.5618310547e+02 4.3763143921e+02
8.2943495272e-07 1.5740625000e+02 1.5978967285e+02 1.5984793091e+02 4.3851397705e+02
8.3903489667e-07 1.5821875000e+02 1.5812023926e+02 1.5709617615e+02 4.4073352051e+02
8.4863495431e-07 1.5795312500e+02 1.6129064941e+02 1.6131677246e+02 4.4167407227e+02
8.5823489826e-07 1.5890625000e+02 1.5913394165e+02 1.5798828125e+02 4.4382763672e+02
8.6783495590e-07 1.6118750000e+02 1.6187547302e+02 1.6150752258e+02 4.4483370972e+02
8.7743478616e-07 1.6121875000e+02 1.5928218079e+02 1.5776010132e+02 4.4690115356e+02
8.8703495749e-07 1.6187500000e+02 1.6179968262e+02 1.6091334534e+02 4.4795239258e+02
8.9663490144e-07 1.6389062500e+02 1.6184625244e+02 1.6040736389e+02 4.5002743530e+02
9.0623495907e-07 1.6401562500e+02 1.6183966064e+02 1.6028572083e+02 4.5106332397e+02
9.1583490303e-07 1.6556250000e+02 1.6103846741e+02 1.5900088501e+02 4.5310644531e+02
9.2543496066e-07 1.6457812500e+02 1.6328662109e+02 1.6181440735e+02 4.5418560791e+02
9.3503490461e-07 1.6618750000e+02 1.6591955566e+02 1.6460891724e+02 4.5628967285e+02
9.4463496225e-07 1.6793750000e+02 1.6624804688e+02 1.6519102478e+02 4.5735916138e+02
9.5423490620e-07 1.6834375000e+02 1.6542269897e+02 1.6359561157e+02 4.5942874146e+02
9.6383485015e-07 1.6890625000e+02 1.6813035583e+02 1.6709306335e+02 4.6054830933e+02
9.7343490779e-07 1.6956250000e+02 1.6690148926e+02 1.6498309326e+02 4.6258023071e+02
9.8303485174e-07 1.7056250000e+02 1.6737991333e+02 1.6547282410e+02 4.6370291138e+02
9.9263490938e-07 1.7165625000e+02 1.7395930481e+02 1.7383325195e+02 4.6588903809e+02
1.0022348533e-06 1.7117187500e+02 1.6868034363e+02 1.6676324463e+02 4.6686138916e+02
1.0118349110e-06 1.7289062500e+02 1.7385267639e+02 1.7308767700e+02 4.6917111206e+02
1.0214348549e-06 1.7296875000e+02 1.7263073730e+02 1.7107548523e+02 4.7007418823e+02
1.0310349126e-06 1.7420312500e+02 1.7529385376e+02 1.7436602783e+02 4.7246096802e+02
1.0406348565e-06 1.7473437500e+02 1.7377124023e+02 1.7246675110e+02 4.7332260132e+02
1.0502349141e-06 1.7529687500e+02 1.7940725708e+02 1.7975421143e+02 4.7584750366e+02
1.0598348581e-06 1.7846875000e+02 1.7500180054e+02 1.7356744385e+02 4.7656530762e+02
1.0694349157e-06 1.7756250000e+02 1.8337855530e+02 1.8485505676e+02 4.7931680298e+02
1.0790348597e-06 1.7895312500e+02 1.7859613037e+02 1.7817070007e+02 4.7988668823e+02
1.0886349173e-06 1.8012500000e+02 1.8066255188e+02 1.8031710815e+02 4.8269006348e+02
1.0982348613e-06 1.7982812500e+02 1.8226200867e+02 1.8266506958e+02 4.8327343750e+02
1.1078349189e-06 1.7915625000e+02 1.7982601929e+02 1.7848164368e+02 4.8601565552e+02
1.1174348629e-06 1.8203125000e+02 1.7725935364e+02 1.7499951172e+02 4.8650631714e+02
1.1270349205e-06 1.8451562500e+02 1.8189593506e+02 1.8081341553e+02 4.8937957764e+02
1.1366348645e-06 1.8492187500e+02 1.8424372864e+02 1.8449134827e+02 4.8990847778e+02
1.1462349221e-06 1.8328125000e+02 1.8367402649e+02 1.8270365906e+02 4.9275592041e+02
1.1558348660e-06 1.8553125000e+02 1.8329110718e+02 1.8222251892e+02 4.9324838257e+02
1.1654349237e-06 1.8571875000e+02 1.8514076233e+02 1.8429965210e+02 4.9615563965e+02
1.1750348676e-06 1.8664062500e+02 1.8644483948e+02 1.8634954834e+02 4.9665707397e+02
1.1846348116e-06 1.8618750000e+02 1.8392228699e+02 1.8176904297e+02 4.9949758911e+02
1.1942348692e-06 1.8815625000e+02 1.8840138245e+02 1.8864456177e+02 5.0009805298e+02
1.2038349269e-06 1.8885937500e+02 1.9065229797e+02 1.9158699036e+02 5.0301345825e+02
1.2134348708e-06 1.8932812500e+02 1.8837429810e+02 1.8776911926e+02 5.0350442505e+02
1.2230348148e-06 1.8898437500e+02 1.9103637695e+02 1.9107884216e+02 5.0649310303e+02
1.2326348724e-06 1.8854687500e+02 1.9008531189e+02 1.9001164246e+02 5.0695147705e+02
1.2422349300e-06 1.9135937500e+02 1.9040199280e+02 1.8965623474e+02 5.0995254517e+02
1.2518348740e-06 1.9245312500e+02 1.9186364746e+02 1.9195768738e+02 5.1041668701e+02
1.2614349316e-06 1.9168750000e+02 1.9364222717e+02 1.9374761963e+02 5.1345593262e+02
1.2710348756e-06 1.9229687500e+02 1.9160571289e+02 1.9100572205e+02 5.1386627197e+02
1.2806349332e-06 1.9471875000e+02 1.9453469849e+02 1.9460729980e+02 5.1696740723e+02
1.2902348772e-06 1.9503125000e+02 1.9314347839e+02 1.9250567627e+02 5.1731628418e+02
1.2998349348e-06 1.9603125000e+02 1.9421948242e+02 1.9327998352e+02 5.2044055176e+02
1.3094348787e-06 1.9632812500e+02 1.9667245483e+02 1.9735974121e+02 5.2084106445e+02
1.3190349364e-06 1.9765625000e+02 1.9918142700e+02 2.0060102844e+02 5.2403326416e+02
1.3286348803e-06 1.9700000000e+02 1.9704254150e+02 1.9752096558e+02 5.2436456299e+02
1.3382349380e-06 1.9860937500e+02 1.9618037415e+02 1.9513101196e+02 5.2752111816e+02
1.3478348819e-06 1.9801562500e+02 2.0186909485e+02 2.0485562134e+02 5.2800708008e+02
1.3574349396e-06 2.0062500000e+02 1.9551747131e+02 1.9336221313e+02 5.3096405029e+02
1.3670348835e-06 2.0095312500e+02 1.9970111084e+02 2.0013964844e+02 5.3154986572e+02
1.3766349412e-06 2.0000000000e+02 1.9519335938e+02 1.9207151794e+02 5.3436804199e+02
1.3862348851e-06 2.0034375000e+02 2.0175979614e+02 2.0253680420e+02 5.3512011719e+02
1.3958349427e-06 2.0265625000e+02 1.9655195618e+02 1.9359051514e+02 5.3779064941e+02
1.4054348867e-06 2.0307812500e+02 1.9826217651e+02 1.9653491211e+02 5.3859515381e+02
1.4150348306e-06 2.0351562500e+02 1.9881939697e+02 1.9676959229e+02 5.4127343750e+02
1.4246348883e-06 2.0395312500e+02 2.0399902344e+02 2.0544969177e+02 5.4221124268e+02
1.4342348322e-06 2.0364062500e+02 2.0597955322e+02 2.0786465454e+02 5.4492578125e+02
1.4438348899e-06 2.0364062500e+02 2.0246438599e+02 2.0193345642e+02 5.4575079346e+02
1.4534348338e-06 2.0395312500e+02 2.0709767151e+02 2.0875473022e+02 5.4857781982e+02
1.4630348915e-06 2.0412500000e+02 2.0059385681e+02 1.9826249695e+02 5.4922460938e+02
1.4726348354e-06 2.0601562500e+02 2.0762030029e+02 2.0875804138e+02 5.5221740723e+02
1.4822348930e-06 2.0776562500e+02 2.0675733948e+02 2.0762911987e+02 5.5283599854e+02
1.4918348370e-06 2.0732812500e+02 2.1015408325e+02 2.1207310486e+02 5.5589825439e+02
1.5014348946e-06 2.0851562500e+02 2.0674536133e+02 2.0682397461e+02 5.5642108154e+02
1.5110348386e-06 2.0789062500e+02 2.0943020630e+02 2.1087219238e+02 5.5956005859e+02
1.5206348962e-06 2.0787500000e+02 2.0913706970e+02 2.1054925537e+02 5.6006542969e+02
1.5302348402e-06 2.0957812500e+02 2.0970414734e+02 2.1053512573e+02 5.6320343018e+02
1.5398348978e-06 2.0796875000e+02 2.1226252747e+02 2.1444630432e+02 5.6375158691e+02
1.5494348418e-06 2.0868750000e+02 2.1240904236e+02 2.1488572693e+02 5.6691455078e+02
1.5590348994e-06 2.0887500000e+02 2.0817738342e+02 2.0722532654e+02 5.6731329346e+02
1.5686348434e-06 2.1103125000e+02 2.1240771484e+02 2.1394038391e+02 5.7059613037e+02
1.5782349010e-06 2.0910937500e+02 2.1621276855e+02 2.2040275574e+02 5.7108367920e+02
1.5878348449e-06 2.1239062500e+02 2.1347558594e+02 2.1485639954e+02 5.7427716064e+02
1.5974349026e-06 2.1221875000e+02 2.1234510803e+02 2.1343888855e+02 5.7473730469e+02
1.6070348465e-06 2.1260937500e+02 2.1271073914e+02 2.1315803528e+02 5.7792498779e+02
1.6166349042e-06 2.1173437500e+02 2.1113293457e+02 2.1043191528e+02 5.7832702637e+02
1.6262348481e-06 2.1298437500e+02 2.1211488342e+02 2.1179295349e+02 5.8154815674e+02
1.6358349058e-06 2.1262500000e+02 2.1204158020e+02 2.1131208801e+02 5.8192150879e+02
1.6454348497e-06 2.1362500000e+02 2.1862896729e+02 2.2287634277e+02 5.8534490967e+02
1.6550349073e-06 2.1381250000e+02 2.1915446472e+02 2.2497302246e+02 5.8575836182e+02
1.6646348513e-06 2.1609375000e+02 2.1849147034e+02 2.2176678467e+02 5.8910961914e+02
1.6742349089e-06 2.1564062500e+02 2.1649429321e+02 2.1838504028e+02 5.8945910645e+02
1.6838348529e-06 2.1504687500e+02 2.1840069580e+02 2.2138240051e+02 5.9286541748e+02
1.6934350242e-06 2.1484375000e+02 2.1459187317e+02 2.1417312622e+02 5.9307800293e+02
1.7030348545e-06 2.1551562500e+02 2.1650473022e+02 2.1639169312e+02 5.9651428223e+02
1.7126349121e-06 2.1803125000e+02 2.1535083008e+02 2.1417887878e+02 5.9667425537e+02
1.7222348561e-06 2.1731250000e+02 2.1691473389e+02 2.1679159546e+02 6.0016595459e+02
1.7318349137e-06 2.1718750000e+02 2.1510157776e+02 2.1416320801e+02 6.0028405762e+02
1.7414348576e-06 2.1896875000e+02 2.1798379517e+02 2.1788531494e+02 6.0382305908e+02
1.7510349153e-06 2.1684375000e+02 2.1924221802e+02 2.2082479858e+02 6.0398870850e+02
1.7606348592e-06 2.1928125000e+02 2.2137278748e+02 2.2383892822e+02 6.0757446289e+02
1.7702349169e-06 2.2034375000e+02 2.2148443604e+02 2.2389868164e+02 6.0772705078e+02
1.7798348608e-06 2.1964062500e+02 2.1999456787e+02 2.2059156799e+02 6.1126159668e+02
1.7894349185e-06 2.2118750000e+02 2.2086849976e+02 2.2181074524e+02 6.1141711426e+02
1.7990348624e-06 2.2035937500e+02 2.2217189026e+02 2.2377763367e+02 6.1498815918e+02
1.8086349201e-06 2.2254687500e+02 2.2204557800e+02 2.2382151794e+02 6.1513793945e+02
1.8182348640e-06 2.2017187500e+02 2.2227380371e+02 2.2364434814e+02 6.1870727539e+02
1.8278349216e-06 2.2332812500e+02 2.2045184326e+02 2.2018807983e+02 6.1878863525e+02
1.8374348656e-06 2.2218750000e+02 2.2461880493e+02 2.2763874817e+02 6.2248510742e+02
1.8470349232e-06 2.2218750000e+02 2.2207180786e+02 2.2234590149e+02 6.2246179199e+02
1.8566348672e-06 2.2335937500e+02 2.2235351562e+02 2.2242036438e+02 6.2616284180e+02
1.8662349248e-06 2.2353125000e+02 2.2202374268e+02 2.2083558655e+02 6.2608795166e+02
1.8758348688e-06 2.2365625000e+02 2.2217356873e+02 2.2173884583e+02 6.2982415771e+02
1.8854349264e-06 2.2218750000e+02 2.2623852539e+02 2.2810815430e+02 6.2982659912e+02
1.8950348704e-06 2.2535937500e+02 2.2326354980e+02 2.2274427795e+02 6.3348535156e+02
1.9046349280e-06 2.2292187500e+02 2.2471221924e+02 2.2487005615e+02 6.3350573730e+02
1.9142350993e-06 2.2487500000e+02 2.2353498840e+02 2.2265994263e+02 6.3713562012e+02
1.9238350433e-06 2.2481250000e+02 2.2834042358e+02 2.3173258972e+02 6.3729577637e+02
1.9334349872e-06 2.2473437500e+02 2.2659703064e+02 2.2824719238e+02 6.4087322998e+02
1.9430349312e-06 2.2584375000e+02 2.2289492798e+02 2.2173971558e+02 6.4092718506e+02
1.9526351025e-06 2.2573437500e+02 2.2723919678e+02 2.2977185059e+02 6.4463995361e+02
1.9622350464e-06 2.2575000000e+02 2.2967062378e+02 2.3284588623e+02 6.4471319580e+02
1.9718349904e-06 2.2690625000e+02 2.2659428406e+02 2.2697558594e+02 6.4833599854e+02
1.9814349344e-06 2.2675000000e+02 2.2684579468e+02 2.2785714722e+02 6.4842254639e+02
1.9910351057e-06 2.2781250000e+02 2.2643209839e+02 2.2679112244e+02 6.5202978516e+02
2.0006350496e-06 2.2535937500e+02 2.2993978882e+02 2.3358172607e+02 6.5221972656e+02
2.0102349936e-06 2.2817187500e+02 2.2546923828e+02 2.2430735779e+02 6.5567114258e+02
2.0198349375e-06 2.2784375000e+02 2.3030604553e+02 2.3245092773e+02 6.5597314453e+02
2.0294351089e-06 2.2668750000e+02 2.2572702026e+02 2.2449768066e+02 6.5930993652e+02
2.0390350528e-06 2.2756250000e+02 2.2708511353e+02 2.2668688965e+02 6.5963665771e+02
2.0486349968e-06 2.2959375000e+02 2.2843258667e+02 2.2876889038e+02 6.6300366211e+02
2.0582349407e-06 2.2854687500e+02 2.2666937256e+02 2.2549572754e+02 6.6327337646e+02
2.0678351120e-06 2.2848437500e+02 2.2818530273e+02 2.2864190674e+02 6.6669976807e+02
2.0774350560e-06 2.2759375000e+02 2.2950169373e+02 2.3056033325e+02 6.6698583984e+02
2.0870349999e-06 2.2795312500e+02 2.2452947998e+02 2.2116824341e+02 6.7026293945e+02
2.0966349439e-06 2.2925000000e+02 2.2954273987e+02 2.3087805176e+02 6.7070684814e+02
2.1062348878e-06 2.2971875000e+02 2.3061329651e+02 2.3211363220e+02 6.7399237061e+02
2.1158350592e-06 2.2754687500e+02 2.3033908081e+02 2.3206486511e+02 6.7444006348e+02
2.1254350031e-06 2.3070312500e+02 2.3268267822e+02 2.3555230713e+02 6.7776574707e+02
2.1350349471e-06 2.3003125000e+02 2.2750627136e+02 2.2519679260e+02 6.7803741455e+02
2.1446348910e-06 2.3090625000e+02 2.3551002502e+02 2.4130802917e+02 6.8162927246e+02
2.1542350623e-06 2.3132812500e+02 2.3140776062e+02 2.3313923645e+02 6.8176776123e+02
2.1638350063e-06 2.3126562500e+02 2.2758471680e+02 2.2494006348e+02 6.8521569824e+02
2.1734349502e-06 2.2982812500e+02 2.2935127258e+02 2.2805868530e+02 6.8539801025e+02
2.1830348942e-06 2.2921875000e+02 2.3128713989e+02 2.3256607056e+02 6.8893237305e+02
2.1926350655e-06 2.3195312500e+02 2.3057501221e+02 2.3044763184e+02 6.8906500244e+02
2.2022350095e-06 2.2981250000e+02 2.2843185425e+02 2.2653579712e+02 6.9254071045e+02
2.2118349534e-06 2.3198437500e+02 2.3302255249e+02 2.3587619019e+02 6.9283050537e+02
2.2214348974e-06 2.3207812500e+02 2.2849972534e+02 2.2650518799e+02 6.9614410400e+02
2.2310350687e-06 2.3245312500e+02 2.3130505371e+02 2.3183128357e+02 6.9651593018e+02
2.2406350126e-06 2.3318750000e+02 2.3117700195e+02 2.3029563904e+02 6.9978491211e+02
2.2502349566e-06 2.3273437500e+02 2.3163732910e+02 2.3203144836e+02 7.0019458008e+02
2.2598349005e-06 2.3142187500e+02 2.3203039551e+02 2.3283485413e+02 7.0347790527e+02
2.2694350719e-06 2.3185937500e+02 2.3316104126e+02 2.3489756775e+02 7.0391516113e+02
2.2790350158e-06 2.3129687500e+02 2.3183723450e+02 2.3240423584e+02 7.0716375732e+02
2.2886349598e-06 2.3176562500e+02 2.3275216675e+02 2.3363706970e+02 7.0760510254e+02
2.2982349037e-06 2.3198437500e+02 2.3621499634e+02 2.4036203003e+02 7.1095635986e+02
2.3078350750e-06 2.2960937500e+02 2.3231396484e+02 2.3206658936e+02 7.1125598145e+02
2.3174350190e-06 2.3268750000e+02 2.3006486511e+02 2.2800729370e+02 7.1454534912e+02
2.3270349629e-06 2.3275000000e+02 2.3651940918e+02 2.4022225952e+02 7.1503039551e+02
2.3366349069e-06 2.3068750000e+02 2.2959405518e+02 2.2737399292e+02 7.1812915039e+02
2.3462350782e-06 2.3396875000e+02 2.3201667786e+02 2.3153273010e+02 7.1866741943e+02
2.3558350222e-06 2.3215625000e+02 2.3378155518e+02 2.3513253784e+02 7.2182574463e+02
2.3654349661e-06 2.3553125000e+02 2.3308535767e+02 2.3371414185e+02 7.2233929443e+02
2.3750349101e-06 2.3390625000e+02 2.3386172485e+02 2.3500758362e+02 7.2551147461e+02
2.3846350814e-06 2.3276562500e+02 2.3177124023e+02 2.3077748108e+02 7.2595343018e+02
2.3942350253e-06 2.3345312500e+02 2.3402551270e+02 2.3538249207e+02 7.2920520020e+02
2.4038349693e-06 2.3323437500e+02 2.3345730591e+02 2.3335823059e+02 7.2959368896e+02
2.4134349133e-06 2.3395312500e+02 2.2843212891e+02 2.2457934570e+02 7.3272723389e+02
2.4230350846e-06 2.3235937500e+02 2.3196052551e+02 2.3102435303e+02 7.3320446777e+02
2.4326350285e-06 2.3245312500e+02 2.3114352417e+02 2.2931718445e+02 7.3630541992e+02
2.4422349725e-06 2.3245312500e+02 2.2673083496e+02 2.2123799133e+02 7.3665704346e+02
2.4518349164e-06 2.3346875000e+02 2.3190303040e+02 2.3062673950e+02 7.3989813232e+02
2.4614350878e-06 2.3140625000e+02 2.3301156616e+02 2.3273661804e+02 7.4028192139e+02
2.4710350317e-06 2.3301562500e+02 2.3328701782e+02 2.3330390930e+02 7.4353155518e+02
2.4806349757e-06 2.3323437500e+02 2.3195164490e+02 2.3069873047e+02 7.4387261963e+02
2.4902349196e-06 2.3532812500e+02 2.3088954163e+02 2.2865710449e+02 7.4708825684e+02
2.4998350909e-06 2.3323437500e+02 2.3392825317e+02 2.3418630981e+02 7.4750585938e+02
2.5094350349e-06 2.3371875000e+02 2.3362066650e+02 2.3332974243e+02 7.5069952393e+02
2.5190347515e-06 2.3293750000e+02 2.3250585938e+02 2.3160031128e+02 7.5110131836e+02
2.5286349228e-06 2.3209375000e+02 2.3184478760e+02 2.2989080811e+02 7.5425219727e+02
2.5382350941e-06 2.3457812500e+02 2.3147100830e+02 2.2953900146e+02 7.5466534424e+02
2.5478348107e-06 2.3357812500e+02 2.3804263306e+02 2.4213066101e+02 7.5801403809e+02
2.5574349820e-06 2.3478125000e+02 2.3163436890e+02 2.2951824951e+02 7.5820764160e+02
2.5670346986e-06 2.3400000000e+02 2.3010621643e+02 2.2687295532e+02 7.6151727295e+02
2.5766348699e-06 2.3504687500e+02 2.3214816284e+02 2.3063044739e+02 7.6176654053e+02
2.5862350412e-06 2.3431250000e+02 2.3351013184e+02 2.3296914673e+02 7.6510186768e+02
2.5958347578e-06 2.3528125000e+02 2.3495053101e+02 2.3543202209e+02 7.6538372803e+02
2.6054349291e-06 2.3270312500e+02 2.3519660950e+02 2.3636613464e+02 7.6875445557e+02
2.6150351005e-06 2.3307812500e+02 2.2838024902e+02 2.2367665100e+02 7.6883178711e+02
2.6246348170e-06 2.3335937500e+02 2.3775537109e+02 2.4155467224e+02 7.7246917725e+02
2.6342349884e-06 2.3110937500e+02 2.2976577759e+02 2.2619996643e+02 7.7231188965e+02
2.6438347049e-06 2.3353125000e+02 2.3040417480e+02 2.2727911377e+02 7.7596783447e+02
2.6534348763e-06 2.3325000000e+02 2.3447665405e+02 2.3508387756e+02 7.7592254639e+02
2.6630350476e-06 2.3339062500e+02 2.3278897095e+02 2.3174273682e+02 7.7951623535e+02
2.6726347642e-06 2.3404687500e+02 2.3440438843e+02 2.3494863892e+02 7.7952569580e+02
2.6822349355e-06 2.3293750000e+02 2.3322082520e+02 2.3252537537e+02 7.8307006836e+02
2.6918351068e-06 2.3229687500e+02 2.3580526733e+02 2.3766296387e+02 7.8316381836e+02
2.7014348234e-06 2.3435937500e+02 2.3321601868e+02 2.3272215271e+02 7.8663079834e+02
2.7110349947e-06 2.3468750000e+02 2.3652841187e+02 2.3910537720e+02 7.8681872559e+02
2.7206347113e-06 2.3285937500e+02 2.3336607361e+02 2.3304055786e+02 7.9018951416e+02
2.7302348826e-06 2.3407812500e+02 2.3359585571e+02 2.3342030334e+02 7.9038928223e+02
2.7398350539e-06 2.3248437500e+02 2.3351812744e+02 2.3247145081e+02 7.9371667480e+02
2.7494347705e-06 2.3392187500e+02 2.3194247437e+02 2.3038203430e+02 7.9390484619e+02
2.7590349418e-06 2.3257812500e+02 2.2981794739e+02 2.2626716614e+02 7.9715478516e+02
2.7686351132e-06 2.3390625000e+02 2.3718049622e+02 2.4050709534e+02 7.9757281494e+02
2.7782350571e-06 2.3192187500e+02 2.3802972412e+02 2.4229649353e+02 8.0084106445e+02
2.7878350011e-06 2.3251562500e+02 2.3118182373e+02 2.2883975220e+02 8.0104467773e+02
2.7974347176e-06 2.3353125000e+02 2.3121441650e+02 2.2913735962e+02 8.0432592773e+02
2.8070348890e-06 2.3367187500e+02 2.3220188904e+02 2.3106765747e+02 8.0455377197e+02
2.8166350603e-06 2.3153125000e+02 2.3439231873e+02 2.3501385498e+02 8.0788018799e+02
2.8262347769e-06 2.3448437500e+02 2.3576022339e+02 2.3743783569e+02 8.0814166260e+02
2.8358349482e-06 2.3201562500e+02 2.3050018311e+02 2.2689857483e+02 8.1129772949e+02
2.8454346648e-06 2.3368750000e+02 2.3544982910e+02 2.3736933899e+02 8.1173150635e+02
2.8550350635e-06 2.3268750000e+02 2.3409054565e+02 2.3465318298e+02 8.1483795166e+02
2.8646350074e-06 2.3326562500e+02 2.3166000366e+02 2.3007949829e+02 8.1520367432e+02
2.8742349514e-06 2.3340625000e+02 2.3181878662e+02 2.3070237732e+02 8.1832458496e+02
2.8838348953e-06 2.3201562500e+02 2.3303462219e+02 2.3253480530e+02 8.1870440674e+02
2.8934350667e-06 2.3171875000e+02 2.3246435547e+02 2.3181410217e+02 8.2181384277e+02
2.9030347832e-06 2.3378125000e+02 2.3359906006e+02 2.3345355225e+02 8.2221118164e+02
2.9126349546e-06 2.3310937500e+02 2.3257003784e+02 2.3236326599e+02 8.2531439209e+02
2.9222346711e-06 2.3329687500e+02 2.3028662109e+02 2.2785096741e+02 8.2563690186e+02
2.9318348425e-06 2.3253125000e+02 2.3005799866e+02 2.2774836731e+02 8.2874346924e+02
2.9414350138e-06 2.3253125000e+02 2.3415670776e+02 2.3485629272e+02 8.2915704346e+02
2.9510347304e-06 2.3148437500e+02 2.3453376770e+02 2.3608415222e+02 8.3228179932e+02
2.9606349017e-06 2.3331250000e+02 2.3463314819e+02 2.3578865051e+02 8.3268548584e+02
2.9702350730e-06 2.3110937500e+02 2.3516430664e+02 2.3705729675e+02 8.3582531738e+02
2.9798347896e-06 2.3226562500e+02 2.3682241821e+02 2.4088635254e+02 8.3629486084e+02
2.9894349609e-06 2.3331250000e+02 2.3673228455e+02 2.4090861511e+02 8.3944219971e+02
2.9990346775e-06 2.3159375000e+02 2.2748077393e+02 2.2254295349e+02 8.3961724854e+02
3.0086348488e-06 2.3153125000e+02 2.3281390381e+02 2.3353875732e+02 8.4294079590e+02
3.0182350201e-06 2.2900000000e+02 2.3069305420e+02 2.2946461487e+02 8.4305017090e+02
3.0278347367e-06 2.3200000000e+02 2.3022485352e+02 2.2861964417e+02 8.4635339355e+02
3.0374349080e-06 2.3139062500e+02 2.3085012817e+02 2.2970890808e+02 8.4647833252e+02
3.0470350794e-06 2.3078125000e+02 2.3406054688e+02 2.3595974731e+02 8.4986840820e+02
3.0566347959e-06 2.2946875000e+02 2.3217889404e+02 2.3258915710e+02 8.4994891357e+02
3.0662349673e-06 2.3053125000e+02 2.3029086304e+02 2.2910554504e+02 8.5328100586e+02
3.0758346838e-06 2.3034375000e+02 2.2928120422e+02 2.2688627625e+02 8.5332464600e+02
3.0854348552e-06 2.3012500000e+02 2.3248468018e+02 2.3351226807e+02 8.5675604248e+02
3.0950350265e-06 2.3221875000e+02 2.2988883972e+02 2.2860165405e+02 8.5672882080e+02
3.1046347431e-06 2.3201562500e+02 2.3296322632e+02 2.3412568665e+02 8.6025329590e+02
3.1142349144e-06 2.3253125000e+02 2.2971311951e+02 2.2850691223e+02 8.6013006592e+02
3.1238350857e-06 2.3082812500e+02 2.3527986145e+02 2.3942341614e+02 8.6381256104e+02
3.1334348023e-06 2.3204687500e+02 2.2630895996e+02 2.2228034973e+02 8.6344061279e+02
3.1430349736e-06 2.2904687500e+02 2.2987640381e+02 2.2844734192e+02 8.6719183350e+02
3.1526346902e-06 2.3012500000e+02 2.3376486206e+02 2.3597198486e+02 8.6693353271e+02
3.1622348615e-06 2.2831250000e+02 2.3062576294e+02 2.3080079651e+02 8.7061413574e+02
3.1718350328e-06 2.3043750000e+02 2.2935516357e+02 2.2799407959e+02 8.7030847168e+02
3.1814347494e-06 2.3195312500e+02 2.2841021729e+02 2.2678831482e+02 8.7397375488e+02
3.1910349207e-06 2.2792187500e+02 2.2850167847e+02 2.2669950867e+02 8.7367877197e+02
3.2006350921e-06 2.3114062500e+02 2.2971035767e+02 2.2929228210e+02 8.7737438965e+02
3.2102348086e-06 2.3212500000e+02 2.3006567383e+02 2.3011102295e+02 8.7708392334e+02
3.2198349800e-06 2.2825000000e+02 2.3389385986e+02 2.3764900208e+02 8.8089343262e+02
3.2294346966e-06 2.3056250000e+02 2.3031126404e+02 2.3052609253e+02 8.8050378418e+02
3.2390348679e-06 2.3010937500e+02 2.2931593323e+02 2.2912002563e+02 8.8427899170e+02
3.2486350392e-06 2.2967187500e+02 2.3285734558e+02 2.3594750977e+02 8.8399444580e+02
3.2582347558e-06 2.2929687500e+02 2.2799804688e+02 2.2663946533e+02 8.8762945557e+02
3.2678349271e-06 2.2800000000e+02 2.2993508911e+02 2.3045466614e+02 8.8739294434e+02
3.2774350984e-06 2.2951562500e+02 2.2837219238e+02 2.2761984253e+02 8.9097979736e+02
3.2870348150e-06 2.2998437500e+02 2.2689955139e+02 2.2485076904e+02 8.9070526123e+02
3.2966349863e-06 2.2965625000e+02 2.2984486389e+02 2.3078298950e+02 8.9437939453e+02
3.3062347029e-06 2.2931250000e+02 2.3087426758e+02 2.3280548096e+02 8.9413641357e+02
3.3158348742e-06 2.2978125000e+02 2.2864602661e+02 2.2828155518e+02 8.9772821045e+02
3.3254350456e-06 2.2934375000e+02 2.3149269104e+02 2.3362733459e+02 8.9756372070e+02
3.3350347621e-06 2.2904687500e+02 2.3322660828e+02 2.3603401184e+02 9.0117529297e+02
3.3446349335e-06 2.2879687500e+02 2.2981130981e+02 2.3116970825e+02 9.0096594238e+02
3.3542351048e-06 2.2660937500e+02 2.3010198975e+02 2.3193872070e+02 9.0457775879e+02
3.3638350487e-06 2.2878125000e+02 2.2704270935e+02 2.2597044373e+02 9.0428137207e+02
3.3734349927e-06 2.2821875000e+02 2.2696357727e+02 2.2573480225e+02 9.0787976074e+02
3.3830347093e-06 2.2939062500e+02 2.2944564819e+02 2.3095249939e+02 9.0767065430e+02
3.3926348806e-06 2.2590625000e+02 2.2554907227e+02 2.2322306824e+02 9.1114215088e+02
3.4022350519e-06 2.2979687500e+02 2.3447280884e+02 2.4078167725e+02 9.1120880127e+02
3.4118347685e-06 2.2721875000e+02 2.3327267456e+02 2.3833309937e+02 9.1461859131e+02
3.4214349398e-06 2.2923437500e+02 2.2869604492e+02 2.2981980896e+02 9.1456988525e+02
3.4310351111e-06 2.2910937500e+02 2.2723880005e+02 2.2718762207e+02 9.1794635010e+02
3.4406350551e-06 2.2654687500e+02 2.3186618042e+02 2.3640776062e+02 9.1803057861e+02
3.4502349990e-06 2.2739062500e+02 2.3084857178e+02 2.3453643799e+02 9.2136840820e+02
3.4598347156e-06 2.2779687500e+02 2.2661492920e+02 2.2613159180e+02 9.2134344482e+02
3.4694348869e-06 2.2634375000e+02 2.2659423828e+02 2.2647587585e+02 9.2467126465e+02
3.4790350583e-06 2.2620312500e+02 2.2693421936e+02 2.2711923218e+02 9.2465637207e+02
3.4886347748e-06 2.2735937500e+02 2.2832522583e+02 2.3013600159e+02 9.2802844238e+02
3.4982349462e-06 2.2525000000e+02 2.2599148560e+02 2.2559317017e+02 9.2794635010e+02
3.5078346627e-06 2.2582812500e+02 2.2873410034e+02 2.3072029114e+02 9.3137988281e+02
3.5174348341e-06 2.2806250000e+02 2.2690667725e+02 2.2763916016e+02 9.3126477051e+02
3.5270350054e-06 2.2509375000e+02 2.2719441223e+02 2.2733787537e+02 9.3467486572e+02
3.5366347220e-06 2.2698437500e+02 2.2455645752e+02 2.2308207703e+02 9.3452044678e+02
3.5462348933e-06 2.2526562500e+02 2.2900303650e+02 2.3088816833e+02 9.3801611328e+02
3.5558350646e-06 2.2579687500e+02 2.2599812317e+02 2.2632148743e+02 9.3781341553e+02
3.5654347812e-06 2.2643750000e+02 2.2574356079e+02 2.2598829651e+02 9.4129687500e+02
3.5750349525e-06 2.2564062500e+02 2.2718101501e+02 2.2877679443e+02 9.4113537598e+02
3.5846346691e-06 2.2700000000e+02 2.2619805908e+02 2.2709913635e+02 9.4459686279e+02
3.5942348404e-06 2.2729687500e+02 2.3024865723e+02 2.3493154907e+02 9.4455554199e+02
3.6038350117e-06 2.2395312500e+02 2.2835430908e+02 2.3160888672e+02 9.4795922852e+02
3.6134347283e-06 2.2364062500e+02 2.2653501892e+02 2.2762802124e+02 9.4786840820e+02
3.6230348996e-06 2.2379687500e+02 2.2972116089e+02 2.3444427490e+02 9.5134954834e+02
3.6326350710e-06 2.2559375000e+02 2.2616859436e+02 2.2759960938e+02 9.5116973877e+02
3.6422350149e-06 2.2546875000e+02 2.2539414978e+02 2.2508262634e+02 9.5459411621e+02
3.6518349589e-06 2.2540625000e+02 2.2528361511e+02 2.2591172791e+02 9.5443780518e+02
3.6614346755e-06 2.2482812500e+02 2.2695408630e+02 2.2954463196e+02 9.5791076660e+02
3.6710348468e-06 2.2603125000e+02 2.2718284607e+02 2.2897631836e+02 9.5773840332e+02
3.6806350181e-06 2.2603125000e+02 2.2342535400e+02 2.2271304321e+02 9.6112615967e+02
3.6902347347e-06 2.2415625000e+02 2.2543447876e+02 2.2672369385e+02 9.6101318359e+02
3.6998349060e-06 2.2257812500e+02 2.2414323425e+02 2.2446160889e+02 9.6436938477e+02
3.7094350773e-06 2.2356250000e+02 2.2535762024e+02 2.2690060425e+02 9.6429498291e+02
3.7190350213e-06 2.2346875000e+02 2.2734268188e+02 2.3072825623e+02 9.6768988037e+02
3.7286349652e-06 2.2228125000e+02 2.2809664917e+02 2.3266571045e+02 9.6765631104e+02
3.7382346818e-06 2.2218750000e+02 2.2486810303e+02 2.2613252258e+02 9.7095654297e+02
3.7478348531e-06 2.2393750000e+02 2.2325068665e+02 2.2316259766e+02 9.7087579346e+02
3.7574350245e-06 2.2346875000e+02 2.2376879883e+02 2.2396832275e+02 9.7419158936e+02
3.7670347410e-06 2.2182812500e+02 2.2428819275e+02 2.2547204590e+02 9.7412512207e+02
3.7766349124e-06 2.2414062500e+02 2.2535835266e+02 2.2724449158e+02 9.7745263672e+02
3.7862350837e-06 2.2389062500e+02 2.2339865112e+02 2.2390452576e+02 9.7734973145e+02
3.7958348003e-06 2.2296875000e+02 2.2615200806e+02 2.2940591431e+02 9.8074468994e+02
3.8054349716e-06 2.2231250000e+02 2.2463121033e+02 2.2658543396e+02 9.8061389160e+02
3.8150351429e-06 2.2159375000e+02 2.2359394836e+02 2.2462252808e+02 9.8397692871e+02
3.8246348595e-06 2.2260937500e+02 2.2076704407e+02 2.1885035706e+02 9.8376672363e+02
3.8342350308e-06 2.2417187500e+02 2.2602787781e+02 2.2965130615e+02 9.8728088379e+02
3.8438352021e-06 2.2301562500e+02 2.2559829712e+02 2.2887420654e+02 9.8705010986e+02
3.8534349187e-06 2.2028125000e+02 2.2556535339e+02 2.2918626404e+02 9.9057080078e+02
3.8630350900e-06 2.2081250000e+02 2.2114720154e+02 2.2017796326e+02 9.9021087646e+02
3.8726348066e-06 2.2010937500e+02 2.2230104065e+02 2.2269628906e+02 9.9376641846e+02
3.8822349779e-06 2.2135937500e+02 2.2279092407e+02 2.2346243286e+02 9.9342437744e+02
3.8918351493e-06 2.2103125000e+02 2.2239881897e+02 2.2271476746e+02 9.9694897461e+02
3.9014348658e-06 2.1832812500e+02 1.8947633362e+02 1.5594706726e+02 9.9566864014e+02
3.9110350372e-06 2.0082812500e+02 1.4289797974e+02 9.4241325378e+01 9.9844268799e+02
3.9206352085e-06 1.6793750000e+02 1.1666819763e+02 7.6177909851e+01 9.9687652588e+02
3.9302349251e-06 1.4198437500e+02 9.7290779114e+01 6.3410037994e+01 9.9945281982e+02
3.9398350964e-06 1.1935937500e+02 8.6397766113e+01 5.5615402222e+01 9.9776855469e+02
3.9494348130e-06 9.9375000000e+01 6.7466323853e+01 4.4725936890e+01 1.0001668091e+03
3.9590349843e-06 7.9609375000e+01 5.0634140015e+01 3.3439601898e+01 9.9829772949e+02
3.9686351556e-06 6.5109375000e+01 4.1574691772e+01 2.3205242157e+01 1.0005263062e+03
3.9782348722e-06 5.0156250000e+01 3.0986236572e+01 1.5269560814e+01 9.9852770996e+02
3.9878350435e-06 3.8250000000e+01 1.7362136841e+01 9.3252344131e+00 1.0006641846e+03
3.9974352148e-06 2.8828125000e+01 1.3548187256e+01 6.5168361664e+00 9.9862133789e+02
4.0070349314e-06 2.1437500000e+01 1.2800735474e+01 4.6128430367e+00 1.0007305298e+03
4.0166351027e-06 1.6796875000e+01 1.0250488281e+01 4.5768847466e+00 9.9868688965e+02
4.0262348193e-06 1.3953125000e+01 7.4236755371e+00 4.2209615707e+00 1.0007922974e+03
4.0364748202e-06 1.0234375000e+01 6.8538665771e+00 3.6240029335e+00 9.9874353027e+02
