# epoch total_loss data_loss physics_loss w_data w_physics lr
1.0000000000e+00 2.2622556686e+00 1.1116573811e+00 3.3040053844e+00 4.7517532333e-01 5.2482467644e-01 1.0000000000e-03
2.0000000000e+00 1.6490958929e+00 1.0885699987e+00 2.1294438839e+00 4.6148517755e-01 5.3851482193e-01 1.0000000000e-03
3.0000000000e+00 1.2125357389e+00 1.1318752766e+00 1.2818658352e+00 4.6222964539e-01 5.3777035373e-01 1.0000000000e-03
4.0000000000e+00 9.8371279240e-01 1.1762075424e+00 8.0938053131e-01 4.7524391903e-01 5.2475607967e-01 1.0000000000e-03
5.0000000000e+00 9.1563260555e-01 1.1423025131e+00 6.9803488255e-01 4.8978980346e-01 5.1021019483e-01 1.0000000000e-03
6.0000000000e+00 8.8777792454e-01 1.0354523659e+00 7.4062788486e-01 4.9911068651e-01 5.0088931139e-01 1.0000000000e-03
7.0000000000e+00 7.9462271929e-01 8.8883697987e-01 6.9842916727e-01 5.0519759753e-01 4.9480239995e-01 1.0000000000e-03
8.0000000000e+00 6.4448034763e-01 7.3150062561e-01 5.5332207680e-01 5.1161181151e-01 4.8838818545e-01 1.0000000000e-03
9.0000000000e+00 5.0341796875e-01 5.8632266521e-01 4.1393947601e-01 5.1906753039e-01 4.8093246587e-01 1.0000000000e-03
1.0000000000e+01 4.2756220698e-01 4.7122341394e-01 3.7977993488e-01 5.2253346290e-01 4.7746653256e-01 1.0000000000e-03
1.1000000000e+01 4.0397363901e-01 3.9709240198e-01 4.1141027212e-01 5.1939466005e-01 4.8060533463e-01 1.0000000000e-03
1.2000000000e+01 3.7877237797e-01 3.5670801997e-01 4.0215104818e-01 5.1446102559e-01 4.8553896830e-01 1.0000000000e-03
1.3000000000e+01 3.2770586014e-01 3.3078598976e-01 3.2445478439e-01 5.1349804279e-01 4.8650195018e-01 1.0000000000e-03
1.4000000000e+01 2.6258647442e-01 3.0446317792e-01 2.1712535620e-01 5.2052052858e-01 4.7947946318e-01 1.0000000000e-03
1.5000000000e+01 2.2328297794e-01 2.7305993438e-01 1.6703557968e-01 5.3051408161e-01 4.6948590871e-01 1.0000000000e-03
1.6000000000e+01 2.2847580910e-01 2.4486447871e-01 2.0989774168e-01 5.3130717995e-01 4.6869280913e-01 1.0000000000e-03
1.7000000000e+01 2.1882334352e-01 2.2669740021e-01 2.0994071662e-01 5.3009529045e-01 4.6990469744e-01 1.0000000000e-03
1.8000000000e+01 1.8199092150e-01 2.1845844388e-01 1.3950495422e-01 5.3811391091e-01 4.6188607539e-01 1.0000000000e-03
1.9000000000e+01 1.5885134041e-01 2.1785266697e-01 8.4888167679e-02 5.5626263713e-01 4.4373734723e-01 1.0000000000e-03
2.0000000000e+01 1.6009920835e-01 2.0965185761e-01 9.4531126320e-02 5.6955931185e-01 4.3044067080e-01 1.0000000000e-03
2.1000000000e+01 1.5306921303e-01 1.8775899708e-01 1.0583624989e-01 5.7655502587e-01 4.2344495510e-01 1.0000000000e-03
2.2000000000e+01 1.3940940797e-01 1.7075568438e-01 9.5582619309e-02 5.8301184795e-01 4.1698813117e-01 1.0000000000e-03
2.3000000000e+01 1.4407922328e-01 1.7888195813e-01 9.3939647079e-02 5.9027803324e-01 4.0972194430e-01 1.0000000000e-03
2.4000000000e+01 1.5765850246e-01 1.9419111311e-01 1.0366372764e-01 5.9644678879e-01 4.0355318765e-01 1.0000000000e-03
2.5000000000e+01 1.5561234951e-01 1.8908226490e-01 1.0518574715e-01 6.0105722794e-01 3.9894274745e-01 1.0000000000e-03
2.6000000000e+01 1.4292395115e-01 1.6583597660e-01 1.0834974796e-01 6.0143458494e-01 3.9856538927e-01 1.0000000000e-03
2.7000000000e+01 1.3678745925e-01 1.4509078860e-01 1.2458401918e-01 5.9509325368e-01 4.0490671939e-01 1.0000000000e-03
2.8000000000e+01 1.3324648142e-01 1.3534156978e-01 1.3027440012e-01 5.8653777900e-01 4.1346219301e-01 1.0000000000e-03
2.9000000000e+01 1.2022098154e-01 1.2955784798e-01 1.0718830675e-01 5.8260837145e-01 4.1739159913e-01 1.0000000000e-03
3.0000000000e+01 1.0607867688e-01 1.2357517332e-01 8.1453561783e-02 5.8461965530e-01 4.1538031335e-01 1.0000000000e-03
3.1000000000e+01 1.0185594857e-01 1.1740188301e-01 7.9881504178e-02 5.8566694634e-01 4.1433302037e-01 1.0000000000e-03
3.2000000000e+01 1.0067294538e-01 1.1085330695e-01 8.6422845721e-02 5.8329219373e-01 4.1670777124e-01 1.0000000000e-03
3.3000000000e+01 9.4109758735e-02 1.0655954480e-01 7.6695986092e-02 5.8311103595e-01 4.1688892706e-01 1.0000000000e-03
3.4000000000e+01 8.8434726000e-02 1.0788502544e-01 6.0579072684e-02 5.8884029481e-01 4.1115966597e-01 1.0000000000e-03
3.5000000000e+01 8.8469013572e-02 1.1168854684e-01 5.4020844400e-02 5.9735651299e-01 4.0264344568e-01 1.0000000000e-03
3.6000000000e+01 8.7843291461e-02 1.1130657792e-01 5.1774244756e-02 6.0587325904e-01 3.9412669763e-01 1.0000000000e-03
3.7000000000e+01 8.3600483835e-02 1.0642415285e-01 4.7210022807e-02 6.1455707380e-01 3.8544288069e-01 1.0000000000e-03
3.8000000000e+01 8.0486327410e-02 1.0220120847e-01 4.4648297131e-02 6.2269724357e-01 3.7730270867e-01 1.0000000000e-03
3.9000000000e+01 8.0500394106e-02 1.0097573698e-01 4.5749340206e-02 6.2924720023e-01 3.7075274996e-01 1.0000000000e-03
4.0000000000e+01 7.9857379198e-02 1.0013409704e-01 4.4496573508e-02 6.3555682016e-01 3.6444312810e-01 1.0000000000e-03
4.1000000000e+01 7.6737850904e-02 9.7301974893e-02 3.9695203304e-02 6.4302593520e-01 3.5697401094e-01 1.0000000000e-03
4.2000000000e+01 7.3797322810e-02 9.3214035034e-02 3.7754140794e-02 6.4989637843e-01 3.5010356545e-01 1.0000000000e-03
4.3000000000e+01 7.2182007134e-02 8.9094623923e-02 4.0243640542e-02 6.5379170468e-01 3.4620823708e-01 1.0000000000e-03
4.4000000000e+01 6.9698445499e-02 8.4915831685e-02 4.0676016361e-02 6.5602506341e-01 3.4397487622e-01 1.0000000000e-03
4.5000000000e+01 6.5718710423e-02 8.1012599170e-02 3.6082398146e-02 6.5960791435e-01 3.4039202278e-01 1.0000000000e-03
4.6000000000e+01 6.2648341060e-02 7.8146651387e-02 3.1932957470e-02 6.6463814941e-01 3.3536178492e-01 1.0000000000e-03
4.7000000000e+01 6.1174880713e-02 7.5472943485e-02 3.2387405634e-02 6.6814716239e-01 3.3185276923e-01 1.0000000000e-03
4.8000000000e+01 5.9410139918e-02 7.1758590639e-02 3.4464854747e-02 6.6888682044e-01 3.3111310860e-01 1.0000000000e-03
4.9000000000e+01 5.7356446981e-02 6.8297438323e-02 3.5353578627e-02 6.6788985248e-01 3.3211007401e-01 1.0000000000e-03
5.0000000000e+01 5.6660957634e-02 6.6785968840e-02 3.6492727697e-02 6.6576663531e-01 3.3423328885e-01 1.0000000000e-03
5.1000000000e+01 5.6390430778e-02 6.5679244697e-02 3.8161739707e-02 6.6243979433e-01 3.3756012778e-01 1.0000000000e-03
5.2000000000e+01 5.4906271398e-02 6.3074745238e-02 3.9199545979e-02 6.5786795002e-01 3.4213197011e-01 1.0000000000e-03
5.3000000000e+01 5.3399499506e-02 6.0187704861e-02 4.0695834905e-02 6.5174172901e-01 3.4825818919e-01 1.0000000000e-03
5.4000000000e+01 5.2620962262e-02 5.8219376951e-02 4.2476493865e-02 6.4438459538e-01 3.5561532107e-01 1.0000000000e-03
5.5000000000e+01 5.1131621003e-02 5.6384477764e-02 4.1901271790e-02 6.3731403738e-01 3.6268587726e-01 1.0000000000e-03
5.6000000000e+01 4.9189317971e-02 5.4701242596e-02 3.9743460715e-02 6.3150143150e-01 3.6849848108e-01 1.0000000000e-03
5.7000000000e+01 4.8164065927e-02 5.3865987808e-02 3.8595344871e-02 6.2660913563e-01 3.7339077488e-01 1.0000000000e-03
5.8000000000e+01 4.7172158957e-02 5.3234998137e-02 3.7160038948e-02 6.2283972094e-01 3.7716018745e-01 1.0000000000e-03
5.9000000000e+01 4.5575525612e-02 5.2575677633e-02 3.4095041454e-02 6.2121714882e-01 3.7878275719e-01 1.0000000000e-03
6.0000000000e+01 4.4607687742e-02 5.2689503878e-02 3.1319554895e-02 6.2181426257e-01 3.7818564094e-01 1.0000000000e-03
6.1000000000e+01 4.4174242765e-02 5.3093370050e-02 2.9371278360e-02 6.2401601703e-01 3.7598388401e-01 1.0000000000e-03
6.2000000000e+01 4.3347243220e-02 5.3004182875e-02 2.7057318017e-02 6.2781874033e-01 3.7218115811e-01 1.0000000000e-03
6.3000000000e+01 4.2805142701e-02 5.3137052804e-02 2.4980194867e-02 6.3305903501e-01 3.6694086079e-01 1.0000000000e-03
6.4000000000e+01 4.2803738266e-02 5.3577240556e-02 2.3728929460e-02 6.3905838051e-01 3.6094151277e-01 1.0000000000e-03
6.5000000000e+01 4.2385220528e-02 5.3169183433e-02 2.2778084502e-02 6.4516055970e-01 3.5483933108e-01 1.0000000000e-03
6.6000000000e+01 4.1698295623e-02 5.1944773644e-02 2.2645283490e-02 6.5028484009e-01 3.4971504820e-01 1.0000000000e-03
6.7000000000e+01 4.1194271296e-02 5.0627700984e-02 2.3390604183e-02 6.5365523935e-01 3.4634464661e-01 1.0000000000e-03
6.8000000000e+01 4.0340792388e-02 4.9062646925e-02 2.3731322959e-02 6.5568903470e-01 3.4431084892e-01 1.0000000000e-03
6.9000000000e+01 3.9234660566e-02 4.7232702374e-02 2.3950522766e-02 6.5647382010e-01 3.4352606111e-01 1.0000000000e-03
7.0000000000e+01 3.8417216390e-02 4.5429162681e-02 2.5090107694e-02 6.5524734886e-01 3.4475253006e-01 1.0000000000e-03
7.1000000000e+01 3.7597358227e-02 4.3462365866e-02 2.6621624827e-02 6.5173728984e-01 3.4826258691e-01 1.0000000000e-03
7.2000000000e+01 3.6743011326e-02 4.1467774659e-02 2.8115024790e-02 6.4615841623e-01 3.5384145847e-01 1.0000000000e-03
7.3000000000e+01 3.6176040769e-02 3.9846897125e-02 2.9682502151e-02 6.3885198877e-01 3.6114788408e-01 1.0000000000e-03
7.4000000000e+01 3.5591021180e-02 3.8432292640e-02 3.0742263421e-02 6.3052520512e-01 3.6947466600e-01 1.0000000000e-03
7.5000000000e+01 3.4896865487e-02 3.7243869156e-02 3.1034551561e-02 6.2201973375e-01 3.7798013561e-01 1.0000000000e-03
7.6000000000e+01 3.4273073077e-02 3.6525454372e-02 3.0687851831e-02 6.1416034668e-01 3.8583952086e-01 1.0000000000e-03
7.7000000000e+01 3.3519871533e-02 3.6020178348e-02 2.9648432508e-02 6.0759574315e-01 3.9240412241e-01 1.0000000000e-03
7.8000000000e+01 3.2703727484e-02 3.5591330379e-02 2.8326580301e-02 6.0251903524e-01 3.9748082812e-01 1.0000000000e-03
7.9000000000e+01 3.1956814229e-02 3.5421788692e-02 2.6776285842e-02 5.9921709884e-01 4.0078276211e-01 1.0000000000e-03
8.0000000000e+01 3.1200625002e-02 3.5564273596e-02 2.4701111019e-02 5.9830815046e-01 4.0169170780e-01 1.0000000000e-03
8.1000000000e+01 3.0580695719e-02 3.5926200449e-02 2.2565858439e-02 5.9989797095e-01 4.0010188438e-01 1.0000000000e-03
8.2000000000e+01 3.0083816499e-02 3.6205179989e-02 2.0768424496e-02 6.0345544976e-01 3.9654440249e-01 1.0000000000e-03
8.3000000000e+01 2.9640195891e-02 3.6215979606e-02 1.9432926551e-02 6.0818930274e-01 3.9181054631e-01 1.0000000000e-03
8.4000000000e+01 2.9296984896e-02 3.6018684506e-02 1.8637813628e-02 6.1327045598e-01 3.8672938987e-01 1.0000000000e-03
8.5000000000e+01 2.8910722584e-02 3.5546705127e-02 1.8169650808e-02 6.1811822417e-01 3.8188161849e-01 1.0000000000e-03
8.6000000000e+01 2.8465963900e-02 3.4773264080e-02 1.8083117902e-02 6.2209459269e-01 3.7790524678e-01 1.0000000000e-03
8.7000000000e+01 2.7992717922e-02 3.3759713173e-02 1.8396940082e-02 6.2461265061e-01 3.7538718574e-01 1.0000000000e-03
8.8000000000e+01 2.7418011799e-02 3.2522451133e-02 1.8896017224e-02 6.2540189815e-01 3.7459793512e-01 1.0000000000e-03
8.9000000000e+01 2.6853762567e-02 3.1163342297e-02 1.9697638229e-02 6.2413330760e-01 3.7586652268e-01 1.0000000000e-03
9.0000000000e+01 2.6332858950e-02 2.9775032774e-02 2.0699741319e-02 6.2070989291e-01 3.7928993453e-01 1.0000000000e-03
9.1000000000e+01 2.5829941034e-02 2.8492463753e-02 2.1566823125e-02 6.1555633061e-01 3.8444349411e-01 1.0000000000e-03
9.2000000000e+01 2.5421299040e-02 2.7471596375e-02 2.2224118933e-02 6.0928029394e-01 3.9071952818e-01 1.0000000000e-03
9.3000000000e+01 2.5023862720e-02 2.6652587578e-02 2.2555012256e-02 6.0251581297e-01 3.9748400662e-01 1.0000000000e-03
9.4000000000e+01 2.4610545486e-02 2.6027973741e-02 2.2520573810e-02 5.9587648104e-01 4.0412333599e-01 1.0000000000e-03
9.5000000000e+01 2.4201333523e-02 2.5693517178e-02 2.2053156048e-02 5.9010098374e-01 4.0989883065e-01 1.0000000000e-03
9.6000000000e+01 2.3749046028e-02 2.5626961142e-02 2.1091545001e-02 5.8594485603e-01 4.1405495551e-01 1.0000000000e-03
9.7000000000e+01 2.3329013959e-02 2.5743952021e-02 1.9943019375e-02 5.8369892145e-01 4.1630088705e-01 1.0000000000e-03
9.8000000000e+01 2.2949410602e-02 2.5923699141e-02 1.8785789609e-02 5.8331156068e-01 4.1668824460e-01 1.0000000000e-03
9.9000000000e+01 2.2617679089e-02 2.6123248041e-02 1.7683979124e-02 5.8461267026e-01 4.1538713166e-01 1.0000000000e-03
1.0000000000e+02 2.2347535938e-02 2.6286756620e-02 1.6743132845e-02 5.8724091761e-01 4.1275888088e-01 1.0000000000e-03
1.0100000000e+02 2.2085599601e-02 2.6262473315e-02 1.6060829163e-02 5.9056885292e-01 4.0943094210e-01 1.0000000000e-03
1.0200000000e+02 2.1826688200e-02 2.5955438614e-02 1.5794083476e-02 5.9368137963e-01 4.0631841193e-01 1.0000000000e-03
1.0300000000e+02 2.1541474387e-02 2.5347378105e-02 1.5933461487e-02 5.9571551017e-01 4.0428427802e-01 1.0000000000e-03
1.0400000000e+02 2.1240953356e-02 2.4531316012e-02 1.6384864226e-02 5.9609899374e-01 4.0390079118e-01 1.0000000000e-03
1.0500000000e+02 2.0943986252e-02 2.3635623977e-02 1.6995176673e-02 5.9466077148e-01 4.0533901034e-01 1.0000000000e-03
1.0600000000e+02 2.0662534982e-02 2.2744709626e-02 1.7647543922e-02 5.9150426361e-01 4.0849551527e-01 1.0000000000e-03
1.0700000000e+02 2.0410522819e-02 2.1880658343e-02 1.8322927877e-02 5.8677846688e-01 4.1322130924e-01 1.0000000000e-03
1.0800000000e+02 2.0166877657e-02 2.1083435044e-02 1.8896820024e-02 5.8083522565e-01 4.1916454784e-01 1.0000000000e-03
1.0900000000e+02 1.9930852577e-02 2.0503139123e-02 1.9158344716e-02 5.7444703056e-01 4.2555274037e-01 1.0000000000e-03
1.1000000000e+02 1.9683111459e-02 2.0239382982e-02 1.8949789926e-02 5.6864765788e-01 4.3135211044e-01 1.0000000000e-03
1.1100000000e+02 1.9439604133e-02 2.0253060386e-02 1.8386496231e-02 5.6419823253e-01 4.3580153308e-01 1.0000000000e-03
1.1200000000e+02 1.9213797525e-02 2.0407043397e-02 1.7686789855e-02 5.6134885965e-01 4.3865090314e-01 1.0000000000e-03
1.1300000000e+02 1.9018765539e-02 2.0628657192e-02 1.6969153658e-02 5.6008060352e-01 4.3991915640e-01 1.0000000000e-03
1.1400000000e+02 1.8861565739e-02 2.0904503763e-02 1.6258049756e-02 5.6032405486e-01 4.3967570216e-01 1.0000000000e-03
1.1500000000e+02 1.8719455227e-02 2.1144054830e-02 1.5610735863e-02 5.6181897759e-01 4.3818077652e-01 1.0000000000e-03
1.1600000000e+02 1.8580615520e-02 2.1190911531e-02 1.5205939300e-02 5.6385889086e-01 4.3614086037e-01 1.0000000000e-03
1.1700000000e+02 1.8421562389e-02 2.0930666476e-02 1.5156335197e-02 5.6547355517e-01 4.3452619322e-01 1.0000000000e-03
1.1800000000e+02 1.8252637237e-02 2.0429249853e-02 1.5414938331e-02 5.6592077866e-01 4.3407896699e-01 1.0000000000e-03
1.1900000000e+02 1.8086725846e-02 1.9834211096e-02 1.5817362815e-02 5.6496216478e-01 4.3503757826e-01 1.0000000000e-03
1.2000000000e+02 1.7943324521e-02 1.9241034985e-02 1.6273878515e-02 5.6264327177e-01 4.3735646880e-01 1.0000000000e-03
1.2100000000e+02 1.7821986228e-02 1.8675621599e-02 1.6739461571e-02 5.5911245432e-01 4.4088728397e-01 1.0000000000e-03
1.2200000000e+02 1.7709432170e-02 1.8200486898e-02 1.7097590491e-02 5.5476345558e-01 4.4523628055e-01 1.0000000000e-03
1.2300000000e+02 1.7586778849e-02 1.7923440784e-02 1.7174724489e-02 5.5035369865e-01 4.4964603537e-01 1.0000000000e-03
1.2400000000e+02 1.7448585480e-02 1.7891352996e-02 1.6914550215e-02 5.4672152826e-01 4.5327820363e-01 1.0000000000e-03
1.2500000000e+02 1.7306044698e-02 1.8048923463e-02 1.6418328509e-02 5.4441478664e-01 4.5558494305e-01 1.0000000000e-03
1.2600000000e+02 1.7180206254e-02 1.8312275410e-02 1.5831824392e-02 5.4360561972e-01 4.5639410771e-01 1.0000000000e-03
1.2700000000e+02 1.7082849517e-02 1.8610313535e-02 1.5259207226e-02 5.4419212408e-01 4.5580760108e-01 1.0000000000e-03
1.2800000000e+02 1.7007552087e-02 1.8850000575e-02 1.4793526381e-02 5.4580150522e-01 4.5419821771e-01 1.0000000000e-03
1.2900000000e+02 1.6934078187e-02 1.8919469789e-02 1.4529112726e-02 5.4778418250e-01 4.5221553823e-01 1.0000000000e-03
1.3000000000e+02 1.6843456775e-02 1.8756063655e-02 1.4511636458e-02 5.4938494873e-01 4.5061476987e-01 1.0000000000e-03
1.3100000000e+02 1.6734926030e-02 1.8380457535e-02 1.4723981731e-02 5.4996907375e-01 4.5003064278e-01 1.0000000000e-03
1.3200000000e+02 1.6622304916e-02 1.7865501344e-02 1.5108037740e-02 5.4915347788e-01 4.5084623667e-01 1.0000000000e-03
1.3300000000e+02 1.6524193808e-02 1.7313430086e-02 1.5571631491e-02 5.4688642689e-01 4.5311328580e-01 1.0000000000e-03
1.3400000000e+02 1.6443673521e-02 1.6841329634e-02 1.5970194712e-02 5.4352525172e-01 4.5647445922e-01 1.0000000000e-03
1.3500000000e+02 1.6369488090e-02 1.6545781866e-02 1.6162749380e-02 5.3975823491e-01 4.6024147437e-01 1.0000000000e-03
1.3600000000e+02 1.6284488142e-02 1.6454914585e-02 1.6087351367e-02 5.3634714330e-01 4.6365256431e-01 1.0000000000e-03
1.3700000000e+02 1.6185199842e-02 1.6545683146e-02 1.5772273764e-02 5.3390897606e-01 4.6609072986e-01 1.0000000000e-03
1.3800000000e+02 1.6083817929e-02 1.6791185364e-02 1.5276880935e-02 5.3287914061e-01 4.6712056353e-01 1.0000000000e-03
1.3900000000e+02 1.5998028219e-02 1.7138225958e-02 1.4694447629e-02 5.3342968447e-01 4.6657001784e-01 1.0000000000e-03
1.4000000000e+02 1.5933483839e-02 1.7455276102e-02 1.4180771075e-02 5.3526197381e-01 4.6473772666e-01 1.0000000000e-03
1.4100000000e+02 1.5877757221e-02 1.7592849210e-02 1.3883524574e-02 5.3762799496e-01 4.6237170369e-01 1.0000000000e-03
1.4200000000e+02 1.5812262893e-02 1.7493603751e-02 1.3840958476e-02 5.3969363832e-01 4.6030605855e-01 1.0000000000e-03
1.4300000000e+02 1.5728950500e-02 1.7185607925e-02 1.4013398439e-02 5.4080808779e-01 4.5919160734e-01 1.0000000000e-03
1.4400000000e+02 1.5637360513e-02 1.6718829051e-02 1.4365198091e-02 5.4051317875e-01 4.5948651470e-01 1.0000000000e-03
1.4500000000e+02 1.5553742647e-02 1.6171898693e-02 1.4832103625e-02 5.3862252488e-01 4.6137716697e-01 1.0000000000e-03
1.4600000000e+02 1.5485852957e-02 1.5679806471e-02 1.5262320638e-02 5.3543487969e-01 4.6456481066e-01 1.0000000000e-03
1.4700000000e+02 1.5424467623e-02 1.5374084935e-02 1.5481686220e-02 5.3171701389e-01 4.6828267501e-01 1.0000000000e-03
1.4800000000e+02 1.5354562551e-02 1.5299941413e-02 1.5415761620e-02 5.2835676046e-01 4.7164292700e-01 1.0000000000e-03
1.4900000000e+02 1.5271116048e-02 1.5428720973e-02 1.5096185729e-02 5.2606576280e-01 4.7393392315e-01 1.0000000000e-03
1.5000000000e+02 1.5185903758e-02 1.5719138086e-02 1.4595809393e-02 5.2531193313e-01 4.7468775124e-01 1.0000000000e-03
1.5100000000e+02 1.5114955604e-02 1.6097610816e-02 1.4023532160e-02 5.2622361708e-01 4.7377606565e-01 1.0000000000e-03
1.5200000000e+02 1.5062479302e-02 1.6426084563e-02 1.3534485362e-02 5.2842691163e-01 4.7157276945e-01 1.0000000000e-03
1.5300000000e+02 1.5015410259e-02 1.6566390172e-02 1.3258491643e-02 5.3112973686e-01 4.6886994259e-01 1.0000000000e-03
1.5400000000e+02 1.4956953004e-02 1.6457684338e-02 1.3241163455e-02 5.3343197292e-01 4.6656770491e-01 1.0000000000e-03
1.5500000000e+02 1.4883175492e-02 1.6119714826e-02 1.3462906703e-02 5.3457924518e-01 4.6542043106e-01 1.0000000000e-03
1.5600000000e+02 1.4806000516e-02 1.5632342547e-02 1.3858594932e-02 5.3412857843e-01 4.6587109628e-01 1.0000000000e-03
1.5700000000e+02 1.4739997685e-02 1.5119090676e-02 1.4308915474e-02 5.3209224083e-01 4.6790743242e-01 1.0000000000e-03
1.5800000000e+02 1.4686441049e-02 1.4709636569e-02 1.4660401270e-02 5.2896681862e-01 4.7103285326e-01 1.0000000000e-03
1.5900000000e+02 1.4632874168e-02 1.4494300820e-02 1.4786395244e-02 5.2557133659e-01 4.7442833396e-01 1.0000000000e-03
1.6000000000e+02 1.4567659236e-02 1.4508004300e-02 1.4633024111e-02 5.2279967761e-01 4.7719999156e-01 1.0000000000e-03
1.6100000000e+02 1.4494273812e-02 1.4733075164e-02 1.4234147966e-02 5.2138088495e-01 4.7861878278e-01 1.0000000000e-03
1.6200000000e+02 1.4427612536e-02 1.5086696483e-02 1.3708922081e-02 5.2163511166e-01 4.7836455457e-01 1.0000000000e-03
1.6300000000e+02 1.4377512969e-02 1.5433395281e-02 1.3218248263e-02 5.2333723606e-01 4.7666242865e-01 1.0000000000e-03
1.6400000000e+02 1.4337158762e-02 1.5644611791e-02 1.2887238525e-02 5.2583559006e-01 4.7416407313e-01 1.0000000000e-03
1.6500000000e+02 1.4290664345e-02 1.5636628494e-02 1.2783375569e-02 5.2827180852e-01 4.7172785316e-01 1.0000000000e-03
1.6600000000e+02 1.4230232686e-02 1.5383845195e-02 1.2930522673e-02 5.2977690107e-01 4.7022275912e-01 1.0000000000e-03
1.6700000000e+02 1.4164091088e-02 1.4946899377e-02 1.3282253407e-02 5.2974764408e-01 4.7025201467e-01 1.0000000000e-03
1.6800000000e+02 1.4106521383e-02 1.4462194405e-02 1.3708482496e-02 5.2811062112e-01 4.7188903626e-01 1.0000000000e-03
1.6900000000e+02 1.4060717076e-02 1.4068919234e-02 1.4051649719e-02 5.2533024742e-01 4.7466940866e-01 1.0000000000e-03
1.7000000000e+02 1.4015667140e-02 1.3855093159e-02 1.4191169292e-02 5.2219805904e-01 4.7780159578e-01 1.0000000000e-03
1.7100000000e+02 1.3960093260e-02 1.3860995881e-02 1.4067291282e-02 5.1960890480e-01 4.8039074873e-01 1.0000000000e-03
1.7200000000e+02 1.3897017576e-02 1.4077327214e-02 1.3702999800e-02 5.1832172359e-01 4.8167792859e-01 1.0000000000e-03
1.7300000000e+02 1.3840654865e-02 1.4418085106e-02 1.3218463399e-02 5.1865988606e-01 4.8133976472e-01 1.0000000000e-03
1.7400000000e+02 1.3799167238e-02 1.4741738327e-02 1.2776565738e-02 5.2036454241e-01 4.7963510695e-01 1.0000000000e-03
1.7500000000e+02 1.3764500618e-02 1.4917187393e-02 1.2502019294e-02 5.2273222219e-01 4.7726742576e-01 1.0000000000e-03
1.7600000000e+02 1.3721775264e-02 1.4864414930e-02 1.2459577993e-02 5.2485957580e-01 4.7514007076e-01 1.0000000000e-03
1.7700000000e+02 1.3666758314e-02 1.4579222538e-02 1.2654578313e-02 5.2590715643e-01 4.7409248875e-01 1.0000000000e-03
1.7800000000e+02 1.3610256836e-02 1.4145998284e-02 1.3017194346e-02 5.2539424059e-01 4.7460540327e-01 1.0000000000e-03
1.7900000000e+02 1.3564342633e-02 1.3703283854e-02 1.3411775231e-02 5.2339233797e-01 4.7660730461e-01 1.0000000000e-03
1.8000000000e+02 1.3527192175e-02 1.3382856734e-02 1.3683876954e-02 5.2049701545e-01 4.7950262593e-01 1.0000000000e-03
1.8100000000e+02 1.3485882431e-02 1.3269400224e-02 1.3718185946e-02 5.1761582873e-01 4.8238381146e-01 1.0000000000e-03
1.8200000000e+02 1.3433746994e-02 1.3383463025e-02 1.3487294316e-02 5.1566102233e-01 4.8433861663e-01 1.0000000000e-03
1.8300000000e+02 1.3379733078e-02 1.3670733199e-02 1.3070473447e-02 5.1521725076e-01 4.8478238690e-01 1.0000000000e-03
1.8400000000e+02 1.3337083161e-02 1.4014473185e-02 1.2613974512e-02 5.1632520986e-01 4.8367442649e-01 1.0000000000e-03
1.8500000000e+02 1.3306120411e-02 1.4273936860e-02 1.2264028192e-02 5.1847952390e-01 4.8152011113e-01 1.0000000000e-03
1.8600000000e+02 1.3273415156e-02 1.4328258112e-02 1.2127045542e-02 5.2079179920e-01 4.7920783453e-01 1.0000000000e-03
1.8700000000e+02 1.3228720985e-02 1.4131573029e-02 1.2241601944e-02 5.2229573047e-01 4.7770390196e-01 1.0000000000e-03
1.8800000000e+02 1.3177725486e-02 1.3745482080e-02 1.2556906790e-02 5.2232558117e-01 4.7767405001e-01 1.0000000000e-03
1.8900000000e+02 1.3134084642e-02 1.3302490115e-02 1.2951099314e-02 5.2076222805e-01 4.7923740191e-01 1.0000000000e-03
1.9000000000e+02 1.3101151213e-02 1.2943294831e-02 1.3270850293e-02 5.1806121787e-01 4.8193841095e-01 1.0000000000e-03
1.9100000000e+02 1.3067786582e-02 1.2776503339e-02 1.3377230614e-02 5.1510662328e-01 4.8489300443e-01 1.0000000000e-03
1.9200000000e+02 1.3023993000e-02 1.2848204933e-02 1.3209103607e-02 5.1290343253e-01 4.8709619403e-01 1.0000000000e-03
1.9300000000e+02 1.2975379825e-02 1.3117929921e-02 1.2825722806e-02 5.1217622702e-01 4.8782339833e-01 1.0000000000e-03
1.9400000000e+02 1.2935878709e-02 1.3470447622e-02 1.2372594327e-02 5.1308266323e-01 4.8691696090e-01 1.0000000000e-03
1.9500000000e+02 1.2908570468e-02 1.3756865636e-02 1.2007200159e-02 5.1516993007e-01 4.8482969283e-01 1.0000000000e-03
1.9600000000e+02 1.2881115079e-02 1.3843488880e-02 1.1848797090e-02 5.1753480459e-01 4.8246481709e-01 1.0000000000e-03
1.9700000000e+02 1.2842172757e-02 1.3673234731e-02 1.1944909580e-02 5.1915454753e-01 4.8084507295e-01 1.0000000000e-03
1.9800000000e+02 1.2796569616e-02 1.3300016522e-02 1.2252731249e-02 5.1928833397e-01 4.8071128533e-01 1.0000000000e-03
1.9900000000e+02 1.2758211233e-02 1.2859336101e-02 1.2649644166e-02 5.1777049672e-01 4.8222912145e-01 1.0000000000e-03
2.0000000000e+02 1.2730538845e-02 1.2505561113e-02 1.2969520874e-02 5.1508281292e-01 4.8491680418e-01 1.0000000000e-03
2.0100000000e+02 1.2701727450e-02 1.2354813516e-02 1.3065969571e-02 5.1217574353e-01 4.8782387252e-01 1.0000000000e-03
2.0200000000e+02 1.2662155554e-02 1.2447536923e-02 1.2885628268e-02 5.1009349008e-01 4.8990612490e-01 1.0000000000e-03
2.0300000000e+02 1.2618873268e-02 1.2736552395e-02 1.2496616691e-02 5.0955955818e-01 4.9044005566e-01 1.0000000000e-03
2.0400000000e+02 1.2585893273e-02 1.3098779134e-02 1.2050613761e-02 5.1068745974e-01 4.8931215296e-01 1.0000000000e-03
2.0500000000e+02 1.2563855387e-02 1.3370173052e-02 1.1714776047e-02 5.1291827467e-01 4.8708133690e-01 1.0000000000e-03
2.0600000000e+02 1.2538643554e-02 1.3415154070e-02 1.1607032269e-02 5.1523946297e-01 4.8476014747e-01 1.0000000000e-03
2.0700000000e+02 1.2501353398e-02 1.3198800385e-02 1.1755995452e-02 5.1660633246e-01 4.8339327687e-01 1.0000000000e-03
2.0800000000e+02 1.2460814789e-02 1.2800824828e-02 1.2097815052e-02 5.1635742190e-01 4.8364218633e-01 1.0000000000e-03
2.0900000000e+02 1.2430505827e-02 1.2373181991e-02 1.2491260655e-02 5.1448421487e-01 4.8551539232e-01 1.0000000000e-03
2.1000000000e+02 1.2408660725e-02 1.2075074948e-02 1.2758187018e-02 5.1166037642e-01 4.8833922978e-01 1.0000000000e-03
2.1100000000e+02 1.2380978093e-02 1.2009803206e-02 1.2765722349e-02 5.0896878317e-01 4.9103082205e-01 1.0000000000e-03
2.1200000000e+02 1.2342580594e-02 1.2189174071e-02 1.2500632554e-02 5.0744114180e-01 4.9255846239e-01 1.0000000000e-03
2.1300000000e+02 1.2306001037e-02 1.2532036752e-02 1.2072969228e-02 5.0762988116e-01 4.9236972198e-01 1.0000000000e-03
2.1400000000e+02 1.2282537296e-02 1.2884739786e-02 1.1657346971e-02 5.0936745937e-01 4.9063214271e-01 1.0000000000e-03
2.1500000000e+02 1.2264930643e-02 1.3075849973e-02 1.1414745823e-02 5.1182200184e-01 4.8817759920e-01 1.0000000000e-03
2.1600000000e+02 1.2237777933e-02 1.3001229614e-02 1.1430824175e-02 5.1385360187e-01 4.8614599813e-01 1.0000000000e-03
2.1700000000e+02 1.2200451456e-02 1.2680172920e-02 1.1692095548e-02 5.1449527287e-01 4.8550432610e-01 1.0000000000e-03
2.1800000000e+02 1.2167897075e-02 1.2244313024e-02 1.2087292038e-02 5.1336839368e-01 4.8663120429e-01 1.0000000000e-03
2.1900000000e+02 1.2147698551e-02 1.1870473623e-02 1.2437252328e-02 5.1086569357e-01 4.8913390347e-01 1.0000000000e-03
2.2000000000e+02 1.2128336355e-02 1.1700486764e-02 1.2570089661e-02 5.0798762877e-01 4.9201196736e-01 1.0000000000e-03
2.2100000000e+02 1.2097278610e-02 1.1791395023e-02 1.2410488911e-02 5.0590982573e-01 4.9408976947e-01 1.0000000000e-03
2.2200000000e+02 1.2061243877e-02 1.2098640203e-02 1.2023027055e-02 5.0547555521e-01 4.9452403902e-01 1.0000000000e-03
2.2300000000e+02 1.2036148459e-02 1.2482197955e-02 1.1577796191e-02 5.0680745024e-01 4.9319214299e-01 1.0000000000e-03
2.2400000000e+02 1.2022048235e-02 1.2755165808e-02 1.1261342093e-02 5.0923667670e-01 4.9076291558e-01 1.0000000000e-03
2.2500000000e+02 1.2002484873e-02 1.2773488648e-02 1.1194845662e-02 5.1160617139e-01 4.8839341994e-01 1.0000000000e-03
2.2600000000e+02 1.1969935149e-02 1.2512756512e-02 1.1398658156e-02 5.1277516943e-01 4.8722442095e-01 1.0000000000e-03
2.2700000000e+02 1.1937512085e-02 1.2083181180e-02 1.1784614064e-02 5.1212309147e-01 4.8787649797e-01 1.0000000000e-03
2.2800000000e+02 1.1918213218e-02 1.1670876294e-02 1.2175503187e-02 5.0985268316e-01 4.9014690540e-01 1.0000000000e-03
2.2900000000e+02 1.1904015206e-02 1.1444631964e-02 1.2376287021e-02 5.0691185497e-01 4.9308773275e-01 1.0000000000e-03
2.3000000000e+02 1.1878827587e-02 1.1489173397e-02 1.2275674380e-02 5.0456589209e-01 4.9543369478e-01 1.0000000000e-03
2.3100000000e+02 1.1845041066e-02 1.1778987944e-02 1.1912122369e-02 5.0382830219e-01 4.9617128378e-01 1.0000000000e-03
2.3200000000e+02 1.1820316315e-02 1.2180292048e-02 1.1453103274e-02 5.0498392731e-01 4.9501565775e-01 1.0000000000e-03
2.3300000000e+02 1.1808852665e-02 1.2495930307e-02 1.1101024225e-02 5.0744120305e-01 4.9255838113e-01 1.0000000000e-03
2.3400000000e+02 1.1794047430e-02 1.2556823902e-02 1.1000144295e-02 5.1000113472e-01 4.8999844859e-01 1.0000000000e-03
2.3500000000e+02 1.1765024625e-02 1.2316821143e-02 1.1187479831e-02 5.1140341312e-01 4.8859616932e-01 1.0000000000e-03
2.3600000000e+02 1.1734260246e-02 1.1883066036e-02 1.1578826234e-02 5.1091142035e-01 4.8908816122e-01 1.0000000000e-03
2.3700000000e+02 1.1717256159e-02 1.1452745646e-02 1.1991112493e-02 5.0867205302e-01 4.9132752774e-01 1.0000000000e-03
2.3800000000e+02 1.1706780642e-02 1.1210919358e-02 1.2214016169e-02 5.0566373962e-01 4.9433584037e-01 1.0000000000e-03
2.3900000000e+02 1.1684773490e-02 1.1255016550e-02 1.2120159343e-02 5.0324678617e-01 4.9675279304e-01 1.0000000000e-03
2.4000000000e+02 1.1653066613e-02 1.1560185812e-02 1.1746900156e-02 5.0252153353e-01 4.9747804486e-01 1.0000000000e-03
2.4100000000e+02 1.1630979367e-02 1.1982529424e-02 1.1274064891e-02 5.0379250566e-01 4.9620707189e-01 1.0000000000e-03
2.4200000000e+02 1.1622929014e-02 1.2309418060e-02 1.0918627493e-02 5.0640700669e-01 4.9359257006e-01 1.0000000000e-03
2.4300000000e+02 1.1610405520e-02 1.2360566296e-02 1.0832564905e-02 5.0906036476e-01 4.9093921119e-01 1.0000000000e-03
2.4400000000e+02 1.1582594365e-02 1.2094720267e-02 1.1048691347e-02 5.1041419058e-01 4.8958538457e-01 1.0000000000e-03
2.4500000000e+02 1.1554604396e-02 1.1637329124e-02 1.1468604207e-02 5.0973786139e-01 4.9026171296e-01 1.0000000000e-03
2.4600000000e+02 1.1542059481e-02 1.1204971932e-02 1.1889122427e-02 5.0728283034e-01 4.9271674328e-01 1.0000000000e-03
2.4700000000e+02 1.1534255929e-02 1.0991409421e-02 1.2086271308e-02 5.0418240379e-01 4.9581716914e-01 1.0000000000e-03
2.4800000000e+02 1.1512355879e-02 1.1085565202e-02 1.1942419223e-02 5.0190368002e-01 4.9809589218e-01 1.0000000000e-03
2.4900000000e+02 1.1482409202e-02 1.1441175826e-02 1.1523907073e-02 5.0153316634e-01 4.9846640510e-01 1.0000000000e-03
2.5000000000e+02 1.1465629563e-02 1.1886571534e-02 1.1039226316e-02 5.0322784395e-01 4.9677172673e-01 1.0000000000e-03
2.5100000000e+02 1.1461594142e-02 1.2187826447e-02 1.0717388242e-02 5.0611486916e-01 4.9388470080e-01 1.0000000000e-03
2.5200000000e+02 1.1448292062e-02 1.2171320617e-02 1.0699604638e-02 5.0872079763e-01 4.9127877161e-01 1.0000000000e-03
2.5300000000e+02 1.1419791728e-02 1.1832565069e-02 1.0990708135e-02 5.0969299006e-01 4.9030657843e-01 1.0000000000e-03
2.5400000000e+02 1.1396748945e-02 1.1340312660e-02 1.1455141008e-02 5.0847180246e-01 4.9152776532e-01 1.0000000000e-03
2.5500000000e+02 1.1390555650e-02 1.0934702121e-02 1.1856749654e-02 5.0560180871e-01 4.9439775842e-01 1.0000000000e-03
2.5600000000e+02 1.1382954195e-02 1.0801568627e-02 1.1970137246e-02 5.0247577240e-01 4.9752379409e-01 1.0000000000e-03
2.5700000000e+02 1.1358164251e-02 1.0997435078e-02 1.1719826609e-02 5.0063821213e-01 4.9936135370e-01 1.0000000000e-03
2.5800000000e+02 1.1331649497e-02 1.1429114267e-02 1.1233801022e-02 5.0100527802e-01 4.9899428710e-01 1.0000000000e-03
2.5900000000e+02 1.1323235929e-02 1.1878594756e-02 1.0760338046e-02 5.0337449167e-01 4.9662507276e-01 1.0000000000e-03
2.6000000000e+02 1.1321522295e-02 1.2097316794e-02 1.0525262915e-02 5.0651154277e-01 4.9348802102e-01 1.0000000000e-03
2.6100000000e+02 1.1303327978e-02 1.1950348504e-02 1.0633195750e-02 5.0877654319e-01 4.9122301994e-01 1.0000000000e-03
2.6200000000e+02 1.1274782941e-02 1.1507137679e-02 1.1033969000e-02 5.0894843465e-01 4.9105112780e-01 1.0000000000e-03
2.6300000000e+02 1.1260803789e-02 1.0997734033e-02 1.1531213298e-02 5.0686958329e-01 4.9312997853e-01 1.0000000000e-03
2.6400000000e+02 1.1260371655e-02 1.0673440993e-02 1.1855727062e-02 5.0355870307e-01 4.9644085818e-01 1.0000000000e-03
2.6500000000e+02 1.1247804388e-02 1.0684534907e-02 1.1812654324e-02 5.0069556641e-01 4.9930399427e-01 1.0000000000e-03
2.6600000000e+02 1.1219581589e-02 1.1024276726e-02 1.1414704844e-02 4.9975601051e-01 5.0024354953e-01 1.0000000000e-03
2.6700000000e+02 1.1201737449e-02 1.1525536887e-02 1.0876351036e-02 5.0122933993e-01 4.9877021947e-01 1.0000000000e-03
2.6800000000e+02 1.1202692986e-02 1.1919104494e-02 1.0473762639e-02 5.0433361932e-01 4.9566593948e-01 1.0000000000e-03
2.6900000000e+02 1.1197110638e-02 1.1972736567e-02 1.0398128070e-02 5.0741956212e-01 4.9257999610e-01 1.0000000000e-03
2.7000000000e+02 1.1171398684e-02 1.1642151512e-02 1.0683742352e-02 5.0882398969e-01 4.9117556792e-01 1.0000000000e-03
2.7100000000e+02 1.1148831807e-02 1.1104889214e-02 1.1194166727e-02 5.0774138612e-01 4.9225817089e-01 1.0000000000e-03
2.7200000000e+02 1.1147349142e-02 1.0643437505e-02 1.1660805903e-02 5.0468656503e-01 4.9531299144e-01 1.0000000000e-03
2.7300000000e+02 1.1145955883e-02 1.0484786704e-02 1.1810435914e-02 5.0124494289e-01 4.9875461308e-01 1.0000000000e-03
2.7400000000e+02 1.1123225093e-02 1.0703387670e-02 1.1541792192e-02 4.9923596362e-01 5.0076359180e-01 1.0000000000e-03
2.7500000000e+02 1.1098016053e-02 1.1193458922e-02 1.1002681218e-02 4.9974209877e-01 5.0025745605e-01 1.0000000000e-03
2.7600000000e+02 1.1095192283e-02 1.1697663926e-02 1.0486681946e-02 5.0249722660e-01 4.9750232766e-01 1.0000000000e-03
2.7700000000e+02 1.1098800227e-02 1.1923343875e-02 1.0254202411e-02 5.0601061346e-01 4.9398894028e-01 1.0000000000e-03
2.7800000000e+02 1.1080800556e-02 1.1724399403e-02 1.0415307246e-02 5.0836596339e-01 4.9163358982e-01 1.0000000000e-03
2.7900000000e+02 1.1053277180e-02 1.1207204312e-02 1.0894205421e-02 5.0823744123e-01 4.9176211141e-01 1.0000000000e-03
2.8000000000e+02 1.1046590284e-02 1.0657322593e-02 1.1444738135e-02 5.0563235826e-01 4.9436719387e-01 1.0000000000e-03
2.8100000000e+02 1.1052139103e-02 1.0360653512e-02 1.1748991907e-02 5.0192943444e-01 4.9807011725e-01 1.0000000000e-03
2.8200000000e+02 1.1037752964e-02 1.0462101549e-02 1.1611421593e-02 4.9913307894e-01 5.0086647227e-01 1.0000000000e-03
2.8300000000e+02 1.1009218171e-02 1.0913656093e-02 1.1104329489e-02 4.9878675389e-01 5.0121279678e-01 1.0000000000e-03
2.8400000000e+02 1.1000527069e-02 1.1481733993e-02 1.0517207906e-02 5.0110026496e-01 4.9889928519e-01 1.0000000000e-03
2.8500000000e+02 1.1009152979e-02 1.1839990504e-02 1.0162208229e-02 5.0480297448e-01 4.9519657521e-01 1.0000000000e-03
2.8600000000e+02 1.0999690741e-02 1.1761155911e-02 1.0213965550e-02 5.0784297534e-01 4.9215657387e-01 1.0000000000e-03
2.8700000000e+02 1.0970760137e-02 1.1281059124e-02 1.0649739765e-02 5.0849799854e-01 4.9150155015e-01 1.0000000000e-03
2.8800000000e+02 1.0958435945e-02 1.0675926693e-02 1.1248216033e-02 5.0634301862e-01 4.9365652959e-01 1.0000000000e-03
2.8900000000e+02 1.0967455804e-02 1.0274549946e-02 1.1667433195e-02 5.0253468139e-01 4.9746486643e-01 1.0000000000e-03
2.9000000000e+02 1.0960993357e-02 1.0280738585e-02 1.1639039032e-02 4.9918284735e-01 5.0081670006e-01 1.0000000000e-03
2.9100000000e+02 1.0931898840e-02 1.0693561286e-02 1.1168516241e-02 4.9817828722e-01 5.0182125971e-01 1.0000000000e-03
2.9200000000e+02 1.0918031447e-02 1.1301490478e-02 1.0534401983e-02 5.0011692013e-01 4.9988262632e-01 1.0000000000e-03
2.9300000000e+02 1.0929189622e-02 1.1756439693e-02 1.0088869371e-02 5.0392197329e-01 4.9607757273e-01 1.0000000000e-03
2.9400000000e+02 1.0926918127e-02 1.1769295670e-02 1.0059077293e-02 5.0744717190e-01 4.9255237370e-01 1.0000000000e-03
2.9500000000e+02 1.0898215696e-02 1.1319813319e-02 1.0461745784e-02 5.0867214186e-01 4.9132740327e-01 1.0000000000e-03
2.9600000000e+02 1.0881599039e-02 1.0674227029e-02 1.1094731279e-02 5.0683907058e-01 4.9316047410e-01 1.0000000000e-03
2.9700000000e+02 1.0892664082e-02 1.0197736323e-02 1.1595844291e-02 5.0294752786e-01 4.9705201647e-01 1.0000000000e-03
2.9800000000e+02 1.0892305523e-02 1.0139045306e-02 1.1643171310e-02 4.9920010692e-01 5.0079943707e-01 1.0000000000e-03
2.9900000000e+02 1.0863360018e-02 1.0531063192e-02 1.1192699894e-02 4.9775723300e-01 5.0224231056e-01 1.0000000000e-03
3.0000000000e+02 1.0846060701e-02 1.1173279025e-02 1.0519520380e-02 4.9948834230e-01 5.0051120081e-01 1.0000000000e-03
3.0100000000e+02 1.0859340429e-02 1.1696291156e-02 1.0010864586e-02 5.0342167442e-01 4.9657786830e-01 1.0000000000e-03
3.0200000000e+02 1.0862152092e-02 1.1764669791e-02 9.9328979850e-03 5.0730062748e-01 4.9269891489e-01 1.0000000000e-03
3.0300000000e+02 1.0833391920e-02 1.1321369559e-02 1.0327806696e-02 5.0886523034e-01 4.9113431160e-01 1.0000000000e-03
3.0400000000e+02 1.0814389214e-02 1.0637366213e-02 1.0996558703e-02 5.0714852432e-01 4.9285101720e-01 1.0000000000e-03
3.0500000000e+02 1.0827903636e-02 1.0110386647e-02 1.1554386467e-02 5.0310105182e-01 4.9689848939e-01 1.0000000000e-03
3.0600000000e+02 1.0831419379e-02 1.0023055598e-02 1.1636778712e-02 4.9906577417e-01 5.0093376675e-01 1.0000000000e-03
3.0700000000e+02 1.0801649652e-02 1.0423464701e-02 1.1175957508e-02 4.9741724632e-01 5.0258229421e-01 1.0000000000e-03
3.0800000000e+02 1.0783078149e-02 1.1106579565e-02 1.0460652411e-02 4.9917297128e-01 5.0082656883e-01 1.0000000000e-03
3.0900000000e+02 1.0799564421e-02 1.1673780158e-02 9.9136279896e-03 5.0333245201e-01 4.9666708776e-01 1.0000000000e-03
3.1000000000e+02 1.0805031285e-02 1.1755005457e-02 9.8262606189e-03 5.0746774433e-01 4.9253179513e-01 1.0000000000e-03
3.1100000000e+02 1.0774612427e-02 1.1283077300e-02 1.0247250088e-02 5.0912645290e-01 4.9087308617e-01 1.0000000000e-03
3.1200000000e+02 1.0755546391e-02 1.0554676875e-02 1.0962350294e-02 5.0726645734e-01 4.9273308135e-01 1.0000000000e-03
3.1300000000e+02 1.0773072951e-02 1.0002308525e-02 1.1552974582e-02 5.0294283882e-01 4.9705669961e-01 1.0000000000e-03
3.1400000000e+02 1.0777704418e-02 9.9274022505e-03 1.1623651721e-02 4.9871311241e-01 5.0128642577e-01 1.0000000000e-03
3.1500000000e+02 1.0745229200e-02 1.0372822173e-02 1.1113378219e-02 4.9711844923e-01 5.0288108859e-01 1.0000000000e-03
3.1600000000e+02 1.0728206486e-02 1.1108103208e-02 1.0349572636e-02 4.9917408422e-01 5.0082545322e-01 1.0000000000e-03
3.1700000000e+02 1.0749716312e-02 1.1693529785e-02 9.7919069231e-03 5.0368202680e-01 4.9631751035e-01 1.0000000000e-03
3.1800000000e+02 1.0754588991e-02 1.1738101952e-02 9.7392331809e-03 5.0796723626e-01 4.9203230062e-01 1.0000000000e-03
3.1900000000e+02 1.0720448568e-02 1.1196416803e-02 1.0226181708e-02 5.0943500132e-01 4.9056453519e-01 1.0000000000e-03
3.2000000000e+02 1.0704649612e-02 1.0419551283e-02 1.0998019017e-02 5.0714102713e-01 4.9285850904e-01 1.0000000000e-03
3.2100000000e+02 1.0727953166e-02 9.8717957735e-03 1.1592444032e-02 5.0241872875e-01 4.9758080721e-01 1.0000000000e-03
3.2200000000e+02 1.0729744099e-02 9.8583064973e-03 1.1594697833e-02 4.9812986903e-01 5.0186966672e-01 1.0000000000e-03
3.2300000000e+02 1.0692861862e-02 1.0386657901e-02 1.0995293967e-02 4.9689361220e-01 5.0310592321e-01 1.0000000000e-03
3.2400000000e+02 1.0681664571e-02 1.1184572242e-02 1.0179657489e-02 4.9955608930e-01 5.0044344576e-01 1.0000000000e-03
3.2500000000e+02 1.0709498078e-02 1.1747024953e-02 9.6531677991e-03 5.0449260027e-01 4.9550693456e-01 1.0000000000e-03
3.2600000000e+02 1.0709028691e-02 1.1702943593e-02 9.6796136349e-03 5.0877457746e-01 4.9122495711e-01 1.0000000000e-03
3.2700000000e+02 1.0670158081e-02 1.1042717844e-02 1.0282900184e-02 5.0967856235e-01 4.9032097188e-01 1.0000000000e-03
3.2800000000e+02 1.0662913322e-02 1.0237019509e-02 1.1100365780e-02 5.0668760006e-01 4.9331193388e-01 1.0000000000e-03
3.2900000000e+02 1.0693033226e-02 9.7190439701e-03 1.1672708206e-02 5.0145242281e-01 4.9854711099e-01 1.0000000000e-03
3.3000000000e+02 1.0687291622e-02 9.8514724523e-03 1.1514523998e-02 4.9741534059e-01 5.0258419303e-01 1.0000000000e-03
3.3100000000e+02 1.0649560019e-02 1.0455592535e-02 1.0841047391e-02 4.9676881711e-01 5.0323071619e-01 1.0000000000e-03
3.3200000000e+02 1.0658082552e-02 1.1391959153e-02 9.9226329476e-03 5.0053867158e-01 4.9946086147e-01 1.0000000000e-03
3.3300000000e+02 1.0708984919e-02 1.1765137315e-02 9.6294516698e-03 5.0547596048e-01 4.9452357253e-01 1.0000000000e-03
3.3400000000e+02 1.0743613355e-02 1.1793054640e-02 9.6516925842e-03 5.0992108138e-01 4.9007845170e-01 1.0000000000e-03
3.3500000000e+02 1.0814975947e-02 1.0795244016e-02 1.0835427791e-02 5.0883606407e-01 4.9116346947e-01 1.0000000000e-03
3.3600000000e+02 1.1093169451e-02 1.0605432093e-02 1.1592226103e-02 5.0572969263e-01 4.9426984250e-01 1.0000000000e-03
3.3700000000e+02 1.1769688688e-02 1.0041137226e-02 1.3483385555e-02 4.9784040733e-01 5.0215913178e-01 1.0000000000e-03
3.3800000000e+02 1.3129686937e-02 1.2292028405e-02 1.3950428925e-02 4.9489658269e-01 5.0510296440e-01 1.0000000000e-03
3.3900000000e+02 1.5450987965e-02 1.3248872943e-02 1.7553420737e-02 4.8841952854e-01 5.1158003137e-01 1.0000000000e-03
3.4000000000e+02 1.7862249166e-02 1.7552848905e-02 1.8158024177e-02 4.8873023558e-01 5.1126934034e-01 1.0000000000e-03
3.4100000000e+02 1.7125336453e-02 1.5652518719e-02 1.8516082317e-02 4.8566685498e-01 5.1433273408e-01 1.0000000000e-03
3.4200000000e+02 1.3090301305e-02 1.4101187699e-02 1.2115613557e-02 4.9088698421e-01 5.0911260780e-01 1.0000000000e-03
3.4300000000e+02 1.0616581887e-02 1.1727320962e-02 9.5191234723e-03 4.9699488812e-01 5.0300469763e-01 1.0000000000e-03
3.4400000000e+02 1.2662903406e-02 1.1900046840e-02 1.3408618048e-02 4.9431503543e-01 5.0568455223e-01 1.0000000000e-03
3.4500000000e+02 1.4583092183e-02 1.3245570473e-02 1.5870111063e-02 4.9037642515e-01 5.0962316940e-01 1.0000000000e-03
3.4600000000e+02 1.2550286949e-02 1.0857353918e-02 1.4143128879e-02 4.8476734225e-01 5.1523225285e-01 1.0000000000e-03
3.4700000000e+02 1.0591962375e-02 1.0533353314e-02 1.0647391900e-02 4.8602138111e-01 5.1397820726e-01 1.0000000000e-03
3.4800000000e+02 1.1922628619e-02 1.2434903532e-02 1.1431393214e-02 4.8952157984e-01 5.1047800779e-01 1.0000000000e-03
3.4900000000e+02 1.3006763533e-02 1.2817142531e-02 1.3188852929e-02 4.8985474001e-01 5.1014485040e-01 1.0000000000e-03
3.5000000000e+02 1.1509608477e-02 1.2971987016e-02 1.0063628666e-02 4.9718198439e-01 5.0281760358e-01 1.0000000000e-03
3.5100000000e+02 1.0655136779e-02 1.1850129813e-02 9.4451894984e-03 5.0311040047e-01 4.9688918174e-01 1.0000000000e-03
3.5200000000e+02 1.1850019917e-02 1.1615484953e-02 1.2086265720e-02 5.0180620474e-01 4.9819337706e-01 1.0000000000e-03
3.5300000000e+02 1.1923694052e-02 1.1478519067e-02 1.2368450873e-02 4.9975964189e-01 5.0023993979e-01 1.0000000000e-03
3.5400000000e+02 1.0731842369e-02 9.9674528465e-03 1.1484852061e-02 4.9624697497e-01 5.0375260193e-01 1.0000000000e-03
3.5500000000e+02 1.0973846540e-02 1.0119329207e-02 1.1804045178e-02 4.9277997388e-01 5.0721959971e-01 1.0000000000e-03
3.5600000000e+02 1.1695347726e-02 1.1752518825e-02 1.1639599688e-02 4.9374331652e-01 5.0625625697e-01 1.0000000000e-03
3.5700000000e+02 1.1064306833e-02 1.1441718787e-02 1.0692805052e-02 4.9606069372e-01 5.0393887725e-01 1.0000000000e-03
3.5800000000e+02 1.0603886098e-02 1.1810715310e-02 9.3865292147e-03 5.0217276132e-01 4.9782680537e-01 1.0000000000e-03
3.5900000000e+02 1.1187504977e-02 1.2410790659e-02 9.9268928170e-03 5.0751534266e-01 4.9248422259e-01 1.0000000000e-03
3.6000000000e+02 1.1180061847e-02 1.1488076299e-02 1.0861830786e-02 5.0816478790e-01 4.9183477609e-01 1.0000000000e-03
3.6100000000e+02 1.0595522821e-02 1.0572097264e-02 1.0619645938e-02 5.0723609877e-01 4.9276346163e-01 1.0000000000e-03
3.6200000000e+02 1.0787082836e-02 1.0137990117e-02 1.1445295997e-02 5.0348395268e-01 4.9651560535e-01 1.0000000000e-03
3.6300000000e+02 1.1117970571e-02 9.9456561729e-03 1.2280411087e-02 4.9788324751e-01 5.0211630972e-01 1.0000000000e-03
3.6400000000e+02 1.0749386624e-02 1.0424681939e-02 1.1069708504e-02 4.9659444693e-01 5.0340510805e-01 1.0000000000e-03
3.6500000000e+02 1.0556796566e-02 1.0929610580e-02 1.0185931809e-02 4.9869595255e-01 5.0130359958e-01 1.0000000000e-03
3.6600000000e+02 1.0871561244e-02 1.1562826112e-02 1.0174700990e-02 5.0201925609e-01 4.9798029482e-01 1.0000000000e-03
3.6700000000e+02 1.0864431038e-02 1.2212111615e-02 9.4721792266e-03 5.0813508637e-01 4.9186446333e-01 1.0000000000e-03
3.6800000000e+02 1.0578796268e-02 1.1511324905e-02 9.6010174602e-03 5.1184570042e-01 4.8815384695e-01 1.0000000000e-03
3.6900000000e+02 1.0658780113e-02 1.0811878368e-02 1.0498547927e-02 5.1139626418e-01 4.8860328152e-01 1.0000000000e-03
3.7000000000e+02 1.0796169750e-02 1.0345384479e-02 1.1261878535e-02 5.0813581471e-01 4.9186373015e-01 1.0000000000e-03
3.7100000000e+02 1.0642638430e-02 9.6601592377e-03 1.1635731906e-02 5.0268382264e-01 4.9731572077e-01 1.0000000000e-03
3.7200000000e+02 1.0582562536e-02 9.7680399194e-03 1.1392473243e-02 4.9857705862e-01 5.0142248319e-01 1.0000000000e-03
3.7300000000e+02 1.0693188757e-02 1.0643991642e-02 1.0742100887e-02 4.9848995321e-01 5.0150958766e-01 1.0000000000e-03
3.7400000000e+02 1.0654553771e-02 1.1158359237e-02 1.0148717090e-02 5.0101019817e-01 4.9898934168e-01 1.0000000000e-03
3.7500000000e+02 1.0562617332e-02 1.1774797924e-02 9.3173449859e-03 5.0673466935e-01 4.9326486910e-01 1.0000000000e-03
3.7600000000e+02 1.0625925846e-02 1.1858945712e-02 9.3321548775e-03 5.1202309107e-01 4.8797644635e-01 1.0000000000e-03
3.7700000000e+02 1.0652396828e-02 1.1149981990e-02 1.0127789341e-02 5.1322277734e-01 4.8677675934e-01 1.0000000000e-03
3.7800000000e+02 1.0549690574e-02 1.0391019285e-02 1.0715599172e-02 5.1113157082e-01 4.8886796482e-01 1.0000000000e-03
3.7900000000e+02 1.0548629798e-02 9.7265308723e-03 1.1390970089e-02 5.0607749186e-01 4.9392204285e-01 1.0000000000e-03
3.8000000000e+02 1.0637380183e-02 9.5727657899e-03 1.1703972705e-02 5.0046141888e-01 4.9953811536e-01 1.0000000000e-03
3.8100000000e+02 1.0595053434e-02 1.0124829598e-02 1.1061920784e-02 4.9820375157e-01 5.0179578206e-01 1.0000000000e-03
3.8200000000e+02 1.0503336787e-02 1.0776594281e-02 1.0230434127e-02 4.9968329823e-01 5.0031623442e-01 1.0000000000e-03
3.8300000000e+02 1.0545946658e-02 1.1523266323e-02 9.5513090491e-03 5.0439346443e-01 4.9560606751e-01 1.0000000000e-03
3.8400000000e+02 1.0617317632e-02 1.1948912404e-02 9.2293024063e-03 5.1037486387e-01 4.8962466765e-01 1.0000000000e-03
3.8500000000e+02 1.0560723022e-02 1.1399715208e-02 9.6754310653e-03 5.1342815176e-01 4.8657137916e-01 1.0000000000e-03
3.8600000000e+02 1.0492364876e-02 1.0614664294e-02 1.0363708250e-02 5.1268344286e-01 4.8731608731e-01 1.0000000000e-03
3.8700000000e+02 1.0537838563e-02 9.8866801709e-03 1.1210928671e-02 5.0827669108e-01 4.9172283867e-01 1.0000000000e-03
3.8800000000e+02 1.0587673634e-02 9.4574447721e-03 1.1727409437e-02 5.0209148311e-01 4.9790804646e-01 1.0000000000e-03
3.8900000000e+02 1.0538153350e-02 9.7475247458e-03 1.1322945356e-02 4.9814385660e-01 5.0185567255e-01 1.0000000000e-03
3.9000000000e+02 1.0485835373e-02 1.0471046902e-02 1.0500530712e-02 4.9825915244e-01 5.0174037611e-01 1.0000000000e-03
3.9100000000e+02 1.0518672876e-02 1.1286034249e-02 9.7448555753e-03 5.0209729505e-01 4.9790223310e-01 1.0000000000e-03
3.9200000000e+02 1.0564142838e-02 1.1904367246e-02 9.1783916578e-03 5.0835247915e-01 4.9164704876e-01 1.0000000000e-03
3.9300000000e+02 1.0536370799e-02 1.1646044441e-02 9.3677518889e-03 5.1293814955e-01 4.8706137798e-01 1.0000000000e-03
3.9400000000e+02 1.0488196276e-02 1.0880781338e-02 1.0073717684e-02 5.1357006250e-01 4.8642946456e-01 1.0000000000e-03
3.9500000000e+02 1.0501030833e-02 1.0031076148e-02 1.0990045965e-02 5.0993206631e-01 4.9006746047e-01 1.0000000000e-03
3.9600000000e+02 1.0542405769e-02 9.4283763319e-03 1.1672699824e-02 5.0362080762e-01 4.9637871908e-01 1.0000000000e-03
3.9700000000e+02 1.0530758649e-02 9.5055252314e-03 1.1549482122e-02 4.9840485556e-01 5.0159467099e-01 1.0000000000e-03
3.9800000000e+02 1.0483279824e-02 1.0158918798e-02 1.0803816840e-02 4.9702614583e-01 5.0297338036e-01 1.0000000000e-03
3.9900000000e+02 1.0482543148e-02 1.1053304188e-02 9.9116861820e-03 5.0004618325e-01 4.9995334262e-01 1.0000000000e-03
4.0000000000e+02 1.0528026149e-02 1.1836497113e-02 9.1859251261e-03 5.0634569272e-01 4.9365383300e-01 1.0000000000e-03
4.0100000000e+02 1.0533722118e-02 1.1815449223e-02 9.1891689226e-03 5.1196277018e-01 4.8803675535e-01 1.0000000000e-03
4.0200000000e+02 1.0486077517e-02 1.1132614687e-02 9.8024569452e-03 5.1394333232e-01 4.8605619289e-01 1.0000000000e-03
4.0300000000e+02 1.0470064357e-02 1.0198947042e-02 1.0753646493e-02 5.1122527469e-01 4.8877425027e-01 1.0000000000e-03
4.0400000000e+02 1.0513549671e-02 9.4390418380e-03 1.1609542184e-02 5.0494679632e-01 4.9505272864e-01 1.0000000000e-03
4.0500000000e+02 1.0530091822e-02 9.3401493505e-03 1.1714412831e-02 4.9881373691e-01 5.0118578806e-01 1.0000000000e-03
4.0600000000e+02 1.0482084937e-02 9.8976576701e-03 1.1057624593e-02 4.9616462105e-01 5.0383490370e-01 1.0000000000e-03
4.0700000000e+02 1.0456752032e-02 1.0834648274e-02 1.0081352666e-02 4.9834889812e-01 5.0165062634e-01 1.0000000000e-03
4.0800000000e+02 1.0502621531e-02 1.1750407517e-02 9.2321047559e-03 5.0451493786e-01 4.9548458649e-01 1.0000000000e-03
4.0900000000e+02 1.0532081127e-02 1.1935115792e-02 9.0665621683e-03 5.1089276091e-01 4.8910676339e-01 1.0000000000e-03
4.1000000000e+02 1.0486384854e-02 1.1351408437e-02 9.5713231713e-03 5.1405740933e-01 4.8594211475e-01 1.0000000000e-03
4.1100000000e+02 1.0449755937e-02 1.0351488367e-02 1.0552935302e-02 5.1216981622e-01 4.8782970761e-01 1.0000000000e-03
4.1200000000e+02 1.0491577908e-02 9.4763934612e-03 1.1531686410e-02 5.0606114059e-01 4.9393838326e-01 1.0000000000e-03
4.1300000000e+02 1.0528411716e-02 9.2342384160e-03 1.1819060892e-02 4.9931624702e-01 5.0068327695e-01 1.0000000000e-03
4.1400000000e+02 1.0483530350e-02 9.6865175292e-03 1.1266692542e-02 4.9561387728e-01 5.0438564657e-01 1.0000000000e-03
4.1500000000e+02 1.0439636186e-02 1.0658322833e-02 1.0223487392e-02 4.9709364745e-01 5.0290587612e-01 1.0000000000e-03
4.1600000000e+02 1.0482192039e-02 1.1677182280e-02 9.2721823603e-03 5.0312428679e-01 4.9687523669e-01 1.0000000000e-03
4.1700000000e+02 1.0529651307e-02 1.2014777400e-02 8.9837368578e-03 5.1002910468e-01 4.8997041884e-01 1.0000000000e-03
4.1800000000e+02 1.0488949716e-02 1.1523376219e-02 9.3944324180e-03 5.1411499873e-01 4.8588452463e-01 1.0000000000e-03
4.1900000000e+02 1.0436248034e-02 1.0474307463e-02 1.0396185331e-02 5.1289063410e-01 4.8710888901e-01 1.0000000000e-03
4.2000000000e+02 1.0473430157e-02 9.5011200756e-03 1.1472965591e-02 5.0690087811e-01 4.9309864500e-01 1.0000000000e-03
4.2100000000e+02 1.0526143014e-02 9.1473180801e-03 1.1903134175e-02 4.9966502883e-01 5.0033449447e-01 1.0000000000e-03
4.2200000000e+02 1.0486663319e-02 9.5309186727e-03 1.1424171738e-02 4.9518109814e-01 5.0481842511e-01 1.0000000000e-03
4.2300000000e+02 1.0428326204e-02 1.0532565415e-02 1.0325686075e-02 4.9615888138e-01 5.0384064160e-01 1.0000000000e-03
4.2400000000e+02 1.0465724394e-02 1.1624627747e-02 9.2970291153e-03 5.0210562037e-01 4.9789390252e-01 1.0000000000e-03
4.2500000000e+02 1.0526863858e-02 1.2091077864e-02 8.9021315798e-03 5.0949021612e-01 4.9050930684e-01 1.0000000000e-03
4.2600000000e+02 1.0491877794e-02 1.1652849615e-02 9.2627732083e-03 5.1425478307e-01 4.8574473979e-01 1.0000000000e-03
4.2700000000e+02 1.0427420959e-02 1.0551570915e-02 1.0296421126e-02 5.1344120941e-01 4.8655831319e-01 1.0000000000e-03
4.2800000000e+02 1.0459886864e-02 9.5061110333e-03 1.1442624032e-02 5.0747503834e-01 4.9252448427e-01 1.0000000000e-03
4.2900000000e+02 1.0523917153e-02 9.0651102364e-03 1.1981560849e-02 4.9979898220e-01 5.0020054063e-01 1.0000000000e-03
4.3000000000e+02 1.0488493368e-02 9.4180190936e-03 1.1536789127e-02 4.9476349245e-01 5.0523603038e-01 1.0000000000e-03
4.3100000000e+02 1.0420440696e-02 1.0460929945e-02 1.0380687192e-02 4.9547962518e-01 5.0451989738e-01 1.0000000000e-03
4.3200000000e+02 1.0455394164e-02 1.1613724753e-02 9.2901522294e-03 5.0148939106e-01 4.9851013141e-01 1.0000000000e-03
4.3300000000e+02 1.0525727645e-02 1.2173705734e-02 8.8150054216e-03 5.0934163098e-01 4.9065789160e-01 1.0000000000e-03
4.3400000000e+02 1.0492251255e-02 1.1738119647e-02 9.1717410833e-03 5.1454420731e-01 4.8545531518e-01 1.0000000000e-03
4.3500000000e+02 1.0419781320e-02 1.0584970005e-02 1.0245151818e-02 5.1390545158e-01 4.8609407066e-01 1.0000000000e-03
4.3600000000e+02 1.0452745482e-02 9.4736600295e-03 1.1462731287e-02 5.0776461236e-01 4.9223490990e-01 1.0000000000e-03
4.3700000000e+02 1.0524913669e-02 8.9811086655e-03 1.2066621333e-02 4.9965833170e-01 5.0034119081e-01 1.0000000000e-03
4.3800000000e+02 1.0487306863e-02 9.3494327739e-03 1.1599637568e-02 4.9432182173e-01 5.0567770080e-01 1.0000000000e-03
4.3900000000e+02 1.0411862284e-02 1.0434761643e-02 1.0389425792e-02 4.9499846933e-01 5.0500105293e-01 1.0000000000e-03
4.4000000000e+02 1.0450875387e-02 1.1659188196e-02 9.2362882569e-03 5.0129626186e-01 4.9870326031e-01 1.0000000000e-03
4.4100000000e+02 1.0529005900e-02 1.2262878940e-02 8.7273418903e-03 5.0958847505e-01 4.9041104726e-01 1.0000000000e-03
4.4200000000e+02 1.0490566492e-02 1.1778311804e-02 9.1232815757e-03 5.1498086333e-01 4.8501865891e-01 1.0000000000e-03
4.4300000000e+02 1.0410962626e-02 1.0565077886e-02 1.0247818194e-02 5.1424492355e-01 4.8575459842e-01 1.0000000000e-03
4.4400000000e+02 1.0450563394e-02 9.3953395262e-03 1.1538811959e-02 5.0770085085e-01 4.9229867115e-01 1.0000000000e-03
4.4500000000e+02 1.0529581457e-02 8.8991234079e-03 1.2154834345e-02 4.9919891927e-01 5.0080060304e-01 1.0000000000e-03
4.4600000000e+02 1.0484005325e-02 9.3187186867e-03 1.1620677076e-02 4.9378228972e-01 5.0621723260e-01 1.0000000000e-03
4.4700000000e+02 1.0402993299e-02 1.0470431298e-02 1.0336972773e-02 4.9472473617e-01 5.0527478586e-01 1.0000000000e-03
4.4800000000e+02 1.0451965965e-02 1.1768503115e-02 9.1271307319e-03 5.0157262866e-01 4.9842689331e-01 1.0000000000e-03
4.4900000000e+02 1.0535057634e-02 1.2346378528e-02 8.6481310427e-03 5.1022299169e-01 4.8977653045e-01 1.0000000000e-03
4.5000000000e+02 1.0485497303e-02 1.1781645007e-02 9.1058416292e-03 5.1560594401e-01 4.8439357804e-01 1.0000000000e-03
4.5100000000e+02 1.0402076878e-02 1.0477283970e-02 1.0322414339e-02 5.1441761355e-01 4.8558190821e-01 1.0000000000e-03
4.5200000000e+02 1.0455101728e-02 9.2726396397e-03 1.1672357097e-02 5.0724721365e-01 4.9275230819e-01 1.0000000000e-03
4.5300000000e+02 1.0536778718e-02 8.8222660124e-03 1.2240421027e-02 4.9840822988e-01 5.0159129230e-01 1.0000000000e-03
4.5400000000e+02 1.0476108640e-02 9.3244714662e-03 1.1596571654e-02 4.9313720657e-01 5.0686231559e-01 1.0000000000e-03
4.5500000000e+02 1.0394115001e-02 1.0586949065e-02 1.0205304250e-02 4.9474121866e-01 5.0525830320e-01 1.0000000000e-03
4.5600000000e+02 1.0460536927e-02 1.1924634688e-02 8.9829033241e-03 5.0230216700e-01 4.9769735484e-01 1.0000000000e-03
4.5700000000e+02 1.0543659329e-02 1.2430517934e-02 8.5698375478e-03 5.1126386267e-01 4.8873565936e-01 1.0000000000e-03
4.5800000000e+02 1.0475456715e-02 1.1729656719e-02 9.1364616528e-03 5.1635133894e-01 4.8364818297e-01 1.0000000000e-03
4.5900000000e+02 1.0393708944e-02 1.0316263884e-02 1.0475735180e-02 5.1433268921e-01 4.8566683242e-01 1.0000000000e-03
4.6000000000e+02 1.0467426851e-02 9.1147059575e-03 1.1855044402e-02 5.0636537221e-01 4.9363414956e-01 1.0000000000e-03
4.6100000000e+02 1.0545263998e-02 8.7492829189e-03 1.2321622111e-02 4.9725186760e-01 5.0274765453e-01 1.0000000000e-03
4.6200000000e+02 1.0462426580e-02 9.3913031742e-03 1.1501801200e-02 4.9247595459e-01 5.0752356747e-01 1.0000000000e-03
4.6300000000e+02 1.0387428105e-02 1.0778144002e-02 1.0004322045e-02 4.9509005250e-01 5.0490946924e-01 1.0000000000e-03
4.6400000000e+02 1.0477825999e-02 1.2126270682e-02 8.8060721755e-03 5.0351180527e-01 4.9648771652e-01 1.0000000000e-03
4.6500000000e+02 1.0552141815e-02 1.2501029298e-02 8.5018333048e-03 5.1268119383e-01 4.8731832817e-01 1.0000000000e-03
4.6600000000e+02 1.0458918288e-02 1.1600587517e-02 9.2364717275e-03 5.1708591107e-01 4.8291361074e-01 1.0000000000e-03
4.6700000000e+02 1.0388758965e-02 1.0089064948e-02 1.0705596767e-02 5.1389486852e-01 4.8610465301e-01 1.0000000000e-03
4.6800000000e+02 1.0488945991e-02 8.9264176786e-03 1.2083007954e-02 5.0499304214e-01 4.9500647964e-01 1.0000000000e-03
4.6900000000e+02 1.0551537387e-02 8.7037906051e-03 1.2368498370e-02 4.9579815666e-01 5.0420136549e-01 1.0000000000e-03
4.7000000000e+02 1.0441917926e-02 9.5296772197e-03 1.1325131170e-02 4.9191366685e-01 5.0808585514e-01 1.0000000000e-03
4.7100000000e+02 1.0386555456e-02 1.1047789827e-02 9.7361439839e-03 4.9587770670e-01 5.0412181497e-01 1.0000000000e-03
4.7200000000e+02 1.0504455306e-02 1.2366021052e-02 8.6032990366e-03 5.0526187743e-01 4.9473764439e-01 1.0000000000e-03
4.7300000000e+02 1.0556226596e-02 1.2519697659e-02 8.4766140208e-03 5.1436374192e-01 4.8563578008e-01 1.0000000000e-03
4.7400000000e+02 1.0435529985e-02 1.1389292777e-02 9.4118518755e-03 5.1768054354e-01 4.8231897819e-01 1.0000000000e-03
4.7500000000e+02 1.0391871445e-02 9.7932359204e-03 1.1022376828e-02 5.1296001709e-01 4.8703950443e-01 1.0000000000e-03
4.7600000000e+02 1.0519256815e-02 8.7291467935e-03 1.2331796810e-02 5.0311107878e-01 4.9688844310e-01 1.0000000000e-03
4.7700000000e+02 1.0550440289e-02 8.7058879435e-03 1.2352284044e-02 4.9414203903e-01 5.0585748318e-01 1.0000000000e-03
4.7800000000e+02 1.0415517725e-02 9.7551457584e-03 1.1054094881e-02 4.9160672533e-01 5.0839279661e-01 1.0000000000e-03
4.7900000000e+02 1.0396903381e-02 1.1401089840e-02 9.4037251547e-03 4.9724627266e-01 5.0275324901e-01 1.0000000000e-03
4.8000000000e+02 1.0538607836e-02 1.2606277131e-02 8.4078786895e-03 5.0751106985e-01 4.9248845207e-01 1.0000000000e-03
4.8100000000e+02 1.0550294071e-02 1.2465727516e-02 8.5066026077e-03 5.1619885925e-01 4.8380066279e-01 1.0000000000e-03
4.8200000000e+02 1.0407585651e-02 1.1075783521e-02 9.6897315234e-03 5.1791633657e-01 4.8208318512e-01 1.0000000000e-03
4.8300000000e+02 1.0408812203e-02 9.4473334029e-03 1.1415203102e-02 5.1140840498e-01 4.8859111661e-01 1.0000000000e-03
4.8400000000e+02 1.0554926470e-02 8.5457116365e-03 1.2570097111e-02 5.0073822649e-01 4.9926129558e-01 5.0000000000e-04
4.8500000000e+02 1.0536091402e-02 8.7827378884e-03 1.2237273157e-02 4.9244713027e-01 5.0755239202e-01 5.0000000000e-04
4.8600000000e+02 1.0450633243e-02 9.4157475978e-03 1.1438414454e-02 4.8835284361e-01 5.1164667849e-01 5.0000000000e-04
4.8700000000e+02 1.0373156518e-02 1.0432076640e-02 1.0316601954e-02 4.8979580500e-01 5.1020371670e-01 5.0000000000e-04
4.8800000000e+02 1.0396013036e-02 1.1546917260e-02 9.2619955540e-03 4.9630644551e-01 5.0369307596e-01 5.0000000000e-04
4.8900000000e+02 1.0495273396e-02 1.2370377779e-02 8.5766939446e-03 5.0573117651e-01 4.9426834508e-01 5.0000000000e-04
4.9000000000e+02 1.0557798669e-02 1.2577052228e-02 8.4129869938e-03 5.1507717622e-01 4.8492234556e-01 5.0000000000e-04
4.9100000000e+02 1.0512011126e-02 1.2081497349e-02 8.8020330295e-03 5.2142122669e-01 4.7857829503e-01 5.0000000000e-04
4.9200000000e+02 1.0410645977e-02 1.1081486940e-02 9.6761099994e-03 5.2266428938e-01 4.7733523200e-01 5.0000000000e-04
4.9300000000e+02 1.0372582823e-02 9.9463835359e-03 1.0831117630e-02 5.1826876979e-01 4.8173075131e-01 5.0000000000e-04
4.9400000000e+02 1.0444594547e-02 9.0395128354e-03 1.1904708110e-02 5.0960181050e-01 4.9039771075e-01 5.0000000000e-04
4.9500000000e+02 1.0542547330e-02 8.5972454399e-03 1.2483386323e-02 4.9942428463e-01 5.0057523706e-01 5.0000000000e-04
4.9600000000e+02 1.0549132712e-02 8.7161567062e-03 1.2316750363e-02 4.9092240708e-01 5.0907711490e-01 5.0000000000e-04
4.9700000000e+02 1.0454398580e-02 9.3813734129e-03 1.1472304352e-02 4.8681680623e-01 5.1318271559e-01 5.0000000000e-04
4.9800000000e+02 1.0369580239e-02 1.0451362468e-02 1.0291478597e-02 4.8852049663e-01 5.1147902481e-01 5.0000000000e-04
4.9900000000e+02 1.0396599770e-02 1.1624042876e-02 9.1910008341e-03 4.9551285187e-01 5.0448666937e-01 5.0000000000e-04
5.0000000000e+02 1.0506672785e-02 1.2487249449e-02 8.4819477051e-03 5.0551197962e-01 4.9448754182e-01 5.0000000000e-04
