# time_s Ids_true_A Ids_pred_A Ids_physics_A T_mean_K
3.1995114114e-08 1.0140625000e+01 1.1053909302e+01 1.2359987259e+01 3.3360247803e+02
4.2235114961e-08 1.4375000000e+01 1.8525817871e+01 2.0040376663e+01 3.3406924438e+02
5.1835058912e-08 2.1515625000e+01 2.3247299194e+01 2.6684165955e+01 3.3462564087e+02
6.1435002863e-08 2.9218750000e+01 2.8523239136e+01 3.1959531784e+01 3.3527117920e+02
7.1034946814e-08 3.4265625000e+01 3.7912475586e+01 4.0924999237e+01 3.3607571411e+02
8.0635118138e-08 4.4906250000e+01 4.7217620850e+01 4.9471431732e+01 3.3702682495e+02
9.0235062089e-08 5.1875000000e+01 5.2602981567e+01 5.4711124420e+01 3.3804925537e+02
9.9835006040e-08 5.9328125000e+01 5.9837783813e+01 6.2304801941e+01 3.3919387817e+02
1.0943494999e-07 6.5656250000e+01 6.8460235596e+01 7.1438934326e+01 3.4049533081e+02
1.1903512132e-07 7.0796875000e+01 7.1954498291e+01 7.4698181152e+01 3.4180767822e+02
1.2863506527e-07 7.8000000000e+01 7.5367614746e+01 7.8148529053e+01 3.4314562988e+02
1.3823500922e-07 8.4578125000e+01 8.4596694946e+01 8.6810813904e+01 3.4460992432e+02
1.4783506685e-07 8.7859375000e+01 8.6954757690e+01 8.9345672607e+01 3.4607608032e+02
1.5743501081e-07 9.2078125000e+01 9.2977294922e+01 9.4715110779e+01 3.4759417725e+02
1.6703518213e-07 9.7140625000e+01 9.9565246582e+01 1.0089700317e+02 3.4918676758e+02
1.7663501239e-07 1.0273437500e+02 9.9248764038e+01 1.0067829895e+02 3.5071551514e+02
1.8623507003e-07 1.0757812500e+02 1.0910710907e+02 1.0943072510e+02 3.5237252808e+02
1.9583501398e-07 1.1023437500e+02 1.0796528625e+02 1.0923418427e+02 3.5397448730e+02
2.0543507162e-07 1.1470312500e+02 1.1605541992e+02 1.1625202179e+02 3.5567761230e+02
2.1503512926e-07 1.1617187500e+02 1.1900045776e+02 1.1941213226e+02 3.5738327026e+02
2.2463507321e-07 1.2200000000e+02 1.2158195496e+02 1.2196816254e+02 3.5908789062e+02
2.3423501716e-07 1.2157812500e+02 1.1980950165e+02 1.2065409851e+02 3.6071704102e+02
2.4383518848e-07 1.2720312500e+02 1.2698581696e+02 1.2720425415e+02 3.6242630005e+02
2.5343501875e-07 1.3081250000e+02 1.2739176178e+02 1.2784174347e+02 3.6410366821e+02
2.6303507639e-07 1.3392187500e+02 1.2752234650e+02 1.2833815002e+02 3.6574084473e+02
2.7263502034e-07 1.3596875000e+02 1.3572273254e+02 1.3450880432e+02 3.6747277832e+02
2.8223507798e-07 1.3681250000e+02 1.3592382812e+02 1.3615849304e+02 3.6917883301e+02
2.9183513561e-07 1.3981250000e+02 1.4112667847e+02 1.4095190430e+02 3.7093615723e+02
3.0143507956e-07 1.4360937500e+02 1.3982955933e+02 1.3958369446e+02 3.7263061523e+02
3.1103502351e-07 1.4570312500e+02 1.3928686523e+02 1.3834008789e+02 3.7426586914e+02
3.2063508115e-07 1.4765625000e+02 1.4859973145e+02 1.4821380615e+02 3.7604656982e+02
3.3023502510e-07 1.5040625000e+02 1.5062895203e+02 1.5033580017e+02 3.7782687378e+02
3.3983508274e-07 1.5321875000e+02 1.5145733643e+02 1.5070759583e+02 3.7958081055e+02
3.4943502669e-07 1.5215625000e+02 1.5906521606e+02 1.5792129517e+02 3.8143508911e+02
3.5903508433e-07 1.5617187500e+02 1.5572052002e+02 1.5514228821e+02 3.8319500732e+02
3.6863502828e-07 1.5625000000e+02 1.4881983948e+02 1.5019105530e+02 3.8481130981e+02
3.7823508592e-07 1.5790625000e+02 1.5155433655e+02 1.5220262146e+02 3.8644204712e+02
3.8783502987e-07 1.6042187500e+02 1.5987145996e+02 1.6023297119e+02 3.8819290161e+02
3.9743508751e-07 1.6328125000e+02 1.6368099976e+02 1.6392889404e+02 3.8998010254e+02
4.0703503146e-07 1.6379687500e+02 1.5856982422e+02 1.5908645630e+02 3.9164385986e+02
4.1663520278e-07 1.6698437500e+02 1.6308779907e+02 1.6337283325e+02 3.9335974121e+02
4.2623503305e-07 1.6859375000e+02 1.6322186279e+02 1.6219714355e+02 3.9503170776e+02
4.3583509068e-07 1.6989062500e+02 1.6952655029e+02 1.7013531494e+02 3.9681033325e+02
4.4543503464e-07 1.7151562500e+02 1.6550997925e+02 1.6652592468e+02 3.9848937988e+02
4.5503509227e-07 1.7176562500e+02 1.7202067566e+02 1.7315446472e+02 4.0025866699e+02
4.6463514991e-07 1.7309375000e+02 1.7311509705e+02 1.7395018005e+02 4.0201904297e+02
4.7423509386e-07 1.7556250000e+02 1.8249548340e+02 1.8242807007e+02 4.0391561890e+02
4.8383503781e-07 1.7834375000e+02 1.7849328613e+02 1.7978709412e+02 4.0571792603e+02
4.9343520914e-07 1.7985937500e+02 1.7741607666e+02 1.7849191284e+02 4.0747195435e+02
5.0303503940e-07 1.8050000000e+02 1.7968029785e+02 1.8131837463e+02 4.0924386597e+02
5.1263509704e-07 1.8360937500e+02 1.8147343445e+02 1.8263298035e+02 4.1101962280e+02
5.2223504099e-07 1.8396875000e+02 1.8420646667e+02 1.8476130676e+02 4.1281378174e+02
5.3183509863e-07 1.8607812500e+02 1.8738070679e+02 1.8804246521e+02 4.1464105225e+02
5.4143515626e-07 1.8731250000e+02 1.7914413452e+02 1.8079551697e+02 4.1629818726e+02
5.5103510022e-07 1.8795312500e+02 1.8115270996e+02 1.8274786377e+02 4.1796878052e+02
5.6063504417e-07 1.9062500000e+02 1.9187396240e+02 1.9304870605e+02 4.1981069946e+02
5.7023521549e-07 1.9143750000e+02 1.9502322388e+02 1.9633528137e+02 4.2168576050e+02
5.7983504576e-07 1.9275000000e+02 1.8918688965e+02 1.9085922241e+02 4.2342858887e+02
5.8943510339e-07 1.9104687500e+02 1.8625282288e+02 1.8767395020e+02 4.2509173584e+02
5.9903504734e-07 1.9428125000e+02 1.9271034241e+02 1.9462028503e+02 4.2685546875e+02
6.0863510498e-07 1.9775000000e+02 1.9905180359e+02 2.0102410889e+02 4.2871380615e+02
6.1823516262e-07 1.9820312500e+02 2.0161048889e+02 2.0316288757e+02 4.3059219360e+02
6.2783510657e-07 1.9928125000e+02 1.9593051147e+02 1.9774143982e+02 4.3234057617e+02
6.3743505052e-07 2.0004687500e+02 2.0003018188e+02 2.0196687317e+02 4.3414340210e+02
6.4703510816e-07 2.0287500000e+02 2.0126252747e+02 2.0295126343e+02 4.3594415283e+02
6.5663505211e-07 2.0326562500e+02 2.0292071533e+02 2.0527668762e+02 4.3775637817e+02
6.6623510975e-07 2.0485937500e+02 2.0586474609e+02 2.0766007996e+02 4.3959768677e+02
6.7583505370e-07 2.0640625000e+02 2.0350308228e+02 2.0578187561e+02 4.4137319946e+02
6.8543511134e-07 2.0771875000e+02 2.1078752136e+02 2.1403314209e+02 4.4326858521e+02
6.9503505529e-07 2.1045312500e+02 2.1166189575e+02 2.1290774536e+02 4.4514727783e+02
7.0463511292e-07 2.1070312500e+02 2.1155227661e+02 2.1433886719e+02 4.4700750732e+02
7.1423494319e-07 2.1210937500e+02 2.1183026123e+02 2.1427377319e+02 4.4884790039e+02
7.2383511451e-07 2.1279687500e+02 2.1114895630e+02 2.1368544006e+02 4.5065270996e+02
7.3343505846e-07 2.1414062500e+02 2.1180929565e+02 2.1384127808e+02 4.5244531250e+02
7.4303522979e-07 2.1551562500e+02 2.1357505798e+02 2.1521305847e+02 4.5424807739e+02
7.5263506005e-07 2.1651562500e+02 2.1154385376e+02 2.1381716919e+02 4.5599291992e+02
7.6223511769e-07 2.1932812500e+02 2.1599215698e+02 2.1828155518e+02 4.5780279541e+02
7.7183506164e-07 2.1946875000e+02 2.1797232056e+02 2.2012846375e+02 4.5962857056e+02
7.8143511928e-07 2.2128125000e+02 2.1398080444e+02 2.1504162598e+02 4.6134933472e+02
7.9103517692e-07 2.2373437500e+02 2.2133789062e+02 2.2465490723e+02 4.6320401001e+02
8.0063512087e-07 2.2251562500e+02 2.1811892700e+02 2.1998561096e+02 4.6496652222e+02
8.1023506482e-07 2.2285937500e+02 2.1863391113e+02 2.1973574829e+02 4.6671472168e+02
8.1983523614e-07 2.2640625000e+02 2.2614813232e+02 2.2917831421e+02 4.6859988403e+02
8.2943506641e-07 2.2764062500e+02 2.2293249512e+02 2.2460348511e+02 4.7039218140e+02
8.3903512405e-07 2.2693750000e+02 2.2440214539e+02 2.2622515869e+02 4.7219342041e+02
8.4863506800e-07 2.2964062500e+02 2.2683067322e+02 2.2841194153e+02 4.7402136230e+02
8.5823512563e-07 2.3003125000e+02 2.2979957581e+02 2.3191703796e+02 4.7589010620e+02
8.6783518327e-07 2.3128125000e+02 2.3655178833e+02 2.4046241760e+02 4.7788296509e+02
8.7743512722e-07 2.3196875000e+02 2.3749035645e+02 2.4252513123e+02 4.7987637329e+02
8.8703507117e-07 2.3321875000e+02 2.3167233276e+02 2.3434716797e+02 4.8171624756e+02
8.9663512881e-07 2.3365625000e+02 2.3139364624e+02 2.3356286621e+02 4.8352728271e+02
9.0623507276e-07 2.3581250000e+02 2.4194006348e+02 2.4633518982e+02 4.8554696655e+02
9.1583513040e-07 2.3490625000e+02 2.3998600769e+02 2.4386026001e+02 4.8749893188e+02
9.2543507435e-07 2.4003125000e+02 2.3532876587e+02 2.3694100952e+02 4.8932342529e+02
9.3503513199e-07 2.4054687500e+02 2.3996751404e+02 2.4371903992e+02 4.9123196411e+02
9.4463507594e-07 2.3989062500e+02 2.3861590576e+02 2.4049348450e+02 4.9308547974e+02
9.5423513358e-07 2.4264062500e+02 2.4408137512e+02 2.4734213257e+02 4.9504330444e+02
9.6383507753e-07 2.4120312500e+02 2.4172799683e+02 2.4611401367e+02 4.9692947388e+02
9.7343513517e-07 2.4309375000e+02 2.4172425842e+02 2.4358218384e+02 4.9878857422e+02
9.8303507912e-07 2.4353125000e+02 2.4010975647e+02 2.4296369934e+02 5.0059335327e+02
9.9263513675e-07 2.4590625000e+02 2.4419662476e+02 2.4720948792e+02 5.0246475220e+02
1.0022350807e-06 2.4626562500e+02 2.4438925171e+02 2.4708062744e+02 5.0431890869e+02
1.0118351383e-06 2.4757812500e+02 2.4534124756e+02 2.4734255981e+02 5.0617340088e+02
1.0214350823e-06 2.4706250000e+02 2.5102238464e+02 2.5542642212e+02 5.0813906860e+02
1.0310351399e-06 2.4798437500e+02 2.4599964905e+02 2.4865609741e+02 5.0996759033e+02
1.0406350839e-06 2.5101562500e+02 2.4557575989e+02 2.4753556824e+02 5.1176531982e+02
1.0502351415e-06 2.4920312500e+02 2.5128414917e+02 2.5578794861e+02 5.1367944336e+02
1.0598350855e-06 2.4978125000e+02 2.5406645203e+02 2.5842898560e+02 5.1563391113e+02
1.0694351431e-06 2.5185937500e+02 2.5056701660e+02 2.5290823364e+02 5.1748333740e+02
1.0790350871e-06 2.5270312500e+02 2.5006005859e+02 2.5179811096e+02 5.1930096436e+02
1.0886351447e-06 2.5270312500e+02 2.5639788818e+02 2.6067611694e+02 5.2125061035e+02
1.0982350886e-06 2.5375000000e+02 2.5450277710e+02 2.5764318848e+02 5.2313311768e+02
1.1078350326e-06 2.5403125000e+02 2.5125274658e+02 2.5210009766e+02 5.2492529297e+02
1.1174349765e-06 2.5414062500e+02 2.5235667419e+02 2.5382218933e+02 5.2671795654e+02
1.1270351479e-06 2.5587500000e+02 2.6029995728e+02 2.6611444092e+02 5.2868847656e+02
1.1366350918e-06 2.5762500000e+02 2.5964138794e+02 2.6362530518e+02 5.3061901855e+02
1.1462350358e-06 2.5421875000e+02 2.5961645508e+02 2.6308505249e+02 5.3253192139e+02
1.1558349797e-06 2.5839062500e+02 2.5926818848e+02 2.6232107544e+02 5.3441424561e+02
1.1654351511e-06 2.5779687500e+02 2.6003576660e+02 2.6307125854e+02 5.3630517578e+02
1.1750350950e-06 2.5928125000e+02 2.5983148193e+02 2.6243743896e+02 5.3816473389e+02
1.1846350390e-06 2.6100000000e+02 2.5584309387e+02 2.5666741943e+02 5.3990545654e+02
1.1942349829e-06 2.5996875000e+02 2.5710513306e+02 2.5781082153e+02 5.4166052246e+02
1.2038351542e-06 2.6093750000e+02 2.6462658691e+02 2.6887338257e+02 5.4358703613e+02
1.2134350982e-06 2.6281250000e+02 2.6095831299e+02 2.6304010010e+02 5.4540051270e+02
1.2230351558e-06 2.6159375000e+02 2.6451824951e+02 2.6796786499e+02 5.4729687500e+02
1.2326350998e-06 2.6257812500e+02 2.6132522583e+02 2.6279150391e+02 5.4908502197e+02
1.2422351574e-06 2.6340625000e+02 2.6485604858e+02 2.6786416626e+02 5.5095611572e+02
1.2518351014e-06 2.6456250000e+02 2.6559539795e+02 2.6908767700e+02 5.5281652832e+02
1.2614351590e-06 2.6456250000e+02 2.6632946777e+02 2.7018243408e+02 5.5471081543e+02
1.2710351029e-06 2.6310937500e+02 2.6214788818e+02 2.6287564087e+02 5.5644995117e+02
1.2806351606e-06 2.6496875000e+02 2.6910766602e+02 2.7340036011e+02 5.5835668945e+02
1.2902351045e-06 2.6589062500e+02 2.6305221558e+02 2.6362448120e+02 5.6008599854e+02
1.2998350485e-06 2.6656250000e+02 2.6797613525e+02 2.7092968750e+02 5.6193090820e+02
1.3094351061e-06 2.6632812500e+02 2.6869470215e+02 2.7182632446e+02 5.6378308105e+02
1.3190351638e-06 2.6707812500e+02 2.6183599854e+02 2.6063070679e+02 5.6544274902e+02
1.3286351077e-06 2.6784375000e+02 2.6589270020e+02 2.6721990967e+02 5.6718218994e+02
1.3382350517e-06 2.6781250000e+02 2.6738031006e+02 2.6919598389e+02 5.6894525146e+02
1.3478349956e-06 2.7042187500e+02 2.7185998535e+02 2.7624389648e+02 5.7083795166e+02
1.3574351669e-06 2.6848437500e+02 2.6650219727e+02 2.6683706665e+02 5.7256127930e+02
1.3670351109e-06 2.6881250000e+02 2.6752664185e+02 2.6815167236e+02 5.7429437256e+02
1.3766350548e-06 2.7085937500e+02 2.7038067627e+02 2.7256115723e+02 5.7608099365e+02
1.3862349988e-06 2.7017187500e+02 2.6985809326e+02 2.7168515015e+02 5.7785888672e+02
1.3958351701e-06 2.6957812500e+02 2.7333825684e+02 2.7748870850e+02 5.7969152832e+02
1.4054351141e-06 2.7145312500e+02 2.6964541626e+02 2.7052703857e+02 5.8141827393e+02
1.4150350580e-06 2.7114062500e+02 2.7237710571e+02 2.7505499268e+02 5.8319842529e+02
1.4246350020e-06 2.7192187500e+02 2.6513446045e+02 2.6281265259e+02 5.8478015137e+02
1.4342349459e-06 2.7106250000e+02 2.7328594971e+02 2.7608078003e+02 5.8656005859e+02
1.4438351172e-06 2.7214062500e+02 2.6392233276e+02 2.6035052490e+02 5.8809729004e+02
1.4534350612e-06 2.7287500000e+02 2.7294888306e+02 2.7547573853e+02 5.8988024902e+02
1.4630350051e-06 2.7350000000e+02 2.7258465576e+02 2.7418756104e+02 5.9162677002e+02
1.4726349491e-06 2.7356250000e+02 2.7284112549e+02 2.7414666748e+02 5.9335375977e+02
1.4822351204e-06 2.7140625000e+02 2.6967907715e+02 2.6912313843e+02 5.9500701904e+02
1.4918350644e-06 2.7334375000e+02 2.7429479980e+02 2.7771496582e+02 5.9679827881e+02
1.5014350083e-06 2.7560937500e+02 2.7544540405e+02 2.7946359253e+02 5.9860711670e+02
1.5110349523e-06 2.7332812500e+02 2.7020486450e+02 2.6893380737e+02 6.0022076416e+02
1.5206351236e-06 2.7539062500e+02 2.7266131592e+02 2.7291998291e+02 6.0189312744e+02
1.5302350675e-06 2.7450000000e+02 2.7480194092e+02 2.7636538696e+02 6.0361077881e+02
1.5398350115e-06 2.7456250000e+02 2.7880932617e+02 2.8326486206e+02 6.0542822266e+02
1.5494349555e-06 2.7621875000e+02 2.7708969116e+02 2.7993432617e+02 6.0717529297e+02
1.5590351268e-06 2.7642187500e+02 2.7603289795e+02 2.7790182495e+02 6.0888293457e+02
1.5686350707e-06 2.7610937500e+02 2.7443109131e+02 2.7496331787e+02 6.1053417969e+02
1.5782350147e-06 2.7565625000e+02 2.7537719727e+02 2.7682086182e+02 6.1222460938e+02
1.5878349586e-06 2.7664062500e+02 2.7341119385e+02 2.7296258545e+02 6.1384045410e+02
1.5974351300e-06 2.7787500000e+02 2.7685848999e+02 2.7907803345e+02 6.1555139160e+02
1.6070350739e-06 2.7823437500e+02 2.7389276123e+02 2.7440631104e+02 6.1719061279e+02
1.6166350179e-06 2.7639062500e+02 2.8409780884e+02 2.9168713379e+02 6.1906640625e+02
1.6262349618e-06 2.7787500000e+02 2.7601495361e+02 2.7680944824e+02 6.2070056152e+02
1.6358351331e-06 2.7826562500e+02 2.7232995605e+02 2.7053955078e+02 6.2224517822e+02
1.6454350771e-06 2.7760937500e+02 2.7565115356e+02 2.7620068359e+02 6.2387329102e+02
1.6550350210e-06 2.7798437500e+02 2.7771859741e+02 2.7988800049e+02 6.2555462646e+02
1.6646349650e-06 2.7756250000e+02 2.7433343506e+02 2.7409786987e+02 6.2714373779e+02
1.6742351363e-06 2.7926562500e+02 2.7727279663e+02 2.7865518188e+02 6.2878851318e+02
1.6838350803e-06 2.7857812500e+02 2.7662850952e+02 2.7725598145e+02 6.3040045166e+02
1.6934351379e-06 2.7840625000e+02 2.7768286133e+02 2.7941928101e+02 6.3204888916e+02
1.7030349682e-06 2.7837500000e+02 2.7995388794e+02 2.8352862549e+02 6.3375512695e+02
1.7126351395e-06 2.7950000000e+02 2.7319882202e+02 2.7117459106e+02 6.3525927734e+02
1.7222350834e-06 2.7909375000e+02 2.7839736938e+02 2.8006866455e+02 6.3688952637e+02
1.7318350274e-06 2.7793750000e+02 2.7706524658e+02 2.7858309937e+02 6.3850848389e+02
1.7414350850e-06 2.7706250000e+02 2.7649414062e+02 2.7730313110e+02 6.4009954834e+02
1.7510351427e-06 2.7876562500e+02 2.7628445435e+02 2.7614239502e+02 6.4165411377e+02
1.7606350866e-06 2.7862500000e+02 2.7508804321e+02 2.7434426880e+02 6.4318395996e+02
1.7702350306e-06 2.7878125000e+02 2.8281903076e+02 2.8863528442e+02 6.4493109131e+02
1.7798349745e-06 2.7915625000e+02 2.7704907227e+02 2.7767437744e+02 6.4649853516e+02
1.7894351458e-06 2.7917187500e+02 2.7697283936e+02 2.7747543335e+02 6.4805737305e+02
1.7990350898e-06 2.8087500000e+02 2.7702212524e+02 2.7733200073e+02 6.4960504150e+02
1.8086350337e-06 2.7620312500e+02 2.7577499390e+02 2.7571926880e+02 6.5113397217e+02
1.8182349777e-06 2.7910937500e+02 2.7489309692e+02 2.7352593994e+02 6.5261529541e+02
1.8278351490e-06 2.7882812500e+02 2.7598983765e+02 2.7567147827e+02 6.5412927246e+02
1.8374350930e-06 2.8043750000e+02 2.7917816162e+02 2.8127301025e+02 6.5572094727e+02
1.8470350369e-06 2.8089062500e+02 2.7546856689e+02 2.7517568970e+02 6.5722412109e+02
1.8566349809e-06 2.7962500000e+02 2.7643255615e+02 2.7663742065e+02 6.5874176025e+02
1.8662351522e-06 2.7960937500e+02 2.7693389893e+02 2.7691159058e+02 6.6024780273e+02
1.8758350961e-06 2.8170312500e+02 2.8222290039e+02 2.8694747925e+02 6.6190606689e+02
1.8854350401e-06 2.7981250000e+02 2.7728100586e+02 2.7757348633e+02 6.6341223145e+02
1.8950349840e-06 2.8054687500e+02 2.8033508301e+02 2.8318283081e+02 6.6499798584e+02
1.9046351554e-06 2.7998437500e+02 2.7456613159e+02 2.7269531250e+02 6.6642071533e+02
1.9142350993e-06 2.7948437500e+02 2.7984484863e+02 2.8252346802e+02 6.6799230957e+02
1.9238350433e-06 2.7834375000e+02 2.7403225708e+02 2.7152474976e+02 6.6938385010e+02
1.9334349872e-06 2.8053125000e+02 2.7639596558e+02 2.7616333008e+02 6.7085028076e+02
1.9430349312e-06 2.7928125000e+02 2.7608004761e+02 2.7472994995e+02 6.7226873779e+02
1.9526351025e-06 2.7932812500e+02 2.7471566772e+02 2.7443612671e+02 6.7372009277e+02
1.9622350464e-06 2.7993750000e+02 2.7683444214e+02 2.7674755859e+02 6.7517846680e+02
1.9718349904e-06 2.7917187500e+02 2.7947250366e+02 2.8312445068e+02 6.7675292969e+02
1.9814349344e-06 2.7750000000e+02 2.7706222534e+02 2.7804901123e+02 6.7823651123e+02
1.9910351057e-06 2.7926562500e+02 2.7570211792e+02 2.7516567993e+02 6.7966528320e+02
2.0006350496e-06 2.8073437500e+02 2.7616122437e+02 2.7707754517e+02 6.8113507080e+02
2.0102349936e-06 2.8067187500e+02 2.7661706543e+02 2.7695111084e+02 6.8258361816e+02
2.0198349375e-06 2.7750000000e+02 2.7620880127e+02 2.7731262207e+02 6.8405023193e+02
2.0294351089e-06 2.7996875000e+02 2.7556350708e+02 2.7457214355e+02 6.8544519043e+02
2.0390350528e-06 2.7700000000e+02 2.7127249146e+02 2.6781951904e+02 6.8675134277e+02
2.0486349968e-06 2.7967187500e+02 2.7466864014e+02 2.7485940552e+02 6.8817480469e+02
2.0582349407e-06 2.7850000000e+02 2.7692236328e+02 2.7826416016e+02 6.8963452148e+02
2.0678351120e-06 2.7700000000e+02 2.7834509277e+02 2.7947018433e+02 6.9107989502e+02
2.0774350560e-06 2.7760937500e+02 2.7366003418e+02 2.7186563110e+02 6.9242663574e+02
2.0870349999e-06 2.7904687500e+02 2.7704623413e+02 2.7840838623e+02 6.9387310791e+02
2.0966349439e-06 2.7820312500e+02 2.7237866211e+02 2.7129537964e+02 6.9523004150e+02
2.1062348878e-06 2.7768750000e+02 2.7758700562e+02 2.7996524048e+02 6.9670019531e+02
2.1158350592e-06 2.7775000000e+02 2.7626489258e+02 2.7776824951e+02 6.9813665771e+02
2.1254350031e-06 2.7732812500e+02 2.7321087646e+02 2.7195825195e+02 6.9947735596e+02
2.1350349471e-06 2.7914062500e+02 2.7578494263e+02 2.7697564697e+02 7.0089453125e+02
2.1446348910e-06 2.7828125000e+02 2.7693576050e+02 2.7983187866e+02 7.0236303711e+02
2.1542350623e-06 2.7696875000e+02 2.7614395142e+02 2.7784643555e+02 7.0378656006e+02
2.1638350063e-06 2.7854687500e+02 2.7751229858e+02 2.7927786255e+02 7.0520562744e+02
2.1734349502e-06 2.7764062500e+02 2.7143356323e+02 2.6958300781e+02 7.0650146484e+02
2.1830348942e-06 2.7775000000e+02 2.7131604004e+02 2.6922027588e+02 7.0778564453e+02
2.1926350655e-06 2.7614062500e+02 2.7543002319e+02 2.7670104980e+02 7.0917712402e+02
2.2022350095e-06 2.7685937500e+02 2.7355792236e+02 2.7273043823e+02 7.1049566650e+02
2.2118349534e-06 2.7735937500e+02 2.7436157227e+02 2.7523901367e+02 7.1186608887e+02
2.2214348974e-06 2.7598437500e+02 2.7172235107e+02 2.7038021851e+02 7.1315826416e+02
2.2310350687e-06 2.7879687500e+02 2.7639599609e+02 2.7830838013e+02 7.1455102539e+02
2.2406350126e-06 2.7723437500e+02 2.7690713501e+02 2.7995327759e+02 7.1597528076e+02
2.2502349566e-06 2.7626562500e+02 2.7671871948e+02 2.7933691406e+02 7.1737945557e+02
2.2598349005e-06 2.7514062500e+02 2.6732797241e+02 2.6267364502e+02 7.1854071045e+02
2.2694350719e-06 2.7623437500e+02 2.6938949585e+02 2.6675234985e+02 7.1976721191e+02
2.2790350158e-06 2.7640625000e+02 2.7328643799e+02 2.7326705933e+02 7.2107617188e+02
2.2886349598e-06 2.7445312500e+02 2.7053085327e+02 2.6855609131e+02 7.2231701660e+02
2.2982349037e-06 2.7448437500e+02 2.7353674316e+02 2.7459140015e+02 7.2365301514e+02
2.3078350750e-06 2.7335937500e+02 2.7624029541e+02 2.7887576294e+02 7.2503210449e+02
2.3174350190e-06 2.7506250000e+02 2.7156454468e+02 2.7058099365e+02 7.2629168701e+02
2.3270349629e-06 2.7628125000e+02 2.7489611816e+02 2.7678622437e+02 7.2763800049e+02
2.3366349069e-06 2.7390625000e+02 2.7819625854e+02 2.8375192261e+02 7.2909338379e+02
2.3462350782e-06 2.7332812500e+02 2.7406991577e+02 2.7631838989e+02 7.3044354248e+02
2.3558350222e-06 2.7390625000e+02 2.7029956055e+02 2.6970269775e+02 7.3169995117e+02
2.3654349661e-06 2.7401562500e+02 2.6833175659e+02 2.6640750122e+02 7.3291210938e+02
2.3750349101e-06 2.7175000000e+02 2.6740490723e+02 2.6467022705e+02 7.3408697510e+02
2.3846350814e-06 2.7307812500e+02 2.7206927490e+02 2.7332202148e+02 7.3539520264e+02
2.3942350253e-06 2.7003125000e+02 2.7144134521e+02 2.7203375244e+02 7.3666900635e+02
2.4038349693e-06 2.7229687500e+02 2.6988058472e+02 2.6886120605e+02 7.3788574219e+02
2.4134349133e-06 2.7251562500e+02 2.6910913086e+02 2.6780252075e+02 7.3908892822e+02
2.4230350846e-06 2.7315625000e+02 2.7036108398e+02 2.6980120850e+02 7.4031298828e+02
2.4326350285e-06 2.7234375000e+02 2.7002380371e+02 2.7004644775e+02 7.4155163574e+02
2.4422349725e-06 2.7245312500e+02 2.7086233521e+02 2.7172274780e+02 7.4281237793e+02
2.4518349164e-06 2.7328125000e+02 2.6932803345e+02 2.6927413940e+02 7.4404541016e+02
2.4614350878e-06 2.7178125000e+02 2.6859326172e+02 2.6807525635e+02 7.4525738525e+02
2.4710350317e-06 2.7051562500e+02 2.6841397095e+02 2.6791342163e+02 7.4646917725e+02
2.4806349757e-06 2.7335937500e+02 2.6971939087e+02 2.7041644287e+02 7.4771173096e+02
2.4902349196e-06 2.7164062500e+02 2.6988998413e+02 2.7059579468e+02 7.4894403076e+02
2.4998350909e-06 2.7040625000e+02 2.6515228271e+02 2.6228427124e+02 7.5005749512e+02
2.5094350349e-06 2.7100000000e+02 2.6683020020e+02 2.6543298340e+02 7.5121514893e+02
2.5190349788e-06 2.7159375000e+02 2.7169427490e+02 2.7469561768e+02 7.5251019287e+02
2.5286349228e-06 2.7054687500e+02 2.6846124268e+02 2.6890640259e+02 7.5372509766e+02
2.5382350941e-06 2.6846875000e+02 2.6910665894e+02 2.7024673462e+02 7.5495410156e+02
2.5478350381e-06 2.7003125000e+02 2.7039471436e+02 2.7272042847e+02 7.5621173096e+02
2.5574349820e-06 2.7039062500e+02 2.6952032471e+02 2.7129235840e+02 7.5744799805e+02
2.5670349260e-06 2.7057812500e+02 2.6783319092e+02 2.6822097778e+02 7.5863409424e+02
2.5766350973e-06 2.6965625000e+02 2.6833551025e+02 2.6928045654e+02 7.5983282471e+02
2.5862350412e-06 2.6832812500e+02 2.6528457642e+02 2.6395834351e+02 7.6095605469e+02
2.5958349852e-06 2.6940625000e+02 2.6706658936e+02 2.6711303711e+02 7.6211798096e+02
2.6054349291e-06 2.6842187500e+02 2.6678790283e+02 2.6718106079e+02 7.6329150391e+02
2.6150351005e-06 2.6871875000e+02 2.7068850708e+02 2.7454486084e+02 7.6456353760e+02
2.6246350444e-06 2.6981250000e+02 2.6695458984e+02 2.6777325439e+02 7.6574658203e+02
2.6342349884e-06 2.7009375000e+02 2.6223632812e+02 2.5904812622e+02 7.6678759766e+02
2.6438349323e-06 2.6818750000e+02 2.6314697266e+02 2.6128146362e+02 7.6787316895e+02
2.6534351036e-06 2.6746875000e+02 2.6554614258e+02 2.6562631226e+02 7.6901074219e+02
2.6630350476e-06 2.6932812500e+02 2.6537597656e+02 2.6568563843e+02 7.7015606689e+02
2.6726349915e-06 2.6804687500e+02 2.6699386597e+02 2.6881280518e+02 7.7134808350e+02
2.6822349355e-06 2.6846875000e+02 2.6576068115e+02 2.6659356689e+02 7.7249560547e+02
2.6918351068e-06 2.6662500000e+02 2.6985726929e+02 2.7460934448e+02 7.7376501465e+02
2.7014350508e-06 2.6684375000e+02 2.6867382812e+02 2.7239614868e+02 7.7500543213e+02
2.7110349947e-06 2.6839062500e+02 2.6825830078e+02 2.7182354736e+02 7.7623480225e+02
2.7206349387e-06 2.6603125000e+02 2.6532324219e+02 2.6666876221e+02 7.7738214111e+02
2.7302351100e-06 2.6610937500e+02 2.6602444458e+02 2.6812884521e+02 7.7854547119e+02
2.7398350539e-06 2.6535937500e+02 2.6650741577e+02 2.6925866699e+02 7.7972833252e+02
2.7494349979e-06 2.6707812500e+02 2.6111367798e+02 2.5949969482e+02 7.8076776123e+02
2.7590349418e-06 2.6401562500e+02 2.6454406738e+02 2.6593170166e+02 7.8189520264e+02
2.7686351132e-06 2.6520312500e+02 2.6370706177e+02 2.6416235352e+02 7.8298931885e+02
2.7782350571e-06 2.6454687500e+02 2.6307455444e+02 2.6366778564e+02 7.8409033203e+02
2.7878350011e-06 2.6531250000e+02 2.5932962036e+02 2.5692337036e+02 7.8509893799e+02
2.7974349450e-06 2.6559375000e+02 2.6102050781e+02 2.6032989502e+02 7.8614996338e+02
2.8070348890e-06 2.6400000000e+02 2.6513641357e+02 2.6785049438e+02 7.8731512451e+02
2.8166350603e-06 2.6470312500e+02 2.6440466309e+02 2.6616885376e+02 7.8846038818e+02
2.8262350042e-06 2.6312500000e+02 2.6260159302e+02 2.6359591675e+02 7.8956109619e+02
2.8358349482e-06 2.6415625000e+02 2.6432766724e+02 2.6715692139e+02 7.9069714355e+02
2.8454348922e-06 2.6507812500e+02 2.6111688232e+02 2.6147802734e+02 7.9175616455e+02
2.8550350635e-06 2.6293750000e+02 2.6341744995e+02 2.6558090210e+02 7.9288397217e+02
2.8646350074e-06 2.6367187500e+02 2.6074050903e+02 2.6115499878e+02 7.9393481445e+02
2.8742349514e-06 2.6317187500e+02 2.6001986694e+02 2.6005105591e+02 7.9497045898e+02
2.8838348953e-06 2.6315625000e+02 2.6333361816e+02 2.6627709961e+02 7.9610272217e+02
2.8934350667e-06 2.6178125000e+02 2.6359307861e+02 2.6594174194e+02 7.9720373535e+02
2.9030350106e-06 2.6248437500e+02 2.6115002441e+02 2.6268966675e+02 7.9827075195e+02
2.9126349546e-06 2.6140625000e+02 2.6512432861e+02 2.7005749512e+02 7.9943377686e+02
2.9222348985e-06 2.6198437500e+02 2.5904510498e+02 2.5919918823e+02 8.0045001221e+02
2.9318350698e-06 2.5942187500e+02 2.6260369873e+02 2.6609667969e+02 8.0157202148e+02
2.9414350138e-06 2.6218750000e+02 2.6010928345e+02 2.6168905640e+02 8.0262438965e+02
2.9510349577e-06 2.6179687500e+02 2.5810916138e+02 2.5818176270e+02 8.0362945557e+02
2.9606349017e-06 2.6065625000e+02 2.5973489380e+02 2.6122128296e+02 8.0466906738e+02
2.9702350730e-06 2.5990625000e+02 2.6060977173e+02 2.6273840332e+02 8.0574737549e+02
2.9798350170e-06 2.6031250000e+02 2.6378710938e+02 2.6954913330e+02 8.0691296387e+02
2.9894349609e-06 2.6062500000e+02 2.6162103271e+02 2.6502947998e+02 8.0802093506e+02
2.9990351322e-06 2.5771875000e+02 2.6133148193e+02 2.6515908813e+02 8.0912402344e+02
3.0086353036e-06 2.5892187500e+02 2.5950720215e+02 2.6088650513e+02 8.1017547607e+02
3.0182350201e-06 2.5967187500e+02 2.6345910645e+02 2.6973376465e+02 8.1132757568e+02
3.0278351915e-06 2.5912500000e+02 2.5912100220e+02 2.6169949341e+02 8.1236834717e+02
3.0374349080e-06 2.5771875000e+02 2.5804107666e+02 2.5960037231e+02 8.1339160156e+02
3.0470350794e-06 2.5937500000e+02 2.5861502075e+02 2.6074517822e+02 8.1443206787e+02
3.0566352507e-06 2.5803125000e+02 2.6010620117e+02 2.6226599121e+02 8.1550286865e+02
3.0662349673e-06 2.5912500000e+02 2.5441809082e+02 2.5364337158e+02 8.1642761230e+02
3.0758351386e-06 2.5762500000e+02 2.5728042603e+02 2.5916091919e+02 8.1744165039e+02
3.0854353099e-06 2.5846875000e+02 2.5720565796e+02 2.5908230591e+02 8.1843835449e+02
3.0950350265e-06 2.5754687500e+02 2.5468196106e+02 2.5494711304e+02 8.1938537598e+02
3.1046351978e-06 2.5728125000e+02 2.5480244446e+02 2.5450178528e+02 8.2031433105e+02
3.1142349144e-06 2.5725000000e+02 2.5769961548e+02 2.6088455200e+02 8.2135217285e+02
3.1238350857e-06 2.5631250000e+02 2.5528121948e+02 2.5674130249e+02 8.2232263184e+02
3.1334352570e-06 2.5785937500e+02 2.5683984375e+02 2.5998022461e+02 8.2333905029e+02
3.1430349736e-06 2.5700000000e+02 2.5567010498e+02 2.5796502686e+02 8.2432781982e+02
3.1526351449e-06 2.5571875000e+02 2.5970245361e+02 2.6602636719e+02 8.2542736816e+02
3.1622353163e-06 2.5360937500e+02 2.5642077637e+02 2.5983642578e+02 8.2643823242e+02
3.1718350328e-06 2.5670312500e+02 2.5800241089e+02 2.6302432251e+02 8.2749951172e+02
3.1814352042e-06 2.5665625000e+02 2.5376316833e+02 2.5499273682e+02 8.2844921875e+02
3.1910349207e-06 2.5529687500e+02 2.5695010376e+02 2.6130831909e+02 8.2947369385e+02
3.2006350921e-06 2.5601562500e+02 2.5604885864e+02 2.5988397217e+02 8.3047912598e+02
3.2102352634e-06 2.5593750000e+02 2.5258540344e+02 2.5351409912e+02 8.3140515137e+02
3.2198349800e-06 2.5459375000e+02 2.5866748047e+02 2.6557562256e+02 8.3248962402e+02
3.2294351513e-06 2.5404687500e+02 2.5809542847e+02 2.6479190063e+02 8.3356793213e+02
3.2390353226e-06 2.5537500000e+02 2.5442301941e+02 2.5601245117e+02 8.3453875732e+02
3.2486350392e-06 2.5467187500e+02 2.5513584900e+02 2.5892675781e+02 8.3554199219e+02
3.2582352105e-06 2.5381250000e+02 2.5269142151e+02 2.5487640381e+02 8.3648193359e+02
3.2678349271e-06 2.5318750000e+02 2.5295166016e+02 2.5548796082e+02 8.3743286133e+02
3.2774350984e-06 2.5345312500e+02 2.5460083008e+02 2.5883706665e+02 8.3843157959e+02
3.2870352698e-06 2.5206250000e+02 2.5233216858e+02 2.5484416199e+02 8.3937091064e+02
3.2966349863e-06 2.5420312500e+02 2.5560940552e+02 2.6090341187e+02 8.4040100098e+02
3.3062351577e-06 2.5321875000e+02 2.5393444824e+02 2.5846456909e+02 8.4138879395e+02
3.3158351016e-06 2.5301562500e+02 2.5339413452e+02 2.5765612793e+02 8.4236108398e+02
3.3254350456e-06 2.5175000000e+02 2.5497224426e+02 2.6072711182e+02 8.4338348389e+02
3.3350352169e-06 2.5225000000e+02 2.5708749390e+02 2.6551580811e+02 8.4446325684e+02
3.3446349335e-06 2.5285937500e+02 2.5181256104e+02 2.5445034790e+02 8.4540045166e+02
3.3542351048e-06 2.5075000000e+02 2.5544648743e+02 2.6187783813e+02 8.4644030762e+02
3.3638350487e-06 2.5100000000e+02 2.5316848755e+02 2.5762121582e+02 8.4741973877e+02
3.3734349927e-06 2.5051562500e+02 2.5122666931e+02 2.5472326660e+02 8.4834991455e+02
3.3830349366e-06 2.5067187500e+02 2.5421958923e+02 2.5918194580e+02 8.4932379150e+02
3.3926351080e-06 2.5018750000e+02 2.5379913330e+02 2.6021997070e+02 8.5033197021e+02
3.4022350519e-06 2.4835937500e+02 2.5347500610e+02 2.5981478882e+02 8.5132537842e+02
3.4118349959e-06 2.5026562500e+02 2.5342175293e+02 2.6003118896e+02 8.5232702637e+02
3.4214349398e-06 2.5028125000e+02 2.4988542175e+02 2.5260017395e+02 8.5321496582e+02
3.4310351111e-06 2.4767187500e+02 2.5027601624e+02 2.5393032837e+02 8.5413629150e+02
3.4406350551e-06 2.4920312500e+02 2.5144667053e+02 2.5577119446e+02 8.5508843994e+02
3.4502349990e-06 2.4982812500e+02 2.5184967041e+02 2.5775906372e+02 8.5605255127e+02
3.4598349430e-06 2.4785937500e+02 2.5097517395e+02 2.5508386230e+02 8.5699523926e+02
3.4694348869e-06 2.4890625000e+02 2.4586596680e+02 2.4561694336e+02 8.5780438232e+02
3.4790350583e-06 2.4754687500e+02 2.4936795044e+02 2.5288554382e+02 8.5871411133e+02
3.4886350022e-06 2.4904687500e+02 2.4984394836e+02 2.5431503296e+02 8.5964166260e+02
3.4982349462e-06 2.4815625000e+02 2.4779643250e+02 2.5055097961e+02 8.6051593018e+02
3.5078348901e-06 2.4656250000e+02 2.4969160461e+02 2.5477757263e+02 8.6143865967e+02
3.5174352888e-06 2.4700000000e+02 2.4700190735e+02 2.4941064453e+02 8.6229724121e+02
3.5270350054e-06 2.4750000000e+02 2.4899346924e+02 2.5387800598e+02 8.6320880127e+02
3.5366349493e-06 2.4864062500e+02 2.4861967468e+02 2.5334864807e+02 8.6411883545e+02
3.5462348933e-06 2.4640625000e+02 2.4853601074e+02 2.5031546021e+02 8.6500335693e+02
3.5558350646e-06 2.4693750000e+02 2.4938230896e+02 2.5496762085e+02 8.6594012451e+02
3.5654352359e-06 2.4748437500e+02 2.4890528870e+02 2.5376969910e+02 8.6686297607e+02
3.5750349525e-06 2.4748437500e+02 2.4727203369e+02 2.5039569092e+02 8.6774041748e+02
3.5846348965e-06 2.4485937500e+02 2.4942050171e+02 2.5522070312e+02 8.6868328857e+02
3.5942352952e-06 2.4456250000e+02 2.4934552002e+02 2.5619851685e+02 8.6962469482e+02
3.6038350117e-06 2.4542187500e+02 2.4993264771e+02 2.5665942383e+02 8.7058660889e+02
3.6134351831e-06 2.4643750000e+02 2.4970048523e+02 2.5679022217e+02 8.7154742432e+02
3.6230348996e-06 2.4471875000e+02 2.4747888184e+02 2.5308398438e+02 8.7244799805e+02
3.6326350710e-06 2.4179687500e+02 2.4260870361e+02 2.4309275818e+02 8.7320788574e+02
3.6422352423e-06 2.4464062500e+02 2.4973968506e+02 2.5829373169e+02 8.7418133545e+02
3.6518349589e-06 2.4306250000e+02 2.4643832397e+02 2.5155358887e+02 8.7506329346e+02
3.6614351302e-06 2.4257812500e+02 2.4893742371e+02 2.5648162842e+02 8.7601831055e+02
3.6710353015e-06 2.4553125000e+02 2.4517051697e+02 2.4887084961e+02 8.7686810303e+02
3.6806350181e-06 2.4335937500e+02 2.4668945312e+02 2.5167018127e+02 8.7775982666e+02
3.6902351894e-06 2.4409375000e+02 2.4641902161e+02 2.5146276855e+02 8.7864788818e+02
3.6998349060e-06 2.4481250000e+02 2.4435183716e+02 2.4829374695e+02 8.7948364258e+02
3.7094350773e-06 2.4207812500e+02 2.4470574951e+02 2.4782911682e+02 8.8032440186e+02
3.7190352487e-06 2.4137500000e+02 2.4266142273e+02 2.4518692017e+02 8.8111669922e+02
3.7286349652e-06 2.4278125000e+02 2.4401441956e+02 2.4787870789e+02 8.8195306396e+02
3.7382351366e-06 2.4348437500e+02 2.4252987671e+02 2.4532875061e+02 8.8274780273e+02
3.7478353079e-06 2.4006250000e+02 2.4517930603e+02 2.4912846375e+02 8.8361022949e+02
3.7574350245e-06 2.4179687500e+02 2.4707003784e+02 2.5326272583e+02 8.8452954102e+02
3.7670351958e-06 2.4157812500e+02 2.4655323792e+02 2.5231796265e+02 8.8543560791e+02
3.7766349124e-06 2.4204687500e+02 2.4378440857e+02 2.4871380615e+02 8.8627362061e+02
3.7862350837e-06 2.4075000000e+02 2.4354522705e+02 2.4848382568e+02 8.8711437988e+02
3.7958352550e-06 2.4215625000e+02 2.4558532715e+02 2.5255104065e+02 8.8801611328e+02
3.8054349716e-06 2.3756250000e+02 2.4220819092e+02 2.4600505066e+02 8.8882318115e+02
3.8150351429e-06 2.4193750000e+02 2.4183616638e+02 2.4239115906e+02 8.8959613037e+02
3.8246348595e-06 2.3887500000e+02 2.3808471680e+02 2.3720521545e+02 8.9028857422e+02
3.8342350308e-06 2.3862500000e+02 2.4406727600e+02 2.5057113647e+02 8.9116198730e+02
3.8438352021e-06 2.3896875000e+02 2.4847671509e+02 2.6061315918e+02 8.9216864014e+02
3.8534349187e-06 2.4064062500e+02 2.4094822693e+02 2.4414002991e+02 8.9295343018e+02
3.8630350900e-06 2.3948437500e+02 2.4334236145e+02 2.4957870483e+02 8.9381250000e+02
3.8726348066e-06 2.3973437500e+02 2.4385035706e+02 2.5109155273e+02 8.9468621826e+02
3.8822349779e-06 2.3981250000e+02 2.4067895508e+02 2.4414175415e+02 8.9547119141e+02
3.8918351493e-06 2.3796875000e+02 2.4049166870e+02 2.4407489014e+02 8.9625390625e+02
3.9014348658e-06 2.3751562500e+02 2.0455249023e+02 1.6874449158e+02 8.9601739502e+02
3.9110350372e-06 2.1889062500e+02 1.6150021362e+02 1.0293204498e+02 8.9502221680e+02
3.9206352085e-06 1.8948437500e+02 1.3471203613e+02 8.2794097900e+01 8.9374682617e+02
3.9302349251e-06 1.6279687500e+02 1.1183784485e+02 6.7330192566e+01 8.9226489258e+02
3.9398350964e-06 1.3767187500e+02 9.8090011597e+01 5.8278808594e+01 8.9067376709e+02
3.9494348130e-06 1.1685937500e+02 8.1354568481e+01 4.5770519257e+01 8.8890728760e+02
3.9590349843e-06 9.5296875000e+01 6.5988540649e+01 3.5027740479e+01 8.8699047852e+02
3.9686351556e-06 8.1125000000e+01 5.0881103516e+01 2.3971549988e+01 8.8492077637e+02
3.9782348722e-06 6.3890625000e+01 3.9385131836e+01 1.4927588463e+01 8.8273388672e+02
3.9878350435e-06 5.0484375000e+01 3.0273345947e+01 9.4161548615e+00 8.8048663330e+02
3.9974352148e-06 3.8968750000e+01 2.3399032593e+01 6.4437570572e+00 8.7821905518e+02
4.0070349314e-06 3.2484375000e+01 1.9743164062e+01 4.2850933075e+00 8.7594396973e+02
4.0166351027e-06 2.7484375000e+01 1.2564895630e+01 2.8893485069e+00 8.7367272949e+02
4.0262348193e-06 2.0359375000e+01 1.1213897705e+01 3.0946416855e+00 8.7142779541e+02
4.0358349906e-06 1.6734375000e+01 9.6417388916e+00 2.8695309162e+00 8.6920239258e+02
4.0454351620e-06 1.2765625000e+01 7.2331848145e+00 2.3696336746e+00 8.6699255371e+02
4.0559948502e-06 1.0328125000e+01 4.9486846924e+00 1.8832746744e+00 8.6457989502e+02
