# epoch total_loss data_loss physics_loss w_data w_physics lr
1.0000000000e+00 1.8758275509e+00 1.0452251434e+00 2.6375803947e+00 4.7838121996e-01 5.2161877977e-01 1.0000000000e-03
2.0000000000e+00 1.3198052645e+00 1.0653735399e+00 1.5466415882e+00 4.7133051625e-01 5.2866948313e-01 1.0000000000e-03
3.0000000000e+00 9.9245297909e-01 1.1581728458e+00 8.3811819553e-01 4.8221369653e-01 5.1778630241e-01 1.0000000000e-03
4.0000000000e+00 8.5945016146e-01 1.1850591898e+00 5.2978050709e-01 5.0309844712e-01 4.9690155134e-01 1.0000000000e-03
5.0000000000e+00 8.0672621727e-01 1.1000328064e+00 4.8624700308e-01 5.2213530863e-01 4.7786468935e-01 1.0000000000e-03
6.0000000000e+00 7.3709267378e-01 9.4629859924e-01 4.9587216973e-01 5.3553804271e-01 4.6446195478e-01 1.0000000000e-03
7.0000000000e+00 6.1281722784e-01 7.6410073042e-01 4.3093287945e-01 5.4592392329e-01 4.5407607361e-01 1.0000000000e-03
8.0000000000e+00 4.6639084816e-01 5.8822673559e-01 3.1347069144e-01 5.5656702032e-01 4.4343297578e-01 1.0000000000e-03
9.0000000000e+00 3.6025753617e-01 4.4884458184e-01 2.4491113424e-01 5.6560810239e-01 4.3439189266e-01 1.0000000000e-03
1.0000000000e+01 3.3011221886e-01 3.7149864435e-01 2.7604636550e-01 5.6641761127e-01 4.3358238273e-01 1.0000000000e-03
1.1000000000e+01 3.2242584229e-01 3.5190382600e-01 2.8412210941e-01 5.6510438329e-01 4.3489560974e-01 1.0000000000e-03
1.2000000000e+01 2.9466548562e-01 3.4872171283e-01 2.2313375771e-01 5.6957468654e-01 4.3042530543e-01 1.0000000000e-03
1.3000000000e+01 2.5380170345e-01 3.3438083529e-01 1.4117768407e-01 5.8293050525e-01 4.1706948543e-01 1.0000000000e-03
1.4000000000e+01 2.3554113507e-01 3.0297261477e-01 1.3709595799e-01 5.9348413604e-01 4.0651585330e-01 1.0000000000e-03
1.5000000000e+01 2.3702314496e-01 2.6999160647e-01 1.8899616599e-01 5.9295898894e-01 4.0704099929e-01 1.0000000000e-03
1.6000000000e+01 2.0839534700e-01 2.4571596086e-01 1.5351854265e-01 5.9520986332e-01 4.0479012358e-01 1.0000000000e-03
1.7000000000e+01 1.7129145563e-01 2.2554555535e-01 8.7211355567e-02 6.0780416533e-01 3.9219581968e-01 1.0000000000e-03
1.8000000000e+01 1.5372964740e-01 2.0444762707e-01 7.0491060615e-02 6.2138491687e-01 3.7861506600e-01 1.0000000000e-03
1.9000000000e+01 1.4941614866e-01 1.8405805528e-01 9.1417506337e-02 6.2606108109e-01 3.7393889987e-01 1.0000000000e-03
2.0000000000e+01 1.4898115396e-01 1.7423696816e-01 1.0680695623e-01 6.2545131833e-01 3.7454866097e-01 1.0000000000e-03
2.1000000000e+01 1.5492001176e-01 1.8271313608e-01 1.0846843570e-01 6.2565505096e-01 3.7434492698e-01 1.0000000000e-03
2.2000000000e+01 1.6473916173e-01 1.9829885662e-01 1.0813268274e-01 6.2780183056e-01 3.7219814632e-01 1.0000000000e-03
2.3000000000e+01 1.6559831798e-01 1.9877660275e-01 1.0921162367e-01 6.2956197055e-01 3.7043800539e-01 1.0000000000e-03
2.4000000000e+01 1.5507553518e-01 1.8062236905e-01 1.1188228428e-01 6.2835602629e-01 3.7164394864e-01 1.0000000000e-03
2.5000000000e+01 1.4222732186e-01 1.5851213038e-01 1.1526842415e-01 6.2341793390e-01 3.7658203988e-01 1.0000000000e-03
2.6000000000e+01 1.3103851676e-01 1.4409245551e-01 1.0993781686e-01 6.1779869113e-01 3.8220128134e-01 1.0000000000e-03
2.7000000000e+01 1.1875551939e-01 1.3670706749e-01 8.9916571975e-02 6.1634221184e-01 3.8365775897e-01 1.0000000000e-03
2.8000000000e+01 1.0784456134e-01 1.3156020641e-01 6.9106318057e-02 6.2026959850e-01 3.7973037024e-01 1.0000000000e-03
2.9000000000e+01 1.0371783376e-01 1.2704664469e-01 6.4932562411e-02 6.2441992941e-01 3.7558003725e-01 1.0000000000e-03
3.0000000000e+01 1.0405023396e-01 1.2376091629e-01 7.1131721139e-02 6.2548003258e-01 3.7451993228e-01 1.0000000000e-03
3.1000000000e+01 1.0226320475e-01 1.2274178863e-01 6.7787341774e-02 6.2735356000e-01 3.7264640313e-01 1.0000000000e-03
3.2000000000e+01 9.8308801651e-02 1.2409067899e-01 5.3557816893e-02 6.3447000397e-01 3.6552995721e-01 1.0000000000e-03
3.3000000000e+01 9.5776431262e-02 1.2510785460e-01 4.2308870703e-02 6.4575140774e-01 3.5424855135e-01 1.0000000000e-03
3.4000000000e+01 9.3638159335e-02 1.2222026289e-01 3.8880303502e-02 6.5704208050e-01 3.4295787647e-01 1.0000000000e-03
3.5000000000e+01 9.0007796884e-02 1.1579115689e-01 3.8507204503e-02 6.6638154002e-01 3.3361841478e-01 1.0000000000e-03
3.6000000000e+01 8.6479783058e-02 1.0982547700e-01 3.8230072707e-02 6.7392194251e-01 3.2607801005e-01 1.0000000000e-03
3.7000000000e+01 8.4863573313e-02 1.0686061531e-01 3.8062732667e-02 6.8026569863e-01 3.1973425178e-01 1.0000000000e-03
3.8000000000e+01 8.4046185017e-02 1.0533151031e-01 3.7553127855e-02 6.8595699256e-01 3.1404295581e-01 1.0000000000e-03
3.9000000000e+01 8.1981614232e-02 1.0222300887e-01 3.6732431501e-02 6.9092660405e-01 3.0907334228e-01 1.0000000000e-03
4.0000000000e+01 7.8565850854e-02 9.6686914563e-02 3.7488233298e-02 6.9389416411e-01 3.0610578014e-01 1.0000000000e-03
4.1000000000e+01 7.4933409691e-02 9.0141952038e-02 4.0523264557e-02 6.9349169579e-01 3.0650824639e-01 1.0000000000e-03
4.2000000000e+01 7.1395561099e-02 8.4149479866e-02 4.2962148786e-02 6.9034376534e-01 3.0965617475e-01 1.0000000000e-03
4.3000000000e+01 6.7675739527e-02 7.9375550151e-02 4.2033161968e-02 6.8668817607e-01 3.1331176178e-01 1.0000000000e-03
4.4000000000e+01 6.4337939024e-02 7.5768731534e-02 3.9632380009e-02 6.8367620002e-01 3.1632373537e-01 1.0000000000e-03
4.5000000000e+01 6.2164254487e-02 7.2717204690e-02 3.9742402732e-02 6.7996930567e-01 3.2003062729e-01 1.0000000000e-03
4.6000000000e+01 6.0908500105e-02 6.9806501269e-02 4.2501237243e-02 6.7412881773e-01 3.2587111303e-01 1.0000000000e-03
4.7000000000e+01 6.0006648302e-02 6.7690320313e-02 4.4617045671e-02 6.6698830874e-01 3.3301162004e-01 1.0000000000e-03
4.8000000000e+01 5.9261545539e-02 6.6825538874e-02 4.4559881091e-02 6.6028434335e-01 3.3971558358e-01 1.0000000000e-03
4.9000000000e+01 5.8161132038e-02 6.5869592130e-02 4.3561901897e-02 6.5444844014e-01 3.4555148495e-01 1.0000000000e-03
5.0000000000e+01 5.6332793087e-02 6.3570775092e-02 4.2968999594e-02 6.4867217466e-01 3.5132774854e-01 1.0000000000e-03
5.1000000000e+01 5.4366573691e-02 6.0684550554e-02 4.3020725250e-02 6.4232130965e-01 3.5767861159e-01 1.0000000000e-03
5.2000000000e+01 5.2522391081e-02 5.8217756450e-02 4.2577717453e-02 6.3584747717e-01 3.6415244203e-01 1.0000000000e-03
5.3000000000e+01 5.0533808768e-02 5.6360390037e-02 4.0596172214e-02 6.3039224943e-01 3.6960766753e-01 1.0000000000e-03
5.4000000000e+01 4.8975527287e-02 5.5425662547e-02 3.8152430207e-02 6.2658233232e-01 3.7341758226e-01 1.0000000000e-03
5.5000000000e+01 4.8209480941e-02 5.5243499577e-02 3.6530062556e-02 6.2411953258e-01 3.7588037964e-01 1.0000000000e-03
5.6000000000e+01 4.7410894185e-02 5.4886337370e-02 3.5072281957e-02 6.2272044466e-01 3.7727946522e-01 1.0000000000e-03
5.7000000000e+01 4.6426992863e-02 5.4395876825e-02 3.3287078142e-02 6.2248539546e-01 3.7751451203e-01 1.0000000000e-03
5.8000000000e+01 4.5870903879e-02 5.4379791021e-02 3.1789124012e-02 6.2334521081e-01 3.7665469433e-01 1.0000000000e-03
5.9000000000e+01 4.5389026403e-02 5.4345935583e-02 3.0454633757e-02 6.2509744009e-01 3.7490246274e-01 1.0000000000e-03
6.0000000000e+01 4.4591702521e-02 5.3867258132e-02 2.8958091512e-02 6.2762485180e-01 3.7237504867e-01 1.0000000000e-03
6.1000000000e+01 4.4022720307e-02 5.3452882916e-02 2.7928411961e-02 6.3054438413e-01 3.6945551401e-01 1.0000000000e-03
6.2000000000e+01 4.3659202754e-02 5.2926212549e-02 2.7664285153e-02 6.3316295617e-01 3.6683693975e-01 1.0000000000e-03
6.3000000000e+01 4.2933233082e-02 5.1585502923e-02 2.7896985412e-02 6.3474837351e-01 3.6525152023e-01 1.0000000000e-03
6.4000000000e+01 4.2066030204e-02 4.9761146307e-02 2.8696063906e-02 6.3469809565e-01 3.6530179597e-01 1.0000000000e-03
6.5000000000e+01 4.1289795190e-02 4.7956857830e-02 2.9795054346e-02 6.3290760730e-01 3.6709228230e-01 1.0000000000e-03
6.6000000000e+01 4.0347602218e-02 4.6003025025e-02 3.0736092478e-02 6.2956413360e-01 3.7043575401e-01 1.0000000000e-03
6.7000000000e+01 3.9422295988e-02 4.3958410621e-02 3.1875841320e-02 6.2457414530e-01 3.7542574036e-01 1.0000000000e-03
6.8000000000e+01 3.8768619299e-02 4.2075142264e-02 3.3422805369e-02 6.1784690359e-01 3.8215298026e-01 1.0000000000e-03
6.9000000000e+01 3.8201950490e-02 4.0345601737e-02 3.4853093326e-02 6.0971420325e-01 3.9028567891e-01 1.0000000000e-03
7.0000000000e+01 3.7659417838e-02 3.8876257837e-02 3.5828199238e-02 6.0078285410e-01 3.9921702646e-01 1.0000000000e-03
7.1000000000e+01 3.7132441998e-02 3.7766322494e-02 3.6213640124e-02 5.9175395565e-01 4.0824592334e-01 1.0000000000e-03
7.2000000000e+01 3.6500163376e-02 3.6976613104e-02 3.5833064467e-02 5.8336385300e-01 4.1663602435e-01 1.0000000000e-03
7.3000000000e+01 3.5757988691e-02 3.6591954529e-02 3.4623164684e-02 5.7640974410e-01 4.2359013148e-01 1.0000000000e-03
7.4000000000e+01 3.4957766533e-02 3.6603111774e-02 3.2763008028e-02 5.7153675873e-01 4.2846311487e-01 1.0000000000e-03
7.5000000000e+01 3.4219287336e-02 3.6843448877e-02 3.0756527558e-02 5.6888523711e-01 4.3111463434e-01 1.0000000000e-03
7.6000000000e+01 3.3591069281e-02 3.7255279720e-02 2.8764935210e-02 5.6842681457e-01 4.3157305459e-01 1.0000000000e-03
7.7000000000e+01 3.3043593168e-02 3.7876054645e-02 2.6629900560e-02 5.7030126807e-01 4.2969859868e-01 1.0000000000e-03
7.8000000000e+01 3.2659295946e-02 3.8585096598e-02 2.4665812030e-02 5.7427436056e-01 4.2572550370e-01 1.0000000000e-03
7.9000000000e+01 3.2354503870e-02 3.9000898600e-02 2.3192882538e-02 5.7955559346e-01 4.2044426829e-01 1.0000000000e-03
8.0000000000e+01 3.2020676881e-02 3.8926687092e-02 2.2277636454e-02 5.8520122841e-01 4.1479863083e-01 1.0000000000e-03
8.1000000000e+01 3.1721509993e-02 3.8512069732e-02 2.1933784708e-02 5.9039443002e-01 4.0960542675e-01 1.0000000000e-03
8.2000000000e+01 3.1377136707e-02 3.7795908749e-02 2.1962625906e-02 5.9460269321e-01 4.0539716115e-01 1.0000000000e-03
8.3000000000e+01 3.0943125486e-02 3.6720901728e-02 2.2373983636e-02 5.9728129647e-01 4.0271855554e-01 1.0000000000e-03
8.4000000000e+01 3.0508430675e-02 3.5366073251e-02 2.3286890239e-02 5.9785031997e-01 4.0214952978e-01 1.0000000000e-03
8.5000000000e+01 3.0049834400e-02 3.3864364028e-02 2.4418529123e-02 5.9616871487e-01 4.0383113275e-01 1.0000000000e-03
8.6000000000e+01 2.9594151303e-02 3.2382413745e-02 2.5540772825e-02 5.9245762149e-01 4.0754222411e-01 1.0000000000e-03
8.7000000000e+01 2.9218640178e-02 3.1068861485e-02 2.6587856933e-02 5.8709778443e-01 4.1290205926e-01 1.0000000000e-03
8.8000000000e+01 2.8894416988e-02 3.0005261302e-02 2.7356004342e-02 5.8069727032e-01 4.1930257157e-01 1.0000000000e-03
8.9000000000e+01 2.8604157269e-02 2.9245465994e-02 2.7740240097e-02 5.7394823907e-01 4.2605160108e-01 1.0000000000e-03
9.0000000000e+01 2.8326883912e-02 2.8768494725e-02 2.7747539803e-02 5.6745664975e-01 4.3254318869e-01 1.0000000000e-03
9.1000000000e+01 2.8020430356e-02 2.8548510745e-02 2.7343437076e-02 5.6178901435e-01 4.3821082236e-01 1.0000000000e-03
9.2000000000e+01 2.7677848935e-02 2.8633262962e-02 2.6473803446e-02 5.5756943434e-01 4.4243040054e-01 1.0000000000e-03
9.3000000000e+01 2.7322411537e-02 2.9024951160e-02 2.5196073577e-02 5.5534328629e-01 4.4465654666e-01 1.0000000000e-03
9.4000000000e+01 2.6999611408e-02 2.9549781233e-02 2.3816749454e-02 5.5518032117e-01 4.4481950975e-01 1.0000000000e-03
9.5000000000e+01 2.6722960174e-02 2.9970768839e-02 2.2645615041e-02 5.5662318399e-01 4.4337664483e-01 1.0000000000e-03
9.6000000000e+01 2.6510566473e-02 3.0234413221e-02 2.1788833663e-02 5.5907797519e-01 4.4092185153e-01 1.0000000000e-03
9.7000000000e+01 2.6343394071e-02 3.0358470976e-02 2.1190321073e-02 5.6206285756e-01 4.3793696709e-01 1.0000000000e-03
9.8000000000e+01 2.6174094528e-02 3.0280090868e-02 2.0839057863e-02 5.6509090120e-01 4.3490892142e-01 1.0000000000e-03
9.9000000000e+01 2.5995120406e-02 2.9907597229e-02 2.0861616358e-02 5.6749072305e-01 4.3250909761e-01 1.0000000000e-03
1.0000000000e+02 2.5779813528e-02 2.9173828661e-02 2.1307617426e-02 5.6853282977e-01 4.3146698902e-01 1.0000000000e-03
1.0100000000e+02 2.5543186814e-02 2.8176957741e-02 2.2083926946e-02 5.6774093988e-01 4.3225887713e-01 1.0000000000e-03
1.0200000000e+02 2.5316519663e-02 2.7130281553e-02 2.2959474474e-02 5.6513016847e-01 4.3486964687e-01 1.0000000000e-03
1.0300000000e+02 2.5104934350e-02 2.6195993647e-02 2.3710064590e-02 5.6110774961e-01 4.3889206417e-01 1.0000000000e-03
1.0400000000e+02 2.4921629578e-02 2.5430142879e-02 2.4284472689e-02 5.5614921121e-01 4.4385060107e-01 1.0000000000e-03
1.0500000000e+02 2.4751503021e-02 2.4821745232e-02 2.4665424600e-02 5.5069222052e-01 4.4930759032e-01 1.0000000000e-03
1.0600000000e+02 2.4580921978e-02 2.4437272921e-02 2.4753205478e-02 5.4530185655e-01 4.5469795288e-01 1.0000000000e-03
1.0700000000e+02 2.4405753240e-02 2.4376796558e-02 2.4439854547e-02 5.4070707411e-01 4.5929273390e-01 1.0000000000e-03
1.0800000000e+02 2.4230120704e-02 2.4621747434e-02 2.3774977773e-02 5.3751117742e-01 4.6248862912e-01 1.0000000000e-03
1.0900000000e+02 2.4062279612e-02 2.5040715933e-02 2.2932222113e-02 5.3595763551e-01 4.6404216953e-01 1.0000000000e-03
1.1000000000e+02 2.3911327124e-02 2.5498760864e-02 2.2077891976e-02 5.3595697372e-01 4.6404282980e-01 1.0000000000e-03
1.1100000000e+02 2.3774990812e-02 2.5898484513e-02 2.1309923381e-02 5.3722116293e-01 4.6277863906e-01 1.0000000000e-03
1.1200000000e+02 2.3643946275e-02 2.6153011248e-02 2.0706698298e-02 5.3931033083e-01 4.6068946962e-01 1.0000000000e-03
1.1300000000e+02 2.3514825851e-02 2.6186611503e-02 2.0357595757e-02 5.4164109147e-01 4.5835870745e-01 1.0000000000e-03
1.1400000000e+02 2.3379787803e-02 2.5964992121e-02 2.0300678909e-02 5.4359847787e-01 4.5640131954e-01 1.0000000000e-03
1.1500000000e+02 2.3247484118e-02 2.5531841442e-02 2.0514737815e-02 5.4468647509e-01 4.5531332086e-01 1.0000000000e-03
1.1600000000e+02 2.3120347410e-02 2.4971155450e-02 2.0906604826e-02 5.4464757711e-01 4.5535221745e-01 1.0000000000e-03
1.1700000000e+02 2.2999541834e-02 2.4364536628e-02 2.1374734119e-02 5.4345111796e-01 4.5654867528e-01 1.0000000000e-03
1.1800000000e+02 2.2880231962e-02 2.3787010461e-02 2.1810289472e-02 5.4127358029e-01 4.5872621169e-01 1.0000000000e-03
1.1900000000e+02 2.2753234953e-02 2.3333175108e-02 2.2076459602e-02 5.3852996521e-01 4.6146982556e-01 1.0000000000e-03
1.2000000000e+02 2.2618351504e-02 2.3088401183e-02 2.2075815126e-02 5.3579796216e-01 4.6420182739e-01 1.0000000000e-03
1.2100000000e+02 2.2481746972e-02 2.3053323850e-02 2.1827872843e-02 5.3358337100e-01 4.6641641731e-01 1.0000000000e-03
1.2200000000e+02 2.2354610264e-02 2.3156609386e-02 2.1442409605e-02 5.3214681316e-01 4.6785297390e-01 1.0000000000e-03
1.2300000000e+02 2.2243864834e-02 2.3339293897e-02 2.1000798792e-02 5.3156911842e-01 4.6843066738e-01 1.0000000000e-03
1.2400000000e+02 2.2145796567e-02 2.3558283225e-02 2.0541233942e-02 5.3183292271e-01 4.6816686183e-01 1.0000000000e-03
1.2500000000e+02 2.2048681974e-02 2.3722432554e-02 2.0140442997e-02 5.3273278583e-01 4.6726699746e-01 1.0000000000e-03
1.2600000000e+02 2.1942380816e-02 2.3711215705e-02 1.9917009398e-02 5.3380783385e-01 4.6619194819e-01 1.0000000000e-03
1.2700000000e+02 2.1823985502e-02 2.3481721058e-02 1.9920308143e-02 5.3452985644e-01 4.6546992435e-01 1.0000000000e-03
1.2800000000e+02 2.1703757346e-02 2.3112216964e-02 2.0086020231e-02 5.3457954386e-01 4.6542023571e-01 1.0000000000e-03
1.2900000000e+02 2.1591698751e-02 2.2707056254e-02 2.0314095542e-02 5.3390272161e-01 4.6609705676e-01 1.0000000000e-03
1.3000000000e+02 2.1492395550e-02 2.2322362289e-02 2.0546725020e-02 5.3258343692e-01 4.6741634028e-01 1.0000000000e-03
1.3100000000e+02 2.1398108453e-02 2.1993188187e-02 2.0724885166e-02 5.3080958518e-01 4.6919019089e-01 1.0000000000e-03
1.3200000000e+02 2.1298706532e-02 2.1784324199e-02 2.0753428340e-02 5.2894035690e-01 4.7105941806e-01 1.0000000000e-03
1.3300000000e+02 2.1190082654e-02 2.1744873375e-02 2.0570889115e-02 5.2743348041e-01 4.7256629342e-01 1.0000000000e-03
1.3400000000e+02 2.1078255028e-02 2.1843964234e-02 2.0226467401e-02 5.2661248779e-01 4.7338728489e-01 1.0000000000e-03
1.3500000000e+02 2.0973868668e-02 2.1997410804e-02 1.9835608080e-02 5.2653507382e-01 4.7346469769e-01 1.0000000000e-03
1.3600000000e+02 2.0881554112e-02 2.2128870711e-02 1.9491568208e-02 5.2704983176e-01 4.7294993857e-01 1.0000000000e-03
1.3700000000e+02 2.0795945078e-02 2.2172627971e-02 1.9256778061e-02 5.2786389398e-01 4.7213587518e-01 1.0000000000e-03
1.3800000000e+02 2.0707646385e-02 2.2067472339e-02 1.9182985649e-02 5.2857380029e-01 4.7142596771e-01 1.0000000000e-03
1.3900000000e+02 2.0611070096e-02 2.1796151996e-02 1.9281249493e-02 5.2877758261e-01 4.7122218425e-01 1.0000000000e-03
1.4000000000e+02 2.0510669798e-02 2.1411824971e-02 1.9501661882e-02 5.2823420448e-01 4.7176556124e-01 1.0000000000e-03
1.4100000000e+02 2.0414061844e-02 2.1002402529e-02 1.9758731127e-02 5.2693633176e-01 4.7306343286e-01 1.0000000000e-03
1.4200000000e+02 2.0324915648e-02 2.0652933046e-02 1.9962247461e-02 5.2509296616e-01 4.7490679738e-01 1.0000000000e-03
1.4300000000e+02 2.0238703117e-02 2.0438916981e-02 2.0019102842e-02 5.2310248390e-01 4.7689727856e-01 1.0000000000e-03
1.4400000000e+02 2.0149262622e-02 2.0410722122e-02 1.9864350557e-02 5.2147052284e-01 4.7852923855e-01 1.0000000000e-03
1.4500000000e+02 2.0055972040e-02 2.0553564653e-02 1.9515585154e-02 5.2061869300e-01 4.7938106730e-01 1.0000000000e-03
1.4600000000e+02 1.9965127110e-02 2.0787449554e-02 1.9071754068e-02 5.2070900550e-01 4.7929075368e-01 1.0000000000e-03
1.4700000000e+02 1.9882850349e-02 2.1020079032e-02 1.8642764539e-02 5.2163499534e-01 4.7836476271e-01 1.0000000000e-03
1.4800000000e+02 1.9807752222e-02 2.1169489250e-02 1.8314182758e-02 5.2308728890e-01 4.7691246802e-01 1.0000000000e-03
1.4900000000e+02 1.9732218236e-02 2.1152323112e-02 1.8165295944e-02 5.2457713235e-01 4.7542262344e-01 1.0000000000e-03
1.5000000000e+02 1.9649852067e-02 2.0919632167e-02 1.8243400380e-02 5.2553618862e-01 4.7446356606e-01 1.0000000000e-03
1.5100000000e+02 1.9562542439e-02 2.0513303578e-02 1.8509389833e-02 5.2555018241e-01 4.7444957117e-01 1.0000000000e-03
1.5200000000e+02 1.9477810711e-02 2.0045470446e-02 1.8851589411e-02 5.2452981838e-01 4.7546993414e-01 1.0000000000e-03
1.5300000000e+02 1.9399862736e-02 1.9627979025e-02 1.9150067121e-02 5.2269303801e-01 4.7730671347e-01 1.0000000000e-03
1.5400000000e+02 1.9325107336e-02 1.9343730062e-02 1.9304901361e-02 5.2047395421e-01 4.7952579624e-01 1.0000000000e-03
1.5500000000e+02 1.9246924669e-02 1.9251521677e-02 1.9241983071e-02 5.1843893569e-01 4.8156081374e-01 1.0000000000e-03
1.5600000000e+02 1.9164031371e-02 1.9362701103e-02 1.8951274455e-02 5.1713194352e-01 4.8286780487e-01 1.0000000000e-03
1.5700000000e+02 1.9082674757e-02 1.9612433389e-02 1.8515959382e-02 5.1685660642e-01 4.8314314090e-01 1.0000000000e-03
1.5800000000e+02 1.9009128213e-02 1.9886735827e-02 1.8067615107e-02 5.1756739071e-01 4.8243235553e-01 1.0000000000e-03
1.5900000000e+02 1.8942266703e-02 2.0071312785e-02 1.7724445090e-02 5.1891530836e-01 4.8108443680e-01 1.0000000000e-03
1.6000000000e+02 1.8874492496e-02 2.0076930523e-02 1.7570015043e-02 5.2035327050e-01 4.7964647358e-01 1.0000000000e-03
1.6100000000e+02 1.8800791353e-02 1.9870297983e-02 1.7636135221e-02 5.2129630206e-01 4.7870344095e-01 1.0000000000e-03
1.6200000000e+02 1.8723975867e-02 1.9500512630e-02 1.7878219485e-02 5.2133673303e-01 4.7866300892e-01 1.0000000000e-03
1.6300000000e+02 1.8650636077e-02 1.9072385505e-02 1.8193051219e-02 5.2038287154e-01 4.7961686938e-01 1.0000000000e-03
1.6400000000e+02 1.8582575023e-02 1.8698265776e-02 1.8457921222e-02 5.1866799552e-01 4.8133174440e-01 1.0000000000e-03
1.6500000000e+02 1.8514705822e-02 1.8472226337e-02 1.8560126424e-02 5.1668250237e-01 4.8331723655e-01 1.0000000000e-03
1.6600000000e+02 1.8442563713e-02 1.8446659669e-02 1.8438225612e-02 5.1502567152e-01 4.8497406640e-01 1.0000000000e-03
1.6700000000e+02 1.8368616700e-02 1.8600327894e-02 1.8123399466e-02 5.1417243701e-01 4.8582729989e-01 1.0000000000e-03
1.6800000000e+02 1.8299460411e-02 1.8841838464e-02 1.7725192010e-02 5.1428202791e-01 4.8571770795e-01 1.0000000000e-03
1.6900000000e+02 1.8237147480e-02 1.9055606797e-02 1.7367478460e-02 5.1517119865e-01 4.8482853617e-01 1.0000000000e-03
1.7000000000e+02 1.8176149577e-02 1.9139871001e-02 1.7147077248e-02 5.1639994652e-01 4.8359978726e-01 1.0000000000e-03
1.7100000000e+02 1.8110362813e-02 1.9031886011e-02 1.7122395337e-02 5.1740069049e-01 4.8259904225e-01 1.0000000000e-03
1.7200000000e+02 1.8040770665e-02 1.8744608387e-02 1.7285324633e-02 5.1768570618e-01 4.8231402553e-01 1.0000000000e-03
1.7300000000e+02 1.7973847687e-02 1.8370760605e-02 1.7548901960e-02 5.1706114466e-01 4.8293858604e-01 1.0000000000e-03
1.7400000000e+02 1.7912518233e-02 1.8030568957e-02 1.7786828801e-02 5.1569527000e-01 4.8430445971e-01 1.0000000000e-03
1.7500000000e+02 1.7852202058e-02 1.7820144072e-02 1.7886122689e-02 5.1403333821e-01 4.8596639052e-01 1.0000000000e-03
1.7600000000e+02 1.7787415534e-02 1.7789471895e-02 1.7785260454e-02 5.1263590948e-01 4.8736381827e-01 1.0000000000e-03
1.7700000000e+02 1.7719998956e-02 1.7925964668e-02 1.7503943294e-02 5.1196787647e-01 4.8803185028e-01 1.0000000000e-03
1.7800000000e+02 1.7656899989e-02 1.8148565665e-02 1.7140652984e-02 5.1219914877e-01 4.8780057697e-01 1.0000000000e-03
1.7900000000e+02 1.7600594088e-02 1.8337754533e-02 1.6823675483e-02 5.1313225869e-01 4.8686746603e-01 1.0000000000e-03
1.8000000000e+02 1.7545361072e-02 1.8385887146e-02 1.6655391082e-02 5.1428824294e-01 4.8571148078e-01 1.0000000000e-03
1.8100000000e+02 1.7484862357e-02 1.8239181489e-02 1.6683617607e-02 5.1508655031e-01 4.8491317240e-01 1.0000000000e-03
1.8200000000e+02 1.7420977354e-02 1.7927953973e-02 1.6882481053e-02 5.1507954646e-01 4.8492017525e-01 1.0000000000e-03
1.8300000000e+02 1.7360674217e-02 1.7557660118e-02 1.7152220011e-02 5.1415561860e-01 4.8584410213e-01 1.0000000000e-03
1.8400000000e+02 1.7305791378e-02 1.7252486199e-02 1.7361858860e-02 5.1258205486e-01 4.8741766491e-01 1.0000000000e-03
1.8500000000e+02 1.7250575125e-02 1.7105555162e-02 1.7402065918e-02 5.1089420418e-01 4.8910551463e-01 1.0000000000e-03
1.8600000000e+02 1.7190493643e-02 1.7153939232e-02 1.7228502780e-02 5.0969633666e-01 4.9030338119e-01 1.0000000000e-03
1.8700000000e+02 1.7129354179e-02 1.7358928919e-02 1.6890984029e-02 5.0940982116e-01 4.9058989571e-01 1.0000000000e-03
1.8800000000e+02 1.7074026167e-02 1.7609737813e-02 1.6516299918e-02 5.1007088201e-01 4.8992883386e-01 1.0000000000e-03
1.8900000000e+02 1.7024222761e-02 1.7772238702e-02 1.6241580248e-02 5.1131383225e-01 4.8868588264e-01 1.0000000000e-03
1.9000000000e+02 1.6972392797e-02 1.7749195918e-02 1.6155658290e-02 5.1253244757e-01 4.8746726634e-01 1.0000000000e-03
1.9100000000e+02 1.6914824024e-02 1.7519654706e-02 1.6277413815e-02 5.1311698132e-01 4.8688273161e-01 1.0000000000e-03
1.9200000000e+02 1.6856852919e-02 1.7154805362e-02 1.6543366015e-02 5.1271249735e-01 4.8728721461e-01 1.0000000000e-03
1.9300000000e+02 1.6804644838e-02 1.6788054258e-02 1.6822019592e-02 5.1139070425e-01 4.8860900676e-01 1.0000000000e-03
1.9400000000e+02 1.6755690798e-02 1.6549130902e-02 1.6970366240e-02 5.0962327533e-01 4.9037643474e-01 1.0000000000e-03
1.9500000000e+02 1.6702927649e-02 1.6512785107e-02 1.6899324954e-02 5.0808249027e-01 4.9191721886e-01 1.0000000000e-03
1.9600000000e+02 1.6646064818e-02 1.6673302278e-02 1.6618026420e-02 5.0735724460e-01 4.9264246358e-01 1.0000000000e-03
1.9700000000e+02 1.6592504457e-02 1.6940204427e-02 1.6233958304e-02 5.0768595682e-01 4.9231375041e-01 1.0000000000e-03
1.9800000000e+02 1.6545804217e-02 1.7171401531e-02 1.5897689387e-02 5.0884318027e-01 4.9115652599e-01 1.0000000000e-03
1.9900000000e+02 1.6500024125e-02 1.7237206921e-02 1.5732020140e-02 5.1024156108e-01 4.8975814423e-01 1.0000000000e-03
2.0000000000e+02 1.6448499635e-02 1.7079785466e-02 1.5788342804e-02 5.1118197116e-01 4.8881773319e-01 1.0000000000e-03
2.0100000000e+02 1.6394302249e-02 1.6745183617e-02 1.6027413309e-02 5.1115883540e-01 4.8884086800e-01 1.0000000000e-03
2.0200000000e+02 1.6344895586e-02 1.6364550218e-02 1.6324440017e-02 5.1010428778e-01 4.8989541469e-01 1.0000000000e-03
2.0300000000e+02 1.6300350428e-02 1.6085507348e-02 1.6522565857e-02 5.0842367470e-01 4.9157602685e-01 1.0000000000e-03
2.0400000000e+02 1.6253087670e-02 1.6005124897e-02 1.6507906839e-02 5.0680809145e-01 4.9319160920e-01 1.0000000000e-03
2.0500000000e+02 1.6200773418e-02 1.6136940569e-02 1.6266150400e-02 5.0592788807e-01 4.9407181165e-01 1.0000000000e-03
2.0600000000e+02 1.6150448471e-02 1.6401194036e-02 1.5893498436e-02 5.0612111920e-01 4.9387857958e-01 1.0000000000e-03
2.0700000000e+02 1.6107162461e-02 1.6650693491e-02 1.5547706746e-02 5.0722178865e-01 4.9277790919e-01 1.0000000000e-03
2.0800000000e+02 1.6065595672e-02 1.6739854589e-02 1.5367646702e-02 5.0863648965e-01 4.9136320727e-01 1.0000000000e-03
2.0900000000e+02 1.6018312424e-02 1.6599088907e-02 1.5414751135e-02 5.0962255225e-01 4.9037714374e-01 1.0000000000e-03
2.1000000000e+02 1.5967879444e-02 1.6272161156e-02 1.5651654452e-02 5.0963213654e-01 4.9036755853e-01 1.0000000000e-03
2.1100000000e+02 1.5922538936e-02 1.5895567834e-02 1.5950461850e-02 5.0858272062e-01 4.9141697354e-01 1.0000000000e-03
2.1200000000e+02 1.5882190317e-02 1.5626201406e-02 1.6145361587e-02 5.0690741287e-01 4.9309228040e-01 1.0000000000e-03
2.1300000000e+02 1.5838667750e-02 1.5566588379e-02 1.6116643324e-02 5.0534860235e-01 4.9465109003e-01 1.0000000000e-03
2.1400000000e+02 1.5789907426e-02 1.5725357458e-02 1.5855671838e-02 5.0460740885e-01 4.9539228263e-01 1.0000000000e-03
2.1500000000e+02 1.5743896365e-02 1.6008384526e-02 1.5474081039e-02 5.0499522494e-01 4.9500446562e-01 1.0000000000e-03
2.1600000000e+02 1.5705181286e-02 1.6253855079e-02 1.5142590739e-02 5.0626541548e-01 4.9373427418e-01 1.0000000000e-03
2.1700000000e+02 1.5666868538e-02 1.6312997788e-02 1.5000442043e-02 5.0773469179e-01 4.9226499697e-01 1.0000000000e-03
2.1800000000e+02 1.5621944331e-02 1.6128972173e-02 1.5097150579e-02 5.0861338300e-01 4.9138630486e-01 1.0000000000e-03
2.1900000000e+02 1.5575449914e-02 1.5770394355e-02 1.5373861417e-02 5.0838863530e-01 4.9161105166e-01 1.0000000000e-03
2.2000000000e+02 1.5535341576e-02 1.5397144482e-02 1.5677528456e-02 5.0709861033e-01 4.9290107575e-01 1.0000000000e-03
2.2100000000e+02 1.5498884022e-02 1.5172154643e-02 1.5832655132e-02 5.0532357541e-01 4.9467610982e-01 1.0000000000e-03
2.2200000000e+02 1.5457225032e-02 1.5184058808e-02 1.5734696761e-02 5.0390074255e-01 4.9609894181e-01 1.0000000000e-03
2.2300000000e+02 1.5411547385e-02 1.5410304070e-02 1.5412817709e-02 5.0350657455e-01 4.9649310893e-01 1.0000000000e-03
2.2400000000e+02 1.5371214598e-02 1.5720449388e-02 1.5015929006e-02 5.0430196974e-01 4.9569771286e-01 1.0000000000e-03
2.2500000000e+02 1.5337441117e-02 1.5933217481e-02 1.4727597125e-02 5.0583781636e-01 4.9416186537e-01 1.0000000000e-03
2.2600000000e+02 1.5300515108e-02 1.5911635011e-02 1.4671341516e-02 5.0728176915e-01 4.9271791170e-01 1.0000000000e-03
2.2700000000e+02 1.5256913379e-02 1.5640776604e-02 1.4860842377e-02 5.0783208826e-01 4.9216759172e-01 1.0000000000e-03
2.2800000000e+02 1.5215568244e-02 1.5242292546e-02 1.5188079327e-02 5.0713794046e-01 4.9286173867e-01 1.0000000000e-03
2.2900000000e+02 1.5181662515e-02 1.4903649688e-02 1.5465866774e-02 5.0549850293e-01 4.9450117536e-01 1.0000000000e-03
2.3000000000e+02 1.5147207305e-02 1.4775585383e-02 1.5524399467e-02 5.0371296912e-01 4.9628670833e-01 1.0000000000e-03
2.3100000000e+02 1.5105750412e-02 1.4904873446e-02 1.5308798291e-02 5.0267320874e-01 4.9732646786e-01 1.0000000000e-03
2.3200000000e+02 1.5064512379e-02 1.5210578218e-02 1.4916756190e-02 5.0289350474e-01 4.9710617101e-01 1.0000000000e-03
2.3300000000e+02 1.5031632036e-02 1.5513279475e-02 1.4541795477e-02 5.0422031007e-01 4.9577936484e-01 1.0000000000e-03
2.3400000000e+02 1.5000803396e-02 1.5627084300e-02 1.4359545894e-02 5.0591176760e-01 4.9408790647e-01 1.0000000000e-03
2.3500000000e+02 1.4962635003e-02 1.5463806689e-02 1.4447201043e-02 5.0701995736e-01 4.9297971587e-01 1.0000000000e-03
2.3600000000e+02 1.4921712689e-02 1.5091808513e-02 1.4746868983e-02 5.0689595208e-01 4.9310372031e-01 1.0000000000e-03
2.3700000000e+02 1.4888232574e-02 1.4695533551e-02 1.5085268766e-02 5.0555200062e-01 4.9444767096e-01 1.0000000000e-03
2.3800000000e+02 1.4858763665e-02 1.4466142282e-02 1.5257196501e-02 5.0366608876e-01 4.9633358202e-01 1.0000000000e-03
2.3900000000e+02 1.4822721481e-02 1.4505892992e-02 1.5142393298e-02 5.0222604500e-01 4.9777362496e-01 1.0000000000e-03
2.4000000000e+02 1.4782613143e-02 1.4779584482e-02 1.4785677195e-02 5.0199311976e-01 4.9800654939e-01 1.0000000000e-03
2.4100000000e+02 1.4749791473e-02 1.5124061145e-02 1.4370906167e-02 5.0307054207e-01 4.9692912626e-01 1.0000000000e-03
2.4200000000e+02 1.4722948894e-02 1.5327687375e-02 1.4106403105e-02 5.0483807865e-01 4.9516158887e-01 1.0000000000e-03
2.4300000000e+02 1.4690160751e-02 1.5249578282e-02 1.4116513543e-02 5.0628345898e-01 4.9371620774e-01 1.0000000000e-03
2.4400000000e+02 1.4651186764e-02 1.4912106097e-02 1.4383341186e-02 5.0655756513e-01 4.9344210078e-01 1.0000000000e-03
2.4500000000e+02 1.4618121088e-02 1.4488882385e-02 1.4750221744e-02 5.0545489125e-01 4.9454477387e-01 1.0000000000e-03
2.4600000000e+02 1.4592165127e-02 1.4196636155e-02 1.4993352816e-02 5.0354467672e-01 4.9645498762e-01 1.0000000000e-03
2.4700000000e+02 1.4560978860e-02 1.4177478850e-02 1.4947365969e-02 5.0186849067e-01 4.9813117291e-01 1.0000000000e-03
2.4800000000e+02 1.4523013495e-02 1.4427928254e-02 1.4618624002e-02 5.0135336567e-01 4.9864629712e-01 1.0000000000e-03
2.4900000000e+02 1.4490894973e-02 1.4797274023e-02 1.4181716368e-02 5.0228008723e-01 4.9771957478e-01 1.0000000000e-03
2.5000000000e+02 1.4467073604e-02 1.5056476928e-02 1.3867919333e-02 5.0410665412e-01 4.9589300712e-01 1.0000000000e-03
2.5100000000e+02 1.4438621700e-02 1.5029212460e-02 1.3834259473e-02 5.0576597976e-01 4.9423368071e-01 1.0000000000e-03
2.5200000000e+02 1.4401957393e-02 1.4709629118e-02 1.4086479321e-02 5.0627136753e-01 4.9372829216e-01 1.0000000000e-03
2.5300000000e+02 1.4370198362e-02 1.4266786166e-02 1.4475828968e-02 5.0528056740e-01 4.9471909153e-01 1.0000000000e-03
2.5400000000e+02 1.4347156510e-02 1.3939473778e-02 1.4760304242e-02 5.0332246445e-01 4.9667719374e-01 1.0000000000e-03
2.5500000000e+02 1.4319687150e-02 1.3894450851e-02 1.4747494832e-02 5.0150104947e-01 4.9849860799e-01 1.0000000000e-03
2.5600000000e+02 1.4283871278e-02 1.4145006426e-02 1.4423226938e-02 5.0086398684e-01 4.9913566987e-01 1.0000000000e-03
2.5700000000e+02 1.4253483154e-02 1.4538219199e-02 1.3966721483e-02 5.0178002406e-01 4.9821963190e-01 1.0000000000e-03
2.5800000000e+02 1.4232651331e-02 1.4827105217e-02 1.3629327528e-02 5.0370658493e-01 4.9629307029e-01 1.0000000000e-03
2.5900000000e+02 1.4207193628e-02 1.4814171009e-02 1.3586731628e-02 5.0549682422e-01 4.9450283027e-01 1.0000000000e-03
2.6000000000e+02 1.4172475785e-02 1.4485137537e-02 1.3852147385e-02 5.0606400943e-01 4.9393564432e-01 1.0000000000e-03
2.6100000000e+02 1.4142988250e-02 1.4022699557e-02 1.4265730977e-02 5.0502803122e-01 4.9497162181e-01 1.0000000000e-03
2.6200000000e+02 1.4123160392e-02 1.3685430400e-02 1.4566126280e-02 5.0296654307e-01 4.9703310926e-01 1.0000000000e-03
2.6300000000e+02 1.4097958803e-02 1.3652387075e-02 1.4545481652e-02 5.0108625088e-01 4.9891340075e-01 1.0000000000e-03
2.6400000000e+02 1.4063756913e-02 1.3931812719e-02 1.4195980504e-02 5.0050802320e-01 4.9949162771e-01 1.0000000000e-03
2.6500000000e+02 1.4036364853e-02 1.4351896010e-02 1.3718835078e-02 5.0158482013e-01 4.9841483006e-01 1.0000000000e-03
2.6600000000e+02 1.4018900692e-02 1.4642544091e-02 1.3386049308e-02 5.0366777121e-01 4.9633187829e-01 1.0000000000e-03
2.6700000000e+02 1.3994829729e-02 1.4599920250e-02 1.3376317918e-02 5.0548783545e-01 4.9451181336e-01 1.0000000000e-03
2.6800000000e+02 1.3961439952e-02 1.4230117202e-02 1.3686340302e-02 5.0591296972e-01 4.9408667839e-01 1.0000000000e-03
2.6900000000e+02 1.3935698196e-02 1.3748297468e-02 1.4126622118e-02 5.0464304386e-01 4.9535660356e-01 1.0000000000e-03
2.7000000000e+02 1.3919200748e-02 1.3432420790e-02 1.4410728589e-02 5.0242190257e-01 4.9757774419e-01 1.0000000000e-03
2.7100000000e+02 1.3894522563e-02 1.3455120847e-02 1.4334985055e-02 5.0059664189e-01 4.9940300421e-01 1.0000000000e-03
2.7200000000e+02 1.3861655258e-02 1.3795472682e-02 1.3927926309e-02 5.0029807558e-01 4.9970156985e-01 1.0000000000e-03
2.7300000000e+02 1.3838939369e-02 1.4240154997e-02 1.3434957713e-02 5.0172298114e-01 4.9827666361e-01 1.0000000000e-03
2.7400000000e+02 1.3824674301e-02 1.4495547861e-02 1.3142996468e-02 5.0399752120e-01 4.9600212289e-01 1.0000000000e-03
2.7500000000e+02 1.3799972832e-02 1.4373571612e-02 1.3213152066e-02 5.0570097122e-01 4.9429867222e-01 1.0000000000e-03
2.7600000000e+02 1.3768043369e-02 1.3935063034e-02 1.3597149402e-02 5.0574452530e-01 4.9425511746e-01 1.0000000000e-03
2.7700000000e+02 1.3747822493e-02 1.3445358723e-02 1.4055251144e-02 5.0406118428e-01 4.9593845785e-01 1.0000000000e-03
2.7800000000e+02 1.3733921573e-02 1.3193398714e-02 1.4278102666e-02 5.0168081344e-01 4.9831882808e-01 1.0000000000e-03
2.7900000000e+02 1.3707524166e-02 1.3319933787e-02 1.4095278457e-02 5.0009863692e-01 4.9990100397e-01 1.0000000000e-03
2.8000000000e+02 1.3677055016e-02 1.3743101619e-02 1.3610931113e-02 5.0033034722e-01 4.9966929302e-01 1.0000000000e-03
2.8100000000e+02 1.3660951518e-02 1.4192553237e-02 1.3124549761e-02 5.0225211913e-01 4.9774752048e-01 1.0000000000e-03
2.8200000000e+02 1.3648110442e-02 1.4357919805e-02 1.2924975716e-02 5.0465297300e-01 4.9534666600e-01 1.0000000000e-03
2.8300000000e+02 1.3620678335e-02 1.4107952826e-02 1.3121576980e-02 5.0599888120e-01 4.9400075717e-01 1.0000000000e-03
2.8400000000e+02 1.3592270203e-02 1.3591505587e-02 1.3593060896e-02 5.0539611404e-01 4.9460352371e-01 1.0000000000e-03
2.8500000000e+02 1.3579195365e-02 1.3131316751e-02 1.4032850042e-02 5.0319706842e-01 4.9680256874e-01 1.0000000000e-03
2.8600000000e+02 1.3564828783e-02 1.3001807965e-02 1.4129663818e-02 5.0079884286e-01 4.9920079373e-01 1.0000000000e-03
2.8700000000e+02 1.3535391539e-02 1.3275220059e-02 1.3795320876e-02 4.9975830059e-01 5.0024133540e-01 1.0000000000e-03
2.8800000000e+02 1.3510739431e-02 1.3779244386e-02 1.3241408393e-02 5.0077768297e-01 4.9922195241e-01 1.0000000000e-03
2.8900000000e+02 1.3501809910e-02 1.4177650213e-02 1.2817218900e-02 5.0321969131e-01 4.9677994349e-01 1.0000000000e-03
2.9000000000e+02 1.3486078009e-02 1.4182273299e-02 1.2774380855e-02 5.0550910324e-01 4.9449053099e-01 1.0000000000e-03
2.9100000000e+02 1.3455820270e-02 1.3769014739e-02 1.3134851120e-02 5.0613674730e-01 4.9386288633e-01 1.0000000000e-03
2.9200000000e+02 1.3435408473e-02 1.3205241412e-02 1.3669914566e-02 5.0465855111e-01 4.9534108195e-01 1.0000000000e-03
2.9300000000e+02 1.3428205624e-02 1.2845365331e-02 1.4015771449e-02 5.0201405462e-01 4.9798557791e-01 1.0000000000e-03
2.9400000000e+02 1.3408362865e-02 1.2907885015e-02 1.3908743858e-02 4.9994651513e-01 5.0005311685e-01 1.0000000000e-03
2.9500000000e+02 1.3378169388e-02 1.3348849490e-02 1.3407480903e-02 4.9984227948e-01 5.0015735193e-01 1.0000000000e-03
2.9600000000e+02 1.3364264742e-02 1.3884694315e-02 1.2840058655e-02 5.0181246673e-01 4.9818716412e-01 1.0000000000e-03
2.9700000000e+02 1.3358524069e-02 1.4135516249e-02 1.2567212805e-02 5.0456779791e-01 4.9543183240e-01 1.0000000000e-03
2.9800000000e+02 1.3334962539e-02 1.3908291236e-02 1.2747035362e-02 5.0628927963e-01 4.9371035014e-01 1.0000000000e-03
2.9900000000e+02 1.3307117857e-02 1.3341467828e-02 1.3271973468e-02 5.0579089535e-01 4.9420873386e-01 1.0000000000e-03
3.0000000000e+02 1.3298673555e-02 1.2815346941e-02 1.3788595796e-02 5.0338264369e-01 4.9661698501e-01 1.0000000000e-03
3.0100000000e+02 1.3290135190e-02 1.2655192055e-02 1.3926749118e-02 5.0065259278e-01 4.9934703544e-01 1.0000000000e-03
3.0200000000e+02 1.3261999935e-02 1.2966540642e-02 1.3556850143e-02 4.9947450580e-01 5.0052512189e-01 1.0000000000e-03
3.0300000000e+02 1.3239647262e-02 1.3539312407e-02 1.2939199805e-02 5.0066024271e-01 4.9933938444e-01 1.0000000000e-03
3.0400000000e+02 1.3237291016e-02 1.3995709829e-02 1.2468249537e-02 5.0348012393e-01 4.9651950272e-01 1.0000000000e-03
3.0500000000e+02 1.3224762864e-02 1.3972266577e-02 1.2459127232e-02 5.0599448192e-01 4.9400514424e-01 1.0000000000e-03
3.0600000000e+02 1.3194726780e-02 1.3495956548e-02 1.2885507196e-02 5.0655198075e-01 4.9344764488e-01 1.0000000000e-03
3.0700000000e+02 1.3179821894e-02 1.2850911357e-02 1.3514901511e-02 5.0463757647e-01 4.9536204867e-01 1.0000000000e-03
3.0800000000e+02 1.3179186732e-02 1.2521365657e-02 1.3841426931e-02 5.0167015619e-01 4.9832946850e-01 1.0000000000e-03
3.0900000000e+02 1.3160045259e-02 1.2630416080e-02 1.3688611798e-02 4.9949279786e-01 5.0050682637e-01 1.0000000000e-03
3.1000000000e+02 1.3133693486e-02 1.3237244450e-02 1.3030176982e-02 4.9993765153e-01 5.0006197221e-01 1.0000000000e-03
3.1100000000e+02 1.3133967295e-02 1.3743503019e-02 1.2518868782e-02 5.0227540422e-01 4.9772421906e-01 1.0000000000e-03
3.1200000000e+02 1.3146858662e-02 1.4080693945e-02 1.2191714719e-02 5.0564283016e-01 4.9435679273e-01 1.0000000000e-03
3.1300000000e+02 1.3155593537e-02 1.3538734056e-02 1.2762283906e-02 5.0655461141e-01 4.9344501118e-01 1.0000000000e-03
3.1400000000e+02 1.3222699985e-02 1.3254825957e-02 1.3189799152e-02 5.0602208032e-01 4.9397754220e-01 1.0000000000e-03
3.1500000000e+02 1.3450521976e-02 1.2447948568e-02 1.4459870756e-02 5.0168130950e-01 4.9831831360e-01 1.0000000000e-03
3.1600000000e+02 1.3986455277e-02 1.3581461273e-02 1.4391565695e-02 5.0006515125e-01 4.9993447379e-01 1.0000000000e-03
3.1700000000e+02 1.5165807679e-02 1.3866884634e-02 1.6443146393e-02 4.9580877095e-01 5.0419085860e-01 1.0000000000e-03
3.1800000000e+02 1.7216527835e-02 1.7676562071e-02 1.6760978848e-02 4.9755721780e-01 5.0244241975e-01 1.0000000000e-03
3.1900000000e+02 1.8993718550e-02 1.7377395183e-02 2.0569175482e-02 4.9359585978e-01 5.0640378767e-01 1.0000000000e-03
3.2000000000e+02 1.8037095666e-02 1.8410736695e-02 1.7670484260e-02 4.9526207366e-01 5.0473758132e-01 1.0000000000e-03
3.2100000000e+02 1.4427552000e-02 1.4372112229e-02 1.4482023194e-02 4.9554538939e-01 5.0445426543e-01 1.0000000000e-03
3.2200000000e+02 1.3065673411e-02 1.3262589462e-02 1.2871315703e-02 4.9673942516e-01 5.0326022592e-01 1.0000000000e-03
3.2300000000e+02 1.5180336311e-02 1.4914388768e-02 1.5442278236e-02 4.9619598783e-01 5.0380366520e-01 1.0000000000e-03
3.2400000000e+02 1.6175687313e-02 1.4378077351e-02 1.7910476774e-02 4.9110632632e-01 5.0889333044e-01 1.0000000000e-03
3.2500000000e+02 1.4143785462e-02 1.4279478230e-02 1.4012129046e-02 4.9246816435e-01 5.0753149139e-01 1.0000000000e-03
3.2600000000e+02 1.2964195572e-02 1.3552161865e-02 1.2386800721e-02 4.9546768041e-01 5.0453197119e-01 1.0000000000e-03
3.2700000000e+02 1.4397028834e-02 1.4318104833e-02 1.4474599622e-02 4.9564913392e-01 5.0435051780e-01 1.0000000000e-03
3.2800000000e+02 1.4901196584e-02 1.5769619495e-02 1.4036279172e-02 4.9899191635e-01 5.0100773664e-01 1.0000000000e-03
3.2900000000e+02 1.3350225985e-02 1.3641687110e-02 1.3058558106e-02 5.0018469743e-01 4.9981495281e-01 1.0000000000e-03
3.3000000000e+02 1.3090720400e-02 1.3124922290e-02 1.3056485914e-02 5.0029690506e-01 4.9970274197e-01 1.0000000000e-03
3.3100000000e+02 1.4196548611e-02 1.4047736302e-02 1.4345219359e-02 4.9974332941e-01 5.0025631769e-01 1.0000000000e-03
3.3200000000e+02 1.3849532232e-02 1.2976549566e-02 1.4710862190e-02 4.9663702803e-01 5.0336261825e-01 1.0000000000e-03
3.3300000000e+02 1.2899365276e-02 1.2898764573e-02 1.2899966910e-02 4.9697097562e-01 5.0302866727e-01 1.0000000000e-03
3.3400000000e+02 1.3329959475e-02 1.3811004348e-02 1.2850700878e-02 4.9907476270e-01 5.0092487839e-01 1.0000000000e-03
3.3500000000e+02 1.3791747391e-02 1.3863609172e-02 1.3720060699e-02 4.9942747375e-01 5.0057216698e-01 1.0000000000e-03
3.3600000000e+02 1.3147830963e-02 1.4091966674e-02 1.2191928923e-02 5.0309915830e-01 4.9690048031e-01 1.0000000000e-03
3.3700000000e+02 1.2894209474e-02 1.3615651056e-02 1.2156372890e-02 5.0562035035e-01 4.9437928560e-01 1.0000000000e-03
3.3800000000e+02 1.3407880440e-02 1.3185657561e-02 1.3633899391e-02 5.0422263472e-01 4.9577700034e-01 1.0000000000e-03
3.3900000000e+02 1.3293875381e-02 1.3140208088e-02 1.3449545018e-02 5.0321866819e-01 4.9678096576e-01 1.0000000000e-03
3.4000000000e+02 1.2832740322e-02 1.2385790236e-02 1.3281763531e-02 5.0115144037e-01 4.9884819122e-01 1.0000000000e-03
3.4100000000e+02 1.3036622666e-02 1.2556049973e-02 1.3515662402e-02 4.9919594529e-01 5.0080368479e-01 1.0000000000e-03
3.4200000000e+02 1.3249889016e-02 1.3495325111e-02 1.3004262932e-02 5.0020287836e-01 4.9979675097e-01 1.0000000000e-03
3.4300000000e+02 1.2921122834e-02 1.3351400383e-02 1.2487653643e-02 5.0185396829e-01 4.9814565941e-01 1.0000000000e-03
3.4400000000e+02 1.2814979069e-02 1.3581596315e-02 1.2033854611e-02 5.0468966038e-01 4.9530996551e-01 1.0000000000e-03
3.4500000000e+02 1.3067517430e-02 1.3883490115e-02 1.2227062136e-02 5.0739262523e-01 4.9260699977e-01 1.0000000000e-03
3.4600000000e+02 1.2986360118e-02 1.3068866916e-02 1.2901528738e-02 5.0697551435e-01 4.9302410965e-01 1.0000000000e-03
3.4700000000e+02 1.2757796794e-02 1.2600146234e-02 1.2919063680e-02 5.0565308597e-01 4.9434653644e-01 1.0000000000e-03
3.4800000000e+02 1.2865934521e-02 1.2463161722e-02 1.3274415396e-02 5.0351174837e-01 4.9648787295e-01 1.0000000000e-03
3.4900000000e+02 1.2968786061e-02 1.2333329767e-02 1.3606054708e-02 5.0070728777e-01 4.9929233286e-01 1.0000000000e-03
3.5000000000e+02 1.2798905373e-02 1.2820212170e-02 1.2777546421e-02 5.0071987827e-01 4.9927974123e-01 1.0000000000e-03
3.5100000000e+02 1.2728342786e-02 1.3223077171e-02 1.2228442356e-02 5.0260184927e-01 4.9739776900e-01 1.0000000000e-03
3.5200000000e+02 1.2856334448e-02 1.3469545171e-02 1.2231368572e-02 5.0475046220e-01 4.9524915533e-01 1.0000000000e-03
3.5300000000e+02 1.2842868455e-02 1.3675170019e-02 1.1984990910e-02 5.0756878669e-01 4.9243083011e-01 1.0000000000e-03
3.5400000000e+02 1.2708813883e-02 1.3068027794e-02 1.2337557040e-02 5.0824950623e-01 4.9175010953e-01 1.0000000000e-03
3.5500000000e+02 1.2728581205e-02 1.2549487874e-02 1.2912558392e-02 5.0671157211e-01 4.9328804280e-01 1.0000000000e-03
3.5600000000e+02 1.2802922167e-02 1.2373862788e-02 1.3239523396e-02 5.0435053629e-01 4.9564907809e-01 1.0000000000e-03
3.5700000000e+02 1.2742133811e-02 1.2153333984e-02 1.3334718533e-02 5.0159793784e-01 4.9840167587e-01 1.0000000000e-03
3.5800000000e+02 1.2669016607e-02 1.2513029389e-02 1.2825527228e-02 5.0082147965e-01 4.9917813322e-01 1.0000000000e-03
3.5900000000e+02 1.2708854862e-02 1.3134103268e-02 1.2279478833e-02 5.0242074381e-01 4.9757886843e-01 1.0000000000e-03
3.6000000000e+02 1.2737903744e-02 1.3372736052e-02 1.2091045268e-02 5.0469534255e-01 4.9530426919e-01 1.0000000000e-03
3.6100000000e+02 1.2682916597e-02 1.3509318233e-02 1.1831231415e-02 5.0753685754e-01 4.9246275357e-01 1.0000000000e-03
3.6200000000e+02 1.2649111450e-02 1.3114580885e-02 1.2167249806e-02 5.0865669256e-01 4.9134291787e-01 1.0000000000e-03
3.6300000000e+02 1.2676905841e-02 1.2513632886e-02 1.2844918296e-02 5.0713780129e-01 4.9286180867e-01 1.0000000000e-03
3.6400000000e+02 1.2681864202e-02 1.2207379565e-02 1.3165050186e-02 5.0453677533e-01 4.9546283422e-01 1.0000000000e-03
3.6500000000e+02 1.2642986141e-02 1.2043516152e-02 1.3246567920e-02 5.0170457409e-01 4.9829503497e-01 1.0000000000e-03
3.6600000000e+02 1.2624877505e-02 1.2364150025e-02 1.2886136770e-02 5.0050047191e-01 4.9949913664e-01 1.0000000000e-03
3.6700000000e+02 1.2639866211e-02 1.3006371446e-02 1.2270565145e-02 5.0190589383e-01 4.9809371430e-01 1.0000000000e-03
3.6800000000e+02 1.2639824301e-02 1.3341302052e-02 1.1925567873e-02 5.0451684580e-01 4.9548276194e-01 1.0000000000e-03
3.6900000000e+02 1.2616961263e-02 1.3467960991e-02 1.1740079150e-02 5.0749238354e-01 4.9250722376e-01 1.0000000000e-03
3.7000000000e+02 1.2602379546e-02 1.3111104257e-02 1.2075438164e-02 5.0879911552e-01 4.9120049134e-01 1.0000000000e-03
3.7100000000e+02 1.2605954893e-02 1.2472431175e-02 1.2743491679e-02 5.0738170551e-01 4.9261790101e-01 1.0000000000e-03
3.7200000000e+02 1.2606769800e-02 1.2080325745e-02 1.3142867014e-02 5.0453723767e-01 4.9546236855e-01 1.0000000000e-03
3.7300000000e+02 1.2592209503e-02 1.1934218928e-02 1.3254073448e-02 5.0146351892e-01 4.9853608698e-01 1.0000000000e-03
3.7400000000e+02 1.2575669214e-02 1.2266071513e-02 1.2885385193e-02 5.0008597902e-01 4.9991362652e-01 1.0000000000e-03
3.7500000000e+02 1.2574261054e-02 1.2921326794e-02 1.2225170620e-02 5.0146156176e-01 4.9853804347e-01 1.0000000000e-03
3.7600000000e+02 1.2580401264e-02 1.3337941840e-02 1.1809559539e-02 5.0435421980e-01 4.9564538514e-01 1.0000000000e-03
3.7700000000e+02 1.2573055923e-02 1.3463967480e-02 1.1654946953e-02 5.0751968951e-01 4.9247991512e-01 1.0000000000e-03
3.7800000000e+02 1.2553496286e-02 1.3073462993e-02 1.2014740147e-02 5.0887770113e-01 4.9112190318e-01 1.0000000000e-03
3.7900000000e+02 1.2547742575e-02 1.2411205098e-02 1.2688412331e-02 5.0743769726e-01 4.9256190678e-01 1.0000000000e-03
3.8000000000e+02 1.2557264417e-02 1.1963837780e-02 1.3161025941e-02 5.0431143166e-01 4.9568817218e-01 1.0000000000e-03
3.8100000000e+02 1.2552560307e-02 1.1840010062e-02 1.3268081471e-02 5.0103642272e-01 4.9896318090e-01 1.0000000000e-03
3.8200000000e+02 1.2529289350e-02 1.2224354781e-02 1.2833888642e-02 4.9971652676e-01 5.0028307659e-01 1.0000000000e-03
3.8300000000e+02 1.2521815486e-02 1.2890717946e-02 1.2151115574e-02 5.0122158720e-01 4.9877801589e-01 1.0000000000e-03
3.8400000000e+02 1.2536706403e-02 1.3360117562e-02 1.1698635295e-02 5.0441458070e-01 4.9558502217e-01 1.0000000000e-03
3.8500000000e+02 1.2536411174e-02 1.3461282477e-02 1.1582525447e-02 5.0772404239e-01 4.9227556027e-01 1.0000000000e-03
3.8600000000e+02 1.2510826811e-02 1.2988848612e-02 1.2015493587e-02 5.0889798936e-01 4.9110161303e-01 1.0000000000e-03
3.8700000000e+02 1.2500837445e-02 1.2304648757e-02 1.2702777982e-02 5.0721214878e-01 4.9278745339e-01 1.0000000000e-03
3.8800000000e+02 1.2517306954e-02 1.1838063598e-02 1.3206849806e-02 5.0375825194e-01 4.9624135009e-01 1.0000000000e-03
3.8900000000e+02 1.2517610565e-02 1.1772688478e-02 1.3263748027e-02 5.0040462886e-01 4.9959497302e-01 1.0000000000e-03
3.9000000000e+02 1.2490255758e-02 1.2246283703e-02 1.2733642012e-02 4.9938864643e-01 5.0061095523e-01 1.0000000000e-03
3.9100000000e+02 1.2480657548e-02 1.2934631668e-02 1.2024375610e-02 5.0127326315e-01 4.9872633828e-01 1.0000000000e-03
3.9200000000e+02 1.2499850243e-02 1.3425325043e-02 1.1556114070e-02 5.0488711487e-01 4.9511248638e-01 1.0000000000e-03
3.9300000000e+02 1.2501476333e-02 1.3434624299e-02 1.1537231505e-02 5.0819744429e-01 4.9180215679e-01 1.0000000000e-03
3.9400000000e+02 1.2474503368e-02 1.2859230861e-02 1.2075763196e-02 5.0894869954e-01 4.9105090134e-01 1.0000000000e-03
3.9500000000e+02 1.2466063723e-02 1.2150840834e-02 1.2789955363e-02 5.0677254676e-01 4.9322705392e-01 1.0000000000e-03
3.9600000000e+02 1.2484299019e-02 1.1689995416e-02 1.3287872076e-02 5.0289668832e-01 4.9710291226e-01 1.0000000000e-03
3.9700000000e+02 1.2481561862e-02 1.1744077317e-02 1.3218038715e-02 4.9965460391e-01 5.0034499656e-01 1.0000000000e-03
3.9800000000e+02 1.2454468757e-02 1.2330722995e-02 1.2577827089e-02 4.9919310100e-01 5.0080649927e-01 1.0000000000e-03
3.9900000000e+02 1.2452186085e-02 1.3052800670e-02 1.1847496964e-02 5.0169402949e-01 4.9830557060e-01 1.0000000000e-03
4.0000000000e+02 1.2472726405e-02 1.3517376035e-02 1.1403712444e-02 5.0576531760e-01 4.9423428235e-01 1.0000000000e-03
4.0100000000e+02 1.2465592474e-02 1.3357540593e-02 1.1541564018e-02 5.0883543474e-01 4.9116416506e-01 1.0000000000e-03
4.0200000000e+02 1.2437903322e-02 1.2675972655e-02 1.2191188522e-02 5.0892661840e-01 4.9107298120e-01 1.0000000000e-03
4.0300000000e+02 1.2441052124e-02 1.1940754019e-02 1.2953515165e-02 5.0599981222e-01 4.9399978725e-01 1.0000000000e-03
4.0400000000e+02 1.2461559847e-02 1.1553423479e-02 1.3376065530e-02 5.0174421792e-01 4.9825538149e-01 1.0000000000e-03
4.0500000000e+02 1.2447036803e-02 1.1781559326e-02 1.3109606691e-02 4.9890206889e-01 5.0109753040e-01 1.0000000000e-03
4.0600000000e+02 1.2418889441e-02 1.2479040772e-02 1.2358928099e-02 4.9925363423e-01 5.0074596487e-01 1.0000000000e-03
4.0700000000e+02 1.2429889292e-02 1.3243447989e-02 1.1607770808e-02 5.0261918893e-01 4.9738041003e-01 1.0000000000e-03
4.0800000000e+02 1.2451907620e-02 1.3583269902e-02 1.1288565584e-02 5.0697030592e-01 4.9302929293e-01 1.0000000000e-03
4.0900000000e+02 1.2432640418e-02 1.3212982565e-02 1.1622157879e-02 5.0947602357e-01 4.9052357513e-01 1.0000000000e-03
4.1000000000e+02 1.2406342663e-02 1.2422271073e-02 1.2389867567e-02 5.0859369872e-01 4.9140589980e-01 1.0000000000e-03
4.1100000000e+02 1.2422526255e-02 1.1688661762e-02 1.3170490041e-02 5.0475386175e-01 4.9524573670e-01 1.0000000000e-03
4.1200000000e+02 1.2439435348e-02 1.1472607031e-02 1.3407779858e-02 5.0038950460e-01 4.9961009381e-01 1.0000000000e-03
4.1300000000e+02 1.2412276119e-02 1.1902467348e-02 1.2918647379e-02 4.9830352758e-01 5.0169607070e-01 1.0000000000e-03
4.1400000000e+02 1.2391991913e-02 1.2729923241e-02 1.2054291554e-02 4.9983618233e-01 5.0016341578e-01 1.0000000000e-03
4.1500000000e+02 1.2417554855e-02 1.3469015248e-02 1.1348610744e-02 5.0412451511e-01 4.9587508290e-01 1.0000000000e-03
4.1600000000e+02 1.2429920956e-02 1.3568758033e-02 1.1252275668e-02 5.0837841122e-01 4.9162118670e-01 1.0000000000e-03
4.1700000000e+02 1.2396797538e-02 1.2976324186e-02 1.1793801561e-02 5.0992754253e-01 4.9007205522e-01 1.0000000000e-03
4.1800000000e+02 1.2383182533e-02 1.2075104751e-02 1.2700872496e-02 5.0767191681e-01 4.9232768080e-01 1.0000000000e-03
4.1900000000e+02 1.2413143180e-02 1.1452135630e-02 1.3385810889e-02 5.0301212379e-01 4.9698747380e-01 1.0000000000e-03
4.2000000000e+02 1.2415057980e-02 1.1481341906e-02 1.3344900683e-02 4.9895768935e-01 5.0104190820e-01 1.0000000000e-03
4.2100000000e+02 1.2376965024e-02 1.2143927626e-02 1.2608269230e-02 4.9812392001e-01 5.0187567739e-01 1.0000000000e-03
4.2200000000e+02 1.2375892140e-02 1.3081509620e-02 1.1666975915e-02 5.0116932537e-01 4.9883027188e-01 1.0000000000e-03
4.2300000000e+02 1.2410837226e-02 1.3647167943e-02 1.1143971235e-02 5.0610094199e-01 4.9389865520e-01 1.0000000000e-03
4.2400000000e+02 1.2402094901e-02 1.3446876779e-02 1.1315573938e-02 5.0979432325e-01 4.9020527383e-01 1.0000000000e-03
4.2500000000e+02 1.2363066897e-02 1.2596611865e-02 1.2120214291e-02 5.0977858137e-01 4.9022101555e-01 1.0000000000e-03
4.2600000000e+02 1.2373887934e-02 1.1686427519e-02 1.3078032061e-02 5.0599102335e-01 4.9400857349e-01 1.0000000000e-03
4.2700000000e+02 1.2406106107e-02 1.1287485249e-02 1.3528666459e-02 5.0087633308e-01 4.9912326378e-01 1.0000000000e-03
4.2800000000e+02 1.2382056564e-02 1.1628787033e-02 1.3128615916e-02 4.9775962948e-01 5.0223996731e-01 1.0000000000e-03
4.2900000000e+02 1.2347692624e-02 1.2545538135e-02 1.2150817551e-02 4.9878279339e-01 5.0121680322e-01 1.0000000000e-03
4.3000000000e+02 1.2374838814e-02 1.3452405110e-02 1.1283008382e-02 5.0328969616e-01 4.9670990037e-01 1.0000000000e-03
4.3100000000e+02 1.2401774526e-02 1.3726267032e-02 1.1032016948e-02 5.0840181244e-01 4.9159778405e-01 1.0000000000e-03
4.3200000000e+02 1.2365382165e-02 1.3130088337e-02 1.1567156762e-02 5.1072579168e-01 4.8927380466e-01 1.0000000000e-03
4.3300000000e+02 1.2340736575e-02 1.2103602290e-02 1.2586255558e-02 5.0867576041e-01 4.9132383580e-01 1.0000000000e-03
4.3400000000e+02 1.2378506362e-02 1.1325557716e-02 1.3446427882e-02 5.0352738237e-01 4.9647221385e-01 1.0000000000e-03
4.3500000000e+02 1.2389866635e-02 1.1270809919e-02 1.3502995484e-02 4.9866949317e-01 5.0133010306e-01 1.0000000000e-03
4.3600000000e+02 1.2342393398e-02 1.1985928752e-02 1.2695132755e-02 4.9736578694e-01 5.0263380915e-01 1.0000000000e-03
4.3700000000e+02 1.2336604297e-02 1.3055476360e-02 1.1616168544e-02 5.0054611394e-01 4.9945348201e-01 1.0000000000e-03
4.3800000000e+02 1.2383826077e-02 1.3769324869e-02 1.0963752866e-02 5.0616318017e-01 4.9383641576e-01 1.0000000000e-03
4.3900000000e+02 1.2377465144e-02 1.3571475632e-02 1.1132322252e-02 5.1048363828e-01 4.8951595757e-01 1.0000000000e-03
4.4000000000e+02 1.2327400036e-02 1.2612975203e-02 1.2029440142e-02 5.1061925909e-01 4.8938033660e-01 1.0000000000e-03
4.4100000000e+02 1.2341413647e-02 1.1560141109e-02 1.3142810203e-02 5.0635391341e-01 4.9364568223e-01 1.0000000000e-03
4.4200000000e+02 1.2385017239e-02 1.1100951582e-02 1.3671817258e-02 5.0052960948e-01 4.9946998622e-01 1.0000000000e-03
4.4300000000e+02 1.2354306877e-02 1.1498223059e-02 1.3200294226e-02 4.9703093465e-01 5.0296866099e-01 1.0000000000e-03
4.4400000000e+02 1.2311931700e-02 1.2554564513e-02 1.2070942670e-02 4.9830977355e-01 5.0168982193e-01 1.0000000000e-03
4.4500000000e+02 1.2350750156e-02 1.3592404313e-02 1.1091371998e-02 5.0354491993e-01 4.9645467549e-01 1.0000000000e-03
4.4600000000e+02 1.2383456342e-02 1.3858877122e-02 1.0852278210e-02 5.0927389035e-01 4.9072570505e-01 1.0000000000e-03
4.4700000000e+02 1.2334031984e-02 1.3123445213e-02 1.1507038027e-02 5.1162779408e-01 4.8837180118e-01 1.0000000000e-03
4.4800000000e+02 1.2309463695e-02 1.1937741190e-02 1.2694714591e-02 5.0892845839e-01 4.9107113675e-01 1.0000000000e-03
4.4900000000e+02 1.2362970039e-02 1.1106890626e-02 1.3633863069e-02 5.0292869170e-01 4.9707090351e-01 1.0000000000e-03
4.5000000000e+02 1.2369362637e-02 1.1138515547e-02 1.3588857837e-02 4.9768108823e-01 5.0231850702e-01 1.0000000000e-03
4.5100000000e+02 1.2307498604e-02 1.2030897662e-02 1.2580587529e-02 4.9679622510e-01 5.0320336999e-01 1.0000000000e-03
4.5200000000e+02 1.2314032763e-02 1.3261106797e-02 1.1363284662e-02 5.0097012191e-01 4.9902947307e-01 1.0000000000e-03
4.5300000000e+02 1.2374587357e-02 1.3961788267e-02 1.0739739984e-02 5.0739504825e-01 4.9260454674e-01 1.0000000000e-03
4.5400000000e+02 1.2351665646e-02 1.3575883582e-02 1.1068574153e-02 5.1174248516e-01 4.8825710976e-01 1.0000000000e-03
4.5500000000e+02 1.2293460779e-02 1.2390933000e-02 1.2191623449e-02 5.1097360431e-01 4.8902599044e-01 1.0000000000e-03
4.5600000000e+02 1.2329986319e-02 1.1264453642e-02 1.3419281691e-02 5.0551135107e-01 4.9448824369e-01 1.0000000000e-03
4.5700000000e+02 1.2375920080e-02 1.0914824903e-02 1.3831583783e-02 4.9906690082e-01 5.0093269405e-01 1.0000000000e-03
4.5800000000e+02 1.2320270762e-02 1.1553661898e-02 1.3074938208e-02 4.9607175730e-01 5.0392783748e-01 1.0000000000e-03
4.5900000000e+02 1.2285334989e-02 1.2834243476e-02 1.1739300564e-02 4.9869245001e-01 5.0130714459e-01 1.0000000000e-03
4.6000000000e+02 1.2351086363e-02 1.3900325634e-02 1.0769492015e-02 5.0516865595e-01 4.9483093866e-01 1.0000000000e-03
4.6100000000e+02 1.2368859723e-02 1.3924889266e-02 1.0742162354e-02 5.1110314026e-01 4.8889645435e-01 1.0000000000e-03
4.6200000000e+02 1.2295717373e-02 1.2867838144e-02 1.1694552377e-02 5.1238118352e-01 4.8761841092e-01 1.0000000000e-03
4.6300000000e+02 1.2296231464e-02 1.1534534395e-02 1.3082704507e-02 5.0799856247e-01 4.9200103190e-01 1.0000000000e-03
4.6400000000e+02 1.2368688360e-02 1.0820637457e-02 1.3922521845e-02 5.0093052297e-01 4.9906907155e-01 1.0000000000e-03
4.6500000000e+02 1.2341848575e-02 1.1156301014e-02 1.3508907519e-02 4.9606837345e-01 5.0393122107e-01 1.0000000000e-03
4.6600000000e+02 1.2271676213e-02 1.2369861826e-02 1.2174727395e-02 4.9685902565e-01 5.0314056868e-01 1.0000000000e-03
4.6700000000e+02 1.2319215573e-02 1.3712401502e-02 1.0909987614e-02 5.0286388432e-01 4.9713570996e-01 1.0000000000e-03
4.6800000000e+02 1.2377906591e-02 1.4148416929e-02 1.0535914451e-02 5.0989487257e-01 4.9010472178e-01 1.0000000000e-03
4.6900000000e+02 1.2313000858e-02 1.3334150426e-02 1.1236594059e-02 5.1317376536e-01 4.8682582885e-01 1.0000000000e-03
4.7000000000e+02 1.2271771207e-02 1.1871895753e-02 1.2688303366e-02 5.1019431500e-01 4.8980527907e-01 1.0000000000e-03
4.7100000000e+02 1.2351676822e-02 1.0848272592e-02 1.3873583637e-02 5.0305616856e-01 4.9694342565e-01 1.0000000000e-03
4.7200000000e+02 1.2369608507e-02 1.0838398710e-02 1.3880132698e-02 4.9659779387e-01 5.0340180047e-01 1.0000000000e-03
4.7300000000e+02 1.2287182733e-02 1.1952183209e-02 1.2616329826e-02 4.9558637316e-01 5.0441322104e-01 1.0000000000e-03
4.7400000000e+02 1.2314936146e-02 1.3400522061e-02 1.1227448471e-02 5.0043951372e-01 4.9956008046e-01 1.0000000000e-03
4.7500000000e+02 1.2442335486e-02 1.4389717020e-02 1.0428608395e-02 5.0837574828e-01 4.9162384618e-01 1.0000000000e-03
4.7600000000e+02 1.2487453409e-02 1.3757552020e-02 1.1150781997e-02 5.1277087785e-01 4.8722871703e-01 1.0000000000e-03
4.7700000000e+02 1.2596393935e-02 1.2621518224e-02 1.2570086867e-02 5.1159585053e-01 4.8840374516e-01 1.0000000000e-03
4.7800000000e+02 1.3072717935e-02 1.1380459182e-02 1.4791727066e-02 5.0391927727e-01 4.9608032064e-01 1.0000000000e-03
4.7900000000e+02 1.4054767787e-02 1.1985669844e-02 1.6092775390e-02 4.9621370727e-01 5.0378589524e-01 1.0000000000e-03
4.8000000000e+02 1.5982948244e-02 1.3698806055e-02 1.8173776567e-02 4.8957222907e-01 5.1042738181e-01 1.0000000000e-03
4.8100000000e+02 2.0010100678e-02 1.8963189796e-02 2.1008182317e-02 4.8805692284e-01 5.1194270194e-01 1.0000000000e-03
4.8200000000e+02 2.5770517066e-02 2.2454524413e-02 2.8868488967e-02 4.8300259774e-01 5.1699704507e-01 1.0000000000e-03
4.8300000000e+02 1.4594892971e-02 1.6595637426e-02 1.2661622837e-02 4.9142546106e-01 5.0857418329e-01 1.0000000000e-03
4.8400000000e+02 1.2828841805e-02 1.4600674622e-02 1.1062851176e-02 4.9917560012e-01 5.0082404083e-01 1.0000000000e-03
4.8500000000e+02 1.8569964916e-02 1.6732793301e-02 2.0366178825e-02 4.9436114629e-01 5.0563850361e-01 1.0000000000e-03
4.8600000000e+02 2.4398393929e-02 1.9291792065e-02 2.9201904312e-02 4.8470708485e-01 5.1529257944e-01 1.0000000000e-03
4.8700000000e+02 1.4073183760e-02 1.1908141896e-02 1.6062192619e-02 4.7881054591e-01 5.2118911620e-01 5.0000000000e-04
4.8800000000e+02 1.3649294153e-02 1.2460786849e-02 1.4732204378e-02 4.7675299842e-01 5.2324666070e-01 5.0000000000e-04
4.8900000000e+02 1.2990978546e-02 1.3270101510e-02 1.2733221054e-02 4.8011000945e-01 5.1988964531e-01 5.0000000000e-04
4.9000000000e+02 1.3758004643e-02 1.4738331549e-02 1.2832739390e-02 4.8555477102e-01 5.1444488199e-01 5.0000000000e-04
4.9100000000e+02 1.2539444491e-02 1.4245907776e-02 1.0875405744e-02 4.9370772237e-01 5.0629192553e-01 5.0000000000e-04
4.9200000000e+02 1.3835886493e-02 1.5157513320e-02 1.2518997304e-02 4.9910363677e-01 5.0089601021e-01 5.0000000000e-04
4.9300000000e+02 1.2370033190e-02 1.4297941700e-02 1.0386463255e-02 5.0711622458e-01 4.9288341719e-01 5.0000000000e-04
4.9400000000e+02 1.3571999967e-02 1.4531411231e-02 1.2573371641e-02 5.1001656403e-01 4.8998307667e-01 5.0000000000e-04
4.9500000000e+02 1.2296631932e-02 1.2667326257e-02 1.1909957975e-02 5.1055567586e-01 4.8944396009e-01 5.0000000000e-04
4.9600000000e+02 1.3202490285e-02 1.2219481170e-02 1.4208330773e-02 5.0573729421e-01 4.9426234030e-01 5.0000000000e-04
4.9700000000e+02 1.2517023832e-02 1.1230539531e-02 1.3803644106e-02 5.0002436475e-01 4.9997526636e-01 5.0000000000e-04
4.9800000000e+02 1.2919017114e-02 1.1449752375e-02 1.4355695806e-02 4.9439142676e-01 5.0560820249e-01 5.0000000000e-04
4.9900000000e+02 1.2681188062e-02 1.1643716134e-02 1.3681696728e-02 4.9092867783e-01 5.0907094901e-01 5.0000000000e-04
5.0000000000e+02 1.2536223978e-02 1.2071223930e-02 1.2983026914e-02 4.9001613357e-01 5.0998349068e-01 5.0000000000e-04
