# epoch total_loss data_loss physics_loss w_data w_physics lr
1.0000000000e+00 1.0567551851e+00 1.0621817112e+00 1.0513230562e+00 5.0025688716e-01 4.9974311236e-01 1.0000000000e-03
2.0000000000e+00 7.7398419380e-01 8.3459615707e-01 7.1234959364e-01 5.0418242145e-01 4.9581757748e-01 1.0000000000e-03
3.0000000000e+00 6.1822032928e-01 6.5519148111e-01 5.8022993803e-01 5.0679802392e-01 4.9320197430e-01 1.0000000000e-03
4.0000000000e+00 4.9795833230e-01 5.1639306545e-01 4.7892403603e-01 5.0800048694e-01 4.9199951046e-01 1.0000000000e-03
5.0000000000e+00 3.9207383990e-01 4.1426160932e-01 3.6897200346e-01 5.1009163153e-01 4.8990836485e-01 1.0000000000e-03
6.0000000000e+00 3.1082758307e-01 3.4317660332e-01 2.7655208111e-01 5.1445776509e-01 4.8554223004e-01 1.0000000000e-03
7.0000000000e+00 2.6317852736e-01 2.9065427184e-01 2.3359696567e-01 5.1845377784e-01 4.8154621587e-01 1.0000000000e-03
8.0000000000e+00 2.3037832975e-01 2.4147322774e-01 2.1840132773e-01 5.1911689821e-01 4.8088309395e-01 1.0000000000e-03
9.0000000000e+00 1.8705493212e-01 1.9056239724e-01 1.8328279257e-01 5.1817881922e-01 4.8182117105e-01 1.0000000000e-03
1.0000000000e+01 1.4234577119e-01 1.4506305754e-01 1.3943313062e-01 5.1735039110e-01 4.8264959663e-01 1.0000000000e-03
1.1000000000e+01 1.1657604575e-01 1.1617729813e-01 1.1700020730e-01 5.1543889433e-01 4.8456109034e-01 1.0000000000e-03
1.2000000000e+01 1.1402623355e-01 1.0986019671e-01 1.1839759350e-01 5.1202488112e-01 4.8797510070e-01 1.0000000000e-03
1.3000000000e+01 1.2402326614e-01 1.2114460021e-01 1.2701511383e-01 5.0963958149e-01 4.9036039812e-01 1.0000000000e-03
1.4000000000e+01 1.3550676405e-01 1.3729973137e-01 1.3364547491e-01 5.0934997488e-01 4.9065000308e-01 1.0000000000e-03
1.5000000000e+01 1.3869735599e-01 1.4631660283e-01 1.3072806597e-01 5.1122833712e-01 4.8877163943e-01 1.0000000000e-03
1.6000000000e+01 1.2907493114e-01 1.4504535496e-01 1.1201238632e-01 5.1653070523e-01 4.8346926978e-01 1.0000000000e-03
1.7000000000e+01 1.1452636123e-01 1.4015972614e-01 8.5983060300e-02 5.2685605204e-01 4.7314392105e-01 1.0000000000e-03
1.8000000000e+01 1.0702098906e-01 1.3911451399e-01 6.9201469421e-02 5.4095097180e-01 4.5904899917e-01 1.0000000000e-03
1.9000000000e+01 1.0771784186e-01 1.4137792587e-01 6.5716348588e-02 5.5512329506e-01 4.4487667399e-01 1.0000000000e-03
2.0000000000e+01 1.0822874308e-01 1.4135794342e-01 6.4628072083e-02 5.6823598177e-01 4.3176398551e-01 1.0000000000e-03
2.1000000000e+01 1.0497093201e-01 1.3807995617e-01 5.8968979865e-02 5.8148632154e-01 4.1851364394e-01 1.0000000000e-03
2.2000000000e+01 1.0056664050e-01 1.3458979130e-01 5.0350643694e-02 5.9611235547e-01 4.0388760806e-01 1.0000000000e-03
2.3000000000e+01 9.7270622849e-02 1.3243776560e-01 4.1667774320e-02 6.1256863510e-01 3.8743132633e-01 1.0000000000e-03
2.4000000000e+01 9.5209866762e-02 1.3027314842e-01 3.5538591444e-02 6.2987866961e-01 3.7012128965e-01 1.0000000000e-03
2.5000000000e+01 9.3726463616e-02 1.2601841986e-01 3.5017866641e-02 6.4514547107e-01 3.5485448606e-01 1.0000000000e-03
2.6000000000e+01 9.1796524823e-02 1.1863202602e-01 4.0843520314e-02 6.5501976997e-01 3.4498018518e-01 1.0000000000e-03
2.7000000000e+01 8.8429085910e-02 1.0840065777e-01 5.0013400614e-02 6.5794647413e-01 3.4205347918e-01 1.0000000000e-03
2.8000000000e+01 8.3679117262e-02 9.6704378724e-02 5.9032268822e-02 6.5424663487e-01 3.4575331669e-01 1.0000000000e-03
2.9000000000e+01 7.9182654619e-02 8.5561595857e-02 6.7608825862e-02 6.4468235834e-01 3.5531759154e-01 1.0000000000e-03
3.0000000000e+01 7.7114179730e-02 7.6769374311e-02 7.7701061964e-02 6.2991254454e-01 3.7008740388e-01 1.0000000000e-03
3.1000000000e+01 7.7807813883e-02 7.0936396718e-02 8.8618010283e-02 6.1138035180e-01 3.8861959551e-01 1.0000000000e-03
3.2000000000e+01 7.8717514873e-02 6.7394234240e-02 9.5127686858e-02 5.9171009502e-01 4.0828985141e-01 1.0000000000e-03
3.3000000000e+01 7.7173791826e-02 6.5295368433e-02 9.3162380159e-02 5.7374588347e-01 4.2625406200e-01 1.0000000000e-03
3.4000000000e+01 7.3361240327e-02 6.4395792782e-02 8.4750883281e-02 5.5954744237e-01 4.4045250185e-01 1.0000000000e-03
3.5000000000e+01 6.8942040205e-02 6.4613744617e-02 7.4234932661e-02 5.5012806399e-01 4.4987187860e-01 1.0000000000e-03
3.6000000000e+01 6.4710155129e-02 6.5629079938e-02 6.3605479896e-02 5.4589817119e-01 4.5410176940e-01 1.0000000000e-03
3.7000000000e+01 6.1095714569e-02 6.7245960236e-02 5.3671620786e-02 5.4692140397e-01 4.5307853429e-01 1.0000000000e-03
3.8000000000e+01 5.8674521744e-02 6.9426797330e-02 4.5388773084e-02 5.5269736127e-01 4.4730257446e-01 1.0000000000e-03
3.9000000000e+01 5.7183016092e-02 7.1761921048e-02 3.8434963673e-02 5.6254917074e-01 4.3745076234e-01 1.0000000000e-03
4.0000000000e+01 5.5991042405e-02 7.3640219867e-02 3.2015539706e-02 5.7599250126e-01 4.2400742905e-01 1.0000000000e-03
4.1000000000e+01 5.5439796299e-02 7.4933417141e-02 2.7181284502e-02 5.9177485887e-01 4.0822506862e-01 1.0000000000e-03
4.2000000000e+01 5.5921722203e-02 7.5697377324e-02 2.5308271870e-02 6.0754107211e-01 3.9245885273e-01 1.0000000000e-03
4.3000000000e+01 5.6491840631e-02 7.5394935906e-02 2.5445777923e-02 6.2155332222e-01 3.7844660022e-01 1.0000000000e-03
4.4000000000e+01 5.5799748749e-02 7.3235422373e-02 2.5669174269e-02 6.3344451307e-01 3.6655540702e-01 1.0000000000e-03
4.5000000000e+01 5.3590264171e-02 6.9085933268e-02 2.5680551305e-02 6.4300128447e-01 3.5699863305e-01 1.0000000000e-03
4.6000000000e+01 5.0532989204e-02 6.3550867140e-02 2.6428027079e-02 6.4932978581e-01 3.5067012885e-01 1.0000000000e-03
4.7000000000e+01 4.7410659492e-02 5.7516902685e-02 2.8539862484e-02 6.5123280308e-01 3.4876710849e-01 1.0000000000e-03
4.8000000000e+01 4.4889472425e-02 5.1841277629e-02 3.2099179924e-02 6.4786909970e-01 3.5213080880e-01 1.0000000000e-03
4.9000000000e+01 4.3272346258e-02 4.6972807497e-02 3.6716274917e-02 6.3920994323e-01 3.6078996247e-01 1.0000000000e-03
5.0000000000e+01 4.2193852365e-02 4.2696442455e-02 4.1352305561e-02 6.2608856030e-01 3.7391134293e-01 1.0000000000e-03
5.1000000000e+01 4.1193686426e-02 3.8679100573e-02 4.5120757073e-02 6.0963622177e-01 3.9036367921e-01 1.0000000000e-03
5.2000000000e+01 4.0373399854e-02 3.5169817507e-02 4.7892954201e-02 5.9101384652e-01 4.0898605232e-01 1.0000000000e-03
5.3000000000e+01 3.9753049612e-02 3.2721959054e-02 4.9145221710e-02 5.7188202568e-01 4.2811787106e-01 1.0000000000e-03
5.4000000000e+01 3.8799315691e-02 3.1599424779e-02 4.7761220485e-02 5.5451131791e-01 4.4548857656e-01 1.0000000000e-03
5.5000000000e+01 3.7306316197e-02 3.1802814454e-02 4.3796360493e-02 5.4112785454e-01 4.5887203725e-01 1.0000000000e-03
5.6000000000e+01 3.5636704415e-02 3.3215161413e-02 3.8404840976e-02 5.3339199685e-01 4.6660789180e-01 1.0000000000e-03
5.7000000000e+01 3.4180957824e-02 3.5607814789e-02 3.2557092607e-02 5.3229054079e-01 4.6770934433e-01 1.0000000000e-03
5.8000000000e+01 3.3344618976e-02 3.8601458073e-02 2.7230467647e-02 5.3769785772e-01 4.6230202369e-01 1.0000000000e-03
5.9000000000e+01 3.3094450831e-02 4.1335828602e-02 2.3099515587e-02 5.4807892380e-01 4.5192095396e-01 1.0000000000e-03
6.0000000000e+01 3.2815210521e-02 4.2687483132e-02 2.0191214979e-02 5.6115964493e-01 4.3884022914e-01 1.0000000000e-03
6.1000000000e+01 3.2290745527e-02 4.2281556875e-02 1.8815308809e-02 5.7424780324e-01 4.2575206706e-01 1.0000000000e-03
6.2000000000e+01 3.1721681356e-02 4.0581833571e-02 1.9250096753e-02 5.8464939349e-01 4.1535047306e-01 1.0000000000e-03
6.3000000000e+01 3.1110940501e-02 3.8091186434e-02 2.1041199565e-02 5.9060123583e-01 4.0939862716e-01 1.0000000000e-03
6.4000000000e+01 3.0478872359e-02 3.5128261894e-02 2.3755051196e-02 5.9119851616e-01 4.0880134355e-01 1.0000000000e-03
6.5000000000e+01 2.9968608171e-02 3.2017435879e-02 2.7065366507e-02 5.8626944285e-01 4.1373041396e-01 1.0000000000e-03
6.6000000000e+01 2.9648760334e-02 2.9184682295e-02 3.0281081796e-02 5.7672061576e-01 4.2327923856e-01 1.0000000000e-03
6.7000000000e+01 2.9530920088e-02 2.7031790465e-02 3.2767083496e-02 5.6425306081e-01 4.3574679135e-01 1.0000000000e-03
6.8000000000e+01 2.9361581430e-02 2.5559943169e-02 3.4021705389e-02 5.5072676726e-01 4.4927308290e-01 1.0000000000e-03
6.9000000000e+01 2.8851650655e-02 2.4621643126e-02 3.3773902804e-02 5.3781764687e-01 4.6218220115e-01 1.0000000000e-03
7.0000000000e+01 2.8235770762e-02 2.4517599493e-02 3.2380536199e-02 5.2712621351e-01 4.7287363214e-01 1.0000000000e-03
7.1000000000e+01 2.7856152505e-02 2.5596443564e-02 3.0306152999e-02 5.2020115939e-01 4.7979868380e-01 1.0000000000e-03
7.2000000000e+01 2.7778469026e-02 2.7608070523e-02 2.7961501852e-02 5.1786302655e-01 4.8213681433e-01 1.0000000000e-03
7.3000000000e+01 2.7881274000e-02 2.9808020219e-02 2.5796618313e-02 5.1968378914e-01 4.8031604967e-01 1.0000000000e-03
7.4000000000e+01 2.7934351936e-02 3.1484503299e-02 2.4019302800e-02 5.2444034467e-01 4.7555949223e-01 1.0000000000e-03
7.5000000000e+01 2.7847792953e-02 3.2274462283e-02 2.2844985127e-02 5.3054997492e-01 4.6944986016e-01 1.0000000000e-03
7.6000000000e+01 2.7564337477e-02 3.1995493919e-02 2.2439997643e-02 5.3627186567e-01 4.6372796752e-01 1.0000000000e-03
7.7000000000e+01 2.7086475864e-02 3.0719084665e-02 2.2821778432e-02 5.4001969540e-01 4.5998013580e-01 1.0000000000e-03
7.8000000000e+01 2.6669997722e-02 2.8972487897e-02 2.3958869278e-02 5.4075367818e-01 4.5924615101e-01 1.0000000000e-03
7.9000000000e+01 2.6516065001e-02 2.7349462733e-02 2.5544075295e-02 5.3838492440e-01 4.6161490296e-01 1.0000000000e-03
8.0000000000e+01 2.6579566300e-02 2.6128731668e-02 2.7095450088e-02 5.3363826559e-01 4.6636156025e-01 1.0000000000e-03
8.1000000000e+01 2.6634052396e-02 2.5366205722e-02 2.8050977737e-02 5.2776140733e-01 4.7223841720e-01 1.0000000000e-03
8.2000000000e+01 2.6478666812e-02 2.5134498253e-02 2.7948545292e-02 5.2233464945e-01 4.7766517379e-01 1.0000000000e-03
8.3000000000e+01 2.6156336069e-02 2.5478696451e-02 2.6886807755e-02 5.1875667245e-01 4.8124314937e-01 1.0000000000e-03
8.4000000000e+01 2.5780215859e-02 2.6210065931e-02 2.5318741798e-02 5.1774587478e-01 4.8225394546e-01 1.0000000000e-03
8.5000000000e+01 2.5473583490e-02 2.7097936720e-02 2.3718833923e-02 5.1929606777e-01 4.8070375076e-01 1.0000000000e-03
8.6000000000e+01 2.5334015489e-02 2.7987966314e-02 2.2425496951e-02 5.2288329905e-01 4.7711651779e-01 1.0000000000e-03
8.7000000000e+01 2.5309178978e-02 2.8607627377e-02 2.1626144648e-02 5.2754395094e-01 4.7245586431e-01 1.0000000000e-03
8.8000000000e+01 2.5267349556e-02 2.8635773808e-02 2.1438667551e-02 5.3197595136e-01 4.6802386239e-01 1.0000000000e-03
8.9000000000e+01 2.5094665587e-02 2.7971262112e-02 2.1785112098e-02 5.3499478464e-01 4.6500502764e-01 1.0000000000e-03
9.0000000000e+01 2.4823945016e-02 2.6809774339e-02 2.2531539202e-02 5.3583064300e-01 4.6416916778e-01 1.0000000000e-03
9.1000000000e+01 2.4568833411e-02 2.5457693264e-02 2.3549484089e-02 5.3419443515e-01 4.6580537415e-01 1.0000000000e-03
9.2000000000e+01 2.4385415018e-02 2.4218855426e-02 2.4573560804e-02 5.3041149733e-01 4.6958831054e-01 1.0000000000e-03
9.3000000000e+01 2.4268630892e-02 2.3378228769e-02 2.5254514068e-02 5.2544130268e-01 4.7455850385e-01 1.0000000000e-03
9.4000000000e+01 2.4161580950e-02 2.3089880124e-02 2.5325341150e-02 5.2058852803e-01 4.7941127719e-01 1.0000000000e-03
9.5000000000e+01 2.4015359581e-02 2.3356666788e-02 2.4720741436e-02 5.1711104181e-01 4.8288876209e-01 1.0000000000e-03
9.6000000000e+01 2.3817967623e-02 2.4099690840e-02 2.3517616093e-02 5.1601112782e-01 4.8398867468e-01 1.0000000000e-03
9.7000000000e+01 2.3615969345e-02 2.5153532624e-02 2.1964941174e-02 5.1779359320e-01 4.8220620784e-01 1.0000000000e-03
9.8000000000e+01 2.3481354117e-02 2.6234060526e-02 2.0473081619e-02 5.2218135031e-01 4.7781844921e-01 1.0000000000e-03
9.9000000000e+01 2.3417660967e-02 2.7035467327e-02 1.9366957247e-02 5.2822625163e-01 4.7177354638e-01 1.0000000000e-03
1.0000000000e+02 2.3371424526e-02 2.7355873957e-02 1.8793048337e-02 5.3468099779e-01 4.6531879875e-01 1.0000000000e-03
1.0100000000e+02 2.3278269917e-02 2.7091002092e-02 1.8797973171e-02 5.4024885607e-01 4.5975093903e-01 1.0000000000e-03
1.0200000000e+02 2.3124724627e-02 2.6262421161e-02 1.9385185093e-02 5.4375692249e-01 4.5624287119e-01 1.0000000000e-03
1.0300000000e+02 2.2943552583e-02 2.5055203587e-02 2.0419539884e-02 5.4447818333e-01 4.5552160900e-01 1.0000000000e-03
1.0400000000e+02 2.2779919207e-02 2.3745549843e-02 2.1635558456e-02 5.4235509989e-01 4.5764469116e-01 1.0000000000e-03
1.0500000000e+02 2.2666955367e-02 2.2598341107e-02 2.2746851668e-02 5.3795582334e-01 4.6204396656e-01 1.0000000000e-03
1.0600000000e+02 2.2588551044e-02 2.1820310503e-02 2.3463074118e-02 5.3234636019e-01 4.6765342863e-01 1.0000000000e-03
1.0700000000e+02 2.2498412058e-02 2.1533265710e-02 2.3573109880e-02 5.2685056520e-01 4.7314922257e-01 1.0000000000e-03
1.0800000000e+02 2.2363029420e-02 2.1734029055e-02 2.3051856086e-02 5.2269424521e-01 4.7730554146e-01 1.0000000000e-03
1.0900000000e+02 2.2195834666e-02 2.2328704596e-02 2.2051475942e-02 5.2073714320e-01 4.7926264227e-01 1.0000000000e-03
1.1000000000e+02 2.2039407864e-02 2.3175124079e-02 2.0802328363e-02 5.2136115811e-01 4.7863862607e-01 1.0000000000e-03
1.1100000000e+02 2.1924056113e-02 2.4063715711e-02 1.9565042108e-02 5.2438065845e-01 4.7561912439e-01 1.0000000000e-03
1.1200000000e+02 2.1850878373e-02 2.4749483913e-02 1.8594786525e-02 5.2904236140e-01 4.7095742009e-01 1.0000000000e-03
1.1300000000e+02 2.1791361272e-02 2.5047156960e-02 1.8056774512e-02 5.3424686451e-01 4.6575291563e-01 1.0000000000e-03
1.1400000000e+02 2.1710652858e-02 2.4878473952e-02 1.8009377643e-02 5.3883037205e-01 4.6116940676e-01 1.0000000000e-03
1.1500000000e+02 2.1592214704e-02 2.4272758514e-02 1.8422627822e-02 5.4179833190e-01 4.5820144560e-01 1.0000000000e-03
1.1600000000e+02 2.1453045309e-02 2.3374855518e-02 1.9173679873e-02 5.4255540737e-01 4.5744436888e-01 1.0000000000e-03
1.1700000000e+02 2.1320642903e-02 2.2396126762e-02 2.0052729174e-02 5.4106011421e-01 4.5893966086e-01 1.0000000000e-03
1.1800000000e+02 2.1207667887e-02 2.1533207968e-02 2.0828912035e-02 5.3778537111e-01 4.6221440284e-01 1.0000000000e-03
1.1900000000e+02 2.1107196808e-02 2.0934233442e-02 2.1305063739e-02 5.3356785865e-01 4.6643191424e-01 1.0000000000e-03
1.2000000000e+02 2.1003983915e-02 2.0681874827e-02 2.1366348490e-02 5.2939714600e-01 4.7060262581e-01 1.0000000000e-03
1.2100000000e+02 2.0890152082e-02 2.0764851943e-02 2.1029287949e-02 5.2614106415e-01 4.7385870656e-01 1.0000000000e-03
1.2200000000e+02 2.0770080388e-02 2.1096063778e-02 2.0410729572e-02 5.2435251421e-01 4.7564725533e-01 1.0000000000e-03
1.2300000000e+02 2.0657116547e-02 2.1559417248e-02 1.9662970677e-02 5.2421751298e-01 4.7578225536e-01 1.0000000000e-03
1.2400000000e+02 2.0557869226e-02 2.2014930844e-02 1.8943922594e-02 5.2554464286e-01 4.7445512422e-01 1.0000000000e-03
1.2500000000e+02 2.0467432216e-02 2.2319879383e-02 1.8396809697e-02 5.2780768561e-01 4.7219208020e-01 1.0000000000e-03
1.2600000000e+02 2.0376078784e-02 2.2384572774e-02 1.8108395860e-02 5.3030705087e-01 4.6969271367e-01 1.0000000000e-03
1.2700000000e+02 2.0279809833e-02 2.2195976228e-02 1.8098454922e-02 5.3236080804e-01 4.6763895523e-01 1.0000000000e-03
1.2800000000e+02 2.0180959255e-02 2.1807111800e-02 1.8321502954e-02 5.3346776025e-01 4.6653200177e-01 1.0000000000e-03
1.2900000000e+02 2.0084004849e-02 2.1319849417e-02 1.8671058118e-02 5.3343271282e-01 4.6656704800e-01 1.0000000000e-03
1.3000000000e+02 1.9990425557e-02 2.0844545215e-02 1.9018026069e-02 5.3238044865e-01 4.6761931100e-01 1.0000000000e-03
1.3100000000e+02 1.9896037877e-02 2.0463319495e-02 1.9254639745e-02 5.3066396918e-01 4.6933578932e-01 1.0000000000e-03
1.3200000000e+02 1.9797112793e-02 2.0223805681e-02 1.9318381324e-02 5.2874244334e-01 4.7125731402e-01 1.0000000000e-03
1.3300000000e+02 1.9695844501e-02 2.0133288577e-02 1.9208382815e-02 5.2704366448e-01 4.7295609173e-01 1.0000000000e-03
1.3400000000e+02 1.9599150866e-02 2.0156893879e-02 1.8980626017e-02 5.2584202172e-01 4.7415773332e-01 1.0000000000e-03
1.3500000000e+02 1.9511003047e-02 2.0239667967e-02 1.8704906106e-02 5.2522824996e-01 4.7477150389e-01 1.0000000000e-03
1.3600000000e+02 1.9428987056e-02 2.0322592929e-02 1.8440805376e-02 5.2513268515e-01 4.7486706752e-01 1.0000000000e-03
1.3700000000e+02 1.9346371293e-02 2.0350104198e-02 1.8235392869e-02 5.2535969594e-01 4.7464005555e-01 1.0000000000e-03
1.3800000000e+02 1.9258430228e-02 2.0293718204e-02 1.8111117184e-02 5.2566528318e-01 4.7433446712e-01 1.0000000000e-03
1.3900000000e+02 1.9166767597e-02 2.0163930953e-02 1.8060889095e-02 5.2584962630e-01 4.7415012281e-01 1.0000000000e-03
1.4000000000e+02 1.9077673554e-02 1.9997989759e-02 1.8057161942e-02 5.2581466967e-01 4.7418507825e-01 1.0000000000e-03
1.4100000000e+02 1.8995214254e-02 1.9842008129e-02 1.8057081848e-02 5.2558802944e-01 4.7441171730e-01 1.0000000000e-03
1.4200000000e+02 1.8917927518e-02 1.9728491083e-02 1.8021008000e-02 5.2529080966e-01 4.7470893592e-01 1.0000000000e-03
1.4300000000e+02 1.8840586767e-02 1.9661718979e-02 1.7932806164e-02 5.2506113579e-01 4.7493860863e-01 1.0000000000e-03
1.4400000000e+02 1.8759675324e-02 1.9625311717e-02 1.7802972347e-02 5.2498944971e-01 4.7501029355e-01 1.0000000000e-03
1.4500000000e+02 1.8676307052e-02 1.9591862336e-02 1.7664071172e-02 5.2507771766e-01 4.7492202444e-01 1.0000000000e-03
1.4600000000e+02 1.8594607711e-02 1.9531669095e-02 1.7557961866e-02 5.2523065812e-01 4.7476908280e-01 1.0000000000e-03
1.4700000000e+02 1.8517417833e-02 1.9426450133e-02 1.7511500046e-02 5.2529969550e-01 4.7470004426e-01 1.0000000000e-03
1.4800000000e+02 1.8443781883e-02 1.9273806363e-02 1.7525864765e-02 5.2514465359e-01 4.7485508502e-01 1.0000000000e-03
1.4900000000e+02 1.8370475620e-02 1.9085835665e-02 1.7580829561e-02 5.2468245517e-01 4.7531728230e-01 1.0000000000e-03
1.5000000000e+02 1.8295224756e-02 1.8891531974e-02 1.7638983205e-02 5.2392858245e-01 4.7607115391e-01 1.0000000000e-03
1.5100000000e+02 1.8218569458e-02 1.8729524687e-02 1.7658334225e-02 5.2300761647e-01 4.7699211876e-01 1.0000000000e-03
1.5200000000e+02 1.8142689019e-02 1.8633244559e-02 1.7606722191e-02 5.2212312556e-01 4.7787660856e-01 1.0000000000e-03
1.5300000000e+02 1.8069535494e-02 1.8618172035e-02 1.7471605912e-02 5.2149929023e-01 4.7850044277e-01 1.0000000000e-03
1.5400000000e+02 1.7999097705e-02 1.8671980128e-02 1.7266329378e-02 5.2130499069e-01 4.7869474118e-01 1.0000000000e-03
1.5500000000e+02 1.7930675298e-02 1.8757542595e-02 1.7029188573e-02 5.2158927426e-01 4.7841045648e-01 1.0000000000e-03
1.5600000000e+02 1.7863173038e-02 1.8827596679e-02 1.6808874905e-02 5.2226271367e-01 4.7773701593e-01 1.0000000000e-03
1.5700000000e+02 1.7796445638e-02 1.8838316202e-02 1.6653589904e-02 5.2311420837e-01 4.7688552010e-01 1.0000000000e-03
1.5800000000e+02 1.7730090767e-02 1.8763123080e-02 1.6593486071e-02 5.2387099238e-01 4.7612873496e-01 1.0000000000e-03
1.5900000000e+02 1.7663732171e-02 1.8601875752e-02 1.6629824415e-02 5.2428256702e-01 4.7571715920e-01 1.0000000000e-03
1.6000000000e+02 1.7597306520e-02 1.8378922716e-02 1.6736211255e-02 5.2419333171e-01 4.7580639341e-01 1.0000000000e-03
1.6100000000e+02 1.7531109974e-02 1.8136160448e-02 1.6866153106e-02 5.2358816002e-01 4.7641156402e-01 1.0000000000e-03
1.6200000000e+02 1.7466008663e-02 1.7921475694e-02 1.6967436299e-02 5.2259658230e-01 4.7740314067e-01 1.0000000000e-03
1.6300000000e+02 1.7402108759e-02 1.7773875967e-02 1.6997018829e-02 5.2145401772e-01 4.7854570420e-01 1.0000000000e-03
1.6400000000e+02 1.7338979989e-02 1.7712770030e-02 1.6933349892e-02 5.2043343153e-01 4.7956628933e-01 1.0000000000e-03
1.6500000000e+02 1.7276065424e-02 1.7732778564e-02 1.6781762242e-02 5.1976777735e-01 4.8023194245e-01 1.0000000000e-03
1.6600000000e+02 1.7213728279e-02 1.7806230113e-02 1.6572929919e-02 5.1958465868e-01 4.8041506006e-01 1.0000000000e-03
1.6700000000e+02 1.7152950168e-02 1.7892956734e-02 1.6351681203e-02 5.1987656713e-01 4.8012315053e-01 1.0000000000e-03
1.6800000000e+02 1.7094682902e-02 1.7951032147e-02 1.6165098175e-02 5.2050632839e-01 4.7949338820e-01 1.0000000000e-03
1.6900000000e+02 1.7038222402e-02 1.7948104069e-02 1.6047574580e-02 5.2125093160e-01 4.7874878391e-01 1.0000000000e-03
1.7000000000e+02 1.6982123256e-02 1.7870619893e-02 1.6012363136e-02 5.2186799105e-01 4.7813172339e-01 1.0000000000e-03
1.7100000000e+02 1.6925051808e-02 1.7726711929e-02 1.6049031168e-02 5.2216473503e-01 4.7783497836e-01 1.0000000000e-03
1.7200000000e+02 1.6867130995e-02 1.7542863265e-02 1.6129065305e-02 5.2204761787e-01 4.7795209448e-01 1.0000000000e-03
1.7300000000e+02 1.6809834167e-02 1.7354562879e-02 1.6216073185e-02 5.2153850366e-01 4.7846120767e-01 1.0000000000e-03
1.7400000000e+02 1.6754094511e-02 1.7194712535e-02 1.6275314614e-02 5.2075810251e-01 4.7924160781e-01 1.0000000000e-03
1.7500000000e+02 1.6699878499e-02 1.7085026950e-02 1.6282835975e-02 5.1988431819e-01 4.8011539113e-01 1.0000000000e-03
1.7600000000e+02 1.6646061093e-02 1.7031997442e-02 1.6229471192e-02 5.1910226126e-01 4.8089744706e-01 1.0000000000e-03
1.7700000000e+02 1.6592197120e-02 1.7027972266e-02 1.6122836620e-02 5.1855719846e-01 4.8144250886e-01 1.0000000000e-03
1.7800000000e+02 1.6538910568e-02 1.7055120319e-02 1.5983434394e-02 5.1832333467e-01 4.8167637165e-01 1.0000000000e-03
1.7900000000e+02 1.6486741602e-02 1.7090089619e-02 1.5837321058e-02 5.1839330411e-01 4.8160640121e-01 1.0000000000e-03
1.8000000000e+02 1.6436485574e-02 1.7109889537e-02 1.5710806474e-02 5.1868536153e-01 4.8131434280e-01 1.0000000000e-03
1.8100000000e+02 1.6387410462e-02 1.7097299919e-02 1.5621224418e-02 5.1907252773e-01 4.8092717560e-01 1.0000000000e-03
1.8200000000e+02 1.6338799149e-02 1.7044747248e-02 1.5575815924e-02 5.1941680088e-01 4.8058290145e-01 1.0000000000e-03
1.8300000000e+02 1.6290111467e-02 1.6955453902e-02 1.5570475720e-02 5.1960414181e-01 4.8039555955e-01 1.0000000000e-03
1.8400000000e+02 1.6241351143e-02 1.6840882599e-02 1.5592995100e-02 5.1956745246e-01 4.8043224793e-01 1.0000000000e-03
1.8500000000e+02 1.6193166375e-02 1.6716750339e-02 1.5627561137e-02 5.1929443275e-01 4.8070526668e-01 1.0000000000e-03
1.8600000000e+02 1.6145754606e-02 1.6599347815e-02 1.5656676143e-02 5.1882620705e-01 4.8117349144e-01 1.0000000000e-03
1.8700000000e+02 1.6099223867e-02 1.6502469778e-02 1.5665445477e-02 5.1824459394e-01 4.8175510362e-01 1.0000000000e-03
1.8800000000e+02 1.6053402796e-02 1.6435289755e-02 1.5643572435e-02 5.1765413572e-01 4.8234556091e-01 1.0000000000e-03
1.8900000000e+02 1.6008008271e-02 1.6400545835e-02 1.5587581322e-02 5.1715943465e-01 4.8284026105e-01 1.0000000000e-03
1.9000000000e+02 1.5963042155e-02 1.6393834725e-02 1.5502227470e-02 5.1684115113e-01 4.8315854365e-01 1.0000000000e-03
1.9100000000e+02 1.5918774530e-02 1.6404472291e-02 1.5399445780e-02 5.1673705549e-01 4.8326263837e-01 1.0000000000e-03
1.9200000000e+02 1.5875574201e-02 1.6417831182e-02 1.5295543708e-02 5.1683275658e-01 4.8316693636e-01 1.0000000000e-03
1.9300000000e+02 1.5833523124e-02 1.6418864951e-02 1.5206821263e-02 5.1706569753e-01 4.8293399449e-01 1.0000000000e-03
1.9400000000e+02 1.5792233869e-02 1.6395630315e-02 1.5145489015e-02 5.1734087562e-01 4.8265881550e-01 1.0000000000e-03
1.9500000000e+02 1.5751313418e-02 1.6342066228e-02 1.5117584728e-02 5.1755288580e-01 4.8244680442e-01 1.0000000000e-03
1.9600000000e+02 1.5710322186e-02 1.6259955242e-02 1.5120562166e-02 5.1761302731e-01 4.8238666202e-01 1.0000000000e-03
1.9700000000e+02 1.5669530258e-02 1.6159016639e-02 1.5144606121e-02 5.1747198464e-01 4.8252770381e-01 1.0000000000e-03
1.9800000000e+02 1.5629436821e-02 1.6054475680e-02 1.5174244530e-02 5.1713409924e-01 4.8286558834e-01 1.0000000000e-03
1.9900000000e+02 1.5590172261e-02 1.5962844715e-02 1.5191822313e-02 5.1665808363e-01 4.8334160310e-01 1.0000000000e-03
2.0000000000e+02 1.5551544726e-02 1.5897220001e-02 1.5182815492e-02 5.1614155690e-01 4.8385812898e-01 1.0000000000e-03
2.0100000000e+02 1.5513193794e-02 1.5863530338e-02 1.5140160918e-02 5.1569397067e-01 4.8430571437e-01 1.0000000000e-03
2.0200000000e+02 1.5475219116e-02 1.5858804807e-02 1.5067256987e-02 5.1540429937e-01 4.8459538483e-01 1.0000000000e-03
2.0300000000e+02 1.5437917784e-02 1.5872374177e-02 1.4976013452e-02 5.1531670133e-01 4.8468298203e-01 1.0000000000e-03
2.0400000000e+02 1.5401564538e-02 1.5888806432e-02 1.4883326367e-02 5.1541876544e-01 4.8458091709e-01 1.0000000000e-03
2.0500000000e+02 1.5366218984e-02 1.5892000869e-02 1.4806480147e-02 5.1564490857e-01 4.8435477313e-01 1.0000000000e-03
2.0600000000e+02 1.5331364237e-02 1.5869939700e-02 1.4757426456e-02 5.1589660863e-01 4.8410307226e-01 1.0000000000e-03
2.0700000000e+02 1.5296667814e-02 1.5818212181e-02 1.4740493149e-02 5.1607028929e-01 4.8392939078e-01 1.0000000000e-03
2.0800000000e+02 1.5262066387e-02 1.5741208568e-02 1.4751078561e-02 5.1608681794e-01 4.8391286132e-01 1.0000000000e-03
2.0900000000e+02 1.5227833763e-02 1.5650754794e-02 1.4777115546e-02 5.1591370977e-01 4.8408596870e-01 1.0000000000e-03
2.1000000000e+02 1.5194245614e-02 1.5562454239e-02 1.4802371152e-02 5.1557390673e-01 4.8442577096e-01 1.0000000000e-03
2.1100000000e+02 1.5161242336e-02 1.5490767546e-02 1.4811149798e-02 5.1513790966e-01 4.8486176727e-01 1.0000000000e-03
2.1200000000e+02 1.5128637664e-02 1.5444844030e-02 1.4793282375e-02 5.1470148610e-01 4.8529819006e-01 1.0000000000e-03
2.1300000000e+02 1.5096407384e-02 1.5426346101e-02 1.4746970497e-02 5.1435710929e-01 4.8564256611e-01 1.0000000000e-03
2.1400000000e+02 1.5064563602e-02 1.5429476276e-02 1.4678375795e-02 5.1416873117e-01 4.8583094348e-01 1.0000000000e-03
2.1500000000e+02 1.5033395961e-02 1.5442771837e-02 1.4600177296e-02 5.1415415757e-01 4.8584551633e-01 1.0000000000e-03
2.1600000000e+02 1.5003032051e-02 1.5452284366e-02 1.4527371153e-02 5.1428129273e-01 4.8571838042e-01 1.0000000000e-03
2.1700000000e+02 1.4973250218e-02 1.5445464291e-02 1.4472882263e-02 5.1447854022e-01 4.8552113220e-01 1.0000000000e-03
2.1800000000e+02 1.4943902381e-02 1.5414708294e-02 1.4444675297e-02 5.1465500417e-01 4.8534466751e-01 1.0000000000e-03
2.1900000000e+02 1.4914589003e-02 1.5359591693e-02 1.4442585409e-02 5.1472797521e-01 4.8527169575e-01 1.0000000000e-03
2.2000000000e+02 1.4885550365e-02 1.5287181363e-02 1.4459691010e-02 5.1464604673e-01 4.8535362352e-01 1.0000000000e-03
2.2100000000e+02 1.4856883325e-02 1.5209683217e-02 1.4483161271e-02 5.1440482047e-01 4.8559484907e-01 1.0000000000e-03
2.2200000000e+02 1.4828810468e-02 1.5140476637e-02 1.4499137178e-02 5.1404621696e-01 4.8595345189e-01 1.0000000000e-03
2.2300000000e+02 1.4801118523e-02 1.5090354718e-02 1.4495659620e-02 5.1364660542e-01 4.8635306274e-01 1.0000000000e-03
2.2400000000e+02 1.4773754403e-02 1.5064606443e-02 1.4467023313e-02 5.1329369556e-01 4.8670597193e-01 1.0000000000e-03
2.2500000000e+02 1.4746651053e-02 1.5061363578e-02 1.4415064827e-02 5.1306060626e-01 4.8693906055e-01 1.0000000000e-03
2.2600000000e+02 1.4720113948e-02 1.5072386712e-02 1.4349068515e-02 5.1298376415e-01 4.8701590199e-01 1.0000000000e-03
2.2700000000e+02 1.4694157988e-02 1.5085057355e-02 1.4282314107e-02 5.1305209667e-01 4.8694756881e-01 1.0000000000e-03
2.2800000000e+02 1.4668862335e-02 1.5086243860e-02 1.4228838496e-02 5.1320926575e-01 4.8679039906e-01 1.0000000000e-03
2.2900000000e+02 1.4643847942e-02 1.5066486783e-02 1.4197993092e-02 5.1337219161e-01 4.8662747255e-01 1.0000000000e-03
2.3000000000e+02 1.4619011432e-02 1.5023292974e-02 1.4192376286e-02 5.1345699431e-01 4.8654266921e-01 1.0000000000e-03
2.3100000000e+02 1.4594376087e-02 1.4961712062e-02 1.4206810854e-02 5.1340531129e-01 4.8659435159e-01 1.0000000000e-03
2.3200000000e+02 1.4570031315e-02 1.4892844483e-02 1.4229716733e-02 5.1320327467e-01 4.8679638759e-01 1.0000000000e-03
2.3300000000e+02 1.4546125196e-02 1.4829993248e-02 1.4247249812e-02 5.1288499068e-01 4.8711467096e-01 1.0000000000e-03
2.3400000000e+02 1.4522575773e-02 1.4784385450e-02 1.4247326180e-02 5.1252142689e-01 4.8747823414e-01 1.0000000000e-03
2.3500000000e+02 1.4499306679e-02 1.4761885628e-02 1.4223606326e-02 5.1219779892e-01 4.8780186151e-01 1.0000000000e-03
2.3600000000e+02 1.4476370066e-02 1.4760833234e-02 1.4177945442e-02 5.1198510643e-01 4.8801455340e-01 1.0000000000e-03
2.3700000000e+02 1.4453731477e-02 1.4772835188e-02 1.4119052328e-02 5.1191800791e-01 4.8808165133e-01 1.0000000000e-03
2.3800000000e+02 1.4431741089e-02 1.4785427600e-02 1.4060696587e-02 5.1198239106e-01 4.8801726758e-01 1.0000000000e-03
2.3900000000e+02 1.4410171658e-02 1.4786261134e-02 1.4015403576e-02 5.1212235115e-01 4.8787730691e-01 1.0000000000e-03
2.4000000000e+02 1.4388872311e-02 1.4767184854e-02 1.3991553336e-02 5.1225861269e-01 4.8774104479e-01 1.0000000000e-03
2.4100000000e+02 1.4367705211e-02 1.4727076516e-02 1.3990191743e-02 5.1231573299e-01 4.8768392392e-01 1.0000000000e-03
2.4200000000e+02 1.4346743003e-02 1.4671770856e-02 1.4005404897e-02 5.1224598213e-01 4.8775367422e-01 1.0000000000e-03
2.4300000000e+02 1.4326011762e-02 1.4612155966e-02 1.4025750570e-02 5.1204519338e-01 4.8795446242e-01 1.0000000000e-03
2.4400000000e+02 1.4305662364e-02 1.4560338110e-02 1.4038737863e-02 5.1175257424e-01 4.8824708101e-01 1.0000000000e-03
2.4500000000e+02 1.4285618439e-02 1.4525466599e-02 1.4034550637e-02 5.1143674520e-01 4.8856290951e-01 1.0000000000e-03
2.4600000000e+02 1.4265784994e-02 1.4510967769e-02 1.4009405859e-02 5.1117235744e-01 4.8882729674e-01 1.0000000000e-03
2.4700000000e+02 1.4246189035e-02 1.4513628557e-02 1.3966710307e-02 5.1101527189e-01 4.8898438176e-01 1.0000000000e-03
2.4800000000e+02 1.4226967469e-02 1.4524665661e-02 1.3915907592e-02 5.1098395494e-01 4.8901569818e-01 1.0000000000e-03
2.4900000000e+02 1.4208199456e-02 1.4532889239e-02 1.3868836686e-02 5.1105457699e-01 4.8894507561e-01 1.0000000000e-03
2.5000000000e+02 1.4189757407e-02 1.4528612606e-02 1.3835423626e-02 5.1117105176e-01 4.8882860032e-01 1.0000000000e-03
2.5100000000e+02 1.4171531424e-02 1.4506462961e-02 1.3821170665e-02 5.1126351118e-01 4.8873614039e-01 1.0000000000e-03
2.5200000000e+02 1.4153407887e-02 1.4467357658e-02 1.3824986294e-02 5.1127238085e-01 4.8872727023e-01 1.0000000000e-03
2.5300000000e+02 1.4135451987e-02 1.4418002218e-02 1.3840002939e-02 5.1116784247e-01 4.8883180810e-01 1.0000000000e-03
2.5400000000e+02 1.4117806219e-02 1.4368350618e-02 1.3856042176e-02 5.1095860345e-01 4.8904104664e-01 1.0000000000e-03
2.5500000000e+02 1.4100387692e-02 1.4328441583e-02 1.3862381689e-02 5.1068934140e-01 4.8931030821e-01 1.0000000000e-03
2.5600000000e+02 1.4083169401e-02 1.4304690063e-02 1.3852226548e-02 5.1042385701e-01 4.8957579212e-01 1.0000000000e-03
2.5700000000e+02 1.4066170901e-02 1.4297916554e-02 1.3824760914e-02 5.1022268829e-01 4.8977696037e-01 1.0000000000e-03
2.5800000000e+02 1.4049403369e-02 1.4303554781e-02 1.3784756884e-02 5.1012391340e-01 4.8987573479e-01 1.0000000000e-03
2.5900000000e+02 1.4033026993e-02 1.4312916435e-02 1.3741570525e-02 5.1012978289e-01 4.8986986483e-01 1.0000000000e-03
2.6000000000e+02 1.4016930014e-02 1.4316326939e-02 1.3705065474e-02 5.1020749139e-01 4.8979215588e-01 1.0000000000e-03
2.6100000000e+02 1.4001029544e-02 1.4306387864e-02 1.3682834804e-02 5.1030064034e-01 4.8969900647e-01 1.0000000000e-03
2.6200000000e+02 1.3985257596e-02 1.4280203730e-02 1.3677855954e-02 5.1034779263e-01 4.8965185374e-01 1.0000000000e-03
2.6300000000e+02 1.3969616964e-02 1.4240970835e-02 1.3686851598e-02 5.1030505103e-01 4.8969459489e-01 1.0000000000e-03
2.6400000000e+02 1.3954162598e-02 1.4196593314e-02 1.3701682910e-02 5.1016151870e-01 4.8983812678e-01 1.0000000000e-03
2.6500000000e+02 1.3938924298e-02 1.4156447724e-02 1.3712584972e-02 5.0994168545e-01 4.9005795961e-01 1.0000000000e-03
2.6600000000e+02 1.3923898339e-02 1.4128551818e-02 1.3711160049e-02 5.0969713246e-01 4.9030251217e-01 1.0000000000e-03
2.6700000000e+02 1.3909079134e-02 1.4116420411e-02 1.3693726622e-02 5.0948736420e-01 4.9051228001e-01 1.0000000000e-03
2.6800000000e+02 1.3894334435e-02 1.4118053019e-02 1.3662089594e-02 5.0935927378e-01 4.9064037001e-01 1.0000000000e-03
2.6900000000e+02 1.3879917562e-02 1.4126864262e-02 1.3623589650e-02 5.0933011433e-01 4.9066952904e-01 1.0000000000e-03
2.7000000000e+02 1.3865748420e-02 1.4133514836e-02 1.3587750494e-02 5.0938146299e-01 4.9061817998e-01 1.0000000000e-03
2.7100000000e+02 1.3851795346e-02 1.4129761606e-02 1.3563111424e-02 5.0946639576e-01 4.9053324680e-01 1.0000000000e-03
2.7200000000e+02 1.3837948442e-02 1.4111454599e-02 1.3553826138e-02 5.0952755051e-01 4.9047209164e-01 1.0000000000e-03
2.7300000000e+02 1.3824224472e-02 1.4079613611e-02 1.3558934443e-02 5.0951672081e-01 4.9048292095e-01 1.0000000000e-03
2.7400000000e+02 1.3810637407e-02 1.4040690847e-02 1.3571765274e-02 5.0941414995e-01 4.9058549142e-01 1.0000000000e-03
2.7500000000e+02 1.3797195628e-02 1.4003392309e-02 1.3583251275e-02 5.0923421012e-01 4.9076543086e-01 1.0000000000e-03
2.7600000000e+02 1.3783919625e-02 1.3975689188e-02 1.3585114852e-02 5.0901933918e-01 4.9098030142e-01 1.0000000000e-03
2.7700000000e+02 1.3770788908e-02 1.3962260447e-02 1.3572445139e-02 5.0882524862e-01 4.9117439161e-01 1.0000000000e-03
2.7800000000e+02 1.3757800683e-02 1.3961983845e-02 1.3546397910e-02 5.0869808586e-01 4.9130155399e-01 1.0000000000e-03
2.7900000000e+02 1.3745050877e-02 1.3969427906e-02 1.3512774371e-02 5.0865907563e-01 4.9134056384e-01 1.0000000000e-03
2.8000000000e+02 1.3732495718e-02 1.3976311311e-02 1.3480057940e-02 5.0869686219e-01 4.9130277692e-01 1.0000000000e-03
2.8100000000e+02 1.3720080256e-02 1.3974686153e-02 1.3456390239e-02 5.0877188138e-01 4.9122775736e-01 1.0000000000e-03
2.8200000000e+02 1.3707819395e-02 1.3960284181e-02 1.3446284458e-02 5.0883240555e-01 4.9116723283e-01 1.0000000000e-03
2.8300000000e+02 1.3695610687e-02 1.3933452778e-02 1.3449223712e-02 5.0883333512e-01 4.9116630290e-01 1.0000000000e-03
2.8400000000e+02 1.3683514670e-02 1.3899325393e-02 1.3460023329e-02 5.0875282025e-01 4.9124681742e-01 1.0000000000e-03
2.8500000000e+02 1.3671573251e-02 1.3866041787e-02 1.3470306061e-02 5.0860134666e-01 4.9139829066e-01 1.0000000000e-03
2.8600000000e+02 1.3659753837e-02 1.3840861619e-02 1.3472456485e-02 5.0841559911e-01 4.9158403787e-01 1.0000000000e-03
2.8700000000e+02 1.3648048975e-02 1.3828217052e-02 1.3461848721e-02 5.0824526916e-01 4.9175436747e-01 1.0000000000e-03
2.8800000000e+02 1.3636462390e-02 1.3827597722e-02 1.3439015485e-02 5.0813328416e-01 4.9186635214e-01 1.0000000000e-03
2.8900000000e+02 1.3625005260e-02 1.3833903708e-02 1.3409237377e-02 5.0809933756e-01 4.9190029840e-01 1.0000000000e-03
2.9000000000e+02 1.3613751158e-02 1.3839964755e-02 1.3380065560e-02 5.0813416595e-01 4.9186546968e-01 1.0000000000e-03
2.9100000000e+02 1.3602662832e-02 1.3838459738e-02 1.3359010220e-02 5.0820215366e-01 4.9179748164e-01 1.0000000000e-03
2.9200000000e+02 1.3591615483e-02 1.3825344853e-02 1.3350048102e-02 5.0825641797e-01 4.9174321700e-01 1.0000000000e-03
2.9300000000e+02 1.3580670580e-02 1.3801303692e-02 1.3352637179e-02 5.0825691104e-01 4.9174272360e-01 1.0000000000e-03
2.9400000000e+02 1.3569796458e-02 1.3770915568e-02 1.3361992314e-02 5.0818475712e-01 4.9181487720e-01 1.0000000000e-03
2.9500000000e+02 1.3559086248e-02 1.3741703704e-02 1.3370501809e-02 5.0805082874e-01 4.9194880527e-01 1.0000000000e-03
2.9600000000e+02 1.3548430987e-02 1.3720216230e-02 1.3371147215e-02 5.0788997126e-01 4.9210966243e-01 1.0000000000e-03
2.9700000000e+02 1.3537913561e-02 1.3709926978e-02 1.3360497542e-02 5.0774636355e-01 4.9225326984e-01 1.0000000000e-03
2.9800000000e+02 1.3527395204e-02 1.3710310683e-02 1.3338798657e-02 5.0765844461e-01 4.9234118847e-01 1.0000000000e-03
2.9900000000e+02 1.3517089188e-02 1.3716198504e-02 1.3311810791e-02 5.0764067145e-01 4.9235896132e-01 1.0000000000e-03
3.0000000000e+02 1.3506949879e-02 1.3720898889e-02 1.3286334462e-02 5.0768111889e-01 4.9231851357e-01 1.0000000000e-03
3.0100000000e+02 1.3496881351e-02 1.3718072325e-02 1.3268738985e-02 5.0774549360e-01 4.9225413856e-01 1.0000000000e-03
3.0200000000e+02 1.3486891985e-02 1.3704448007e-02 1.3262458146e-02 5.0779042960e-01 4.9220920226e-01 1.0000000000e-03
3.0300000000e+02 1.3476988301e-02 1.3681651093e-02 1.3265864924e-02 5.0778284182e-01 4.9221678975e-01 1.0000000000e-03
3.0400000000e+02 1.3467109762e-02 1.3654218055e-02 1.3274150901e-02 5.0771023910e-01 4.9228939218e-01 1.0000000000e-03
3.0500000000e+02 1.3457363471e-02 1.3629153371e-02 1.3280288316e-02 5.0758741690e-01 4.9241221409e-01 1.0000000000e-03
3.0600000000e+02 1.3447625563e-02 1.3612082228e-02 1.3278205879e-02 5.0744946853e-01 4.9255016217e-01 1.0000000000e-03
3.0700000000e+02 1.3438073918e-02 1.3605373912e-02 1.3265800662e-02 5.0733635696e-01 4.9266327346e-01 1.0000000000e-03
3.0800000000e+02 1.3428557664e-02 1.3607452624e-02 1.3244388625e-02 5.0727875286e-01 4.9272087727e-01 1.0000000000e-03
3.0900000000e+02 1.3419167139e-02 1.3612845913e-02 1.3219771907e-02 5.0728331424e-01 4.9271631562e-01 1.0000000000e-03
3.1000000000e+02 1.3409895822e-02 1.3615448028e-02 1.3198233210e-02 5.0733295257e-01 4.9266667700e-01 1.0000000000e-03
3.1100000000e+02 1.3400737196e-02 1.3610008173e-02 1.3185194694e-02 5.0739234271e-01 4.9260728658e-01 1.0000000000e-03
3.1200000000e+02 1.3391599059e-02 1.3594901189e-02 1.3182179071e-02 5.0742375251e-01 4.9257587651e-01 1.0000000000e-03
3.1300000000e+02 1.3382494450e-02 1.3572433032e-02 1.3186856173e-02 5.0740181253e-01 4.9259781621e-01 1.0000000000e-03
3.1400000000e+02 1.3373496011e-02 1.3547915965e-02 1.3193900697e-02 5.0732352561e-01 4.9267610287e-01 1.0000000000e-03
3.1500000000e+02 1.3364543207e-02 1.3527619652e-02 1.3196705841e-02 5.0721027883e-01 4.9278934938e-01 1.0000000000e-03
3.1600000000e+02 1.3355679810e-02 1.3515659608e-02 1.3191101141e-02 5.0709686553e-01 4.9290276242e-01 1.0000000000e-03
3.1700000000e+02 1.3346840627e-02 1.3512883335e-02 1.3176079839e-02 5.0701813899e-01 4.9298148870e-01 1.0000000000e-03
3.1800000000e+02 1.3338152319e-02 1.3516279869e-02 1.3154978864e-02 5.0699362883e-01 4.9300599859e-01 1.0000000000e-03
3.1900000000e+02 1.3329544105e-02 1.3520462438e-02 1.3133198023e-02 5.0702072202e-01 4.9297890514e-01 1.0000000000e-03
3.2000000000e+02 1.3321025297e-02 1.3519930653e-02 1.3116417453e-02 5.0707607919e-01 4.9292354771e-01 1.0000000000e-03
3.2100000000e+02 1.3312524185e-02 1.3511009514e-02 1.3108309358e-02 5.0712485803e-01 4.9287476861e-01 1.0000000000e-03
3.2200000000e+02 1.3304118067e-02 1.3493996114e-02 1.3108752668e-02 5.0713642015e-01 4.9286320624e-01 1.0000000000e-03
3.2300000000e+02 1.3295711949e-02 1.3472313061e-02 1.3114036992e-02 5.0709655610e-01 4.9290307004e-01 1.0000000000e-03
3.2400000000e+02 1.3287420385e-02 1.3451492414e-02 1.3118689880e-02 5.0701315214e-01 4.9298647375e-01 1.0000000000e-03
3.2500000000e+02 1.3279180974e-02 1.3436557725e-02 1.3117401861e-02 5.0691277507e-01 4.9308685057e-01 1.0000000000e-03
3.2600000000e+02 1.3270981610e-02 1.3429739513e-02 1.3107837178e-02 5.0682798137e-01 4.9317164402e-01 1.0000000000e-03
3.2700000000e+02 1.3262883760e-02 1.3430409133e-02 1.3090758584e-02 5.0678550274e-01 4.9321412241e-01 1.0000000000e-03
3.2800000000e+02 1.3254819438e-02 1.3434119523e-02 1.3070590794e-02 5.0679271471e-01 4.9320691020e-01 1.0000000000e-03
3.2900000000e+02 1.3246885501e-02 1.3436100446e-02 1.3052432798e-02 5.0683763868e-01 4.9316198598e-01 1.0000000000e-03
3.3000000000e+02 1.3238982297e-02 1.3431228697e-02 1.3041373342e-02 5.0689019308e-01 4.9310943134e-01 1.0000000000e-03
3.3100000000e+02 1.3231124729e-02 1.3418938965e-02 1.3038046658e-02 5.0692098775e-01 4.9307863643e-01 1.0000000000e-03
3.3200000000e+02 1.3223316520e-02 1.3400427997e-02 1.3041251339e-02 5.0690805636e-01 4.9309156759e-01 1.0000000000e-03
3.3300000000e+02 1.3215523213e-02 1.3380935416e-02 1.3045524247e-02 5.0685184394e-01 4.9314777977e-01 1.0000000000e-03
3.3400000000e+02 1.3207826763e-02 1.3364608400e-02 1.3046752661e-02 5.0676838094e-01 4.9323124254e-01 1.0000000000e-03
3.3500000000e+02 1.3200157322e-02 1.3355543837e-02 1.3040566817e-02 5.0668815896e-01 4.9331146428e-01 1.0000000000e-03
3.3600000000e+02 1.3192581013e-02 1.3353495859e-02 1.3027346693e-02 5.0663747920e-01 4.9336214381e-01 1.0000000000e-03
3.3700000000e+02 1.3185029849e-02 1.3356288895e-02 1.3009177521e-02 5.0663198105e-01 4.9336764174e-01 1.0000000000e-03
3.3800000000e+02 1.3177601621e-02 1.3358578086e-02 1.2991744094e-02 5.0666483487e-01 4.9333478768e-01 1.0000000000e-03
3.3900000000e+02 1.3170181774e-02 1.3356636278e-02 1.2978659943e-02 5.0671595522e-01 4.9328366710e-01 1.0000000000e-03
3.4000000000e+02 1.3162801974e-02 1.3347186148e-02 1.2973377481e-02 5.0675444808e-01 4.9324517403e-01 1.0000000000e-03
3.4100000000e+02 1.3155505061e-02 1.3332378119e-02 1.2973792851e-02 5.0676054513e-01 4.9323907675e-01 1.0000000000e-03
3.4200000000e+02 1.3148235157e-02 1.3313750736e-02 1.2978217565e-02 5.0672256198e-01 4.9327705967e-01 1.0000000000e-03
3.4300000000e+02 1.3140991330e-02 1.3298462145e-02 1.2979281135e-02 5.0665760848e-01 4.9334201295e-01 1.0000000000e-03
3.4400000000e+02 1.3133792207e-02 1.3287100941e-02 1.2976403348e-02 5.0658332901e-01 4.9341629220e-01 1.0000000000e-03
3.4500000000e+02 1.3126691803e-02 1.3284813613e-02 1.2964393012e-02 5.0653532023e-01 4.9346430077e-01 1.0000000000e-03
3.4600000000e+02 1.3119586743e-02 1.3284447603e-02 1.2950382195e-02 5.0651845192e-01 4.9348116886e-01 1.0000000000e-03
3.4700000000e+02 1.3112551533e-02 1.3288891874e-02 1.2931540608e-02 5.0654802403e-01 4.9345159653e-01 1.0000000000e-03
3.4800000000e+02 1.3105614111e-02 1.3285206631e-02 1.2921237387e-02 5.0658762928e-01 4.9341199107e-01 1.0000000000e-03
3.4900000000e+02 1.3098765165e-02 1.3281908818e-02 1.2910705060e-02 5.0663745087e-01 4.9336216926e-01 1.0000000000e-03
3.5000000000e+02 1.3091932982e-02 1.3263924047e-02 1.2915322557e-02 5.0663948384e-01 4.9336013608e-01 1.0000000000e-03
3.5100000000e+02 1.3085240498e-02 1.3254481368e-02 1.2911461294e-02 5.0663098660e-01 4.9336863311e-01 1.0000000000e-03
3.5200000000e+02 1.3078648597e-02 1.3230357319e-02 1.2922920287e-02 5.0655562865e-01 4.9344399086e-01 1.0000000000e-03
3.5300000000e+02 1.3072427362e-02 1.3232661411e-02 1.2907966971e-02 5.0652109966e-01 4.9347851964e-01 1.0000000000e-03
3.5400000000e+02 1.3066725805e-02 1.3211163692e-02 1.2918536551e-02 5.0642892154e-01 4.9357069756e-01 1.0000000000e-03
3.5500000000e+02 1.3062234037e-02 1.3237779029e-02 1.2882099487e-02 5.0646686986e-01 4.9353274905e-01 1.0000000000e-03
3.5600000000e+02 1.3060033321e-02 1.3207317330e-02 1.2908945791e-02 5.0639140055e-01 4.9360821817e-01 1.0000000000e-03
3.5700000000e+02 1.3062965125e-02 1.3263533823e-02 1.2857099064e-02 5.0653023668e-01 4.9346938189e-01 1.0000000000e-03
3.5800000000e+02 1.3076523319e-02 1.3197186403e-02 1.2952769175e-02 5.0634453146e-01 4.9365508701e-01 1.0000000000e-03
3.5900000000e+02 1.3113332912e-02 1.3320950791e-02 1.2900245376e-02 5.0651228286e-01 4.9348733563e-01 1.0000000000e-03
3.6000000000e+02 1.3199208304e-02 1.3209290802e-02 1.3188894838e-02 5.0589966699e-01 4.9409995176e-01 1.0000000000e-03
3.6100000000e+02 1.3383897021e-02 1.3546810485e-02 1.3217086904e-02 5.0592566712e-01 4.9407395240e-01 1.0000000000e-03
3.6200000000e+02 1.3748434372e-02 1.3440457173e-02 1.4061645605e-02 5.0420373548e-01 4.9579588573e-01 1.0000000000e-03
3.6300000000e+02 1.4351725578e-02 1.4287593774e-02 1.4416789636e-02 5.0355829906e-01 4.9644132518e-01 1.0000000000e-03
3.6400000000e+02 1.5108663589e-02 1.4131299220e-02 1.6085913405e-02 4.9996818087e-01 5.0003144786e-01 1.0000000000e-03
3.6500000000e+02 1.5489201993e-02 1.5171261504e-02 1.5805820003e-02 4.9894710830e-01 5.0105252528e-01 1.0000000000e-03
3.6600000000e+02 1.4963508584e-02 1.4096302912e-02 1.5817558393e-02 4.9617536182e-01 5.0382427497e-01 1.0000000000e-03
3.6700000000e+02 1.3712691143e-02 1.4112628065e-02 1.3315935619e-02 4.9801011123e-01 5.0198952542e-01 1.0000000000e-03
3.6800000000e+02 1.2983873487e-02 1.3453625143e-02 1.2514095753e-02 5.0001811336e-01 4.9998152111e-01 1.0000000000e-03
3.6900000000e+02 1.3376258314e-02 1.3528509997e-02 1.3223658316e-02 5.0058605316e-01 4.9941358048e-01 1.0000000000e-03
3.7000000000e+02 1.4084823430e-02 1.4269724488e-02 1.3899054378e-02 5.0118537480e-01 4.9881425998e-01 1.0000000000e-03
3.7100000000e+02 1.4046644792e-02 1.3704029843e-02 1.4389062300e-02 4.9984760127e-01 5.0015203443e-01 1.0000000000e-03
3.7200000000e+02 1.3314723969e-02 1.3585810550e-02 1.3042687438e-02 5.0088263751e-01 4.9911699708e-01 1.0000000000e-03
3.7300000000e+02 1.2953219935e-02 1.3225672767e-02 1.2678752653e-02 5.0185000401e-01 4.9814962851e-01 1.0000000000e-03
3.7400000000e+02 1.3327049091e-02 1.3284534216e-02 1.3369831257e-02 5.0150497915e-01 4.9849465260e-01 1.0000000000e-03
3.7500000000e+02 1.3665321283e-02 1.3921343721e-02 1.3406947255e-02 5.0229560536e-01 4.9770402663e-01 1.0000000000e-03
3.7600000000e+02 1.3395035639e-02 1.3413812034e-02 1.3376109302e-02 5.0213639351e-01 4.9786323795e-01 1.0000000000e-03
3.7700000000e+02 1.2972408906e-02 1.3422835618e-02 1.2515326031e-02 5.0367210566e-01 4.9632752410e-01 1.0000000000e-03
3.7800000000e+02 1.3030329719e-02 1.3473068364e-02 1.2578616850e-02 5.0502156172e-01 4.9497806668e-01 1.0000000000e-03
3.7900000000e+02 1.3330769725e-02 1.3391083106e-02 1.3269309886e-02 5.0474776522e-01 4.9525186283e-01 1.0000000000e-03
3.8000000000e+02 1.3294953853e-02 1.3586152345e-02 1.2997429818e-02 5.0538027421e-01 4.9461935342e-01 1.0000000000e-03
3.8100000000e+02 1.2997426093e-02 1.3130326755e-02 1.2861656956e-02 5.0535905939e-01 4.9464056700e-01 1.0000000000e-03
3.8200000000e+02 1.2927549891e-02 1.3068890199e-02 1.2783146463e-02 5.0537578617e-01 4.9462383890e-01 1.0000000000e-03
3.8300000000e+02 1.3118088245e-02 1.3322258368e-02 1.2909281999e-02 5.0562536341e-01 4.9437426103e-01 1.0000000000e-03
3.8400000000e+02 1.3172941282e-02 1.3110175729e-02 1.3236939907e-02 5.0482224261e-01 4.9517738143e-01 1.0000000000e-03
3.8500000000e+02 1.2993393466e-02 1.3259327039e-02 1.2721691281e-02 5.0537466900e-01 4.9462495415e-01 1.0000000000e-03
3.8600000000e+02 1.2888064608e-02 1.3156753033e-02 1.2612976134e-02 5.0589225139e-01 4.9410737064e-01 1.0000000000e-03
3.8700000000e+02 1.2987192720e-02 1.3149458915e-02 1.2821037322e-02 5.0593530425e-01 4.9406431707e-01 1.0000000000e-03
3.8800000000e+02 1.3064182363e-02 1.3355622068e-02 1.2765109539e-02 5.0647210645e-01 4.9352751446e-01 1.0000000000e-03
3.8900000000e+02 1.2973485515e-02 1.3084419072e-02 1.2859749608e-02 5.0625786280e-01 4.9374175747e-01 1.0000000000e-03
3.9000000000e+02 1.2871704064e-02 1.3050341979e-02 1.2688491493e-02 5.0633498395e-01 4.9366463544e-01 1.0000000000e-03
3.9100000000e+02 1.2906016782e-02 1.3055223972e-02 1.2753020972e-02 5.0628694358e-01 4.9371267512e-01 1.0000000000e-03
3.9200000000e+02 1.2975968421e-02 1.2931561098e-02 1.3021371327e-02 5.0548520482e-01 4.9451441349e-01 1.0000000000e-03
3.9300000000e+02 1.2943910435e-02 1.3084941544e-02 1.2799759395e-02 5.0548753489e-01 4.9451208295e-01 1.0000000000e-03
3.9400000000e+02 1.2863267213e-02 1.2967914343e-02 1.2756366283e-02 5.0534994543e-01 4.9464967175e-01 1.0000000000e-03
3.9500000000e+02 1.2855457142e-02 1.3015148230e-02 1.2692260556e-02 5.0544293629e-01 4.9455668027e-01 1.0000000000e-03
3.9600000000e+02 1.2904389761e-02 1.3170028105e-02 1.2632372789e-02 5.0594049359e-01 4.9405912256e-01 1.0000000000e-03
3.9700000000e+02 1.2908408418e-02 1.3059208170e-02 1.2753993273e-02 5.0593762387e-01 4.9406199193e-01 1.0000000000e-03
3.9800000000e+02 1.2856468558e-02 1.3110403903e-02 1.2596016750e-02 5.0634434490e-01 4.9365527042e-01 1.0000000000e-03
3.9900000000e+02 1.2827210128e-02 1.3015892357e-02 1.2633602135e-02 5.0645511042e-01 4.9354450438e-01 1.0000000000e-03
4.0000000000e+02 1.2849568389e-02 1.2938731350e-02 1.2758190744e-02 5.0616086817e-01 4.9383874623e-01 1.0000000000e-03
4.0100000000e+02 1.2868055142e-02 1.3019371778e-02 1.2712985277e-02 5.0614009484e-01 4.9385951926e-01 1.0000000000e-03
4.0200000000e+02 1.2844332494e-02 1.2902515009e-02 1.2784805149e-02 5.0575518635e-01 4.9424442741e-01 1.0000000000e-03
4.0300000000e+02 1.2811758555e-02 1.2966340408e-02 1.2653565034e-02 5.0579006273e-01 4.9420955062e-01 1.0000000000e-03
4.0400000000e+02 1.2810850516e-02 1.3016453944e-02 1.2600243092e-02 5.0602341859e-01 4.9397619439e-01 1.0000000000e-03
4.0500000000e+02 1.2827561237e-02 1.3006699272e-02 1.2643988244e-02 5.0612807705e-01 4.9387153565e-01 1.0000000000e-03
4.0600000000e+02 1.2825239450e-02 1.3104431331e-02 1.2538565323e-02 5.0661860332e-01 4.9338100911e-01 1.0000000000e-03
4.0700000000e+02 1.2802128680e-02 1.3013800606e-02 1.2584634125e-02 5.0679499016e-01 4.9320462196e-01 1.0000000000e-03
4.0800000000e+02 1.2787308544e-02 1.2996356003e-02 1.2572384439e-02 5.0694455310e-01 4.9305505870e-01 1.0000000000e-03
4.0900000000e+02 1.2792402878e-02 1.2980837375e-02 1.2598630041e-02 5.0699717586e-01 4.9300243566e-01 1.0000000000e-03
4.1000000000e+02 1.2798525393e-02 1.2885602191e-02 1.2709114701e-02 5.0664221189e-01 4.9335739941e-01 1.0000000000e-03
4.1100000000e+02 1.2789290398e-02 1.2929026969e-02 1.2645865791e-02 5.0653156305e-01 4.9346804803e-01 1.0000000000e-03
4.1200000000e+02 1.2773007154e-02 1.2886643410e-02 1.2656467967e-02 5.0632894965e-01 4.9367066117e-01 1.0000000000e-03
4.1300000000e+02 1.2766286731e-02 1.2919170782e-02 1.2609509751e-02 5.0630253121e-01 4.9369707935e-01 1.0000000000e-03
4.1400000000e+02 1.2769613415e-02 1.2982855551e-02 1.2550747953e-02 5.0651841292e-01 4.9348119742e-01 1.0000000000e-03
4.1500000000e+02 1.2769934721e-02 1.2953924946e-02 1.2581035495e-02 5.0659670651e-01 4.9340290363e-01 1.0000000000e-03
4.1600000000e+02 1.2761074118e-02 1.2998152524e-02 1.2517391704e-02 5.0687910989e-01 4.9312050005e-01 1.0000000000e-03
4.1700000000e+02 1.2750046328e-02 1.2936707586e-02 1.2558143586e-02 5.0693361126e-01 4.9306599846e-01 1.0000000000e-03
4.1800000000e+02 1.2745562941e-02 1.2894673273e-02 1.2592329644e-02 5.0683336324e-01 4.9316624627e-01 1.0000000000e-03
4.1900000000e+02 1.2746143155e-02 1.2883231044e-02 1.2605343014e-02 5.0669512983e-01 4.9330447950e-01 1.0000000000e-03
4.2000000000e+02 1.2744169682e-02 1.2821175158e-02 1.2665198185e-02 5.0633159784e-01 4.9366801132e-01 1.0000000000e-03
4.2100000000e+02 1.2736840174e-02 1.2858989649e-02 1.2611640617e-02 5.0618397557e-01 4.9381563341e-01 1.0000000000e-03
4.2200000000e+02 1.2728618458e-02 1.2854877859e-02 1.2599267066e-02 5.0606765871e-01 4.9393195009e-01 1.0000000000e-03
4.2300000000e+02 1.2724280357e-02 1.2887046672e-02 1.2557496317e-02 5.0610845846e-01 4.9389115016e-01 1.0000000000e-03
4.2400000000e+02 1.2723138556e-02 1.2933902442e-02 1.2506973930e-02 5.0633665278e-01 4.9366295567e-01 1.0000000000e-03
4.2500000000e+02 1.2720746920e-02 1.2908925302e-02 1.2527657673e-02 5.0645241497e-01 4.9354719332e-01 1.0000000000e-03
4.2600000000e+02 1.2715189718e-02 1.2921958230e-02 1.2502872385e-02 5.0663131993e-01 4.9336828820e-01 1.0000000000e-03
4.2700000000e+02 1.2708556838e-02 1.2865915895e-02 1.2547002174e-02 5.0659563181e-01 4.9340397615e-01 1.0000000000e-03
4.2800000000e+02 1.2703837827e-02 1.2835167348e-02 1.2569080107e-02 5.0645975495e-01 4.9353985286e-01 1.0000000000e-03
4.2900000000e+02 1.2701267377e-02 1.2824203819e-02 1.2575198896e-02 5.0630393827e-01 4.9369566938e-01 1.0000000000e-03
4.3000000000e+02 1.2698537670e-02 1.2799629942e-02 1.2594967149e-02 5.0607648983e-01 4.9392311768e-01 1.0000000000e-03
4.3100000000e+02 1.2694198638e-02 1.2842887081e-02 1.2541871518e-02 5.0606172701e-01 4.9393788035e-01 1.0000000000e-03
4.3200000000e+02 1.2688787654e-02 1.2850654311e-02 1.2522931211e-02 5.0610133015e-01 4.9389827706e-01 1.0000000000e-03
4.3300000000e+02 1.2683986686e-02 1.2883960269e-02 1.2478928082e-02 5.0628965121e-01 4.9370995586e-01 1.0000000000e-03
4.3400000000e+02 1.2680531479e-02 1.2895041145e-02 1.2460364960e-02 5.0651783271e-01 4.9348177421e-01 1.0000000000e-03
4.3500000000e+02 1.2677548453e-02 1.2868881226e-02 1.2481083162e-02 5.0663091819e-01 4.9336868860e-01 1.0000000000e-03
4.3600000000e+02 1.2674022466e-02 1.2859012000e-02 1.2484013103e-02 5.0670765271e-01 4.9329195394e-01 1.0000000000e-03
4.3700000000e+02 1.2669594958e-02 1.2806032784e-02 1.2529525906e-02 5.0658255681e-01 4.9341704970e-01 1.0000000000e-03
4.3800000000e+02 1.2664983980e-02 1.2793632224e-02 1.2532988563e-02 5.0643884581e-01 4.9356076057e-01 1.0000000000e-03
4.3900000000e+02 1.2660741806e-02 1.2782582082e-02 1.2535811402e-02 5.0628227607e-01 4.9371733017e-01 1.0000000000e-03
4.4000000000e+02 1.2657143176e-02 1.2790533714e-02 1.2520419434e-02 5.0618762018e-01 4.9381198593e-01 1.0000000000e-03
4.4100000000e+02 1.2653798796e-02 1.2824847363e-02 1.2478427961e-02 5.0625337284e-01 4.9374623314e-01 1.0000000000e-03
4.4200000000e+02 1.2650195509e-02 1.2830744497e-02 1.2465010397e-02 5.0635093146e-01 4.9364867438e-01 1.0000000000e-03
4.4300000000e+02 1.2646261603e-02 1.2852518819e-02 1.2434544973e-02 5.0654227607e-01 4.9345732965e-01 1.0000000000e-03
4.4400000000e+02 1.2642074376e-02 1.2831283733e-02 1.2447778136e-02 5.0664657235e-01 4.9335303324e-01 1.0000000000e-03
4.4500000000e+02 1.2638045475e-02 1.2808726169e-02 1.2462764047e-02 5.0666638600e-01 4.9333321946e-01 1.0000000000e-03
4.4600000000e+02 1.2634398416e-02 1.2779884972e-02 1.2485039420e-02 5.0658323506e-01 4.9341637027e-01 1.0000000000e-03
4.4700000000e+02 1.2630911544e-02 1.2748953886e-02 1.2509819120e-02 5.0639826129e-01 4.9360134391e-01 1.0000000000e-03
4.4800000000e+02 1.2627338991e-02 1.2752253562e-02 1.2499268167e-02 5.0625934615e-01 4.9374025893e-01 1.0000000000e-03
4.4900000000e+02 1.2623482384e-02 1.2750744820e-02 1.2493064627e-02 5.0614377447e-01 4.9385583050e-01 1.0000000000e-03
4.5000000000e+02 1.2619536370e-02 1.2779886834e-02 1.2455188669e-02 5.0617272388e-01 4.9382688096e-01 1.0000000000e-03
4.5100000000e+02 1.2615730055e-02 1.2794426642e-02 1.2432501651e-02 5.0627276999e-01 4.9372683472e-01 1.0000000000e-03
4.5200000000e+02 1.2612152845e-02 1.2803429738e-02 1.2415915728e-02 5.0641376007e-01 4.9358584452e-01 1.0000000000e-03
4.5300000000e+02 1.2608611956e-02 1.2797874399e-02 1.2414347380e-02 5.0653296135e-01 4.9346664312e-01 1.0000000000e-03
4.5400000000e+02 1.2605056167e-02 1.2768837623e-02 1.2436943129e-02 5.0653801491e-01 4.9346158943e-01 1.0000000000e-03
4.5500000000e+02 1.2601425871e-02 1.2749579735e-02 1.2449393049e-02 5.0647982613e-01 4.9351977810e-01 1.0000000000e-03
4.5600000000e+02 1.2597769499e-02 1.2720828876e-02 1.2471565977e-02 5.0632654202e-01 4.9367306209e-01 1.0000000000e-03
4.5700000000e+02 1.2594088912e-02 1.2720530853e-02 1.2464481406e-02 5.0620220471e-01 4.9379739928e-01 1.0000000000e-03
4.5800000000e+02 1.2590311468e-02 1.2725784443e-02 1.2451485731e-02 5.0612669898e-01 4.9387290490e-01 1.0000000000e-03
4.5900000000e+02 1.2586688623e-02 1.2745758519e-02 1.2423664331e-02 5.0615386111e-01 4.9384574264e-01 1.0000000000e-03
4.6000000000e+02 1.2583253905e-02 1.2764911167e-02 1.2396992184e-02 5.0626955809e-01 4.9373004556e-01 1.0000000000e-03
4.6100000000e+02 1.2579825707e-02 1.2767674401e-02 1.2387116440e-02 5.0639901447e-01 4.9360058905e-01 1.0000000000e-03
4.6200000000e+02 1.2576365843e-02 1.2764137238e-02 1.2383645400e-02 5.0651560454e-01 4.9348399886e-01 1.0000000000e-03
4.6300000000e+02 1.2572805397e-02 1.2737240642e-02 1.2404030189e-02 5.0652670017e-01 4.9347290312e-01 1.0000000000e-03
4.6400000000e+02 1.2569244951e-02 1.2717360631e-02 1.2417254969e-02 5.0647100674e-01 4.9352859643e-01 1.0000000000e-03
4.6500000000e+02 1.2565703131e-02 1.2694205157e-02 1.2433909811e-02 5.0634182244e-01 4.9365778062e-01 1.0000000000e-03
4.6600000000e+02 1.2562158518e-02 1.2691698968e-02 1.2429360300e-02 5.0622976898e-01 4.9376983396e-01 1.0000000000e-03
4.6700000000e+02 1.2558600865e-02 1.2699075043e-02 1.2414625846e-02 5.0617309469e-01 4.9382650815e-01 1.0000000000e-03
4.6800000000e+02 1.2555154040e-02 1.2714771554e-02 1.2391539291e-02 5.0619949217e-01 4.9380011055e-01 1.0000000000e-03
4.6900000000e+02 1.2551791966e-02 1.2731019408e-02 1.2367997319e-02 5.0630270264e-01 4.9369689996e-01 1.0000000000e-03
4.7000000000e+02 1.2548439205e-02 1.2731971219e-02 1.2360148132e-02 5.0641332822e-01 4.9358627427e-01 1.0000000000e-03
4.7100000000e+02 1.2545024976e-02 1.2725737877e-02 1.2359559536e-02 5.0650184163e-01 4.9349776075e-01 1.0000000000e-03
4.7200000000e+02 1.2541574426e-02 1.2701260857e-02 1.2377694249e-02 5.0649673315e-01 4.9350286912e-01 1.0000000000e-03
4.7300000000e+02 1.2538161129e-02 1.2682038359e-02 1.2390545569e-02 5.0642833752e-01 4.9357126463e-01 1.0000000000e-03
4.7400000000e+02 1.2534730136e-02 1.2663031928e-02 1.2403161265e-02 5.0630385244e-01 4.9369574960e-01 1.0000000000e-03
4.7500000000e+02 1.2531317770e-02 1.2662198395e-02 1.2397158891e-02 5.0620227046e-01 4.9379733147e-01 1.0000000000e-03
4.7600000000e+02 1.2527879328e-02 1.2669513933e-02 1.2382724322e-02 5.0615440644e-01 4.9384519539e-01 1.0000000000e-03
4.7700000000e+02 1.2524524704e-02 1.2684886344e-02 1.2360153720e-02 5.0618724285e-01 4.9381235887e-01 1.0000000000e-03
4.7800000000e+02 1.2521227822e-02 1.2697070837e-02 1.2340921909e-02 5.0627971532e-01 4.9371988628e-01 1.0000000000e-03
4.7900000000e+02 1.2517951429e-02 1.2697512284e-02 1.2333761901e-02 5.0637831535e-01 4.9362128615e-01 1.0000000000e-03
4.8000000000e+02 1.2514628470e-02 1.2688130140e-02 1.2336606160e-02 5.0644281657e-01 4.9355678482e-01 1.0000000000e-03
4.8100000000e+02 1.2511281297e-02 1.2666394003e-02 1.2352139689e-02 5.0642655770e-01 4.9357304357e-01 1.0000000000e-03
4.8200000000e+02 1.2507980689e-02 1.2649079785e-02 1.2363259681e-02 5.0635523991e-01 4.9364436125e-01 1.0000000000e-03
4.8300000000e+02 1.2504668906e-02 1.2634072453e-02 1.2372002937e-02 5.0624370741e-01 4.9375589365e-01 1.0000000000e-03
4.8400000000e+02 1.2501379475e-02 1.2636402622e-02 1.2362994254e-02 5.0616614638e-01 4.9383345458e-01 1.0000000000e-03
4.8500000000e+02 1.2498058379e-02 1.2643230148e-02 1.2349287979e-02 5.0613757182e-01 4.9386202902e-01 1.0000000000e-03
4.8600000000e+02 1.2494798750e-02 1.2659466825e-02 1.2326012366e-02 5.0619109087e-01 4.9380850987e-01 1.0000000000e-03
4.8700000000e+02 1.2491621077e-02 1.2665657327e-02 1.2313168496e-02 5.0627753674e-01 4.9372206389e-01 1.0000000000e-03
4.8800000000e+02 1.2488428503e-02 1.2666619383e-02 1.2305646203e-02 5.0637251092e-01 4.9362708961e-01 1.0000000000e-03
4.8900000000e+02 1.2485166080e-02 1.2651585974e-02 1.2314433232e-02 5.0641046280e-01 4.9358913762e-01 1.0000000000e-03
4.9000000000e+02 1.2481912971e-02 1.2635075487e-02 1.2324795127e-02 5.0639095467e-01 4.9360864564e-01 1.0000000000e-03
4.9100000000e+02 1.2478683144e-02 1.2615906075e-02 1.2337964028e-02 5.0630875064e-01 4.9369084956e-01 1.0000000000e-03
4.9200000000e+02 1.2475491501e-02 1.2609060854e-02 1.2338566594e-02 5.0621997954e-01 4.9377962056e-01 1.0000000000e-03
4.9300000000e+02 1.2472255155e-02 1.2609318830e-02 1.2331784703e-02 5.0615434032e-01 4.9384525968e-01 1.0000000000e-03
4.9400000000e+02 1.2469062582e-02 1.2621113099e-02 1.2313231826e-02 5.0615626991e-01 4.9384332998e-01 1.0000000000e-03
4.9500000000e+02 1.2465911917e-02 1.2630584650e-02 1.2297107838e-02 5.0620951084e-01 4.9379008895e-01 1.0000000000e-03
4.9600000000e+02 1.2462770566e-02 1.2637362815e-02 1.2283734046e-02 5.0629803621e-01 4.9370156347e-01 1.0000000000e-03
4.9700000000e+02 1.2459641322e-02 1.2630577199e-02 1.2284309603e-02 5.0636311324e-01 4.9363648633e-01 1.0000000000e-03
4.9800000000e+02 1.2456528842e-02 1.2618339621e-02 1.2290542945e-02 5.0638477311e-01 4.9361482636e-01 1.0000000000e-03
4.9900000000e+02 1.2453375384e-02 1.2598746456e-02 1.2304281816e-02 5.0633749804e-01 4.9366210133e-01 1.0000000000e-03
5.0000000000e+02 1.2450263835e-02 1.2587334029e-02 1.2309727259e-02 5.0626123704e-01 4.9373836223e-01 1.0000000000e-03
