# time_s Ids_true_A Ids_pred_A Ids_physics_A T_mean_K
3.8554844650e-08 1.0156250000e+01 1.0501800537e+01 1.2938005447e+01 3.3184613037e+02
4.9115215006e-08 1.5265625000e+01 1.6669494629e+01 1.8710783005e+01 3.3245132446e+02
5.8714931583e-08 1.9250000000e+01 2.0651031494e+01 2.2855812073e+01 3.3309484863e+02
6.8314875534e-08 2.4546875000e+01 2.8242767334e+01 3.0440633774e+01 3.3392825317e+02
7.7915046859e-08 3.0968750000e+01 3.2116409302e+01 3.3835453033e+01 3.3481994629e+02
8.7514990810e-08 3.6750000000e+01 3.7723571777e+01 3.9690212250e+01 3.3584533691e+02
9.7114934761e-08 4.1468750000e+01 4.7412368774e+01 4.8630870819e+01 3.3708050537e+02
1.0671510609e-07 4.6031250000e+01 5.1539627075e+01 5.2636123657e+01 3.3837710571e+02
1.1631505004e-07 5.1125000000e+01 5.1586730957e+01 5.3072433472e+01 3.3963269043e+02
1.2591499399e-07 5.5984375000e+01 5.8188598633e+01 5.9047801971e+01 3.4100604248e+02
1.3551516531e-07 5.8703125000e+01 6.2590164185e+01 6.3646850586e+01 3.4245892334e+02
1.4511510926e-07 6.3796875000e+01 6.5807357788e+01 6.6260330200e+01 3.4392391968e+02
1.5471505321e-07 6.9484375000e+01 6.9069389343e+01 6.9495063782e+01 3.4542471313e+02
1.6431511085e-07 7.1859375000e+01 6.8526000977e+01 6.9501754761e+01 3.4687191772e+02
1.7391494112e-07 7.6562500000e+01 7.4384925842e+01 7.4813453674e+01 3.4841561890e+02
1.8351511244e-07 7.7765625000e+01 7.5524375916e+01 7.6026924133e+01 3.4993862915e+02
1.9311505639e-07 8.1562500000e+01 8.2722267151e+01 8.2563484192e+01 3.5159243774e+02
2.0271511403e-07 8.4484375000e+01 8.2256729126e+01 8.2528282166e+01 3.5319110107e+02
2.1231505798e-07 8.6531250000e+01 9.2095840454e+01 9.1084083557e+01 3.5497521973e+02
2.2191511562e-07 8.9500000000e+01 8.7363471985e+01 8.7241882324e+01 3.5659790039e+02
2.3151494588e-07 9.3140625000e+01 9.4295501709e+01 9.3470405579e+01 3.5833441162e+02
2.4111511721e-07 9.4750000000e+01 9.4317481995e+01 9.3622406006e+01 3.6001956177e+02
2.5071506116e-07 9.6593750000e+01 9.9103485107e+01 9.8016021729e+01 3.6178311157e+02
2.6031511879e-07 1.0014062500e+02 1.0205844116e+02 1.0086390686e+02 3.6356567383e+02
2.6991506274e-07 1.0298437500e+02 1.0332764435e+02 1.0194483185e+02 3.6533563232e+02
2.7951512038e-07 1.0254687500e+02 1.0100791168e+02 1.0079688263e+02 3.6701983643e+02
2.8911495065e-07 1.0578125000e+02 1.0699822235e+02 1.0570131683e+02 3.6879702759e+02
2.9871512197e-07 1.0687500000e+02 1.0447825623e+02 1.0420922089e+02 3.7047985840e+02
3.0831506592e-07 1.0818750000e+02 1.0755357361e+02 1.0702966309e+02 3.7220147705e+02
3.1791500987e-07 1.1095312500e+02 1.1053766632e+02 1.0982286072e+02 3.7395138550e+02
3.2751506751e-07 1.1279687500e+02 1.1295532227e+02 1.1213989258e+02 3.7572201538e+02
3.3711512515e-07 1.1470312500e+02 1.1172052002e+02 1.1083387756e+02 3.7742477417e+02
3.4671495541e-07 1.1442187500e+02 1.1535301971e+02 1.1458197021e+02 3.7918344116e+02
3.5631512674e-07 1.1648437500e+02 1.1660930634e+02 1.1518409729e+02 3.8092501831e+02
3.6591507069e-07 1.2051562500e+02 1.2355485535e+02 1.2130124664e+02 3.8278790283e+02
3.7551490095e-07 1.2256250000e+02 1.2118308258e+02 1.1930884552e+02 3.8456011963e+02
3.8511507228e-07 1.2170312500e+02 1.2225022888e+02 1.2160820770e+02 3.8634533691e+02
3.9471501623e-07 1.2515625000e+02 1.2463887787e+02 1.2279019165e+02 3.8813436890e+02
4.0431496018e-07 1.2510937500e+02 1.2317581177e+02 1.2272801208e+02 3.8987973022e+02
4.1391501782e-07 1.2664062500e+02 1.2341764069e+02 1.2282763672e+02 3.9159735107e+02
4.2351507545e-07 1.2700000000e+02 1.2642288971e+02 1.2482811737e+02 3.9333908081e+02
4.3311490572e-07 1.2943750000e+02 1.3046023560e+02 1.2944404602e+02 3.9515997314e+02
4.4271507704e-07 1.3112500000e+02 1.2638774109e+02 1.2656120300e+02 3.9686981201e+02
4.5231502099e-07 1.3309375000e+02 1.2761628723e+02 1.2709010315e+02 3.9857067871e+02
4.6191496494e-07 1.3304687500e+02 1.3535920715e+02 1.3399377441e+02 4.0041656494e+02
4.7151502258e-07 1.3557812500e+02 1.3532769775e+02 1.3334764099e+02 4.0221884155e+02
4.8111508022e-07 1.3831250000e+02 1.3289929199e+02 1.3222048950e+02 4.0395739746e+02
4.9071502417e-07 1.3657812500e+02 1.3687010193e+02 1.3570890808e+02 4.0575604248e+02
5.0031508181e-07 1.3975000000e+02 1.3522962952e+02 1.3461169434e+02 4.0749676514e+02
5.0991513945e-07 1.4106250000e+02 1.3750390625e+02 1.3611149597e+02 4.0925189209e+02
5.1951496971e-07 1.4173437500e+02 1.4125476074e+02 1.4093443298e+02 4.1108291626e+02
5.2911514103e-07 1.4392187500e+02 1.4055558777e+02 1.4027745056e+02 4.1287579346e+02
5.3871508499e-07 1.4421875000e+02 1.4599639893e+02 1.4516189575e+02 4.1476309204e+02
5.4831491525e-07 1.4682812500e+02 1.4901428223e+02 1.4769360352e+02 4.1668667603e+02
5.5791508657e-07 1.4673437500e+02 1.4462380981e+02 1.4468916321e+02 4.1849395752e+02
5.6751503053e-07 1.5045312500e+02 1.4439552307e+02 1.4414152527e+02 4.2027102661e+02
5.7711497448e-07 1.5070312500e+02 1.4983578491e+02 1.4907357788e+02 4.2214468384e+02
5.8671503211e-07 1.5182812500e+02 1.5173168945e+02 1.5024993896e+02 4.2402532959e+02
5.9631508975e-07 1.5387500000e+02 1.4652697754e+02 1.4657351685e+02 4.2578082275e+02
6.0591492002e-07 1.5451562500e+02 1.4907600403e+02 1.4915177917e+02 4.2757214355e+02
6.1551509134e-07 1.5590625000e+02 1.5456275940e+02 1.5396650696e+02 4.2946136475e+02
6.2511503529e-07 1.5703125000e+02 1.5936277771e+02 1.5871328735e+02 4.3143768311e+02
6.3471497924e-07 1.5860937500e+02 1.5833282471e+02 1.5697253418e+02 4.3335226440e+02
6.4431503688e-07 1.5943750000e+02 1.5920797729e+02 1.5803823853e+02 4.3526544189e+02
6.5391509452e-07 1.6067187500e+02 1.5783424377e+02 1.5623451233e+02 4.3711401367e+02
6.6351492478e-07 1.6087500000e+02 1.5776557922e+02 1.5667129517e+02 4.3894631958e+02
6.7311509611e-07 1.6264062500e+02 1.6764433289e+02 1.6716557312e+02 4.4099887085e+02
6.8271504006e-07 1.6510937500e+02 1.6252459717e+02 1.6109745789e+02 4.4288870239e+02
6.9231498401e-07 1.6331250000e+02 1.6127557373e+02 1.6035052490e+02 4.4473382568e+02
7.0191504165e-07 1.6531250000e+02 1.6642031860e+02 1.6519413757e+02 4.4667401123e+02
7.1151509928e-07 1.6768750000e+02 1.6151773071e+02 1.6142849731e+02 4.4848907471e+02
7.2111492955e-07 1.6743750000e+02 1.6994845581e+02 1.7004264832e+02 4.5048190308e+02
7.3071510087e-07 1.7117187500e+02 1.7288809204e+02 1.7275195312e+02 4.5252117920e+02
7.4031504482e-07 1.7185937500e+02 1.6674649048e+02 1.6640231323e+02 4.5438616943e+02
7.4991498877e-07 1.7234375000e+02 1.7687170410e+02 1.7717140198e+02 4.5647885132e+02
7.5951504641e-07 1.7420312500e+02 1.7473307800e+02 1.7444105530e+02 4.5848797607e+02
7.6911510405e-07 1.7506250000e+02 1.8569567871e+02 1.8715211487e+02 4.6075991821e+02
7.7871493431e-07 1.7629687500e+02 1.7469863892e+02 1.7506242371e+02 4.6272088623e+02
7.8831510564e-07 1.7773437500e+02 1.8242687988e+02 1.8315261841e+02 4.6485394287e+02
7.9791504959e-07 1.7771875000e+02 1.7446803284e+02 1.7332875061e+02 4.6674530029e+02
8.0751499354e-07 1.7964062500e+02 1.8071087646e+02 1.8091007996e+02 4.6878335571e+02
8.1711505118e-07 1.8051562500e+02 1.8180513000e+02 1.8233091736e+02 4.7082775879e+02
8.2671510881e-07 1.8373437500e+02 1.8242588806e+02 1.8283015442e+02 4.7286285400e+02
8.3631493908e-07 1.8392187500e+02 1.9032341003e+02 1.9206723022e+02 4.7508682251e+02
8.4591511040e-07 1.8428125000e+02 1.8961201477e+02 1.9134860229e+02 4.7726571655e+02
8.5551505435e-07 1.8357812500e+02 1.8954330444e+02 1.9086355591e+02 4.7941381836e+02
8.6511499831e-07 1.8593750000e+02 1.8654516602e+02 1.8783456421e+02 4.8145578003e+02
8.7471494226e-07 1.8820312500e+02 1.9104672241e+02 1.9295516968e+02 4.8359860229e+02
8.8431511358e-07 1.8887500000e+02 1.9013432312e+02 1.9136601257e+02 4.8568869019e+02
8.9391505753e-07 1.9000000000e+02 1.8715473938e+02 1.8754397583e+02 4.8767150879e+02
9.0351511517e-07 1.8932812500e+02 1.9292604065e+02 1.9492253113e+02 4.8979098511e+02
9.1311494543e-07 1.9185937500e+02 1.9291717529e+02 1.9393066406e+02 4.9188220215e+02
9.2271500307e-07 1.9323437500e+02 1.9856808472e+02 2.0135894775e+02 4.9411517334e+02
9.3231494702e-07 1.9215625000e+02 1.9604774475e+02 1.9820350647e+02 4.9624810791e+02
9.4191500466e-07 1.9401562500e+02 1.9350930786e+02 1.9401623535e+02 4.9827832031e+02
9.5151506230e-07 1.9637500000e+02 1.9617021179e+02 1.9756243896e+02 5.0036361694e+02
9.6111511994e-07 1.9595312500e+02 2.0105072021e+02 2.0324797058e+02 5.0256506348e+02
9.7071495020e-07 1.9807812500e+02 2.0108636475e+02 2.0340849304e+02 5.0474383545e+02
9.8031500784e-07 1.9804687500e+02 1.9875494385e+02 2.0062260437e+02 5.0681347656e+02
9.8991495179e-07 1.9951562500e+02 1.9810943604e+02 1.9906965637e+02 5.0885293579e+02
9.9951500943e-07 2.0117187500e+02 2.0373959351e+02 2.0688800049e+02 5.1103796387e+02
1.0091150671e-06 1.9990625000e+02 1.9791838074e+02 1.9810047913e+02 5.1302050781e+02
1.0187151247e-06 2.0226562500e+02 2.0137522888e+02 2.0267961121e+02 5.1508343506e+02
1.0283149550e-06 2.0373437500e+02 2.0203646851e+02 2.0317445374e+02 5.1714147949e+02
1.0379150126e-06 2.0431250000e+02 2.0256137085e+02 2.0374829102e+02 5.1918975830e+02
1.0475149566e-06 2.0400000000e+02 2.0842120361e+02 2.1174847412e+02 5.2140020752e+02
1.0571150142e-06 2.0601562500e+02 2.0699406433e+02 2.0903266907e+02 5.2353771973e+02
1.0667150718e-06 2.0518750000e+02 2.0700465393e+02 2.0808743286e+02 5.2564782715e+02
1.0763151295e-06 2.0868750000e+02 2.0522610474e+02 2.0564443970e+02 5.2767742920e+02
1.0859149597e-06 2.0751562500e+02 2.0747415161e+02 2.0817150879e+02 5.2975384521e+02
1.0955150174e-06 2.0890625000e+02 2.1265209961e+02 2.1621328735e+02 5.3197802734e+02
1.1051149613e-06 2.0770312500e+02 2.0988954163e+02 2.1130148315e+02 5.3408282471e+02
1.1147149053e-06 2.1059375000e+02 2.1142338562e+02 2.1344271851e+02 5.3621362305e+02
1.1243149629e-06 2.1167187500e+02 2.0899499512e+02 2.0900691223e+02 5.3823828125e+02
1.1339150205e-06 2.1276562500e+02 2.1391386414e+02 2.1618119812e+02 5.4040466309e+02
1.1435149645e-06 2.1306250000e+02 2.1402279663e+02 2.1563156128e+02 5.4254974365e+02
1.1531150221e-06 2.1270312500e+02 2.1008122253e+02 2.0940779114e+02 5.4453527832e+02
1.1627149661e-06 2.1268750000e+02 2.1481124878e+02 2.1607534790e+02 5.4665972900e+02
1.1723150237e-06 2.1460937500e+02 2.1537980652e+02 2.1680065918e+02 5.4877838135e+02
1.1819149677e-06 2.1579687500e+02 2.0923898315e+02 2.0703381348e+02 5.5066040039e+02
1.1915150253e-06 2.1504687500e+02 2.2011773682e+02 2.2369348145e+02 5.5290313721e+02
1.2011148556e-06 2.1628125000e+02 2.1439607239e+02 2.1377970886e+02 5.5491558838e+02
1.2107150269e-06 2.1725000000e+02 2.2157836914e+02 2.2523419189e+02 5.5716479492e+02
1.2203149709e-06 2.1875000000e+02 2.2034129333e+02 2.2305801392e+02 5.5934008789e+02
1.2299149148e-06 2.1865625000e+02 2.2114840698e+02 2.2379159546e+02 5.6152270508e+02
1.2395149724e-06 2.1812500000e+02 2.2012097168e+02 2.2170848083e+02 5.6364135742e+02
1.2491150301e-06 2.1812500000e+02 2.1861541748e+02 2.1864457703e+02 5.6568109131e+02
1.2587149740e-06 2.2051562500e+02 2.2355102539e+02 2.2671740723e+02 5.6788452148e+02
1.2683150317e-06 2.2060937500e+02 2.1828863525e+02 2.1740158081e+02 5.6985864258e+02
1.2779148619e-06 2.1890625000e+02 2.2135614014e+02 2.2195877075e+02 5.7193304443e+02
1.2875150333e-06 2.2045312500e+02 2.2154522705e+02 2.2182183838e+02 5.7399322510e+02
1.2971149772e-06 2.2331250000e+02 2.2684877014e+02 2.3101213074e+02 5.7623565674e+02
1.3067150348e-06 2.2184375000e+02 2.2218510437e+02 2.2209483337e+02 5.7827941895e+02
1.3163148651e-06 2.2425000000e+02 2.2688755798e+02 2.3042782593e+02 5.8047393799e+02
1.3259150364e-06 2.2420312500e+02 2.2403802490e+02 2.2462217712e+02 5.8254638672e+02
1.3355149804e-06 2.2401562500e+02 2.2103695679e+02 2.1881852722e+02 5.8446118164e+02
1.3451149243e-06 2.2684375000e+02 2.2710110474e+02 2.2942294312e+02 5.8660662842e+02
1.3547149820e-06 2.2379687500e+02 2.2589382935e+02 2.2686302185e+02 5.8866961670e+02
1.3643150396e-06 2.2525000000e+02 2.2885496521e+02 2.3198381042e+02 5.9084869385e+02
1.3739149836e-06 2.2618750000e+02 2.2214274597e+02 2.1899124146e+02 5.9273840332e+02
1.3835150412e-06 2.2756250000e+02 2.2494531250e+02 2.2367010498e+02 5.9470361328e+02
1.3931148715e-06 2.2664062500e+02 2.2880914307e+02 2.3068057251e+02 5.9681799316e+02
1.4027150428e-06 2.2707812500e+02 2.2666476440e+02 2.2603195190e+02 5.9880139160e+02
1.4123149867e-06 2.2671875000e+02 2.2500149536e+02 2.2237677002e+02 6.0070147705e+02
1.4219150444e-06 2.2817187500e+02 2.2607974243e+02 2.2412719727e+02 6.0264349365e+02
1.4315148746e-06 2.2875000000e+02 2.2939747620e+02 2.3015461731e+02 6.0468920898e+02
1.4411150460e-06 2.2839062500e+02 2.2773371887e+02 2.2646487427e+02 6.0665240479e+02
1.4507149899e-06 2.3032812500e+02 2.3056658936e+02 2.3178256226e+02 6.0871978760e+02
1.4603149339e-06 2.3112500000e+02 2.2788720703e+02 2.2618833923e+02 6.1066864014e+02
1.4699148778e-06 2.2887500000e+02 2.2819729614e+02 2.2622952271e+02 6.1260009766e+02
1.4795150491e-06 2.2885937500e+02 2.2813273621e+02 2.2585691833e+02 6.1452142334e+02
1.4891149931e-06 2.3156250000e+02 2.3106898499e+02 2.3139360046e+02 6.1654595947e+02
1.4987149370e-06 2.3017187500e+02 2.3005116272e+02 2.2899147034e+02 6.1851165771e+02
1.5083148810e-06 2.2932812500e+02 2.2999234009e+02 2.2857389832e+02 6.2046112061e+02
1.5179150523e-06 2.2865625000e+02 2.3356890869e+02 2.3559062195e+02 6.2254278564e+02
1.5275149963e-06 2.3003125000e+02 2.2934738159e+02 2.2667033386e+02 6.2443487549e+02
1.5371150539e-06 2.3040625000e+02 2.3346302795e+02 2.3441580200e+02 6.2646051025e+02
1.5467149979e-06 2.3248437500e+02 2.3430281067e+02 2.3619276428e+02 6.2852258301e+02
1.5563150555e-06 2.3312500000e+02 2.3247467041e+02 2.3210827637e+02 6.3049310303e+02
1.5659149994e-06 2.3326562500e+02 2.2763653564e+02 2.2172602844e+02 6.3224291992e+02
1.5755149434e-06 2.3275000000e+02 2.3106149292e+02 2.2816763306e+02 6.3410937500e+02
1.5851148873e-06 2.3254687500e+02 2.3344692993e+02 2.3368919373e+02 6.3609869385e+02
1.5947148313e-06 2.3259375000e+02 2.3758845520e+02 2.4210992432e+02 6.3824475098e+02
1.6043150026e-06 2.3401562500e+02 2.3177117920e+02 2.2946772766e+02 6.4012310791e+02
1.6139149466e-06 2.3389062500e+02 2.3353929138e+02 2.3259634399e+02 6.4204815674e+02
1.6235150042e-06 2.3290625000e+02 2.3562745667e+02 2.3718969727e+02 6.4406512451e+02
1.6331148345e-06 2.3445312500e+02 2.3514611816e+02 2.3611161804e+02 6.4605487061e+02
1.6427150058e-06 2.3628125000e+02 2.3798742676e+02 2.4187899780e+02 6.4814654541e+02
1.6523149498e-06 2.3475000000e+02 2.3316064453e+02 2.3087339783e+02 6.5000024414e+02
1.6619150074e-06 2.3487500000e+02 2.3395605469e+02 2.3314793396e+02 6.5190667725e+02
1.6715149513e-06 2.3473437500e+02 2.3667697144e+02 2.3838763428e+02 6.5390039062e+02
1.6811150090e-06 2.3540625000e+02 2.3620965576e+02 2.3737332153e+02 6.5586846924e+02
1.6907149529e-06 2.3587500000e+02 2.2962004089e+02 2.2271495056e+02 6.5753216553e+02
1.7003148969e-06 2.3565625000e+02 2.3399809265e+02 2.3248887634e+02 6.5939428711e+02
1.7099148408e-06 2.3412500000e+02 2.3453250122e+02 2.3300816345e+02 6.6125122070e+02
1.7195150122e-06 2.3654687500e+02 2.3766084290e+02 2.3996922302e+02 6.6324359131e+02
1.7291149561e-06 2.3665625000e+02 2.3317639160e+02 2.3052598572e+02 6.6504748535e+02
1.7387149001e-06 2.3606250000e+02 2.3628973389e+02 2.3693528748e+02 6.6696832275e+02
1.7483148440e-06 2.3750000000e+02 2.3233609009e+02 2.2729795837e+02 6.6867852783e+02
1.7579150153e-06 2.3710937500e+02 2.2997996521e+02 2.2249902344e+02 6.7029510498e+02
1.7675149593e-06 2.3650000000e+02 2.3337777710e+02 2.3031498718e+02 6.7206921387e+02
1.7771149032e-06 2.3554687500e+02 2.3318679810e+02 2.2927981567e+02 6.7380987549e+02
1.7867149609e-06 2.3787500000e+02 2.3586903381e+02 2.3549043274e+02 6.7567291260e+02
1.7963150185e-06 2.3443750000e+02 2.3590087891e+02 2.3475007629e+02 6.7750439453e+02
1.8059149625e-06 2.3679687500e+02 2.3601293945e+02 2.3581997681e+02 6.7936242676e+02
1.8155150201e-06 2.3689062500e+02 2.3375437927e+02 2.3042967224e+02 6.8110266113e+02
1.8251149640e-06 2.3526562500e+02 2.3306179810e+02 2.2969386292e+02 6.8283459473e+02
1.8347150217e-06 2.3615625000e+02 2.3524063110e+02 2.3306108093e+02 6.8460937500e+02
1.8443149656e-06 2.3659375000e+02 2.3633714294e+02 2.3642335510e+02 6.8645642090e+02
1.8539149096e-06 2.3675000000e+02 2.3509013367e+02 2.3364131165e+02 6.8824212646e+02
1.8635148535e-06 2.3676562500e+02 2.3618090820e+02 2.3541351318e+02 6.9004846191e+02
1.8731150249e-06 2.3507812500e+02 2.3676885986e+02 2.3686814880e+02 6.9187896729e+02
1.8827149688e-06 2.3675000000e+02 2.3819755554e+02 2.3909225464e+02 6.9373718262e+02
1.8923149128e-06 2.3531250000e+02 2.3553503418e+02 2.3447970581e+02 6.9551239014e+02
1.9019148567e-06 2.3551562500e+02 2.3612025452e+02 2.3653303528e+02 6.9733459473e+02
1.9115150280e-06 2.3682812500e+02 2.3508114624e+02 2.3389875793e+02 6.9909234619e+02
1.9211149720e-06 2.3598437500e+02 2.3453851318e+02 2.3282380676e+02 7.0082519531e+02
1.9307149159e-06 2.3865625000e+02 2.3713262939e+02 2.3843545532e+02 7.0266021729e+02
1.9403150873e-06 2.3701562500e+02 2.3734306335e+02 2.3903717041e+02 7.0450244141e+02
1.9499150312e-06 2.3718750000e+02 2.3360070801e+02 2.2952445984e+02 7.0613854980e+02
1.9595149752e-06 2.3907812500e+02 2.3533451843e+02 2.3449671936e+02 7.0787847900e+02
1.9691149191e-06 2.3614062500e+02 2.3531275940e+02 2.3456538391e+02 7.0961547852e+02
1.9787150904e-06 2.3653125000e+02 2.3520208740e+02 2.3392590332e+02 7.1132934570e+02
1.9883150344e-06 2.3639062500e+02 2.3744689941e+02 2.3897645569e+02 7.1313653564e+02
1.9979149783e-06 2.3678125000e+02 2.3350555420e+02 2.3066101074e+02 7.1478088379e+02
2.0075149223e-06 2.3645312500e+02 2.3182595825e+02 2.2697470093e+02 7.1634979248e+02
2.0171150936e-06 2.3657812500e+02 2.3577709961e+02 2.3554577637e+02 7.1807794189e+02
2.0267150376e-06 2.3768750000e+02 2.3376493835e+02 2.3163381958e+02 7.1973114014e+02
2.0363149815e-06 2.3570312500e+02 2.3488098145e+02 2.3452688599e+02 7.2144207764e+02
2.0459149255e-06 2.3426562500e+02 2.3509635925e+02 2.3484831238e+02 7.2315002441e+02
2.0555150968e-06 2.3640625000e+02 2.3380915833e+02 2.3162524414e+02 7.2478491211e+02
2.0651150408e-06 2.3726562500e+02 2.3497735596e+02 2.3468811035e+02 7.2647955322e+02
2.0747149847e-06 2.3662500000e+02 2.3317538452e+02 2.3062402344e+02 7.2808892822e+02
2.0843149287e-06 2.3459375000e+02 2.3202435303e+02 2.2760815430e+02 7.2963140869e+02
2.0939151000e-06 2.3378125000e+02 2.3428610229e+02 2.3386534119e+02 7.3130572510e+02
2.1035150439e-06 2.3484375000e+02 2.3412651062e+02 2.3371968079e+02 7.3297515869e+02
2.1131149879e-06 2.3601562500e+02 2.3773509216e+02 2.4016462708e+02 7.3474432373e+02
2.1227149318e-06 2.3367187500e+02 2.3134164429e+02 2.2669580078e+02 7.3625396729e+02
2.1323151032e-06 2.3582812500e+02 2.3458276367e+02 2.3452757263e+02 7.3791668701e+02
2.1419150471e-06 2.3501562500e+02 2.3354141235e+02 2.3246081543e+02 7.3953668213e+02
2.1515149911e-06 2.3548437500e+02 2.3252670288e+02 2.3072732544e+02 7.4112548828e+02
2.1611149350e-06 2.3359375000e+02 2.3261587524e+02 2.3083338928e+02 7.4270904541e+02
2.1707151063e-06 2.3392187500e+02 2.3757807922e+02 2.4168275452e+02 7.4449725342e+02
2.1803150503e-06 2.3718750000e+02 2.3540142822e+02 2.3732293701e+02 7.4619982910e+02
2.1899149942e-06 2.3489062500e+02 2.3283366394e+02 2.3180470276e+02 7.4778985596e+02
2.1995149382e-06 2.3332812500e+02 2.2727337646e+02 2.2011927795e+02 7.4916351318e+02
2.2091151095e-06 2.3195312500e+02 2.3510374451e+02 2.3726123047e+02 7.5086395264e+02
2.2187150535e-06 2.3659375000e+02 2.3369705200e+02 2.3361187744e+02 7.5247283936e+02
2.2283149974e-06 2.3223437500e+02 2.3161207581e+02 2.3000747681e+02 7.5402227783e+02
2.2379149414e-06 2.3331250000e+02 2.3172941589e+02 2.2940370178e+02 7.5554248047e+02
2.2475151127e-06 2.3432812500e+02 2.3432635498e+02 2.3466593933e+02 7.5715612793e+02
2.2571150566e-06 2.3275000000e+02 2.3214859009e+02 2.3085424805e+02 7.5869958496e+02
2.2667150006e-06 2.3292187500e+02 2.3018688965e+02 2.2723947144e+02 7.6017724609e+02
2.2763149445e-06 2.3328125000e+02 2.3001750183e+02 2.2631349182e+02 7.6162762451e+02
2.2859148885e-06 2.3367187500e+02 2.3334857178e+02 2.3414010620e+02 7.6322851562e+02
2.2955150598e-06 2.3368750000e+02 2.3103964233e+02 2.2956764221e+02 7.6474206543e+02
2.3051150038e-06 2.3289062500e+02 2.3133825684e+02 2.2965007019e+02 7.6624700928e+02
2.3147149477e-06 2.3275000000e+02 2.3131010437e+02 2.3036503601e+02 7.6776873779e+02
2.3243148917e-06 2.3392187500e+02 2.3121127319e+02 2.3055520630e+02 7.6929467773e+02
2.3339150630e-06 2.3265625000e+02 2.3154040527e+02 2.3149108887e+02 7.7083673096e+02
2.3435150069e-06 2.3225000000e+02 2.2914620972e+02 2.2447940063e+02 7.7222662354e+02
2.3531149509e-06 2.3207812500e+02 2.2926054382e+02 2.2645309448e+02 7.7366241455e+02
2.3627148948e-06 2.3212500000e+02 2.2929930115e+02 2.2685678101e+02 7.7510516357e+02
2.3723150662e-06 2.3046875000e+02 2.3030477905e+02 2.2966923523e+02 7.7660693359e+02
2.3819150101e-06 2.3121875000e+02 2.3014390564e+02 2.2953414917e+02 7.7810491943e+02
2.3915149541e-06 2.3040625000e+02 2.2753469849e+02 2.2343360901e+02 7.7947467041e+02
2.4011148980e-06 2.3171875000e+02 2.2449652100e+02 2.1737680054e+02 7.8073504639e+02
2.4107150693e-06 2.3125000000e+02 2.3013719177e+02 2.3002250671e+02 7.8223535156e+02
2.4203150133e-06 2.3039062500e+02 2.2702209473e+02 2.2319956970e+02 7.8359930420e+02
2.4299149572e-06 2.3006250000e+02 2.2823350525e+02 2.2637622070e+02 7.8502777100e+02
2.4395149012e-06 2.2984375000e+02 2.2454360962e+02 2.1852290344e+02 7.8630767822e+02
2.4491150725e-06 2.3076562500e+02 2.2777651978e+02 2.2580632019e+02 7.8772308350e+02
2.4587150165e-06 2.2921875000e+02 2.2984785461e+02 2.3029981995e+02 7.8921826172e+02
2.4683149604e-06 2.2995312500e+02 2.3062765503e+02 2.3081727600e+02 7.9070806885e+02
2.4779149044e-06 2.3031250000e+02 2.2636627197e+02 2.2286613464e+02 7.9205328369e+02
2.4875150757e-06 2.2659375000e+02 2.2688444519e+02 2.2446331787e+02 7.9343023682e+02
2.4971150197e-06 2.2978125000e+02 2.2737533569e+02 2.2480784607e+02 7.9480389404e+02
2.5067149636e-06 2.2789062500e+02 2.2718592834e+02 2.2574450684e+02 7.9620617676e+02
2.5163149076e-06 2.2954687500e+02 2.2757592773e+02 2.2622424316e+02 7.9760729980e+02
2.5259150789e-06 2.2829687500e+02 2.2804289246e+02 2.2793243408e+02 7.9904583740e+02
2.5355150228e-06 2.2812500000e+02 2.2578710938e+02 2.2326850891e+02 8.0039331055e+02
2.5451149668e-06 2.2526562500e+02 2.2554495239e+02 2.2307226562e+02 8.0173870850e+02
2.5547149107e-06 2.2851562500e+02 2.2426086426e+02 2.2053024292e+02 8.0303698730e+02
2.5643148547e-06 2.2929687500e+02 2.2412940979e+02 2.2002835083e+02 8.0431622314e+02
2.5739150260e-06 2.2628125000e+02 2.2330606079e+02 2.1881147766e+02 8.0557708740e+02
2.5835147426e-06 2.2578125000e+02 2.2598315430e+02 2.2433699036e+02 8.0693389893e+02
2.5931149139e-06 2.2767187500e+02 2.2788528442e+02 2.2904861450e+02 8.0838421631e+02
2.6027150852e-06 2.2757812500e+02 2.2701776123e+02 2.2748738098e+02 8.0980773926e+02
2.6123150292e-06 2.2707812500e+02 2.2698773193e+02 2.2758073425e+02 8.1122589111e+02
2.6219149731e-06 2.2557812500e+02 2.2317549133e+02 2.1971392822e+02 8.1250024414e+02
2.6315146897e-06 2.2812500000e+02 2.2290556335e+02 2.1838789368e+02 8.1373431396e+02
2.6411148610e-06 2.2745312500e+02 2.2475289917e+02 2.2358383179e+02 8.1507861328e+02
2.6507150324e-06 2.2562500000e+02 2.2342799377e+02 2.2078042603e+02 8.1636224365e+02
2.6603147489e-06 2.2367187500e+02 2.2589816284e+02 2.2528776550e+02 8.1772027588e+02
2.6699149203e-06 2.2567187500e+02 2.2465953064e+02 2.2398880005e+02 8.1906335449e+02
2.6795150916e-06 2.2590625000e+02 2.2299465942e+02 2.2071557617e+02 8.2034869385e+02
2.6891148082e-06 2.2604687500e+02 2.2542163086e+02 2.2570298767e+02 8.2171612549e+02
2.6987149795e-06 2.2514062500e+02 2.2351412964e+02 2.2223231506e+02 8.2302221680e+02
2.7083146961e-06 2.2451562500e+02 2.2460015869e+02 2.2378039551e+02 8.2434576416e+02
2.7179150948e-06 2.2578125000e+02 2.2614466858e+02 2.2790161133e+02 8.2575024414e+02
2.7275150387e-06 2.2248437500e+02 2.2632614136e+02 2.2874472046e+02 8.2717303467e+02
2.7371149827e-06 2.2396875000e+02 2.2274003601e+02 2.2145816040e+02 8.2845703125e+02
2.7467149266e-06 2.2334375000e+02 2.2280767822e+02 2.2189085388e+02 8.2975006104e+02
2.7563150979e-06 2.2421875000e+02 2.2129470825e+02 2.1818006897e+02 8.3096405029e+02
2.7659150419e-06 2.2553125000e+02 2.2612228394e+02 2.2781491089e+02 8.3235125732e+02
2.7755149858e-06 2.2423437500e+02 2.2039947510e+02 2.1691307068e+02 8.3354083252e+02
2.7851149298e-06 2.2498437500e+02 2.2429209900e+02 2.2514730835e+02 8.3488024902e+02
2.7947151011e-06 2.2171875000e+02 2.1882546997e+02 2.1444552612e+02 8.3602954102e+02
2.8043150451e-06 2.2179687500e+02 2.1941123962e+02 2.1582647705e+02 8.3720050049e+02
2.8139149890e-06 2.2092187500e+02 2.2512321472e+02 2.2623286438e+02 8.3858911133e+02
2.8235149330e-06 2.2112500000e+02 2.2561869812e+02 2.2912846375e+02 8.4000152588e+02
2.8331151043e-06 2.2328125000e+02 2.2223352051e+02 2.2243560791e+02 8.4130242920e+02
2.8427148209e-06 2.2301562500e+02 2.2350880432e+02 2.2550466919e+02 8.4264739990e+02
2.8523149922e-06 2.2173437500e+02 2.2490222168e+02 2.2825259399e+02 8.4405364990e+02
2.8619147088e-06 2.2070312500e+02 2.1966024780e+02 2.1746148682e+02 8.4524139404e+02
2.8715148801e-06 2.2221875000e+02 2.1995974731e+02 2.1810461426e+02 8.4643896484e+02
2.8811150514e-06 2.2003125000e+02 2.2077786255e+02 2.2049298096e+02 8.4768322754e+02
2.8907147680e-06 2.2154687500e+02 2.1959524536e+02 2.1827951050e+02 8.4888635254e+02
2.9003149393e-06 2.2043750000e+02 2.1621197510e+02 2.1119989014e+02 8.4996966553e+02
2.9099151106e-06 2.2026562500e+02 2.2219877625e+02 2.2450502014e+02 8.5129467773e+02
2.9195148272e-06 2.1953125000e+02 2.1759802246e+02 2.1438296509e+02 8.5242175293e+02
2.9291149986e-06 2.1790625000e+02 2.2329237366e+02 2.2712400818e+02 8.5378955078e+02
2.9387147151e-06 2.2070312500e+02 2.2081190491e+02 2.2169696045e+02 8.5504870605e+02
2.9483148865e-06 2.1876562500e+02 2.2046685791e+02 2.2159606934e+02 8.5630834961e+02
2.9579150578e-06 2.1939062500e+02 2.1794943237e+02 2.1662455750e+02 8.5747705078e+02
2.9675147744e-06 2.1862500000e+02 2.1762957764e+02 2.1630874634e+02 8.5864245605e+02
2.9771149457e-06 2.1815625000e+02 2.1805612183e+02 2.1670091248e+02 8.5982617188e+02
2.9867146623e-06 2.1929687500e+02 2.2150694275e+02 2.2441218567e+02 8.6113244629e+02
2.9963150610e-06 2.1868750000e+02 2.1995257568e+02 2.2139009094e+02 8.6239880371e+02
3.0059150049e-06 2.1695312500e+02 2.1887466431e+02 2.1989938354e+02 8.6362536621e+02
3.0155149489e-06 2.1835937500e+02 2.2360128784e+02 2.2971865845e+02 8.6503570557e+02
3.0251148928e-06 2.1915625000e+02 2.1917477417e+02 2.2088226318e+02 8.6628289795e+02
3.0347150641e-06 2.1839062500e+02 2.1591256714e+02 2.1429010010e+02 8.6740502930e+02
3.0443147807e-06 2.1685937500e+02 2.1461598206e+02 2.1139073181e+02 8.6847863770e+02
3.0539149520e-06 2.1618750000e+02 2.1841543579e+02 2.1990245056e+02 8.6970867920e+02
3.0635146686e-06 2.1570312500e+02 2.1816737366e+02 2.1983210754e+02 8.7093280029e+02
3.0731148399e-06 2.1698437500e+02 2.2260125732e+02 2.2897236633e+02 8.7232531738e+02
3.0827150113e-06 2.1545312500e+02 2.1759071350e+02 2.1911222839e+02 8.7352990723e+02
3.0923147278e-06 2.1654687500e+02 2.1737365723e+02 2.1865727234e+02 8.7473132324e+02
3.1019148992e-06 2.1465625000e+02 2.1922993469e+02 2.2219285583e+02 8.7600146484e+02
3.1115150705e-06 2.1601562500e+02 2.1613496399e+02 2.1673963928e+02 8.7716094971e+02
3.1211150144e-06 2.1651562500e+02 2.1740441895e+02 2.1853500366e+02 8.7836389160e+02
3.1307149584e-06 2.1473437500e+02 2.1934034729e+02 2.2244865417e+02 8.7961224365e+02
3.1403149023e-06 2.1648437500e+02 2.1878521729e+02 2.2266984558e+02 8.8087048340e+02
3.1499150737e-06 2.1293750000e+02 2.1732505798e+02 2.2018312073e+02 8.8208703613e+02
3.1595150176e-06 2.1560937500e+02 2.1596282959e+02 2.1681660461e+02 8.8323284912e+02
3.1691149616e-06 2.1506250000e+02 2.1695751953e+02 2.1988801575e+02 8.8444244385e+02
3.1787149055e-06 2.1410937500e+02 2.1710238647e+02 2.2026159668e+02 8.8565447998e+02
3.1883150768e-06 2.1379687500e+02 2.1664422607e+02 2.1957575989e+02 8.8686138916e+02
3.1979150208e-06 2.1242187500e+02 2.1366532898e+02 2.1359555054e+02 8.8795452881e+02
3.2075149647e-06 2.1282812500e+02 2.1801316833e+02 2.2298544312e+02 8.8921777344e+02
3.2171149087e-06 2.1400000000e+02 2.1475782776e+02 2.1632131958e+02 8.9036242676e+02
3.2267148526e-06 2.1443750000e+02 2.1355882263e+02 2.1377593994e+02 8.9145080566e+02
3.2363150240e-06 2.1481250000e+02 2.1739834595e+02 2.2140771484e+02 8.9267321777e+02
3.2459149679e-06 2.1151562500e+02 2.1879518127e+02 2.2545263672e+02 8.9397766113e+02
3.2555149119e-06 2.1323437500e+02 2.1392738342e+02 2.1561039734e+02 8.9510290527e+02
3.2651150832e-06 2.1348437500e+02 2.1849783325e+02 2.2524488831e+02 8.9640539551e+02
3.2747150271e-06 2.1368750000e+02 2.1255761719e+02 2.1276260376e+02 8.9748199463e+02
3.2843149711e-06 2.1037500000e+02 2.1329924011e+02 2.1442657471e+02 8.9859045410e+02
3.2939146877e-06 2.1096875000e+02 2.1300114441e+02 2.1452801514e+02 8.9969061279e+02
3.3035150864e-06 2.1278125000e+02 2.1423750305e+02 2.1634378052e+02 9.0081524658e+02
3.3131150303e-06 2.1145312500e+02 2.1325979614e+02 2.1533470154e+02 9.0192639160e+02
3.3227147469e-06 2.1182812500e+02 2.1534793091e+02 2.2021307373e+02 9.0312890625e+02
3.3323149182e-06 2.1229687500e+02 2.1403631592e+02 2.1770718384e+02 9.0428515625e+02
3.3419150895e-06 2.1051562500e+02 2.1065618896e+02 2.1028297424e+02 9.0530224609e+02
3.3515148061e-06 2.1120312500e+02 2.1301155090e+02 2.1515873718e+02 9.0640454102e+02
3.3611149775e-06 2.0993750000e+02 2.1038505554e+02 2.1052200317e+02 9.0743298340e+02
3.3707149214e-06 2.1082812500e+02 2.1416201782e+02 2.1890425110e+02 9.0861004639e+02
3.3803150927e-06 2.0965625000e+02 2.1333741760e+02 2.1735687256e+02 9.0975750732e+02
3.3899150367e-06 2.1046875000e+02 2.1165469360e+02 2.1407501221e+02 9.1084790039e+02
3.3995147533e-06 2.0873437500e+02 2.1179614258e+02 2.1450866699e+02 9.1194921875e+02
3.4091149246e-06 2.1035937500e+02 2.1276432800e+02 2.1635649109e+02 9.1307275391e+02
3.4187150959e-06 2.0889062500e+02 2.1002639771e+02 2.1111814880e+02 9.1411120605e+02
3.4283148125e-06 2.0876562500e+02 2.1039111328e+02 2.1225633240e+02 9.1516680908e+02
3.4379149838e-06 2.0665625000e+02 2.0640792847e+02 2.0256675720e+02 9.1604058838e+02
3.4475149278e-06 2.0628125000e+02 2.1106329346e+02 2.1391404724e+02 9.1713409424e+02
3.4571148717e-06 2.0845312500e+02 2.1105291748e+02 2.1441114807e+02 9.1823272705e+02
3.4667150430e-06 2.0871875000e+02 2.1030455017e+02 2.1302447510e+02 9.1930206299e+02
3.4763149870e-06 2.0632812500e+02 2.0952397156e+02 2.1122579956e+02 9.2033483887e+02
3.4859149309e-06 2.0807812500e+02 2.0756610107e+02 2.0621762085e+02 9.2127325439e+02
3.4955151023e-06 2.0776562500e+02 2.1249456787e+02 2.1849690247e+02 9.2244317627e+02
3.5051150462e-06 2.0884375000e+02 2.0716282654e+02 2.0673489380e+02 9.2339672852e+02
3.5147149902e-06 2.0695312500e+02 2.0721017456e+02 2.0665438843e+02 9.2434606934e+02
3.5243147067e-06 2.0817187500e+02 2.0984953308e+02 2.1348239136e+02 9.2542498779e+02
3.5339151054e-06 2.0646875000e+02 2.0867007446e+02 2.1094721985e+02 9.2645550537e+02
3.5435150494e-06 2.0762500000e+02 2.0593069458e+02 2.0494734192e+02 9.2738031006e+02
3.5531147660e-06 2.0514062500e+02 2.0942181396e+02 2.1323475647e+02 9.2845471191e+02
3.5627149373e-06 2.0459375000e+02 2.0714445496e+02 2.0810903931e+02 9.2943377686e+02
3.5723151086e-06 2.0581250000e+02 2.0777264404e+02 2.1002487183e+02 9.3045202637e+02
3.5819148252e-06 2.0654687500e+02 2.0703912354e+02 2.0854321289e+02 9.3144195557e+02
3.5915149965e-06 2.0548437500e+02 2.0734115601e+02 2.0946261597e+02 9.3244818115e+02
3.6011149405e-06 2.0607812500e+02 2.0612167358e+02 2.0683367920e+02 9.3341143799e+02
3.6107148844e-06 2.0385937500e+02 2.0633183289e+02 2.0761968994e+02 9.3438836670e+02
3.6203150557e-06 2.0675000000e+02 2.1044366455e+02 2.1644346619e+02 9.3551531982e+02
3.6299147723e-06 2.0426562500e+02 2.0974623108e+02 2.1501962280e+02 9.3661505127e+02
3.6395149436e-06 2.0367187500e+02 2.1055563354e+02 2.1769308472e+02 9.3776757812e+02
3.6491146602e-06 2.0373437500e+02 2.0625881958e+02 2.0785650635e+02 9.3875140381e+02
3.6587148315e-06 2.0503125000e+02 2.0766877747e+02 2.1023333740e+02 9.3978350830e+02
3.6683150029e-06 2.0567187500e+02 2.0550662231e+02 2.0706675720e+02 9.4074670410e+02
3.6779149468e-06 2.0356250000e+02 2.0518276978e+02 2.0648953247e+02 9.4170172119e+02
3.6875148908e-06 2.0398437500e+02 2.0755302429e+02 2.1199128723e+02 9.4275921631e+02
3.6971150621e-06 2.0309375000e+02 2.0673818970e+02 2.1053804016e+02 9.4378802490e+02
3.7067150060e-06 2.0304687500e+02 2.0481475830e+02 2.0632826233e+02 9.4473876953e+02
3.7163149500e-06 2.0245312500e+02 2.0666552734e+02 2.1043922424e+02 9.4576934814e+02
3.7259146666e-06 2.0425000000e+02 2.0601622009e+02 2.0963571167e+02 9.4677886963e+02
3.7355150653e-06 2.0042187500e+02 2.0459078979e+02 2.0647344971e+02 9.4773205566e+02
3.7451150092e-06 2.0304687500e+02 2.0570841980e+02 2.0865452576e+02 9.4873181152e+02
3.7547147258e-06 2.0237500000e+02 2.0566156006e+02 2.0808889771e+02 9.4972424316e+02
3.7643148971e-06 2.0275000000e+02 2.0549835205e+02 2.0906347656e+02 9.5071942139e+02
3.7739150685e-06 2.0426562500e+02 2.0570803833e+02 2.0860115051e+02 9.5172100830e+02
3.7835147850e-06 2.0171875000e+02 2.0494613647e+02 2.0836654663e+02 9.5270550537e+02
3.7931149564e-06 2.0359375000e+02 2.0467036438e+02 2.0799433899e+02 9.5368542480e+02
3.8027149003e-06 2.0110937500e+02 2.0547607422e+02 2.1006221008e+02 9.5470495605e+02
3.8123148443e-06 2.0114062500e+02 2.0359603882e+02 2.0547384644e+02 9.5564477539e+02
3.8219150156e-06 2.0142187500e+02 2.0446459961e+02 2.0789062500e+02 9.5662774658e+02
3.8315151869e-06 2.0182812500e+02 2.0557600403e+02 2.1087329102e+02 9.5765661621e+02
3.8411149035e-06 2.0025000000e+02 2.0578466797e+02 2.1097135925e+02 9.5868243408e+02
3.8507150748e-06 2.0121875000e+02 2.0395092773e+02 2.0700456238e+02 9.5963818359e+02
3.8603147914e-06 2.0000000000e+02 2.0427746582e+02 2.0831999207e+02 9.6061962891e+02
3.8699149627e-06 2.0168750000e+02 2.0237309265e+02 2.0404658508e+02 9.6152941895e+02
3.8795151340e-06 2.0012500000e+02 2.0397232056e+02 2.0692515564e+02 9.6250018311e+02
3.8891148506e-06 2.0037500000e+02 2.0183738708e+02 2.0310974121e+02 9.6339373779e+02
3.8987150219e-06 1.9790625000e+02 1.9395610046e+02 1.7899644470e+02 9.6385681152e+02
3.9083151933e-06 1.8248437500e+02 1.5299337769e+02 1.2204196930e+02 9.6346643066e+02
3.9179149098e-06 1.5725000000e+02 1.2126461029e+02 8.5280349731e+01 9.6238793945e+02
3.9275150812e-06 1.3435937500e+02 1.0339654541e+02 7.0204154968e+01 9.6104119873e+02
3.9371147977e-06 1.1207812500e+02 8.3318305969e+01 5.4316028595e+01 9.5940917969e+02
3.9467149691e-06 9.4640625000e+01 6.7828071594e+01 4.1568275452e+01 9.5754699707e+02
3.9563151404e-06 7.7562500000e+01 5.3923782349e+01 2.8152431488e+01 9.5543725586e+02
3.9659148570e-06 6.4359375000e+01 4.1394088745e+01 1.7263460159e+01 9.5313610840e+02
3.9755150283e-06 5.3000000000e+01 3.2785781860e+01 1.1381007195e+01 9.5074383545e+02
3.9851151996e-06 4.2656250000e+01 2.6660720825e+01 7.7086472511e+00 9.4830493164e+02
3.9947149162e-06 3.4015625000e+01 2.3114852905e+01 6.5046601295e+00 9.4586718750e+02
4.0043150875e-06 2.9890625000e+01 1.8942077637e+01 5.4150686264e+00 9.4343261719e+02
4.0139148041e-06 2.3796875000e+01 1.5751144409e+01 5.4298520088e+00 9.4102209473e+02
4.0235149754e-06 1.8375000000e+01 1.1148178101e+01 4.2985749245e+00 9.3861346436e+02
4.0331151467e-06 1.5718750000e+01 8.1660919189e+00 3.3192222118e+00 9.3620874023e+02
4.0427148633e-06 1.2625000000e+01 5.2295532227e+00 2.1908781528e+00 9.3380523682e+02
4.0523150346e-06 1.2531250000e+01 6.1921844482e+00 1.3096339703e+00 9.3140716553e+02
