# epoch total_loss data_loss physics_loss w_data w_physics lr
1.0000000000e+00 1.7171285152e+00 1.0781792402e+00 2.3112204075e+00 4.8181033071e-01 5.1818966899e-01 1.0000000000e-03
2.0000000000e+00 1.2778761387e+00 1.0775613785e+00 1.4599108696e+00 4.7609523495e-01 5.2390476439e-01 1.0000000000e-03
3.0000000000e+00 9.6467351913e-01 1.0862221718e+00 8.5040032864e-01 4.8457419365e-01 5.1542580524e-01 1.0000000000e-03
4.0000000000e+00 7.8271090984e-01 1.0637990236e+00 4.9676394463e-01 5.0428441881e-01 4.9571557955e-01 1.0000000000e-03
5.0000000000e+00 6.9422340393e-01 9.7411346436e-01 3.8415950537e-01 5.2557303814e-01 4.7442695964e-01 1.0000000000e-03
6.0000000000e+00 6.3797718287e-01 8.4055870771e-01 3.9939162135e-01 5.4080544181e-01 4.5919455540e-01 1.0000000000e-03
7.0000000000e+00 5.5599808693e-01 6.9555062056e-01 3.8466361165e-01 5.5111495965e-01 4.4888503691e-01 1.0000000000e-03
8.0000000000e+00 4.4567352533e-01 5.6505924463e-01 2.9255715013e-01 5.6189064139e-01 4.3810935434e-01 1.0000000000e-03
9.0000000000e+00 3.5567861795e-01 4.6787309647e-01 2.0365320146e-01 5.7537466242e-01 4.2462533225e-01 1.0000000000e-03
1.0000000000e+01 3.2203251123e-01 4.1291069984e-01 1.9343230128e-01 5.8593572989e-01 4.1406426366e-01 1.0000000000e-03
1.1000000000e+01 3.1004080176e-01 3.8883969188e-01 1.9476857781e-01 5.9396898613e-01 4.0603100635e-01 1.0000000000e-03
1.2000000000e+01 2.9197227955e-01 3.7615177035e-01 1.6342441738e-01 6.0428453442e-01 3.9571545696e-01 1.0000000000e-03
1.3000000000e+01 2.7468219399e-01 3.5959407687e-01 1.3843514025e-01 6.1605948939e-01 3.8394050085e-01 1.0000000000e-03
1.4000000000e+01 2.7406322956e-01 3.3298265934e-01 1.7809177935e-01 6.1960699514e-01 3.8039299412e-01 1.0000000000e-03
1.5000000000e+01 2.6710414886e-01 3.0163142085e-01 2.1161939204e-01 6.1641510951e-01 3.8358487888e-01 1.0000000000e-03
1.6000000000e+01 2.3083871603e-01 2.7082088590e-01 1.6651071608e-01 6.1669934974e-01 3.8330063751e-01 1.0000000000e-03
1.7000000000e+01 1.8652366102e-01 2.4393692613e-01 8.9524477720e-02 6.2818238420e-01 3.7181760134e-01 1.0000000000e-03
1.8000000000e+01 1.6315537691e-01 2.2389453650e-01 5.2075091749e-02 6.4649427948e-01 3.5350570387e-01 1.0000000000e-03
1.9000000000e+01 1.5607827902e-01 2.1049453318e-01 4.9047291279e-02 6.6294720393e-01 3.3705277724e-01 1.0000000000e-03
2.0000000000e+01 1.5284588933e-01 2.0258800685e-01 4.8413760960e-02 6.7736426519e-01 3.2263571388e-01 1.0000000000e-03
2.1000000000e+01 1.5180140734e-01 2.0003744960e-01 4.3555229902e-02 6.9174748274e-01 3.0825249432e-01 1.0000000000e-03
2.2000000000e+01 1.5338568389e-01 1.9936795533e-01 4.3712131679e-02 7.0459012617e-01 2.9540984906e-01 1.0000000000e-03
2.3000000000e+01 1.5192186832e-01 1.9207002223e-01 5.2315276116e-02 7.1272422683e-01 2.8727574679e-01 1.0000000000e-03
2.4000000000e+01 1.4380404353e-01 1.7436397076e-01 6.7703939974e-02 7.1348281521e-01 2.8651715692e-01 1.0000000000e-03
2.5000000000e+01 1.3458156586e-01 1.5371522307e-01 8.8737644255e-02 7.0553457446e-01 2.9446539633e-01 1.0000000000e-03
2.6000000000e+01 1.3004647195e-01 1.4025947452e-01 1.0713525116e-01 6.9167572457e-01 3.0832424510e-01 1.0000000000e-03
2.7000000000e+01 1.2627458572e-01 1.3551126420e-01 1.0678707808e-01 6.7843559154e-01 3.2156437703e-01 1.0000000000e-03
2.8000000000e+01 1.1768315732e-01 1.3315653801e-01 8.6077913642e-02 6.7132907939e-01 3.2867088777e-01 1.0000000000e-03
2.9000000000e+01 1.0956763476e-01 1.2917396426e-01 6.9926969707e-02 6.6907480120e-01 3.3092516422e-01 1.0000000000e-03
3.0000000000e+01 1.0894769430e-01 1.2452153862e-01 7.8228175640e-02 6.6358369985e-01 3.3641626409e-01 1.0000000000e-03
3.1000000000e+01 1.1050671339e-01 1.2045752257e-01 9.1697692871e-02 6.5400334338e-01 3.4599661946e-01 1.0000000000e-03
3.2000000000e+01 1.0431589186e-01 1.1682686210e-01 8.1328704953e-02 6.4756014961e-01 3.5243981190e-01 1.0000000000e-03
3.3000000000e+01 9.3738272786e-02 1.1342522502e-01 5.7298336178e-02 6.4924207536e-01 3.5075788414e-01 1.0000000000e-03
3.4000000000e+01 8.7208032608e-02 1.0968832672e-01 4.4436030090e-02 6.5548657981e-01 3.4451337725e-01 1.0000000000e-03
3.5000000000e+01 8.4305077791e-02 1.0510898381e-01 4.3829087168e-02 6.6051019127e-01 3.3948976336e-01 1.0000000000e-03
3.6000000000e+01 8.1756778061e-02 1.0117495060e-01 4.3298516423e-02 6.6448929303e-01 3.3551065923e-01 1.0000000000e-03
3.7000000000e+01 7.9830713570e-02 1.0010671616e-01 3.8627482951e-02 6.7019756043e-01 3.2980238939e-01 1.0000000000e-03
3.8000000000e+01 7.9425320029e-02 1.0132767260e-01 3.3202741295e-02 6.7849732666e-01 3.2150262074e-01 1.0000000000e-03
3.9000000000e+01 7.8960701823e-02 1.0148192942e-01 2.9232813045e-02 6.8828376551e-01 3.1171617950e-01 1.0000000000e-03
4.0000000000e+01 7.6945364475e-02 9.8633565009e-02 2.6796529070e-02 6.9809166670e-01 3.0190827584e-01 1.0000000000e-03
4.1000000000e+01 7.4438519776e-02 9.4317719340e-02 2.6642272249e-02 7.0625680402e-01 2.9374313600e-01 1.0000000000e-03
4.2000000000e+01 7.2900831699e-02 9.0828523040e-02 2.8655514121e-02 7.1164840391e-01 2.8835153374e-01 1.0000000000e-03
4.3000000000e+01 7.1524992585e-02 8.8172242045e-02 2.9702307656e-02 7.1528532080e-01 2.8471461460e-01 1.0000000000e-03
4.4000000000e+01 6.8734407425e-02 8.4938012064e-02 2.7166260406e-02 7.1952375337e-01 2.8047617957e-01 1.0000000000e-03
4.5000000000e+01 6.5329656005e-02 8.1151947379e-02 2.3608939722e-02 7.2503534562e-01 2.7496458448e-01 1.0000000000e-03
4.6000000000e+01 6.3398025930e-02 7.8126914799e-02 2.3729670793e-02 7.2923466407e-01 2.7076526320e-01 1.0000000000e-03
4.7000000000e+01 6.2785774469e-02 7.5912274420e-02 2.7323694900e-02 7.2984396688e-01 2.7015595798e-01 1.0000000000e-03
4.8000000000e+01 6.1280928552e-02 7.3078334332e-02 2.9712932184e-02 7.2795347700e-01 2.7204644565e-01 1.0000000000e-03
4.9000000000e+01 5.8270171285e-02 6.9218963385e-02 2.9349787161e-02 7.2538216681e-01 2.7461775342e-01 1.0000000000e-03
5.0000000000e+01 5.5532589555e-02 6.5523713827e-02 2.9621774331e-02 7.2171080678e-01 2.7828911092e-01 1.0000000000e-03
5.1000000000e+01 5.4016876966e-02 6.2578395009e-02 3.2500293106e-02 7.1535719758e-01 2.8464271783e-01 1.0000000000e-03
5.2000000000e+01 5.2737392485e-02 5.9727355838e-02 3.5930968821e-02 7.0625969196e-01 2.9374022146e-01 1.0000000000e-03
5.3000000000e+01 5.1195409149e-02 5.6907985359e-02 3.8147363812e-02 6.9550197833e-01 3.0449793322e-01 1.0000000000e-03
5.4000000000e+01 5.0051648170e-02 5.4854772985e-02 3.9655353874e-02 6.8399293334e-01 3.1600697648e-01 1.0000000000e-03
5.5000000000e+01 4.9276947975e-02 5.3365912288e-02 4.0891543031e-02 6.7221081310e-01 3.2778909513e-01 1.0000000000e-03
5.6000000000e+01 4.8272803426e-02 5.1545508206e-02 4.1915912181e-02 6.6014136813e-01 3.3985853858e-01 1.0000000000e-03
5.7000000000e+01 4.7234248370e-02 4.9476508051e-02 4.3114356697e-02 6.4756285139e-01 3.5243705385e-01 1.0000000000e-03
5.8000000000e+01 4.6258334070e-02 4.7823075205e-02 4.3534323573e-02 6.3515379878e-01 3.6484610499e-01 1.0000000000e-03
5.9000000000e+01 4.4814914465e-02 4.6640783548e-02 4.1779756546e-02 6.2438722390e-01 3.7561267818e-01 1.0000000000e-03
6.0000000000e+01 4.3307330459e-02 4.5764967799e-02 3.9369802922e-02 6.1570440175e-01 3.8429549837e-01 1.0000000000e-03
6.1000000000e+01 4.2530819774e-02 4.5229453593e-02 3.8340698928e-02 6.0825549518e-01 3.9174440296e-01 1.0000000000e-03
6.2000000000e+01 4.1849873960e-02 4.4964861125e-02 3.7134364247e-02 6.0219886150e-01 3.9780103465e-01 1.0000000000e-03
6.3000000000e+01 4.0714848787e-02 4.5013673604e-02 3.4300565720e-02 5.9873255241e-01 4.0126734152e-01 1.0000000000e-03
6.4000000000e+01 3.9859361947e-02 4.5417886227e-02 3.1596474349e-02 5.9783255876e-01 4.0216733279e-01 1.0000000000e-03
6.5000000000e+01 3.9364889264e-02 4.5704893768e-02 2.9914494604e-02 5.9849000296e-01 4.0150988621e-01 1.0000000000e-03
6.6000000000e+01 3.8737747818e-02 4.5592498034e-02 2.8446190059e-02 6.0022028378e-01 3.9977960297e-01 1.0000000000e-03
6.7000000000e+01 3.8203734905e-02 4.5437727123e-02 2.7228588238e-02 6.0272753137e-01 3.9727235294e-01 1.0000000000e-03
6.8000000000e+01 3.7827551365e-02 4.5313324779e-02 2.6328131557e-02 6.0570491408e-01 3.9429496784e-01 1.0000000000e-03
6.9000000000e+01 3.7336066365e-02 4.4929366559e-02 2.5513350964e-02 6.0891583509e-01 3.9108404444e-01 1.0000000000e-03
7.0000000000e+01 3.6896727979e-02 4.4294383377e-02 2.5241814554e-02 6.1172399118e-01 3.8827588602e-01 1.0000000000e-03
7.1000000000e+01 3.6459922791e-02 4.3430443853e-02 2.5387978181e-02 6.1366032989e-01 3.8633954506e-01 1.0000000000e-03
7.2000000000e+01 3.5697467625e-02 4.2258020490e-02 2.5221263990e-02 6.1491798142e-01 3.8508189121e-01 1.0000000000e-03
7.3000000000e+01 3.4868117422e-02 4.0964927524e-02 2.5111677125e-02 6.1542228847e-01 3.8457758177e-01 1.0000000000e-03
7.4000000000e+01 3.4217629582e-02 3.9632935077e-02 2.5579812005e-02 6.1465487862e-01 3.8534498926e-01 1.0000000000e-03
7.5000000000e+01 3.3493712544e-02 3.8102265447e-02 2.6211254299e-02 6.1243394722e-01 3.8756591832e-01 1.0000000000e-03
7.6000000000e+01 3.2737582922e-02 3.6508638412e-02 2.6869054884e-02 6.0879541433e-01 3.9120444888e-01 1.0000000000e-03
7.7000000000e+01 3.2148998231e-02 3.5047650337e-02 2.7732601389e-02 6.0374177959e-01 3.9625808137e-01 1.0000000000e-03
7.8000000000e+01 3.1607024372e-02 3.3623825759e-02 2.8614491224e-02 5.9739191011e-01 4.0260794869e-01 1.0000000000e-03
7.9000000000e+01 3.1104525551e-02 3.2285284251e-02 2.9405489564e-02 5.8998676683e-01 4.1001308987e-01 1.0000000000e-03
8.0000000000e+01 3.0667124316e-02 3.1236222014e-02 2.9874421656e-02 5.8210229060e-01 4.1789756407e-01 1.0000000000e-03
8.1000000000e+01 3.0177179724e-02 3.0494533479e-02 2.9748689383e-02 5.7451108053e-01 4.2548877208e-01 1.0000000000e-03
8.2000000000e+01 2.9726974666e-02 3.0006887391e-02 2.9359539971e-02 5.6760517735e-01 4.3239467315e-01 1.0000000000e-03
8.3000000000e+01 2.9307700694e-02 2.9709367082e-02 2.8793109581e-02 5.6162774385e-01 4.3837210451e-01 1.0000000000e-03
8.4000000000e+01 2.8770595789e-02 2.9557740316e-02 2.7780843899e-02 5.5701443753e-01 4.4298540855e-01 1.0000000000e-03
8.5000000000e+01 2.8235496953e-02 2.9590692371e-02 2.6552014053e-02 5.5401919372e-01 4.4598064994e-01 1.0000000000e-03
8.6000000000e+01 2.7753528208e-02 2.9773311689e-02 2.5257617235e-02 5.5272013407e-01 4.4727970705e-01 1.0000000000e-03
8.7000000000e+01 2.7284657583e-02 3.0081132427e-02 2.3821480572e-02 5.5325455596e-01 4.4674528250e-01 1.0000000000e-03
8.8000000000e+01 2.6913214475e-02 3.0548322946e-02 2.2367425263e-02 5.5565920568e-01 4.4434063003e-01 1.0000000000e-03
8.9000000000e+01 2.6618123055e-02 3.1068077311e-02 2.0958948880e-02 5.5980854008e-01 4.4019129284e-01 1.0000000000e-03
9.0000000000e+01 2.6394065470e-02 3.1496766955e-02 1.9758930430e-02 5.6527794900e-01 4.3472188112e-01 1.0000000000e-03
9.1000000000e+01 2.6241406798e-02 3.1726799905e-02 1.8928939477e-02 5.7138233365e-01 4.2861749372e-01 1.0000000000e-03
9.2000000000e+01 2.6052009314e-02 3.1654931605e-02 1.8393825740e-02 5.7749227459e-01 4.2250755006e-01 1.0000000000e-03
9.3000000000e+01 2.5831906125e-02 3.1289607286e-02 1.8202731386e-02 5.8296414721e-01 4.1703567477e-01 1.0000000000e-03
9.4000000000e+01 2.5592125952e-02 3.0676266178e-02 1.8359234557e-02 5.8722702007e-01 4.1277279932e-01 1.0000000000e-03
9.5000000000e+01 2.5288907811e-02 2.9857352376e-02 1.8715538085e-02 5.8997347492e-01 4.1002634194e-01 1.0000000000e-03
9.6000000000e+01 2.4961668998e-02 2.8919434175e-02 1.9242214039e-02 5.9102271895e-01 4.0897709547e-01 1.0000000000e-03
9.7000000000e+01 2.4628821760e-02 2.7898028493e-02 1.9919235259e-02 5.9026343967e-01 4.0973637239e-01 1.0000000000e-03
9.8000000000e+01 2.4310797453e-02 2.6819359511e-02 2.0736040547e-02 5.8763311768e-01 4.1236669214e-01 1.0000000000e-03
9.9000000000e+01 2.4040522054e-02 2.5754710659e-02 2.1641902626e-02 5.8320850955e-01 4.1679129819e-01 1.0000000000e-03
1.0000000000e+02 2.3796049878e-02 2.4759629741e-02 2.2480053827e-02 5.7730042394e-01 4.2269938186e-01 1.0000000000e-03
1.0100000000e+02 2.3592321202e-02 2.3898646235e-02 2.3185729980e-02 5.7032743321e-01 4.2967237077e-01 1.0000000000e-03
1.0200000000e+02 2.3416358978e-02 2.3233145475e-02 2.3652261123e-02 5.6284772186e-01 4.3715208040e-01 1.0000000000e-03
1.0300000000e+02 2.3221641779e-02 2.2804338485e-02 2.3743281141e-02 5.5555435625e-01 4.4444544429e-01 1.0000000000e-03
1.0400000000e+02 2.3011460900e-02 2.2621927783e-02 2.3485766724e-02 5.4906214775e-01 4.5093765105e-01 1.0000000000e-03
1.0500000000e+02 2.2774416953e-02 2.2639419883e-02 2.2935364395e-02 5.4383124197e-01 4.5616855501e-01 1.0000000000e-03
1.0600000000e+02 2.2527012974e-02 2.2821284831e-02 2.2181350738e-02 5.4015910275e-01 4.5984069232e-01 1.0000000000e-03
1.0700000000e+02 2.2287596017e-02 2.3128069937e-02 2.1308118477e-02 5.3819100656e-01 4.6180878649e-01 1.0000000000e-03
1.0800000000e+02 2.2070907056e-02 2.3508606479e-02 2.0397284999e-02 5.3791506454e-01 4.6208472643e-01 1.0000000000e-03
1.0900000000e+02 2.1904889494e-02 2.3924451321e-02 1.9542064518e-02 5.3916465203e-01 4.6083513684e-01 1.0000000000e-03
1.1000000000e+02 2.1774316207e-02 2.4318790063e-02 1.8766924739e-02 5.4169098818e-01 4.5830879859e-01 1.0000000000e-03
1.1100000000e+02 2.1673094481e-02 2.4627437815e-02 1.8132722005e-02 5.4511622989e-01 4.5488355482e-01 1.0000000000e-03
1.1200000000e+02 2.1582257003e-02 2.4769648910e-02 1.7703473568e-02 5.4892300129e-01 4.5107678140e-01 1.0000000000e-03
1.1300000000e+02 2.1479707211e-02 2.4683447555e-02 1.7524069175e-02 5.5251185243e-01 4.4748792830e-01 1.0000000000e-03
1.1400000000e+02 2.1354038268e-02 2.4352867156e-02 1.7609450966e-02 5.5529573876e-01 4.4470404007e-01 1.0000000000e-03
1.1500000000e+02 2.1197926253e-02 2.3802325130e-02 1.7925886437e-02 5.5680747706e-01 4.4319229992e-01 1.0000000000e-03
1.1600000000e+02 2.1028697491e-02 2.3105522618e-02 1.8419886008e-02 5.5676860698e-01 4.4323116822e-01 1.0000000000e-03
1.1700000000e+02 2.0855188370e-02 2.2348698229e-02 1.8991360441e-02 5.5515236821e-01 4.4484740528e-01 1.0000000000e-03
1.1800000000e+02 2.0695371553e-02 2.1607378498e-02 1.9571160898e-02 5.5210954437e-01 4.4789022749e-01 1.0000000000e-03
1.1900000000e+02 2.0560041070e-02 2.0932411775e-02 2.0108770579e-02 5.4790201009e-01 4.5209776021e-01 1.0000000000e-03
1.2000000000e+02 2.0446605980e-02 2.0363504067e-02 2.0545311272e-02 5.4288958661e-01 4.5711018222e-01 1.0000000000e-03
1.2100000000e+02 2.0346464589e-02 1.9937925041e-02 2.0821295679e-02 5.3751697080e-01 4.6248279661e-01 1.0000000000e-03
1.2200000000e+02 2.0243624225e-02 1.9687013701e-02 2.0877121016e-02 5.3229831648e-01 4.6770144954e-01 1.0000000000e-03
1.2300000000e+02 2.0130682737e-02 1.9635936245e-02 2.0683625713e-02 5.2776924055e-01 4.7223052407e-01 1.0000000000e-03
1.2400000000e+02 1.9999776036e-02 1.9779751077e-02 2.0242404193e-02 5.2441430789e-01 4.7558545528e-01 1.0000000000e-03
1.2500000000e+02 1.9859099761e-02 2.0084155723e-02 1.9612776116e-02 5.2256658733e-01 4.7743317433e-01 1.0000000000e-03
1.2600000000e+02 1.9719850272e-02 2.0485833287e-02 1.8882205710e-02 5.2234662792e-01 4.7765313217e-01 1.0000000000e-03
1.2700000000e+02 1.9594803452e-02 2.0909022540e-02 1.8150134012e-02 5.2364363103e-01 4.7635612745e-01 1.0000000000e-03
1.2800000000e+02 1.9490260631e-02 2.1283037961e-02 1.7499562353e-02 5.2615705410e-01 4.7384270275e-01 1.0000000000e-03
1.2900000000e+02 1.9406083971e-02 2.1558050066e-02 1.6984520480e-02 5.2947442260e-01 4.7052533261e-01 1.0000000000e-03
1.3000000000e+02 1.9334100187e-02 2.1702246740e-02 1.6629720107e-02 5.3314354053e-01 4.6685621308e-01 1.0000000000e-03
1.3100000000e+02 1.9260801375e-02 2.1689007059e-02 1.6447898000e-02 5.3670061151e-01 4.6329914052e-01 1.0000000000e-03
1.3200000000e+02 1.9176887348e-02 2.1501397714e-02 1.6451600939e-02 5.3968323344e-01 4.6031651703e-01 1.0000000000e-03
1.3300000000e+02 1.9075969234e-02 2.1143091843e-02 1.6632838175e-02 5.4168464066e-01 4.5831510830e-01 1.0000000000e-03
1.3400000000e+02 1.8960630521e-02 2.0648218691e-02 1.6960160807e-02 5.4241940155e-01 4.5758034592e-01 1.0000000000e-03
1.3500000000e+02 1.8838662654e-02 2.0077086985e-02 1.7374375835e-02 5.4178573224e-01 4.5821401378e-01 1.0000000000e-03
1.3600000000e+02 1.8720990047e-02 1.9503297284e-02 1.7803061754e-02 5.3988589262e-01 4.6011385200e-01 1.0000000000e-03
1.3700000000e+02 1.8613766879e-02 1.8990358338e-02 1.8177008256e-02 5.3699146194e-01 4.6300828131e-01 1.0000000000e-03
1.3800000000e+02 1.8519032747e-02 1.8583582714e-02 1.8445229158e-02 5.3347912098e-01 4.6652062094e-01 1.0000000000e-03
1.3900000000e+02 1.8431607634e-02 1.8306510523e-02 1.8572553992e-02 5.2977049827e-01 4.7022924234e-01 1.0000000000e-03
1.4000000000e+02 1.8343878910e-02 1.8164079636e-02 1.8543636426e-02 5.2627643632e-01 4.7372330299e-01 1.0000000000e-03
1.4100000000e+02 1.8248938024e-02 1.8149986863e-02 1.8357602879e-02 5.2336443269e-01 4.7663530529e-01 1.0000000000e-03
1.4200000000e+02 1.8145196140e-02 1.8252935261e-02 1.8027860671e-02 5.2133815975e-01 4.7866157687e-01 1.0000000000e-03
1.4300000000e+02 1.8035890535e-02 1.8448928371e-02 1.7587726936e-02 5.2039922603e-01 4.7960050918e-01 1.0000000000e-03
1.4400000000e+02 1.7928194255e-02 1.8695130944e-02 1.7095373943e-02 5.2059417907e-01 4.7940555468e-01 1.0000000000e-03
1.4500000000e+02 1.7829122022e-02 1.8937090412e-02 1.6620177776e-02 5.2179274765e-01 4.7820698460e-01 1.0000000000e-03
1.4600000000e+02 1.7741786316e-02 1.9124092534e-02 1.6221810132e-02 5.2371900049e-01 4.7628073025e-01 1.0000000000e-03
1.4700000000e+02 1.7663832754e-02 1.9219579175e-02 1.5937320888e-02 5.2601509925e-01 4.7398462997e-01 1.0000000000e-03
1.4800000000e+02 1.7589334399e-02 1.9204191864e-02 1.5780670568e-02 5.2830643451e-01 4.7169329320e-01 1.0000000000e-03
1.4900000000e+02 1.7510924488e-02 1.9073100761e-02 1.5747556463e-02 5.3025102164e-01 4.6974870458e-01 1.0000000000e-03
1.5000000000e+02 1.7423858866e-02 1.8834827468e-02 1.5822704881e-02 5.3157145638e-01 4.6842826837e-01 1.0000000000e-03
1.5100000000e+02 1.7328208312e-02 1.8510682508e-02 1.5983620659e-02 5.3207730852e-01 4.6792241476e-01 1.0000000000e-03
1.5200000000e+02 1.7227858305e-02 1.8133165315e-02 1.6200060025e-02 5.3168477302e-01 4.6831494881e-01 1.0000000000e-03
1.5300000000e+02 1.7128916457e-02 1.7744679004e-02 1.6433343291e-02 5.3043467080e-01 4.6956504958e-01 1.0000000000e-03
1.5400000000e+02 1.7036207020e-02 1.7392531037e-02 1.6636814922e-02 5.2850157754e-01 4.7149814142e-01 1.0000000000e-03
1.5500000000e+02 1.6950681806e-02 1.7116319388e-02 1.6766760498e-02 5.2616723592e-01 4.7383248163e-01 1.0000000000e-03
1.5600000000e+02 1.6869686544e-02 1.6936283559e-02 1.6796456650e-02 5.2375775441e-01 4.7624196174e-01 1.0000000000e-03
1.5700000000e+02 1.6788596287e-02 1.6853092238e-02 1.6718292609e-02 5.2158272968e-01 4.7841698507e-01 1.0000000000e-03
1.5800000000e+02 1.6703471541e-02 1.6856072471e-02 1.6538232565e-02 5.1990033098e-01 4.8009938234e-01 1.0000000000e-03
1.5900000000e+02 1.6613680869e-02 1.6928616911e-02 1.6274014488e-02 5.1889605142e-01 4.8110366046e-01 1.0000000000e-03
1.6000000000e+02 1.6521818936e-02 1.7048029229e-02 1.5954812989e-02 5.1866267622e-01 4.8133703417e-01 1.0000000000e-03
1.6100000000e+02 1.6432333738e-02 1.7185399309e-02 1.5619185753e-02 5.1918357959e-01 4.8081612927e-01 1.0000000000e-03
1.6200000000e+02 1.6348784789e-02 1.7309041694e-02 1.5307121910e-02 5.2033411287e-01 4.7966559446e-01 1.0000000000e-03
1.6300000000e+02 1.6271974891e-02 1.7387827858e-02 1.5053912066e-02 5.2189777294e-01 4.7810193282e-01 1.0000000000e-03
1.6400000000e+02 1.6199469566e-02 1.7396552488e-02 1.4883793890e-02 5.2360006637e-01 4.7639963784e-01 1.0000000000e-03
1.6500000000e+02 1.6126841307e-02 1.7323317006e-02 1.4803575352e-02 5.2516158884e-01 4.7483811382e-01 1.0000000000e-03
1.6600000000e+02 1.6050545499e-02 1.7172085121e-02 1.4804238454e-02 5.2634791301e-01 4.7365178811e-01 1.0000000000e-03
1.6700000000e+02 1.5969404951e-02 1.6957649961e-02 1.4868365601e-02 5.2699545798e-01 4.7300424161e-01 1.0000000000e-03
1.6800000000e+02 1.5884984285e-02 1.6700740904e-02 1.4976041391e-02 5.2701823567e-01 4.7298146239e-01 1.0000000000e-03
1.6900000000e+02 1.5800608322e-02 1.6427142546e-02 1.5104195103e-02 5.2641422514e-01 4.7358547140e-01 1.0000000000e-03
1.7000000000e+02 1.5719212592e-02 1.6166254878e-02 1.5224581584e-02 5.2527270371e-01 4.7472699132e-01 1.0000000000e-03
1.7100000000e+02 1.5642018989e-02 1.5944968909e-02 1.5308846720e-02 5.2376308826e-01 4.7623660527e-01 1.0000000000e-03
1.7200000000e+02 1.5567677096e-02 1.5781445429e-02 1.5334143303e-02 5.2210553810e-01 4.7789415394e-01 1.0000000000e-03
1.7300000000e+02 1.5493678860e-02 1.5683239326e-02 1.5287892893e-02 5.2053321783e-01 4.7946647272e-01 1.0000000000e-03
1.7400000000e+02 1.5417839400e-02 1.5647638589e-02 1.5169641934e-02 5.1925541305e-01 4.8074427600e-01 1.0000000000e-03
1.7500000000e+02 1.5339868143e-02 1.5662653372e-02 1.4992396347e-02 5.1842307957e-01 4.8157660795e-01 1.0000000000e-03
1.7600000000e+02 1.5261193737e-02 1.5711124986e-02 1.4777450822e-02 5.1811194162e-01 4.8188774435e-01 1.0000000000e-03
1.7700000000e+02 1.5184346586e-02 1.5774462372e-02 1.4549348503e-02 5.1832078292e-01 4.8167890147e-01 1.0000000000e-03
1.7800000000e+02 1.5111118555e-02 1.5832113102e-02 1.4333256520e-02 5.1897308672e-01 4.8102659608e-01 1.0000000000e-03
1.7900000000e+02 1.5041551553e-02 1.5861805528e-02 1.4153230004e-02 5.1992195985e-01 4.8007772136e-01 1.0000000000e-03
1.8000000000e+02 1.4974001795e-02 1.5844980255e-02 1.4026766643e-02 5.2097311283e-01 4.7902656678e-01 1.0000000000e-03
1.8100000000e+02 1.4906123281e-02 1.5772540122e-02 1.3960250653e-02 5.2192341130e-01 4.7807626672e-01 1.0000000000e-03
1.8200000000e+02 1.4836172573e-02 1.5645828098e-02 1.3949883170e-02 5.2259623928e-01 4.7740343715e-01 1.0000000000e-03
1.8300000000e+02 1.4764174819e-02 1.5475236811e-02 1.3984968886e-02 5.2286588727e-01 4.7713378757e-01 1.0000000000e-03
1.8400000000e+02 1.4691351913e-02 1.5278445557e-02 1.4048485085e-02 5.2267626202e-01 4.7732341123e-01 1.0000000000e-03
1.8500000000e+02 1.4619486406e-02 1.5076607466e-02 1.4120206237e-02 5.2204647019e-01 4.7795320149e-01 1.0000000000e-03
1.8600000000e+02 1.4549829066e-02 1.4890071005e-02 1.4179670252e-02 5.2106369595e-01 4.7893597416e-01 1.0000000000e-03
1.8700000000e+02 1.4482256956e-02 1.4736304060e-02 1.4207190834e-02 5.1987135392e-01 4.8012831463e-01 1.0000000000e-03
1.8800000000e+02 1.4415651560e-02 1.4627991244e-02 1.4186868444e-02 5.1864964416e-01 4.8135002283e-01 1.0000000000e-03
1.8900000000e+02 1.4348760247e-02 1.4569309540e-02 1.4112145640e-02 5.1758162979e-01 4.8241803563e-01 1.0000000000e-03
1.9000000000e+02 1.4280961826e-02 1.4554844238e-02 1.3988024555e-02 5.1681637592e-01 4.8318328793e-01 1.0000000000e-03
1.9100000000e+02 1.4212775975e-02 1.4572676271e-02 1.3828407042e-02 5.1644500343e-01 4.8355465883e-01 1.0000000000e-03
1.9200000000e+02 1.4145627618e-02 1.4607114717e-02 1.3652672060e-02 5.1648917881e-01 4.8351048183e-01 1.0000000000e-03
1.9300000000e+02 1.4080493711e-02 1.4639934525e-02 1.3481923379e-02 5.1689915892e-01 4.8310050010e-01 1.0000000000e-03
1.9400000000e+02 1.4017589390e-02 1.4653236605e-02 1.3335672207e-02 5.1756295024e-01 4.8243670715e-01 1.0000000000e-03
1.9500000000e+02 1.3956104405e-02 1.4632748440e-02 1.3227975927e-02 5.1832769880e-01 4.8167195696e-01 1.0000000000e-03
1.9600000000e+02 1.3894760981e-02 1.4569991268e-02 1.3166120276e-02 5.1902567387e-01 4.8097398026e-01 1.0000000000e-03
1.9700000000e+02 1.3832598925e-02 1.4464496635e-02 1.3149409555e-02 5.1950429188e-01 4.8049536062e-01 1.0000000000e-03
1.9800000000e+02 1.3769516721e-02 1.4325101860e-02 1.3168469071e-02 5.1965730420e-01 4.8034234668e-01 1.0000000000e-03
1.9900000000e+02 1.3706295751e-02 1.4167186804e-02 1.3208119199e-02 5.1944325695e-01 4.8055639231e-01 1.0000000000e-03
2.0000000000e+02 1.3643816113e-02 1.4008067548e-02 1.3250974938e-02 5.1888761234e-01 4.8111203531e-01 1.0000000000e-03
2.0100000000e+02 1.3582710177e-02 1.3864212669e-02 1.3280101120e-02 5.1807476951e-01 4.8192487654e-01 1.0000000000e-03
2.0200000000e+02 1.3522747904e-02 1.3749011792e-02 1.3280436397e-02 5.1713406057e-01 4.8286558388e-01 1.0000000000e-03
2.0300000000e+02 1.3463403098e-02 1.3669921085e-02 1.3243051246e-02 5.1621369156e-01 4.8378595129e-01 1.0000000000e-03
2.0400000000e+02 1.3404084370e-02 1.3627386652e-02 1.3166550547e-02 5.1545226682e-01 4.8454737442e-01 1.0000000000e-03
2.0500000000e+02 1.3344621286e-02 1.3615442440e-02 1.3057110831e-02 5.1495366172e-01 4.8504597790e-01 1.0000000000e-03
2.0600000000e+02 1.3285490684e-02 1.3622528873e-02 1.2927947566e-02 5.1476631548e-01 4.8523332252e-01 1.0000000000e-03
2.0700000000e+02 1.3227323070e-02 1.3633972965e-02 1.2795744464e-02 5.1487543335e-01 4.8512420301e-01 1.0000000000e-03
2.0800000000e+02 1.3170558028e-02 1.3635692187e-02 1.2676244602e-02 5.1521108766e-01 4.8478854706e-01 1.0000000000e-03
2.0900000000e+02 1.3115020469e-02 1.3616391458e-02 1.2581226416e-02 5.1566564449e-01 4.8433398859e-01 1.0000000000e-03
2.1000000000e+02 1.3060070574e-02 1.3568715192e-02 1.2517558411e-02 5.1611383001e-01 4.8388580143e-01 1.0000000000e-03
2.1100000000e+02 1.3005181216e-02 1.3491131365e-02 1.2486205436e-02 5.1643666288e-01 4.8356296692e-01 1.0000000000e-03
2.1200000000e+02 1.2949973345e-02 1.3388724066e-02 1.2481197715e-02 5.1654699494e-01 4.8345263322e-01 1.0000000000e-03
2.1300000000e+02 1.2894768268e-02 1.3271415606e-02 1.2492578477e-02 5.1640375912e-01 4.8359586741e-01 1.0000000000e-03
2.1400000000e+02 1.2839974836e-02 1.3151758350e-02 1.2507563457e-02 5.1601864757e-01 4.8398097734e-01 1.0000000000e-03
2.1500000000e+02 1.2786014006e-02 1.3042032719e-02 1.2513679452e-02 5.1545049116e-01 4.8454913212e-01 1.0000000000e-03
2.1600000000e+02 1.2732985429e-02 1.2951385230e-02 1.2501280755e-02 5.1478962113e-01 4.8521000054e-01 1.0000000000e-03
2.1700000000e+02 1.2680534273e-02 1.2884488329e-02 1.2464719824e-02 5.1413861060e-01 4.8586100946e-01 1.0000000000e-03
2.1800000000e+02 1.2628410943e-02 1.2841564603e-02 1.2403354049e-02 5.1359264772e-01 4.8640697071e-01 1.0000000000e-03
2.1900000000e+02 1.2576546520e-02 1.2818336487e-02 1.2321632355e-02 5.1322124005e-01 4.8677837677e-01 1.0000000000e-03
2.2000000000e+02 1.2525014579e-02 1.2806818821e-02 1.2228109874e-02 5.1305489867e-01 4.8694471651e-01 1.0000000000e-03
2.2100000000e+02 1.2474136427e-02 1.2797584757e-02 1.2133318000e-02 5.1308160383e-01 4.8691800973e-01 1.0000000000e-03
2.2200000000e+02 1.2424116954e-02 1.2781716883e-02 1.2047051452e-02 5.1325288682e-01 4.8674672511e-01 1.0000000000e-03
2.2300000000e+02 1.2374985963e-02 1.2752200477e-02 1.1976853944e-02 5.1349526062e-01 4.8650434967e-01 1.0000000000e-03
2.2400000000e+02 1.2326426804e-02 1.2705393136e-02 1.1926072650e-02 5.1372767487e-01 4.8627193380e-01 1.0000000000e-03
2.2500000000e+02 1.2278068811e-02 1.2641294859e-02 1.1894113384e-02 5.1387754593e-01 4.8612206111e-01 1.0000000000e-03
2.2600000000e+02 1.2229841202e-02 1.2563155033e-02 1.1877485551e-02 5.1389249435e-01 4.8610711108e-01 1.0000000000e-03
2.2700000000e+02 1.2181807309e-02 1.2477089651e-02 1.1869834736e-02 5.1375031139e-01 4.8624929242e-01 1.0000000000e-03
2.2800000000e+02 1.2134224176e-02 1.2390607037e-02 1.1863662861e-02 5.1346155075e-01 4.8653805144e-01 1.0000000000e-03
2.2900000000e+02 1.2087287381e-02 1.2310557067e-02 1.1852047406e-02 5.1306417476e-01 4.8693542584e-01 1.0000000000e-03
2.3000000000e+02 1.2041028589e-02 1.2241944671e-02 1.1829723604e-02 5.1261397317e-01 4.8738562582e-01 1.0000000000e-03
2.3100000000e+02 1.1995270848e-02 1.2187358923e-02 1.1793604121e-02 5.1217352836e-01 4.8782606903e-01 1.0000000000e-03
2.3200000000e+02 1.1949820444e-02 1.2146553025e-02 1.1743587442e-02 5.1179952640e-01 4.8820006940e-01 1.0000000000e-03
2.3300000000e+02 1.1904719286e-02 1.2116970494e-02 1.1682455428e-02 5.1153242116e-01 4.8846717304e-01 1.0000000000e-03
2.3400000000e+02 1.1860048398e-02 1.2094435282e-02 1.1614744551e-02 5.1139077146e-01 4.8860882114e-01 1.0000000000e-03
2.3500000000e+02 1.1816015467e-02 1.2073552236e-02 1.1546505615e-02 5.1136734864e-01 4.8863224236e-01 1.0000000000e-03
2.3600000000e+02 1.1772600003e-02 1.2049087323e-02 1.1483181268e-02 5.1143299640e-01 4.8856659301e-01 1.0000000000e-03
2.3700000000e+02 1.1729782447e-02 1.2016947381e-02 1.1429053731e-02 5.1154339328e-01 4.8845619454e-01 1.0000000000e-03
2.3800000000e+02 1.1687408201e-02 1.1974594556e-02 1.1386533268e-02 5.1164766407e-01 4.8835192216e-01 1.0000000000e-03
2.3900000000e+02 1.1645358056e-02 1.1921631172e-02 1.1355858296e-02 5.1169815464e-01 4.8830143000e-01 1.0000000000e-03
2.4000000000e+02 1.1603539810e-02 1.1859998107e-02 1.1334844865e-02 5.1166036455e-01 4.8833921851e-01 1.0000000000e-03
2.4100000000e+02 1.1562133208e-02 1.1793326586e-02 1.1320047081e-02 5.1151812780e-01 4.8848145370e-01 1.0000000000e-03
2.4200000000e+02 1.1521170847e-02 1.1726393364e-02 1.1306485161e-02 5.1127783379e-01 4.8872174614e-01 1.0000000000e-03
2.4300000000e+02 1.1480719782e-02 1.1663973331e-02 1.1289257556e-02 5.1096628759e-01 4.8903329078e-01 1.0000000000e-03
2.4400000000e+02 1.1440783739e-02 1.1609734967e-02 1.1264506727e-02 5.1062425891e-01 4.8937531791e-01 1.0000000000e-03
2.4500000000e+02 1.1401245371e-02 1.1565817520e-02 1.1229760945e-02 5.1029891988e-01 4.8970065539e-01 1.0000000000e-03
2.4600000000e+02 1.1362089776e-02 1.1532241479e-02 1.1184979230e-02 5.1003332054e-01 4.8996625318e-01 1.0000000000e-03
2.4700000000e+02 1.1323298328e-02 1.1506862007e-02 1.1132361367e-02 5.0985707179e-01 4.9014250039e-01 1.0000000000e-03
2.4800000000e+02 1.1285012588e-02 1.1485952884e-02 1.1076064780e-02 5.0977970075e-01 4.9021986988e-01 1.0000000000e-03
2.4900000000e+02 1.1247213930e-02 1.1464861222e-02 1.1020883918e-02 5.0978894970e-01 4.9021061940e-01 1.0000000000e-03
2.5000000000e+02 1.1209959164e-02 1.1439060792e-02 1.0971657000e-02 5.0985284503e-01 4.9014672254e-01 1.0000000000e-03
2.5100000000e+02 1.1173149571e-02 1.1405476369e-02 1.0931419209e-02 5.0992869041e-01 4.9007087563e-01 1.0000000000e-03
2.5200000000e+02 1.1136675254e-02 1.1362826452e-02 1.0901328176e-02 5.0997221390e-01 4.9002735063e-01 1.0000000000e-03
2.5300000000e+02 1.1100530624e-02 1.1312141083e-02 1.0880338959e-02 5.0994782639e-01 4.9005173663e-01 1.0000000000e-03
2.5400000000e+02 1.1064736173e-02 1.1256617494e-02 1.0865161195e-02 5.0983779657e-01 4.9016176494e-01 1.0000000000e-03
2.5500000000e+02 1.1029307730e-02 1.1200468987e-02 1.0851423256e-02 5.0964541288e-01 4.9035414713e-01 1.0000000000e-03
2.5600000000e+02 1.0994359851e-02 1.1148136109e-02 1.0834703222e-02 5.0939375208e-01 4.9060580644e-01 1.0000000000e-03
2.5700000000e+02 1.0959845036e-02 1.1103066616e-02 1.0811312124e-02 5.0912002284e-01 4.9087953419e-01 1.0000000000e-03
2.5800000000e+02 1.0925667360e-02 1.1066687293e-02 1.0779567063e-02 5.0886513572e-01 4.9113441983e-01 1.0000000000e-03
2.5900000000e+02 1.0891942307e-02 1.1038488708e-02 1.0740237311e-02 5.0866332992e-01 4.9133622416e-01 1.0000000000e-03
2.6000000000e+02 1.0858564638e-02 1.1016075499e-02 1.0695592500e-02 5.0853501681e-01 4.9146453581e-01 1.0000000000e-03
2.6100000000e+02 1.0825585574e-02 1.0995737277e-02 1.0649570264e-02 5.0848112690e-01 4.9151842426e-01 1.0000000000e-03
2.6200000000e+02 1.0793067515e-02 1.0973750614e-02 1.0606154799e-02 5.0848469923e-01 4.9151485047e-01 1.0000000000e-03
2.6300000000e+02 1.0760970414e-02 1.0947012343e-02 1.0568490252e-02 5.0851585532e-01 4.9148369294e-01 1.0000000000e-03
2.6400000000e+02 1.0729299858e-02 1.0914037004e-02 1.0538153350e-02 5.0854034228e-01 4.9145920453e-01 1.0000000000e-03
2.6500000000e+02 1.0697910562e-02 1.0875261389e-02 1.0514414869e-02 5.0852979055e-01 4.9146975483e-01 1.0000000000e-03
2.6600000000e+02 1.0666849092e-02 1.0832414031e-02 1.0495590977e-02 5.0846641393e-01 4.9153313002e-01 1.0000000000e-03
2.6700000000e+02 1.0636205785e-02 1.0788362473e-02 1.0478891432e-02 5.0834732509e-01 4.9165221745e-01 1.0000000000e-03
2.6800000000e+02 1.0605889373e-02 1.0746110231e-02 1.0461010970e-02 5.0818474681e-01 4.9181479432e-01 1.0000000000e-03
2.6900000000e+02 1.0575946420e-02 1.0707774200e-02 1.0439842939e-02 5.0799972680e-01 4.9199981294e-01 1.0000000000e-03
2.7000000000e+02 1.0546430945e-02 1.0674620047e-02 1.0414180346e-02 5.0781721356e-01 4.9218232478e-01 1.0000000000e-03
2.7100000000e+02 1.0517210700e-02 1.0646331124e-02 1.0384083726e-02 5.0765896367e-01 4.9234057328e-01 1.0000000000e-03
2.7200000000e+02 1.0488392785e-02 1.0621592402e-02 1.0351126082e-02 5.0753784826e-01 4.9246168731e-01 1.0000000000e-03
2.7300000000e+02 1.0459905490e-02 1.0598811321e-02 1.0316801257e-02 5.0745820083e-01 4.9254133338e-01 1.0000000000e-03
2.7400000000e+02 1.0431794450e-02 1.0575837456e-02 1.0283425450e-02 5.0741327288e-01 4.9258625997e-01 1.0000000000e-03
2.7500000000e+02 1.0404063389e-02 1.0551407933e-02 1.0252306238e-02 5.0739078730e-01 4.9260874419e-01 1.0000000000e-03
2.7600000000e+02 1.0376680642e-02 1.0524667799e-02 1.0224270634e-02 5.0737556975e-01 4.9262396040e-01 1.0000000000e-03
2.7700000000e+02 1.0349623859e-02 1.0495395400e-02 1.0199512355e-02 5.0735285747e-01 4.9264667134e-01 1.0000000000e-03
2.7800000000e+02 1.0322930291e-02 1.0464248247e-02 1.0177426971e-02 5.0731230976e-01 4.9268721773e-01 1.0000000000e-03
2.7900000000e+02 1.0296540335e-02 1.0431883857e-02 1.0157225654e-02 5.0724805292e-01 4.9275147325e-01 1.0000000000e-03
2.8000000000e+02 1.0270503350e-02 1.0399320163e-02 1.0137953795e-02 5.0715954493e-01 4.9283997993e-01 1.0000000000e-03
2.8100000000e+02 1.0244763456e-02 1.0367604904e-02 1.0118417442e-02 5.0705175472e-01 4.9294776885e-01 1.0000000000e-03
2.8200000000e+02 1.0219370946e-02 1.0337328538e-02 1.0098107159e-02 5.0693186469e-01 4.9306765758e-01 1.0000000000e-03
2.8300000000e+02 1.0194288567e-02 1.0309264064e-02 1.0076147504e-02 5.0681042642e-01 4.9318909457e-01 1.0000000000e-03
2.8400000000e+02 1.0169579647e-02 1.0283552110e-02 1.0052521713e-02 5.0669738988e-01 4.9330212983e-01 1.0000000000e-03
2.8500000000e+02 1.0145149194e-02 1.0260160081e-02 1.0027069598e-02 5.0660210185e-01 4.9339741661e-01 1.0000000000e-03
2.8600000000e+02 1.0121053085e-02 1.0238699615e-02 1.0000301525e-02 5.0653082382e-01 4.9346869338e-01 1.0000000000e-03
2.8700000000e+02 1.0097299702e-02 1.0218229145e-02 9.9732009694e-03 5.0648447918e-01 4.9351503677e-01 1.0000000000e-03
2.8800000000e+02 1.0073831305e-02 1.0197781026e-02 9.9466471002e-03 5.0645933960e-01 4.9354017511e-01 1.0000000000e-03
2.8900000000e+02 1.0050717741e-02 1.0176166892e-02 9.9220005795e-03 5.0644569261e-01 4.9355382088e-01 1.0000000000e-03
2.9000000000e+02 1.0027882643e-02 1.0152641684e-02 9.8998816684e-03 5.0643134301e-01 4.9356816926e-01 1.0000000000e-03
2.9100000000e+02 1.0005363263e-02 1.0126912966e-02 9.8806694150e-03 5.0640355899e-01 4.9359595208e-01 1.0000000000e-03
2.9200000000e+02 9.9831186235e-03 1.0099461302e-02 9.8637910560e-03 5.0635343789e-01 4.9364607197e-01 1.0000000000e-03
2.9300000000e+02 9.9611319602e-03 1.0071355850e-02 9.8481141031e-03 5.0627842938e-01 4.9372107929e-01 1.0000000000e-03
2.9400000000e+02 9.9395066500e-03 1.0044005699e-02 9.8324017599e-03 5.0618286028e-01 4.9381664722e-01 1.0000000000e-03
2.9500000000e+02 9.9181439728e-03 1.0018789209e-02 9.8150325939e-03 5.0607820827e-01 4.9392129805e-01 1.0000000000e-03
2.9600000000e+02 9.8970746621e-03 9.9964709952e-03 9.7952820361e-03 5.0597862655e-01 4.9402087862e-01 1.0000000000e-03
2.9700000000e+02 9.8762651905e-03 9.9771656096e-03 9.7729656845e-03 5.0589769672e-01 4.9410180730e-01 1.0000000000e-03
2.9800000000e+02 9.8557844758e-03 9.9599855021e-03 9.7491294146e-03 5.0584282164e-01 4.9415668124e-01 1.0000000000e-03
2.9900000000e+02 9.8355785012e-03 9.9436426535e-03 9.7249820828e-03 5.0581437513e-01 4.9418512661e-01 1.0000000000e-03
3.0000000000e+02 9.8156509921e-03 9.9265808240e-03 9.7021255642e-03 5.0580466441e-01 4.9419483622e-01 1.0000000000e-03
3.0100000000e+02 9.7960103303e-03 9.9076814950e-03 9.6817286685e-03 5.0580089402e-01 4.9419860549e-01 1.0000000000e-03
3.0200000000e+02 9.7766071558e-03 9.8865590990e-03 9.6640884876e-03 5.0578973845e-01 4.9420975996e-01 1.0000000000e-03
3.0300000000e+02 9.7574796528e-03 9.8636103794e-03 9.6488865092e-03 5.0576096011e-01 4.9423853722e-01 1.0000000000e-03
3.0400000000e+02 9.7386054695e-03 9.8400022835e-03 9.6348747611e-03 5.0571148467e-01 4.9428801158e-01 1.0000000000e-03
3.0500000000e+02 9.7200293094e-03 9.8169296980e-03 9.6209263429e-03 5.0564448968e-01 4.9435500550e-01 1.0000000000e-03
3.0600000000e+02 9.7016701475e-03 9.7956229001e-03 9.6056107432e-03 5.0556970560e-01 4.9442978851e-01 1.0000000000e-03
3.0700000000e+02 9.6835726872e-03 9.7765056416e-03 9.5885833725e-03 5.0549791787e-01 4.9450157520e-01 1.0000000000e-03
3.0800000000e+02 9.6657425165e-03 9.7594885156e-03 9.5699438825e-03 5.0543840053e-01 4.9456109150e-01 1.0000000000e-03
3.0900000000e+02 9.6481796354e-03 9.7437044606e-03 9.5505798236e-03 5.0539500541e-01 4.9460448558e-01 1.0000000000e-03
3.1000000000e+02 9.6308151260e-03 9.7282864153e-03 9.5312381163e-03 5.0536703929e-01 4.9463245068e-01 1.0000000000e-03
3.1100000000e+02 9.6137467772e-03 9.7123822197e-03 9.5129879192e-03 5.0534887986e-01 4.9465060910e-01 1.0000000000e-03
3.1200000000e+02 9.5969121903e-03 9.6956007183e-03 9.4961058348e-03 5.0533370798e-01 4.9466577998e-01 1.0000000000e-03
3.1300000000e+02 9.5803271979e-03 9.6778804436e-03 9.4806887209e-03 5.0531494142e-01 4.9468454554e-01 1.0000000000e-03
3.1400000000e+02 9.5639396459e-03 9.6598099917e-03 9.4660297036e-03 5.0529001376e-01 4.9470947222e-01 1.0000000000e-03
3.1500000000e+02 9.5478165895e-03 9.6417870373e-03 9.4518596306e-03 5.0525834354e-01 4.9474114147e-01 1.0000000000e-03
3.1600000000e+02 9.5319105312e-03 9.6243936568e-03 9.4374846667e-03 5.0522275178e-01 4.9477673227e-01 1.0000000000e-03
3.1700000000e+02 9.5162345096e-03 9.6074827015e-03 9.4230836257e-03 5.0518493139e-01 4.9481455171e-01 1.0000000000e-03
3.1800000000e+02 9.5007829368e-03 9.5913559198e-03 9.4083361328e-03 5.0514805050e-01 4.9485143165e-01 1.0000000000e-03
3.1900000000e+02 9.4855502248e-03 9.5754703507e-03 9.3937832862e-03 5.0511211766e-01 4.9488736356e-01 1.0000000000e-03
3.2000000000e+02 9.4705848023e-03 9.5599703491e-03 9.3793747947e-03 5.0507765274e-01 4.9492182756e-01 1.0000000000e-03
3.2100000000e+02 9.4557870179e-03 9.5445793122e-03 9.3651954085e-03 5.0504417606e-01 4.9495530333e-01 1.0000000000e-03
3.2200000000e+02 9.4412136823e-03 9.5297889784e-03 9.3508549035e-03 5.0501358758e-01 4.9498589091e-01 1.0000000000e-03
3.2300000000e+02 9.4268545508e-03 9.5154885203e-03 9.3364464119e-03 5.0498706606e-01 4.9501241153e-01 1.0000000000e-03
3.2400000000e+02 9.4126760960e-03 9.5018045977e-03 9.3217696995e-03 5.0496654919e-01 4.9503292751e-01 1.0000000000e-03
3.2500000000e+02 9.3987118453e-03 9.4884792343e-03 9.3071581796e-03 5.0495221619e-01 4.9504725964e-01 1.0000000000e-03
3.2600000000e+02 9.3849897385e-03 9.4751631841e-03 9.2930272222e-03 5.0494219283e-01 4.9505728214e-01 1.0000000000e-03
3.2700000000e+02 9.3714371324e-03 9.4614168629e-03 9.2796739191e-03 5.0493282485e-01 4.9506664926e-01 1.0000000000e-03
3.2800000000e+02 9.3580866233e-03 9.4469385222e-03 9.2674791813e-03 5.0491898353e-01 4.9508048973e-01 1.0000000000e-03
3.2900000000e+02 9.3449372798e-03 9.4320476055e-03 9.2561133206e-03 5.0489776871e-01 4.9510170372e-01 1.0000000000e-03
3.3000000000e+02 9.3319714069e-03 9.4169620425e-03 9.2453192919e-03 5.0486783020e-01 4.9513164140e-01 1.0000000000e-03
3.3100000000e+02 9.3191955239e-03 9.4026261941e-03 9.2341443524e-03 5.0483303470e-01 4.9516643609e-01 1.0000000000e-03
3.3200000000e+02 9.3066021800e-03 9.3891331926e-03 9.2224823311e-03 5.0479741072e-01 4.9520205926e-01 1.0000000000e-03
3.3300000000e+02 9.2942193151e-03 9.3773277476e-03 9.2095211148e-03 5.0476905477e-01 4.9523041440e-01 1.0000000000e-03
3.3400000000e+02 9.2820022255e-03 9.3661304563e-03 9.1962702572e-03 5.0474966045e-01 4.9524980794e-01 1.0000000000e-03
3.3500000000e+02 9.2699686065e-03 9.3559781089e-03 9.1823218390e-03 5.0474303880e-01 4.9525642881e-01 1.0000000000e-03
3.3600000000e+02 9.2580923811e-03 9.3447556719e-03 9.1697797179e-03 5.0474124437e-01 4.9525822247e-01 1.0000000000e-03
3.3700000000e+02 9.2464229092e-03 9.3337213621e-03 9.1574620456e-03 5.0474369630e-01 4.9525576977e-01 1.0000000000e-03
3.3800000000e+02 9.2349331826e-03 9.3203429133e-03 9.1478992254e-03 5.0473616481e-01 4.9526330051e-01 1.0000000000e-03
3.3900000000e+02 9.2236157507e-03 9.3082981184e-03 9.1373277828e-03 5.0472596508e-01 4.9527349949e-01 1.0000000000e-03
3.4000000000e+02 9.2124175280e-03 9.2935916036e-03 9.1297123581e-03 5.0469810193e-01 4.9530136190e-01 1.0000000000e-03
3.4100000000e+02 9.2014521360e-03 9.2835640535e-03 9.1177988797e-03 5.0467867980e-01 4.9532078331e-01 1.0000000000e-03
3.4200000000e+02 9.1907363385e-03 9.2690344900e-03 9.1109806672e-03 5.0464074546e-01 4.9535871693e-01 1.0000000000e-03
3.4300000000e+02 9.1802533716e-03 9.2640677467e-03 9.0948799625e-03 5.0463742089e-01 4.9536204080e-01 1.0000000000e-03
3.4400000000e+02 9.1702584177e-03 9.2474091798e-03 9.0916855261e-03 5.0459821875e-01 4.9540124223e-01 1.0000000000e-03
3.4500000000e+02 9.1611426324e-03 9.2503484339e-03 9.0702781454e-03 5.0462981072e-01 4.9536964958e-01 1.0000000000e-03
3.4600000000e+02 9.1539490968e-03 9.2249633744e-03 9.0816384181e-03 5.0455825914e-01 4.9544120051e-01 1.0000000000e-03
3.4700000000e+02 9.1513581574e-03 9.2470683157e-03 9.0538673103e-03 5.0463025023e-01 4.9536920881e-01 1.0000000000e-03
3.4800000000e+02 9.1601815075e-03 9.2067038640e-03 9.1128386557e-03 5.0442338651e-01 4.9557607204e-01 1.0000000000e-03
3.4900000000e+02 9.1983908787e-03 9.2972032726e-03 9.0977838263e-03 5.0452306873e-01 4.9547638960e-01 1.0000000000e-03
3.5000000000e+02 9.3113929033e-03 9.2658875510e-03 9.3576097861e-03 5.0382448108e-01 4.9617497772e-01 1.0000000000e-03
3.5100000000e+02 9.6142608672e-03 9.6444832161e-03 9.5836110413e-03 5.0360029656e-01 4.9639916435e-01 1.0000000000e-03
3.5200000000e+02 1.0349523276e-02 9.8873162642e-03 1.0813599452e-02 5.0100294380e-01 4.9899652272e-01 1.0000000000e-03
3.5300000000e+02 1.1932610534e-02 1.1342997663e-02 1.2518567964e-02 4.9843931607e-01 5.0156016189e-01 1.0000000000e-03
3.5400000000e+02 1.4333475381e-02 1.2399436906e-02 1.6206178814e-02 4.9194153262e-01 5.0805796259e-01 1.0000000000e-03
3.5500000000e+02 1.6215499490e-02 1.4035320841e-02 1.8278431147e-02 4.8618187902e-01 5.1381763572e-01 1.0000000000e-03
3.5600000000e+02 1.4344475232e-02 1.2598175555e-02 1.5967257321e-02 4.8166654508e-01 5.1833298318e-01 1.0000000000e-03
3.5700000000e+02 1.0332707316e-02 1.0511179455e-02 1.0165086947e-02 4.8433679781e-01 5.1566272926e-01 1.0000000000e-03
3.5800000000e+02 9.2311110348e-03 1.0022352450e-02 8.4706051275e-03 4.9009859751e-01 5.0990092277e-01 1.0000000000e-03
3.5900000000e+02 1.1682564393e-02 1.1399677955e-02 1.1954260059e-02 4.8990137513e-01 5.1009815031e-01 1.0000000000e-03
3.6000000000e+02 1.2549753301e-02 1.2109799311e-02 1.2971105054e-02 4.8919416357e-01 5.1080536946e-01 1.0000000000e-03
3.6100000000e+02 1.0072201490e-02 1.0062636808e-02 1.0081407614e-02 4.9022813096e-01 5.0977139912e-01 1.0000000000e-03
3.6200000000e+02 9.1360937804e-03 9.4158658758e-03 8.8643664494e-03 4.9271374816e-01 5.0728577421e-01 1.0000000000e-03
3.6300000000e+02 1.0868532583e-02 1.0530914180e-02 1.1195414700e-02 4.9191309930e-01 5.0808642480e-01 1.0000000000e-03
3.6400000000e+02 1.0974919423e-02 1.0195744224e-02 1.1721281335e-02 4.8924151234e-01 5.1075801373e-01 1.0000000000e-03
3.6500000000e+02 9.2941801995e-03 9.4640366733e-03 9.1301994398e-03 4.9121502383e-01 5.0878449585e-01 1.0000000000e-03
3.6600000000e+02 9.3453302979e-03 9.6433246508e-03 9.0547986329e-03 4.9366725078e-01 5.0633226344e-01 1.0000000000e-03
3.6700000000e+02 1.0452501476e-02 1.0303283110e-02 1.0597955436e-02 4.9359558618e-01 5.0640392878e-01 1.0000000000e-03
3.6800000000e+02 9.8651172593e-03 1.0193441063e-02 9.5421615988e-03 4.9588601298e-01 5.0411349981e-01 1.0000000000e-03
3.6900000000e+02 8.9823659509e-03 9.5644118264e-03 8.4014125168e-03 4.9953408104e-01 5.0046542481e-01 1.0000000000e-03
3.7000000000e+02 9.6430368721e-03 9.7287697718e-03 9.5573049039e-03 5.0002517702e-01 4.9997432640e-01 1.0000000000e-03
3.7100000000e+02 9.9368132651e-03 9.9994549528e-03 9.8740961403e-03 5.0033802508e-01 4.9966147768e-01 1.0000000000e-03
3.7200000000e+02 9.1274436563e-03 9.1946721077e-03 9.0600447729e-03 5.0067294168e-01 4.9932655602e-01 1.0000000000e-03
3.7300000000e+02 9.1365193948e-03 9.1431159526e-03 9.1299144551e-03 5.0064174303e-01 4.9935775017e-01 1.0000000000e-03
3.7400000000e+02 9.6727702767e-03 9.6006793901e-03 9.7449310124e-03 5.0020471529e-01 4.9979477690e-01 1.0000000000e-03
3.7500000000e+02 9.3042813241e-03 9.3425931409e-03 9.2659182847e-03 5.0039023771e-01 4.9960925153e-01 1.0000000000e-03
3.7600000000e+02 8.9486725628e-03 9.2713739723e-03 8.6231762543e-03 5.0216234456e-01 4.9783713987e-01 1.0000000000e-03
3.7700000000e+02 9.3239285052e-03 9.6145803109e-03 9.0291695669e-03 5.0351607439e-01 4.9648340796e-01 1.0000000000e-03
3.7800000000e+02 9.3506220728e-03 9.4795897603e-03 9.2196576297e-03 5.0385947351e-01 4.9614000713e-01 1.0000000000e-03
3.7900000000e+02 8.9629283175e-03 9.2622842640e-03 8.6573362350e-03 5.0516144609e-01 4.9483803068e-01 1.0000000000e-03
3.8000000000e+02 9.0576354414e-03 9.2202192172e-03 8.8914101943e-03 5.0555300236e-01 4.9444647151e-01 1.0000000000e-03
3.8100000000e+02 9.2649459839e-03 9.1361589730e-03 9.3959737569e-03 5.0429669095e-01 4.9570278158e-01 1.0000000000e-03
3.8200000000e+02 9.0361870825e-03 9.0729510412e-03 8.9988289401e-03 5.0407207100e-01 4.9592739894e-01 1.0000000000e-03
3.8300000000e+02 8.9241880924e-03 9.0265162289e-03 8.8201193139e-03 5.0424308717e-01 4.9575637975e-01 1.0000000000e-03
3.8400000000e+02 9.1163003817e-03 9.1778784990e-03 9.0536978096e-03 5.0415931571e-01 4.9584014966e-01 1.0000000000e-03
3.8500000000e+02 9.0774912387e-03 9.3331830576e-03 8.8164685294e-03 5.0516683914e-01 4.9483262460e-01 1.0000000000e-03
3.8600000000e+02 8.8994530961e-03 9.2367557809e-03 8.5531752557e-03 5.0657138285e-01 4.9342807830e-01 1.0000000000e-03
3.8700000000e+02 8.9760348201e-03 9.2282844707e-03 8.7162787095e-03 5.0734084791e-01 4.9265861140e-01 1.0000000000e-03
3.8800000000e+02 9.0535720810e-03 9.2488545924e-03 8.8521894068e-03 5.0770243187e-01 4.9229702626e-01 1.0000000000e-03
3.8900000000e+02 8.9243547991e-03 8.9769223705e-03 8.8702542707e-03 5.0723099796e-01 4.9276845833e-01 1.0000000000e-03
3.9000000000e+02 8.8870292529e-03 8.8637918234e-03 8.9108766988e-03 5.0637542074e-01 4.9362403367e-01 1.0000000000e-03
3.9100000000e+02 8.9808199555e-03 8.9287133887e-03 9.0340841562e-03 5.0544454822e-01 4.9455490508e-01 1.0000000000e-03
3.9200000000e+02 8.9485263452e-03 8.8952733204e-03 9.0027777478e-03 5.0459974123e-01 4.9539971086e-01 1.0000000000e-03
3.9300000000e+02 8.8597610593e-03 8.9899450541e-03 8.7270187214e-03 5.0488175706e-01 4.9511769337e-01 1.0000000000e-03
3.9400000000e+02 8.8950321078e-03 9.1466652229e-03 8.6374776438e-03 5.0582512995e-01 4.9417431922e-01 1.0000000000e-03
3.9500000000e+02 8.9344792068e-03 9.1894604266e-03 8.6725931615e-03 5.0668941861e-01 4.9331002965e-01 1.0000000000e-03
3.9600000000e+02 8.8743679225e-03 9.1868219897e-03 8.5520083085e-03 5.0780978110e-01 4.9218966596e-01 1.0000000000e-03
3.9700000000e+02 8.8437395170e-03 9.0682459995e-03 8.6116436869e-03 5.0832007817e-01 4.9167936763e-01 1.0000000000e-03
3.9800000000e+02 8.8844336569e-03 8.9333383366e-03 8.8339960203e-03 5.0776760655e-01 4.9223183839e-01 1.0000000000e-03
3.9900000000e+02 8.8799837977e-03 8.8568180799e-03 8.9038042352e-03 5.0685854161e-01 4.9314090253e-01 1.0000000000e-03
4.0000000000e+02 8.8327117264e-03 8.7543185800e-03 8.9129302651e-03 5.0572377320e-01 4.9427566992e-01 1.0000000000e-03
4.0100000000e+02 8.8346851990e-03 8.7907938287e-03 8.8794557378e-03 5.0490048867e-01 4.9509895355e-01 1.0000000000e-03
4.0200000000e+02 8.8580846786e-03 8.9376326650e-03 8.7769832462e-03 5.0486384881e-01 4.9513559273e-01 1.0000000000e-03
4.0300000000e+02 8.8371187449e-03 9.0047093108e-03 8.6659211665e-03 5.0533605438e-01 4.9466338642e-01 1.0000000000e-03
4.0400000000e+02 8.8104279712e-03 9.0812612325e-03 8.5326265544e-03 5.0635981201e-01 4.9363962793e-01 1.0000000000e-03
4.0500000000e+02 8.8214743882e-03 9.0963486582e-03 8.5384594277e-03 5.0730558580e-01 4.9269385344e-01 1.0000000000e-03
4.0600000000e+02 8.8293757290e-03 8.9944433421e-03 8.6592733860e-03 5.0752428842e-01 4.9247515026e-01 1.0000000000e-03
4.0700000000e+02 8.8074179366e-03 8.8885389268e-03 8.7239239365e-03 5.0723915622e-01 4.9276028180e-01 1.0000000000e-03
4.0800000000e+02 8.7936902419e-03 8.7750907987e-03 8.8127832860e-03 5.0640805748e-01 4.9359137989e-01 1.0000000000e-03
4.0900000000e+02 8.8036153466e-03 8.7324604392e-03 8.8763227686e-03 5.0535872763e-01 4.9464070922e-01 1.0000000000e-03
4.1000000000e+02 8.8036004454e-03 8.7958443910e-03 8.8115166873e-03 5.0477832154e-01 4.9522111483e-01 1.0000000000e-03
4.1100000000e+02 8.7854415178e-03 8.8602602482e-03 8.7092043832e-03 5.0473034249e-01 4.9526909332e-01 1.0000000000e-03
4.1200000000e+02 8.7776621804e-03 8.9626479894e-03 8.5887052119e-03 5.0532256105e-01 4.9467687421e-01 1.0000000000e-03
4.1300000000e+02 8.7846498936e-03 9.0349009261e-03 8.5280900821e-03 5.0623311316e-01 4.9376632163e-01 1.0000000000e-03
4.1400000000e+02 8.7826242670e-03 8.9931590483e-03 8.5662724450e-03 5.0682532058e-01 4.9317411378e-01 1.0000000000e-03
4.1500000000e+02 8.7687447667e-03 8.9150350541e-03 8.6183184758e-03 5.0698890849e-01 4.9301052540e-01 1.0000000000e-03
4.1600000000e+02 8.7624313310e-03 8.8002141565e-03 8.7236622348e-03 5.0650841075e-01 4.9349102269e-01 1.0000000000e-03
4.1700000000e+02 8.7660383433e-03 8.7119443342e-03 8.8213561103e-03 5.0554552998e-01 4.9445390308e-01 1.0000000000e-03
4.1800000000e+02 8.7638711557e-03 8.7122460827e-03 8.8164843619e-03 5.0469361312e-01 4.9530581958e-01 1.0000000000e-03
4.1900000000e+02 8.7534077466e-03 8.7537355721e-03 8.7530855089e-03 5.0422607985e-01 4.9577335247e-01 1.0000000000e-03
4.2000000000e+02 8.7472163141e-03 8.8557442650e-03 8.6367577314e-03 5.0442938692e-01 4.9557004499e-01 1.0000000000e-03
4.2100000000e+02 8.7486049160e-03 8.9566074312e-03 8.5362512618e-03 5.0518792689e-01 4.9481150467e-01 1.0000000000e-03
4.2200000000e+02 8.7475469336e-03 8.9773880318e-03 8.5121337324e-03 5.0599919925e-01 4.9400023197e-01 1.0000000000e-03
4.2300000000e+02 8.7401466444e-03 8.9432774112e-03 8.5316104814e-03 5.0657713150e-01 4.9342229937e-01 1.0000000000e-03
4.2400000000e+02 8.7337139994e-03 8.8375071064e-03 8.6271874607e-03 5.0652151742e-01 4.9347791311e-01 1.0000000000e-03
4.2500000000e+02 8.7327305228e-03 8.7245926261e-03 8.7410695851e-03 5.0582216750e-01 4.9417726273e-01 1.0000000000e-03
4.2600000000e+02 8.7319603190e-03 8.6688222364e-03 8.7963510305e-03 5.0487482777e-01 4.9512460217e-01 1.0000000000e-03
4.2700000000e+02 8.7267458439e-03 8.6661437526e-03 8.7883435190e-03 5.0403726397e-01 4.9596216569e-01 1.0000000000e-03
4.2800000000e+02 8.7204389274e-03 8.7452279404e-03 8.6952839047e-03 5.0377669279e-01 4.9622273656e-01 1.0000000000e-03
4.2900000000e+02 8.7177809328e-03 8.8522676378e-03 8.5810376331e-03 5.0417690196e-01 4.9582252710e-01 1.0000000000e-03
4.3000000000e+02 8.7172519416e-03 8.9262183756e-03 8.5040992126e-03 5.0497005867e-01 4.9502937011e-01 1.0000000000e-03
4.3100000000e+02 8.7143052369e-03 8.9476257563e-03 8.4754917771e-03 5.0582793004e-01 4.9417149847e-01 1.0000000000e-03
4.3200000000e+02 8.7088700384e-03 8.8776675984e-03 8.5358247161e-03 5.0622665378e-01 4.9377277445e-01 1.0000000000e-03
4.3300000000e+02 8.7047656998e-03 8.7713785470e-03 8.6365472525e-03 5.0599122930e-01 4.9400819866e-01 1.0000000000e-03
4.3400000000e+02 8.7032364681e-03 8.6771054193e-03 8.7299309671e-03 5.0524034155e-01 4.9475908617e-01 1.0000000000e-03
4.3500000000e+02 8.7012834847e-03 8.6278095841e-03 8.7760407478e-03 5.0429042152e-01 4.9570900596e-01 1.0000000000e-03
4.3600000000e+02 8.6969640106e-03 8.6641004309e-03 8.7303230539e-03 5.0367099483e-01 4.9632843241e-01 1.0000000000e-03
4.3700000000e+02 8.6923483759e-03 8.7480032817e-03 8.6358906701e-03 5.0362632756e-01 4.9637309944e-01 1.0000000000e-03
4.3800000000e+02 8.6899120361e-03 8.8453926146e-03 8.5318293422e-03 5.0416589049e-01 4.9583353627e-01 1.0000000000e-03
4.3900000000e+02 8.6886323988e-03 8.9058633894e-03 8.4670111537e-03 5.0501231057e-01 4.9498711595e-01 1.0000000000e-03
4.4000000000e+02 8.6857974529e-03 8.8839083910e-03 8.4831565619e-03 5.0566481965e-01 4.9433460664e-01 1.0000000000e-03
4.4100000000e+02 8.6815152317e-03 8.8070090860e-03 8.5530709475e-03 5.0582969374e-01 4.9416973232e-01 1.0000000000e-03
4.4200000000e+02 8.6781382561e-03 8.7011689320e-03 8.6546149105e-03 5.0538081221e-01 4.9461861362e-01 1.0000000000e-03
4.4300000000e+02 8.6761880666e-03 8.6255064234e-03 8.7278112769e-03 5.0454793205e-01 4.9545149357e-01 1.0000000000e-03
4.4400000000e+02 8.6738653481e-03 8.6199203506e-03 8.7286420166e-03 5.0377976532e-01 4.9621966010e-01 1.0000000000e-03
4.4500000000e+02 8.6702592671e-03 8.6742490530e-03 8.6662247777e-03 5.0342489735e-01 4.9657452785e-01 1.0000000000e-03
4.4600000000e+02 8.6668059230e-03 8.7719820440e-03 8.5600735620e-03 5.0369369795e-01 4.9630572704e-01 1.0000000000e-03
4.4700000000e+02 8.6646042764e-03 8.8494149968e-03 8.4765199572e-03 5.0440041676e-01 4.9559900801e-01 1.0000000000e-03
4.4800000000e+02 8.6625916883e-03 8.8691338897e-03 8.4517477080e-03 5.0516520966e-01 4.9483421490e-01 1.0000000000e-03
4.4900000000e+02 8.6596226320e-03 8.8206361979e-03 8.4949787706e-03 5.0558901695e-01 4.9441040741e-01 1.0000000000e-03
4.5000000000e+02 8.6563788354e-03 8.7218321860e-03 8.5895024240e-03 5.0541229169e-01 4.9458713246e-01 1.0000000000e-03
4.5100000000e+02 8.6539033800e-03 8.6334692314e-03 8.6747398600e-03 5.0475181101e-01 4.9524761296e-01 1.0000000000e-03
4.5200000000e+02 8.6516188458e-03 8.5919350386e-03 8.7122581899e-03 5.0392893071e-01 4.9607049307e-01 1.0000000000e-03
4.5300000000e+02 8.6485650390e-03 8.6213396862e-03 8.6761694402e-03 5.0337751851e-01 4.9662190508e-01 1.0000000000e-03
4.5400000000e+02 8.6454264820e-03 8.7056849152e-03 8.5843559355e-03 5.0339060131e-01 4.9660882208e-01 1.0000000000e-03
4.5500000000e+02 8.6432453245e-03 8.7938699871e-03 8.4902429953e-03 5.0392985300e-01 4.9606957019e-01 1.0000000000e-03
4.5600000000e+02 8.6414664984e-03 8.8449865580e-03 8.4340730682e-03 5.0472588858e-01 4.9527353443e-01 1.0000000000e-03
4.5700000000e+02 8.6387610063e-03 8.8217603043e-03 8.4518324584e-03 5.0532406026e-01 4.9467536255e-01 1.0000000000e-03
4.5800000000e+02 8.6354538798e-03 8.7418528274e-03 8.5267359391e-03 5.0541448094e-01 4.9458494168e-01 1.0000000000e-03
4.5900000000e+02 8.6329551414e-03 8.6446041241e-03 8.6210845038e-03 5.0494111471e-01 4.9505830773e-01 1.0000000000e-03
4.6000000000e+02 8.6311381310e-03 8.5792131722e-03 8.6839394644e-03 5.0414365126e-01 4.9585577101e-01 1.0000000000e-03
4.6100000000e+02 8.6286710575e-03 8.5824858397e-03 8.6755100638e-03 5.0345974681e-01 4.9653967529e-01 1.0000000000e-03
4.6200000000e+02 8.6254570633e-03 8.6452225223e-03 8.6054457352e-03 5.0322903365e-01 4.9677038827e-01 1.0000000000e-03
4.6300000000e+02 8.6228605360e-03 8.7386891246e-03 8.5053695366e-03 5.0358262257e-01 4.9641679917e-01 1.0000000000e-03
4.6400000000e+02 8.6211636662e-03 8.8067678735e-03 8.4323408082e-03 5.0431031219e-01 4.9568910937e-01 1.0000000000e-03
4.6500000000e+02 8.6191147566e-03 8.8130217046e-03 8.4212869406e-03 5.0501574819e-01 4.9498367319e-01 1.0000000000e-03
4.6600000000e+02 8.6161885411e-03 8.7535725906e-03 8.4758587182e-03 5.0532007261e-01 4.9467934859e-01 1.0000000000e-03
4.6700000000e+02 8.6134960875e-03 8.6576892063e-03 8.5684107617e-03 5.0504717331e-01 4.9495224772e-01 1.0000000000e-03
4.6800000000e+02 8.6115971208e-03 8.5802925751e-03 8.6434613913e-03 5.0435905003e-01 4.9564037084e-01 1.0000000000e-03
4.6900000000e+02 8.6095025763e-03 8.5570113733e-03 8.6627686396e-03 5.0361603539e-01 4.9638338531e-01 1.0000000000e-03
4.7000000000e+02 8.6065791547e-03 8.6019216105e-03 8.6113065481e-03 5.0322714199e-01 4.9677227855e-01 1.0000000000e-03
4.7100000000e+02 8.6038513109e-03 8.6873751134e-03 8.5191959515e-03 5.0339310466e-01 4.9660631571e-01 1.0000000000e-03
4.7200000000e+02 8.6021199822e-03 8.7658278644e-03 8.4357736632e-03 5.0401313513e-01 4.9598628507e-01 1.0000000000e-03
4.7300000000e+02 8.6004585028e-03 8.7936529890e-03 8.4035713226e-03 5.0474593324e-01 4.9525348679e-01 1.0000000000e-03
4.7400000000e+02 8.5978265852e-03 8.7519055232e-03 8.4405336529e-03 5.0517685915e-01 4.9482256071e-01 1.0000000000e-03
4.7500000000e+02 8.5950791836e-03 8.6665106937e-03 8.5221920162e-03 5.0507895068e-01 4.9492046902e-01 1.0000000000e-03
4.7600000000e+02 8.5930861533e-03 8.5807517171e-03 8.6056543514e-03 5.0449857792e-01 4.9550084162e-01 1.0000000000e-03
4.7700000000e+02 8.5912682116e-03 8.5428114980e-03 8.6404718459e-03 5.0376451865e-01 4.9623490074e-01 1.0000000000e-03
4.7800000000e+02 8.5886660963e-03 8.5698943585e-03 8.6076939479e-03 5.0327801185e-01 4.9672140738e-01 1.0000000000e-03
4.7900000000e+02 8.5859391838e-03 8.6464937776e-03 8.5245901719e-03 5.0330514905e-01 4.9669427003e-01 1.0000000000e-03
4.8000000000e+02 8.5840933025e-03 8.7293591350e-03 8.4365960211e-03 5.0382734796e-01 4.9617207095e-01 1.0000000000e-03
4.8100000000e+02 8.5825771093e-03 8.7693417445e-03 8.3923991770e-03 5.0454278948e-01 4.9545662927e-01 1.0000000000e-03
4.8200000000e+02 8.5803009570e-03 8.7447715923e-03 8.4124794230e-03 5.0505685323e-01 4.9494256536e-01 1.0000000000e-03
4.8300000000e+02 8.5775870830e-03 8.6663467810e-03 8.4870178252e-03 5.0507386085e-01 4.9492555759e-01 1.0000000000e-03
4.8400000000e+02 8.5755474865e-03 8.5799470544e-03 8.5710762069e-03 5.0459230658e-01 4.9540711171e-01 1.0000000000e-03
4.8500000000e+02 8.5738915950e-03 8.5304342210e-03 8.6180381477e-03 5.0387761913e-01 4.9612179902e-01 1.0000000000e-03
4.8600000000e+02 8.5715651512e-03 8.5452077910e-03 8.5982875898e-03 5.0333501783e-01 4.9666440017e-01 1.0000000000e-03
4.8700000000e+02 8.5688829422e-03 8.6136031896e-03 8.5235852748e-03 5.0326412581e-01 4.9673529203e-01 1.0000000000e-03
4.8800000000e+02 8.5669625551e-03 8.6969258264e-03 8.4350714460e-03 5.0370190967e-01 4.9629750802e-01 1.0000000000e-03
4.8900000000e+02 8.5655543953e-03 8.7466128170e-03 8.3812912926e-03 5.0439814023e-01 4.9560127731e-01 1.0000000000e-03
4.9000000000e+02 8.5635092109e-03 8.7324976921e-03 8.3911484107e-03 5.0495501546e-01 4.9504440192e-01 1.0000000000e-03
4.9100000000e+02 8.5609201342e-03 8.6629735306e-03 8.4567898884e-03 5.0506166453e-01 4.9493775270e-01 1.0000000000e-03
4.9200000000e+02 8.5588591173e-03 8.5756629705e-03 8.5417497903e-03 5.0465452928e-01 4.9534488781e-01 1.0000000000e-03
4.9300000000e+02 8.5572768003e-03 8.5204374045e-03 8.5947159678e-03 5.0397205078e-01 4.9602736617e-01 1.0000000000e-03
4.9400000000e+02 8.5551906377e-03 8.5250502452e-03 8.5857547820e-03 5.0339743003e-01 4.9660198679e-01 1.0000000000e-03
4.9500000000e+02 8.5526239127e-03 8.5872448981e-03 8.5175577551e-03 5.0326136404e-01 4.9673805264e-01 1.0000000000e-03
4.9600000000e+02 8.5506644100e-03 8.6690131575e-03 8.4305927157e-03 5.0363234985e-01 4.9636706668e-01 1.0000000000e-03
4.9700000000e+02 8.5493000224e-03 8.7239313871e-03 8.3716493100e-03 5.0429941584e-01 4.9570000053e-01 1.0000000000e-03
4.9800000000e+02 8.5474438965e-03 8.7175052613e-03 8.3740437403e-03 5.0487421444e-01 4.9512520179e-01 1.0000000000e-03
4.9900000000e+02 8.5449870676e-03 8.6541036144e-03 8.4336614236e-03 5.0503179268e-01 4.9496762341e-01 1.0000000000e-03
5.0000000000e+02 8.5429251194e-03 8.5687935352e-03 8.5165789351e-03 5.0468138904e-01 4.9531802691e-01 1.0000000000e-03
