# time_s Ids_true_A Ids_pred_A Ids_physics_A T_mean_K
3.7275185605e-08 1.1000000000e+01 1.6593078613e+01 1.7722166061e+01 3.4379620361e+02
4.6875129556e-08 1.9562500000e+01 2.2078399658e+01 3.1532857895e+01 3.4452032471e+02
5.6475073507e-08 3.3421875000e+01 3.3728240967e+01 4.6853782654e+01 3.4484988403e+02
6.6075017457e-08 4.7859375000e+01 5.1731689453e+01 6.2266536713e+01 3.4591012573e+02
7.5675188782e-08 6.1953125000e+01 7.0765777588e+01 7.8148773193e+01 3.4657751465e+02
8.5275132733e-08 7.8625000000e+01 8.8157684326e+01 9.2730293274e+01 3.4795162964e+02
9.4875076684e-08 9.1890625000e+01 1.0066374207e+02 1.0650182343e+02 3.4891992188e+02
1.0447502063e-07 1.0723437500e+02 1.1695387268e+02 1.2216035461e+02 3.5063690186e+02
1.1407519196e-07 1.2121875000e+02 1.3425039673e+02 1.4180203247e+02 3.5205413818e+02
1.2367513591e-07 1.3548437500e+02 1.4967538452e+02 1.5677809143e+02 3.5410244751e+02
1.3327507986e-07 1.4870312500e+02 1.5963314819e+02 1.6635202026e+02 3.5573065186e+02
1.4287502381e-07 1.6057812500e+02 1.7786047363e+02 1.8296684265e+02 3.5814233398e+02
1.5247496776e-07 1.7020312500e+02 1.8985899353e+02 1.9103016663e+02 3.5994497681e+02
1.6207513909e-07 1.8098437500e+02 1.8726380920e+02 1.9287509155e+02 3.6236932373e+02
1.7167508304e-07 1.9207812500e+02 1.8621089172e+02 1.9567169189e+02 3.6419039917e+02
1.8127502699e-07 2.0151562500e+02 1.9844500732e+02 2.0938490295e+02 3.6688964844e+02
1.9087519831e-07 2.0957812500e+02 2.0763908386e+02 2.2083038330e+02 3.6891671753e+02
2.0047502858e-07 2.1839062500e+02 2.1717559814e+02 2.2740467834e+02 3.7176953125e+02
2.1007508622e-07 2.2631250000e+02 2.3273437500e+02 2.4043986511e+02 3.7405554199e+02
2.1967514385e-07 2.3639062500e+02 2.4316998291e+02 2.4099394226e+02 3.7693435669e+02
2.2927508780e-07 2.4409375000e+02 2.5902893066e+02 2.5486596680e+02 3.7948632812e+02
2.3887503176e-07 2.5046875000e+02 2.7705126953e+02 2.6001309204e+02 3.8247640991e+02
2.4847508939e-07 2.5779687500e+02 2.7748468018e+02 2.7161608887e+02 3.8521853638e+02
2.5807503334e-07 2.6484375000e+02 2.7307849121e+02 2.7204986572e+02 3.8818341064e+02
2.6767520467e-07 2.6937500000e+02 2.7082504272e+02 2.6806274414e+02 3.9081640625e+02
2.7727503493e-07 2.7539062500e+02 2.6261938477e+02 2.7411117554e+02 3.9385424805e+02
2.8687509257e-07 2.8192187500e+02 2.6115737915e+02 2.7554690552e+02 3.9647988892e+02
2.9647515021e-07 2.8818750000e+02 2.8030404663e+02 2.8624307251e+02 3.9973556519e+02
3.0607509416e-07 2.9215625000e+02 2.8118182373e+02 2.9414694214e+02 4.0247274780e+02
3.1567503811e-07 2.9812500000e+02 3.1937231445e+02 3.0114947510e+02 4.0590408325e+02
3.2527520943e-07 3.0431250000e+02 3.1139291382e+02 3.0463751221e+02 4.0865628052e+02
3.3487503970e-07 3.0901562500e+02 3.1590731812e+02 3.0454901123e+02 4.1207211304e+02
3.4447509734e-07 3.1410937500e+02 3.1995547485e+02 3.1180639648e+02 4.1492874146e+02
3.5407515497e-07 3.1639062500e+02 3.1089581299e+02 3.1302188110e+02 4.1833074951e+02
3.6367509892e-07 3.2237500000e+02 3.2565591431e+02 3.1615768433e+02 4.2123291016e+02
3.7327504288e-07 3.2528125000e+02 3.3844921875e+02 3.3137741089e+02 4.2491088867e+02
3.8287510051e-07 3.3076562500e+02 3.2435287476e+02 3.2912121582e+02 4.2771136475e+02
3.9247504446e-07 3.3435937500e+02 3.1884835815e+02 3.3168313599e+02 4.3140762329e+02
4.0207521579e-07 3.3893750000e+02 3.3575473022e+02 3.3827877808e+02 4.3431591797e+02
4.1167504605e-07 3.4314062500e+02 3.4168185425e+02 3.4315765381e+02 4.3808831787e+02
4.2127510369e-07 3.4687500000e+02 3.6938806152e+02 3.5069525146e+02 4.4113491821e+02
4.3087516133e-07 3.5079687500e+02 3.7597970581e+02 3.5492761230e+02 4.4497073364e+02
4.4047510528e-07 3.5418750000e+02 3.6202474976e+02 3.4751159668e+02 4.4782699585e+02
4.5007504923e-07 3.5660937500e+02 3.6885910034e+02 3.5090441895e+02 4.5171459961e+02
4.5967522055e-07 3.5942187500e+02 3.5893493652e+02 3.6027783203e+02 4.5468572998e+02
4.6927505082e-07 3.6229687500e+02 3.5366232300e+02 3.4251766968e+02 4.5823266602e+02
4.7887510846e-07 3.6415625000e+02 3.4622412109e+02 3.5502673340e+02 4.6138308716e+02
4.8847516609e-07 3.6817187500e+02 3.4847106934e+02 3.5877893066e+02 4.6497604370e+02
4.9807511004e-07 3.7121875000e+02 3.5594866943e+02 3.6790484619e+02 4.6826632690e+02
5.0767505400e-07 3.7542187500e+02 3.7645111084e+02 3.6630252075e+02 4.7183773804e+02
5.1727511163e-07 3.7754687500e+02 3.6580862427e+02 3.7079080200e+02 4.7516217041e+02
5.2687505558e-07 3.8056250000e+02 3.7563973999e+02 3.6954629517e+02 4.7870269775e+02
5.3647522691e-07 3.8192187500e+02 4.1022052002e+02 3.8483233643e+02 4.8231774902e+02
5.4607505717e-07 3.8671875000e+02 3.9018817139e+02 3.8206369019e+02 4.8575100708e+02
5.5567511481e-07 3.8731250000e+02 3.8328726196e+02 3.8248764038e+02 4.8933847046e+02
5.6527517245e-07 3.8962500000e+02 3.7032324219e+02 3.8676217651e+02 4.9279827881e+02
5.7487511640e-07 3.9101562500e+02 3.8767691040e+02 3.8381661987e+02 4.9633883667e+02
5.8447506035e-07 3.9334375000e+02 3.6946826172e+02 3.7930236816e+02 4.9967086792e+02
5.9407523167e-07 3.9539062500e+02 3.9522772217e+02 3.9839437866e+02 5.0354855347e+02
6.0367506194e-07 3.9676562500e+02 4.0684268188e+02 3.9991763306e+02 5.0689816284e+02
6.1327511958e-07 3.9920312500e+02 3.9060128784e+02 3.9362866211e+02 5.1062274170e+02
6.2287517721e-07 4.0179687500e+02 3.9339392090e+02 4.0093057251e+02 5.1407275391e+02
6.3247512117e-07 4.0317187500e+02 3.9848086548e+02 3.9784741211e+02 5.1773284912e+02
6.4207506512e-07 4.0471875000e+02 3.9793844604e+02 3.9943984985e+02 5.2118475342e+02
6.5167512275e-07 4.0775000000e+02 3.9547738647e+02 3.9439016724e+02 5.2473706055e+02
6.6127506670e-07 4.0625000000e+02 3.9836187744e+02 4.0385934448e+02 5.2832586670e+02
6.7087523803e-07 4.0801562500e+02 4.0134274292e+02 4.0294546509e+02 5.3184692383e+02
6.8047506829e-07 4.0948437500e+02 4.1630566406e+02 4.0739016724e+02 5.3551470947e+02
6.9007512593e-07 4.1087500000e+02 4.1188079834e+02 4.0081243896e+02 5.3890100098e+02
6.9967518357e-07 4.1132812500e+02 4.1651367188e+02 4.1464160156e+02 5.4277764893e+02
7.0927512752e-07 4.1392187500e+02 4.0970571899e+02 4.1064022827e+02 5.4606494141e+02
7.1887507147e-07 4.1406250000e+02 4.0256900024e+02 4.0928747559e+02 5.4988708496e+02
7.2847512911e-07 4.1671875000e+02 4.3166110229e+02 4.3256915283e+02 5.5358032227e+02
7.3807507306e-07 4.1689062500e+02 4.1542672729e+02 4.1591165161e+02 5.5708483887e+02
7.4767513070e-07 4.1815625000e+02 4.2702301025e+02 4.1541693115e+02 5.6078198242e+02
7.5727518833e-07 4.1904687500e+02 4.1234594727e+02 4.1782839966e+02 5.6426678467e+02
7.6687513229e-07 4.1968750000e+02 4.0090853882e+02 4.1478814697e+02 5.6787518311e+02
7.7647507624e-07 4.2037500000e+02 4.1586001587e+02 4.1996218872e+02 5.7145123291e+02
7.8607513387e-07 4.2106250000e+02 4.1870343018e+02 4.2452590942e+02 5.7511712646e+02
7.9567507782e-07 4.2234375000e+02 4.1848394775e+02 4.1962182617e+02 5.7859973145e+02
8.0527524915e-07 4.2456250000e+02 4.0399877930e+02 4.2014398193e+02 5.8222436523e+02
8.1487507941e-07 4.2254687500e+02 4.2902761841e+02 4.2262924194e+02 5.8579083252e+02
8.2447513705e-07 4.2332812500e+02 4.2869006348e+02 4.2287097168e+02 5.8940100098e+02
8.3407519469e-07 4.2242187500e+02 4.1675024414e+02 4.2641549683e+02 5.9296612549e+02
8.4367513864e-07 4.2437500000e+02 4.2329150391e+02 4.2172473145e+02 5.9650781250e+02
8.5327508259e-07 4.2287500000e+02 4.2272271729e+02 4.1683303833e+02 5.9998693848e+02
8.6287514023e-07 4.2290625000e+02 4.3763604736e+02 4.3493936157e+02 6.0383123779e+02
8.7247508418e-07 4.2507812500e+02 4.2576437378e+02 4.3031472778e+02 6.0717565918e+02
8.8207514182e-07 4.2465625000e+02 4.2868218994e+02 4.3082708740e+02 6.1102008057e+02
8.9167508577e-07 4.2585937500e+02 4.1953326416e+02 4.2405377197e+02 6.1422332764e+02
9.0127502972e-07 4.2456250000e+02 4.3891964722e+02 4.4193093872e+02 6.1837384033e+02
9.1087508736e-07 4.2603125000e+02 4.3159313965e+02 4.3291973877e+02 6.2140844727e+02
9.2047503131e-07 4.2643750000e+02 4.2644226074e+02 4.2600683594e+02 6.2542633057e+02
9.3007508895e-07 4.2581250000e+02 4.2390917969e+02 4.1924682617e+02 6.2837493896e+02
9.3967503290e-07 4.2353125000e+02 4.1964416504e+02 4.2064498901e+02 6.3234899902e+02
9.4927509053e-07 4.2489062500e+02 4.2907904053e+02 4.3084756470e+02 6.3546295166e+02
9.5887514817e-07 4.2801562500e+02 4.1740420532e+02 4.2325219727e+02 6.3927105713e+02
9.6847509212e-07 4.2639062500e+02 4.2423010254e+02 4.2383477783e+02 6.4241070557e+02
9.7807514976e-07 4.2637500000e+02 4.3400427246e+02 4.3716607666e+02 6.4642449951e+02
9.8767509371e-07 4.2492187500e+02 4.2565777588e+02 4.2680453491e+02 6.4937622070e+02
9.9727515135e-07 4.2442187500e+02 4.2902014160e+02 4.2997680664e+02 6.5344024658e+02
1.0068750953e-06 4.2510937500e+02 4.2434655762e+02 4.2517898560e+02 6.5628942871e+02
1.0164751529e-06 4.2409375000e+02 4.2337847900e+02 4.2298840332e+02 6.6032781982e+02
1.0260750969e-06 4.2289062500e+02 4.2263897705e+02 4.2236270142e+02 6.6315844727e+02
1.0356751545e-06 4.2281250000e+02 4.2380725098e+02 4.2531958008e+02 6.6719775391e+02
1.0452750985e-06 4.2418750000e+02 4.2388482666e+02 4.2505139160e+02 6.7004608154e+02
1.0548751561e-06 4.2306250000e+02 4.2382177734e+02 4.2464657593e+02 6.7404486084e+02
1.0644751001e-06 4.2345312500e+02 4.2375189209e+02 4.2477532959e+02 6.7689221191e+02
1.0740751577e-06 4.2390625000e+02 4.2174356079e+02 4.2451013184e+02 6.8084222412e+02
1.0836751017e-06 4.2262500000e+02 4.2839422607e+02 4.3174914551e+02 6.8381896973e+02
1.0932751593e-06 4.2282812500e+02 4.2310562134e+02 4.2469601440e+02 6.8763525391e+02
1.1028751032e-06 4.2065625000e+02 4.1747357178e+02 4.1762915039e+02 6.9050787354e+02
1.1124751609e-06 4.2142187500e+02 4.2180923462e+02 4.2363201904e+02 6.9438055420e+02
1.1220751048e-06 4.2142187500e+02 4.1818981934e+02 4.1858599854e+02 6.9716931152e+02
1.1316751625e-06 4.2079687500e+02 4.2821014404e+02 4.3266943359e+02 7.0124554443e+02
1.1412751064e-06 4.1921875000e+02 4.2259796143e+02 4.2569635010e+02 7.0394152832e+02
1.1508751641e-06 4.1714062500e+02 4.1694509888e+02 4.2045651245e+02 7.0787371826e+02
1.1604749943e-06 4.2075000000e+02 4.1202078247e+02 4.1140966797e+02 7.1043847656e+02
1.1700751656e-06 4.1790625000e+02 4.2305688477e+02 4.2614236450e+02 7.1460339355e+02
1.1796751096e-06 4.1746875000e+02 4.1388305664e+02 4.1591549683e+02 7.1697180176e+02
1.1892751672e-06 4.1698437500e+02 4.1335559082e+02 4.1312893677e+02 7.2109399414e+02
1.1988749975e-06 4.1700000000e+02 4.1509375000e+02 4.1573471069e+02 7.2351617432e+02
1.2084751688e-06 4.1787500000e+02 4.1954718018e+02 4.2142739868e+02 7.2769830322e+02
1.2180751128e-06 4.1690625000e+02 4.0991070557e+02 4.1029464722e+02 7.2996527100e+02
1.2276750567e-06 4.1407812500e+02 4.1340600586e+02 4.1453909302e+02 7.3418945312e+02
1.2372750007e-06 4.1479687500e+02 4.0695111084e+02 4.0498956299e+02 7.3629327393e+02
1.2468749446e-06 4.1040625000e+02 4.1578607178e+02 4.1735598755e+02 7.4069879150e+02
1.2564751160e-06 4.1228125000e+02 4.1706970215e+02 4.2210015869e+02 7.4289709473e+02
1.2660750599e-06 4.1192187500e+02 4.0722039795e+02 4.0866677856e+02 7.4707067871e+02
1.2756750039e-06 4.1126562500e+02 4.0492230225e+02 4.0377304077e+02 7.4918310547e+02
1.2852749478e-06 4.0971875000e+02 4.0859326172e+02 4.1027407837e+02 7.5344659424e+02
1.2948751191e-06 4.1162500000e+02 4.1337512207e+02 4.1334619141e+02 7.5558050537e+02
1.3044750631e-06 4.1034375000e+02 4.0626617432e+02 4.0680981445e+02 7.5974792480e+02
1.3140751207e-06 4.1057812500e+02 4.1140490723e+02 4.1363394165e+02 7.6198986816e+02
1.3236749510e-06 4.0781250000e+02 4.0686361694e+02 4.0556881714e+02 7.6599621582e+02
1.3332751223e-06 4.0745312500e+02 4.0442773438e+02 4.0266021729e+02 7.6819842529e+02
1.3428750663e-06 4.0651562500e+02 4.0079040527e+02 4.0114517212e+02 7.7218212891e+02
1.3524751239e-06 4.0412500000e+02 4.0235607910e+02 4.0380157471e+02 7.7442944336e+02
1.3620749542e-06 4.0550000000e+02 3.9977819824e+02 3.9877160645e+02 7.7830926514e+02
1.3716751255e-06 4.0395312500e+02 4.0425042725e+02 4.0433004761e+02 7.8064221191e+02
1.3812750694e-06 4.0429687500e+02 4.0822961426e+02 4.1129315186e+02 7.8461950684e+02
1.3908750134e-06 4.0042187500e+02 3.9910952759e+02 3.9786126709e+02 7.8674047852e+02
1.4004749573e-06 4.0331250000e+02 3.9577008057e+02 3.9317523193e+02 7.9062451172e+02
1.4100751287e-06 4.0118750000e+02 3.9653918457e+02 3.9832186890e+02 7.9284619141e+02
1.4196750726e-06 4.0351562500e+02 3.9709313965e+02 3.9548535156e+02 7.9665399170e+02
1.4292750166e-06 3.9698437500e+02 3.9258035278e+02 3.9387472534e+02 7.9887030029e+02
1.4388749605e-06 3.9907812500e+02 3.9599511719e+02 3.9546643066e+02 8.0267492676e+02
1.4484751318e-06 3.9785937500e+02 3.9553405762e+02 3.9625625610e+02 8.0491082764e+02
1.4580750758e-06 3.9632812500e+02 4.0099496460e+02 4.0393460083e+02 8.0881829834e+02
1.4676750197e-06 3.9564062500e+02 3.9716021729e+02 3.9745599365e+02 8.1095184326e+02
1.4772750774e-06 3.9454687500e+02 3.8249801636e+02 3.7917593384e+02 8.1456402588e+02
1.4868751350e-06 3.9367187500e+02 3.9673876953e+02 3.9478042603e+02 8.1692620850e+02
1.4964750790e-06 3.9550000000e+02 3.9257440186e+02 3.9133898926e+02 8.2048095703e+02
1.5060750229e-06 3.9271875000e+02 3.9053451538e+02 3.8752062988e+02 8.2277880859e+02
1.5156749669e-06 3.9151562500e+02 3.9521572876e+02 4.0009170532e+02 8.2653637695e+02
1.5252751382e-06 3.9250000000e+02 3.9880947876e+02 3.9935952759e+02 8.2880523682e+02
1.5348750821e-06 3.9098437500e+02 3.8893475342e+02 3.8716354370e+02 8.3236437988e+02
1.5444750261e-06 3.8895312500e+02 3.9025863647e+02 3.8822918701e+02 8.3464746094e+02
1.5540749700e-06 3.8981250000e+02 3.8710644531e+02 3.8387664795e+02 8.3812506104e+02
1.5636751414e-06 3.8867187500e+02 3.8643698120e+02 3.8231332397e+02 8.4038110352e+02
1.5732750853e-06 3.8809375000e+02 3.8956842041e+02 3.8680099487e+02 8.4391662598e+02
1.5828750293e-06 3.8800000000e+02 3.9139132690e+02 3.8937173462e+02 8.4621398926e+02
1.5924749732e-06 3.8581250000e+02 3.8561907959e+02 3.8432604980e+02 8.4966973877e+02
1.6020751445e-06 3.8526562500e+02 3.8245181274e+02 3.8088644409e+02 8.5191766357e+02
1.6116750885e-06 3.8520312500e+02 3.8569738770e+02 3.8320422363e+02 8.5538848877e+02
1.6212751461e-06 3.8425000000e+02 3.7937677002e+02 3.7710842896e+02 8.5755273438e+02
1.6308750901e-06 3.8140625000e+02 3.8764727783e+02 3.8920501709e+02 8.6119903564e+02
1.6404751477e-06 3.8190625000e+02 3.8506298828e+02 3.8134078979e+02 8.6322875977e+02
1.6500750917e-06 3.8118750000e+02 3.8103326416e+02 3.7754098511e+02 8.6680865479e+02
1.6596751493e-06 3.8021875000e+02 3.7691360474e+02 3.7251953125e+02 8.6876574707e+02
1.6692750933e-06 3.7909375000e+02 3.7704943848e+02 3.8062841797e+02 8.7248236084e+02
1.6788751509e-06 3.7918750000e+02 3.7462503052e+02 3.7550103760e+02 8.7435974121e+02
1.6884750949e-06 3.7965625000e+02 3.8302056885e+02 3.8060226440e+02 8.7811767578e+02
1.6980751525e-06 3.7678125000e+02 3.7318566895e+02 3.6822833252e+02 8.7981256104e+02
1.7076750964e-06 3.7557812500e+02 3.7852914429e+02 3.7436221313e+02 8.8364459229e+02
1.7172751541e-06 3.7603125000e+02 3.7530508423e+02 3.7632974243e+02 8.8539825439e+02
1.7268750980e-06 3.7604687500e+02 3.7386352539e+02 3.7359786987e+02 8.8916986084e+02
1.7364751557e-06 3.7417187500e+02 3.7635784912e+02 3.7606930542e+02 8.9096392822e+02
1.7460750996e-06 3.7571875000e+02 3.7663543701e+02 3.7192642212e+02 8.9463952637e+02
1.7556751573e-06 3.7320312500e+02 3.7811776733e+02 3.7402215576e+02 8.9647149658e+02
1.7652751012e-06 3.7325000000e+02 3.7089184570e+02 3.7278326416e+02 9.0014245605e+02
1.7748751588e-06 3.7100000000e+02 3.6743572998e+02 3.6501919556e+02 9.0185101318e+02
1.7844751028e-06 3.7164062500e+02 3.7095431519e+02 3.7146005249e+02 9.0561059570e+02
1.7940751604e-06 3.7059375000e+02 3.7613494873e+02 3.7821145630e+02 9.0742645264e+02
1.8036751044e-06 3.6953125000e+02 3.6894650269e+02 3.6559143066e+02 9.1096966553e+02
1.8132751620e-06 3.6957812500e+02 3.7002496338e+02 3.7030691528e+02 9.1287249756e+02
1.8228751060e-06 3.6948437500e+02 3.6867666626e+02 3.6700765991e+02 9.1634759521e+02
1.8324751636e-06 3.6718750000e+02 3.6832015991e+02 3.6916381836e+02 9.1829504395e+02
1.8420751076e-06 3.6690625000e+02 3.7260198975e+02 3.7064135742e+02 9.2176586914e+02
1.8516751652e-06 3.6715625000e+02 3.6517437744e+02 3.6662335205e+02 9.2367504883e+02
1.8612751091e-06 3.6345312500e+02 3.6688027954e+02 3.6497036743e+02 9.2709582520e+02
1.8708751668e-06 3.6375000000e+02 3.6176345825e+02 3.6171151733e+02 9.2897052002e+02
1.8804751107e-06 3.6354687500e+02 3.6650225830e+02 3.6291076660e+02 9.3237988281e+02
1.8900751684e-06 3.6154687500e+02 3.5992587280e+02 3.5900604248e+02 9.3421539307e+02
1.8996751123e-06 3.6310937500e+02 3.6461892700e+02 3.6576528931e+02 9.3771600342e+02
1.9092749426e-06 3.6265625000e+02 3.5552331543e+02 3.5353952026e+02 9.3937042236e+02
1.9188748865e-06 3.6037500000e+02 3.5638696289e+02 3.5277416992e+02 9.4283978271e+02
1.9284750579e-06 3.6028125000e+02 3.6408340454e+02 3.6505044556e+02 9.4469122314e+02
1.9380750018e-06 3.5956250000e+02 3.6814566040e+02 3.6550262451e+02 9.4813830566e+02
1.9476749458e-06 3.5737500000e+02 3.5939880371e+02 3.5961694336e+02 9.4992419434e+02
1.9572748897e-06 3.5656250000e+02 3.5723535156e+02 3.5658444214e+02 9.5331292725e+02
1.9668750610e-06 3.5662500000e+02 3.5837829590e+02 3.5507257080e+02 9.5506964111e+02
1.9764750050e-06 3.5754687500e+02 3.6662496948e+02 3.6427188110e+02 9.5857849121e+02
1.9860749489e-06 3.5575000000e+02 3.5455111694e+02 3.5368463135e+02 9.6019897461e+02
1.9956748929e-06 3.5550000000e+02 3.5490600586e+02 3.5561370850e+02 9.6372839355e+02
2.0052750642e-06 3.5484375000e+02 3.6459573364e+02 3.6493493652e+02 9.6548242188e+02
2.0148750082e-06 3.5309375000e+02 3.6361376953e+02 3.6130426025e+02 9.6893676758e+02
2.0244749521e-06 3.5390625000e+02 3.5052963257e+02 3.4869363403e+02 9.7052185059e+02
2.0340748961e-06 3.5079687500e+02 3.4999465942e+02 3.4746969604e+02 9.7394348145e+02
2.0436750674e-06 3.5090625000e+02 3.4796133423e+02 3.4742095947e+02 9.7554150391e+02
2.0532750113e-06 3.5075000000e+02 3.5032876587e+02 3.4966464233e+02 9.7898156738e+02
2.0628749553e-06 3.5073437500e+02 3.5897119141e+02 3.5676367188e+02 9.8067626953e+02
2.0724748993e-06 3.5010937500e+02 3.5439285278e+02 3.5421194458e+02 9.8407788086e+02
2.0820750706e-06 3.4885937500e+02 3.5624465942e+02 3.5309481812e+02 9.8574816895e+02
2.0916750145e-06 3.4770312500e+02 3.5030065918e+02 3.4820083618e+02 9.8907489014e+02
2.1012749585e-06 3.4564062500e+02 3.4977084351e+02 3.4918917847e+02 9.9076965332e+02
2.1108749024e-06 3.4698437500e+02 3.4386529541e+02 3.4348403931e+02 9.9400689697e+02
2.1204750738e-06 3.4510937500e+02 3.4469979858e+02 3.4545144653e+02 9.9573748779e+02
2.1300750177e-06 3.4448437500e+02 3.4723739624e+02 3.4697457886e+02 9.9898101807e+02
2.1396749617e-06 3.4517187500e+02 3.4335052490e+02 3.4200717163e+02 1.0006413574e+03
2.1492749056e-06 3.4420312500e+02 3.4083236694e+02 3.4685873413e+02 1.0039722290e+03
2.1588750769e-06 3.4365625000e+02 3.5241897583e+02 3.4821636963e+02 1.0056113281e+03
2.1684750209e-06 3.4064062500e+02 3.4494903564e+02 3.4466876221e+02 1.0089000854e+03
2.1780749648e-06 3.4282812500e+02 3.4401605225e+02 3.4203817749e+02 1.0104993286e+03
2.1876749088e-06 3.4157812500e+02 3.3497396851e+02 3.3424395752e+02 1.0136748047e+03
2.1972750801e-06 3.4082812500e+02 3.4382086182e+02 3.4263580322e+02 1.0153920288e+03
2.2068750241e-06 3.3914062500e+02 3.4332504272e+02 3.4157540894e+02 1.0185403442e+03
2.2164749680e-06 3.3953125000e+02 3.3750875854e+02 3.3797531128e+02 1.0202207031e+03
2.2260749120e-06 3.3825000000e+02 3.4341284180e+02 3.4559741211e+02 1.0234716187e+03
2.2356750833e-06 3.3756250000e+02 3.3465386963e+02 3.3588955688e+02 1.0250179443e+03
2.2452750272e-06 3.3717187500e+02 3.4470819092e+02 3.4674920654e+02 1.0284108887e+03
2.2548749712e-06 3.3700000000e+02 3.3432858276e+02 3.3358169556e+02 1.0297689209e+03
2.2644749151e-06 3.3659375000e+02 3.3836810303e+02 3.3681542969e+02 1.0331909180e+03
2.2740750865e-06 3.3818750000e+02 3.4055178833e+02 3.4096313477e+02 1.0346206055e+03
2.2836750304e-06 3.3457812500e+02 3.3479489136e+02 3.3574795532e+02 1.0379615479e+03
2.2932749744e-06 3.3509375000e+02 3.3462387085e+02 3.3698062134e+02 1.0394193115e+03
2.3028749183e-06 3.3454687500e+02 3.4078765869e+02 3.3878906250e+02 1.0427543945e+03
2.3124750896e-06 3.3275000000e+02 3.3403195190e+02 3.3831295776e+02 1.0442385254e+03
2.3220750336e-06 3.3290625000e+02 3.3185122681e+02 3.3079647827e+02 1.0474361572e+03
2.3316749775e-06 3.3293750000e+02 3.2280850220e+02 3.2648651123e+02 1.0488863525e+03
2.3412749215e-06 3.3089062500e+02 3.3240011597e+02 3.3466567993e+02 1.0521796875e+03
2.3508750928e-06 3.2962500000e+02 3.2698745728e+02 3.2972473145e+02 1.0535692139e+03
2.3604750368e-06 3.3170312500e+02 3.3647265625e+02 3.4051205444e+02 1.0570042725e+03
2.3700749807e-06 3.2848437500e+02 3.3285855103e+02 3.3615917969e+02 1.0583371582e+03
2.3796749247e-06 3.2890625000e+02 3.2533724976e+02 3.2877157593e+02 1.0616605225e+03
2.3892750960e-06 3.2860937500e+02 3.2806118774e+02 3.2896664429e+02 1.0629902344e+03
2.3988750399e-06 3.2507812500e+02 3.2676373291e+02 3.3082342529e+02 1.0663417969e+03
2.4084749839e-06 3.2693750000e+02 3.2189868164e+02 3.2556832886e+02 1.0676037598e+03
2.4180749278e-06 3.2668750000e+02 3.2878387451e+02 3.2862832642e+02 1.0709683838e+03
2.4276750992e-06 3.2595312500e+02 3.2706604004e+02 3.2756604004e+02 1.0722247314e+03
2.4372750431e-06 3.2728125000e+02 3.2741970825e+02 3.2765676880e+02 1.0755780029e+03
2.4468749871e-06 3.2420312500e+02 3.2967993164e+02 3.2881726074e+02 1.0768505859e+03
2.4564749310e-06 3.2498437500e+02 3.2360070801e+02 3.2540481567e+02 1.0801589355e+03
2.4660751023e-06 3.2260937500e+02 3.2638461304e+02 3.2905630493e+02 1.0814904785e+03
2.4756750463e-06 3.2318750000e+02 3.1854330444e+02 3.2043539429e+02 1.0846678467e+03
2.4852749902e-06 3.2176562500e+02 3.2602258301e+02 3.2922430420e+02 1.0861290283e+03
2.4948749342e-06 3.2167187500e+02 3.2251519775e+02 3.2518856812e+02 1.0892399902e+03
2.5044751055e-06 3.1939062500e+02 3.1892800903e+02 3.2299194336e+02 1.0906820068e+03
2.5140750495e-06 3.2000000000e+02 3.1580923462e+02 3.1647766113e+02 1.0936796875e+03
2.5236749934e-06 3.2201562500e+02 3.2217306519e+02 3.2411517334e+02 1.0952343750e+03
2.5332749374e-06 3.1939062500e+02 3.1913214111e+02 3.1979333496e+02 1.0981595459e+03
2.5428751087e-06 3.1934375000e+02 3.2132308960e+02 3.2190274048e+02 1.0997451172e+03
2.5524750527e-06 3.1992187500e+02 3.1895733643e+02 3.2074246216e+02 1.1026525879e+03
2.5620749966e-06 3.1776562500e+02 3.2005548096e+02 3.2299270630e+02 1.1042764893e+03
2.5716749406e-06 3.1745312500e+02 3.1452273560e+02 3.1548544312e+02 1.1070661621e+03
2.5812751119e-06 3.1573437500e+02 3.1847351074e+02 3.1990875244e+02 1.1087539062e+03
2.5908750558e-06 3.1460937500e+02 3.1209793091e+02 3.1467337036e+02 1.1114721680e+03
2.6004749998e-06 3.1620312500e+02 3.2009597778e+02 3.2357888794e+02 1.1132849121e+03
2.6100749437e-06 3.1539062500e+02 3.1493609619e+02 3.1636224365e+02 1.1158908691e+03
2.6196748877e-06 3.1567187500e+02 3.1458718872e+02 3.1752819824e+02 1.1177271729e+03
2.6292750590e-06 3.1265625000e+02 3.1612219238e+02 3.2109588623e+02 1.1203856201e+03
2.6388750030e-06 3.1495312500e+02 3.2189987183e+02 3.2539483643e+02 1.1222722168e+03
2.6484749469e-06 3.1168750000e+02 3.1711135864e+02 3.1947750854e+02 1.1248410645e+03
2.6580748909e-06 3.1226562500e+02 3.1311340332e+02 3.1366998291e+02 1.1266414795e+03
2.6676750622e-06 3.1065625000e+02 3.1543191528e+02 3.1761560059e+02 1.1292658691e+03
2.6772750061e-06 3.1210937500e+02 3.1205767822e+02 3.1552056885e+02 1.1310456543e+03
2.6868749501e-06 3.1042187500e+02 3.1081320190e+02 3.1313861084e+02 1.1336271973e+03
2.6964748940e-06 3.1037500000e+02 3.1699291992e+02 3.2330148315e+02 1.1355623779e+03
2.7060750654e-06 3.0965625000e+02 3.0952581787e+02 3.1163900757e+02 1.1379637451e+03
2.7156750093e-06 3.0696875000e+02 3.0281274414e+02 3.0710757446e+02 1.1398498535e+03
2.7252749533e-06 3.0796875000e+02 3.1244381714e+02 3.1721475220e+02 1.1423828125e+03
2.7348748972e-06 3.0898437500e+02 3.0886215210e+02 3.1047967529e+02 1.1441636963e+03
2.7444750685e-06 3.0715625000e+02 3.1265429688e+02 3.1489495850e+02 1.1467532959e+03
2.7540750125e-06 3.0573437500e+02 3.0688397217e+02 3.1191064453e+02 1.1485104980e+03
2.7636749564e-06 3.0685937500e+02 2.9927905273e+02 3.0374304199e+02 1.1509848633e+03
2.7732749004e-06 3.0603125000e+02 3.0696948242e+02 3.1369537354e+02 1.1528856201e+03
2.7828750717e-06 3.0718750000e+02 3.0875299072e+02 3.0859973145e+02 1.1552512207e+03
2.7924750157e-06 3.0495312500e+02 3.0858276367e+02 3.1291317749e+02 1.1572321777e+03
2.8020749596e-06 3.0203125000e+02 3.0166317749e+02 3.0738827515e+02 1.1595303955e+03
2.8116749036e-06 3.0489062500e+02 3.0881112671e+02 3.1231961060e+02 1.1615618896e+03
2.8212750749e-06 3.0404687500e+02 3.0852246094e+02 3.1199194336e+02 1.1638526611e+03
2.8308750188e-06 3.0429687500e+02 3.0570797729e+02 3.0754501343e+02 1.1658157959e+03
2.8404749628e-06 3.0171875000e+02 3.0380517578e+02 3.0856372070e+02 1.1681331787e+03
2.8500749067e-06 3.0039062500e+02 3.0155386353e+02 3.0442218018e+02 1.1700307617e+03
2.8596750781e-06 3.0040625000e+02 3.0500375366e+02 3.0688290405e+02 1.1723710938e+03
2.8692750220e-06 2.9946875000e+02 3.0280917358e+02 3.0467968750e+02 1.1742392578e+03
2.8788749660e-06 3.0076562500e+02 3.0146740723e+02 3.0783956909e+02 1.1766437988e+03
2.8884749099e-06 3.0032812500e+02 3.0307653809e+02 3.0751913452e+02 1.1784957275e+03
2.8980750812e-06 3.0059375000e+02 3.0280215454e+02 3.0438702393e+02 1.1808392334e+03
2.9076750252e-06 2.9896875000e+02 2.9946359253e+02 3.0215216064e+02 1.1826683350e+03
2.9172749691e-06 2.9735937500e+02 2.9961627197e+02 3.0188415527e+02 1.1850020752e+03
2.9268749131e-06 2.9759375000e+02 3.0023992920e+02 3.0233724976e+02 1.1868356934e+03
2.9364750844e-06 2.9667187500e+02 3.0260375977e+02 3.0589562988e+02 1.1892187500e+03
2.9460750284e-06 2.9884375000e+02 2.9622241211e+02 3.0018447876e+02 1.1909833984e+03
2.9556749723e-06 2.9742187500e+02 3.0439471436e+02 3.0734143066e+02 1.1934475098e+03
2.9652749163e-06 2.9531250000e+02 3.0057461548e+02 3.0395654297e+02 1.1951719971e+03
2.9748750876e-06 2.9626562500e+02 2.9726364136e+02 3.0224249268e+02 1.1976203613e+03
2.9844750316e-06 2.9343750000e+02 2.9915512085e+02 3.0568664551e+02 1.1993996582e+03
2.9940749755e-06 2.9298437500e+02 2.9495458984e+02 2.9846609497e+02 1.2017320557e+03
3.0036749195e-06 2.9381250000e+02 2.9786761475e+02 2.9900637817e+02 1.2035026855e+03
3.0132750908e-06 2.9414062500e+02 2.9118447876e+02 2.9503488159e+02 1.2057991943e+03
3.0228750347e-06 2.9310937500e+02 2.9637011719e+02 2.9893572998e+02 1.2076101074e+03
3.0324749787e-06 2.9198437500e+02 2.9576132202e+02 2.9818276978e+02 1.2098927002e+03
3.0420749226e-06 2.9253125000e+02 2.9671734619e+02 2.9886923218e+02 1.2117100830e+03
3.0516753213e-06 2.9159375000e+02 2.9193911743e+02 2.9401174927e+02 1.2139277344e+03
3.0612750379e-06 2.9109375000e+02 2.9598937988e+02 2.9759503174e+02 1.2157862549e+03
3.0708752092e-06 2.9020312500e+02 2.8900164795e+02 2.9139569092e+02 1.2179287109e+03
3.0804749258e-06 2.9062500000e+02 2.9641650391e+02 2.9884124756e+02 1.2198796387e+03
3.0900750971e-06 2.8993750000e+02 2.8909356689e+02 2.9106875610e+02 1.2219193115e+03
3.0996752685e-06 2.8895312500e+02 2.8789166260e+02 2.8998733521e+02 1.2238562012e+03
3.1092749850e-06 2.9015625000e+02 2.9306198120e+02 2.9492929077e+02 1.2259536133e+03
3.1188751564e-06 2.8851562500e+02 2.8802050781e+02 2.9272286987e+02 1.2278842773e+03
3.1284753277e-06 2.8976562500e+02 2.8952166748e+02 2.9201895142e+02 1.2299530029e+03
3.1380750443e-06 2.8923437500e+02 2.8931762695e+02 2.9159686279e+02 1.2318752441e+03
3.1476752156e-06 2.8662500000e+02 2.9111337280e+02 2.9408813477e+02 1.2339780273e+03
3.1572749322e-06 2.8828125000e+02 2.8374865723e+02 2.8778994751e+02 1.2358316650e+03
3.1668751035e-06 2.8545312500e+02 2.8791305542e+02 2.9154336548e+02 1.2379737549e+03
3.1764752748e-06 2.8545312500e+02 2.8598828125e+02 2.8847607422e+02 1.2397797852e+03
3.1860749914e-06 2.8421875000e+02 2.8517800903e+02 2.8983853149e+02 1.2419553223e+03
3.1956751627e-06 2.8343750000e+02 2.8596786499e+02 2.8918115234e+02 1.2437396240e+03
3.2052753340e-06 2.8546875000e+02 2.8908297729e+02 2.9352896118e+02 1.2459754639e+03
3.2148750506e-06 2.8453125000e+02 2.8756072998e+02 2.8925753784e+02 1.2476842041e+03
3.2244752219e-06 2.8307812500e+02 2.8274221802e+02 2.8441934204e+02 1.2498582764e+03
3.2340749385e-06 2.8267187500e+02 2.8142877197e+02 2.8411221313e+02 1.2515725098e+03
3.2436751098e-06 2.8053125000e+02 2.7855233765e+02 2.7950665283e+02 1.2536724854e+03
3.2532752812e-06 2.8056250000e+02 2.8412689209e+02 2.8565878296e+02 1.2554652100e+03
3.2628749977e-06 2.8048437500e+02 2.8471548462e+02 2.8671929932e+02 1.2575793457e+03
3.2724751691e-06 2.8051562500e+02 2.8428012085e+02 2.8679577637e+02 1.2593773193e+03
3.2820753404e-06 2.8128125000e+02 2.8337872314e+02 2.8509094238e+02 1.2614611816e+03
3.2916750570e-06 2.8120312500e+02 2.8197161865e+02 2.8460748291e+02 1.2632618408e+03
3.3012752283e-06 2.7993750000e+02 2.8491128540e+02 2.8822149658e+02 1.2653922119e+03
3.3108749449e-06 2.7921875000e+02 2.8378613281e+02 2.8445053101e+02 1.2671223145e+03
3.3204751162e-06 2.7843750000e+02 2.7736962891e+02 2.7892416382e+02 1.2691944580e+03
3.3300750601e-06 2.7890625000e+02 2.7548861694e+02 2.7824484253e+02 1.2709324951e+03
3.3396750041e-06 2.7718750000e+02 2.8333404541e+02 2.8738626099e+02 1.2731185303e+03
3.3492751754e-06 2.7709375000e+02 2.7669540405e+02 2.7859439087e+02 1.2747327881e+03
3.3588748920e-06 2.7867187500e+02 2.7489874268e+02 2.7754296875e+02 1.2769151611e+03
3.3684750633e-06 2.7556250000e+02 2.7578695679e+02 2.7723880005e+02 1.2785097656e+03
3.3780752347e-06 2.7653125000e+02 2.7660238647e+02 2.7808309937e+02 1.2806986084e+03
3.3876749512e-06 2.7495312500e+02 2.7947750854e+02 2.8137277222e+02 1.2823349609e+03
3.3972748952e-06 2.7631250000e+02 2.7463403320e+02 2.7527770996e+02 1.2844378662e+03
3.4068752939e-06 2.7620312500e+02 2.7395977783e+02 2.7380181885e+02 1.2860479736e+03
3.4164750105e-06 2.7498437500e+02 2.6945602417e+02 2.6910787964e+02 1.2880938721e+03
3.4260751818e-06 2.7556250000e+02 2.7275112915e+02 2.7416204834e+02 1.2897845459e+03
3.4356748984e-06 2.7340625000e+02 2.7373159790e+02 2.7529415894e+02 1.2918419189e+03
3.4452750697e-06 2.7293750000e+02 2.7791928101e+02 2.8052835083e+02 1.2936025391e+03
3.4548752410e-06 2.7353125000e+02 2.7151205444e+02 2.7153585815e+02 1.2955249023e+03
3.4644749576e-06 2.7400000000e+02 2.7140368652e+02 2.7172595215e+02 1.2972913818e+03
3.4740749015e-06 2.7353125000e+02 2.7233660889e+02 2.7353854370e+02 1.2992458496e+03
3.4836753002e-06 2.7167187500e+02 2.7379013062e+02 2.7433609009e+02 1.3010080566e+03
3.4932750168e-06 2.7139062500e+02 2.6945895386e+02 2.6944448853e+02 1.3029025879e+03
3.5028751881e-06 2.7104687500e+02 2.7217883301e+02 2.7273098755e+02 1.3047060547e+03
3.5124749047e-06 2.6976562500e+02 2.7189501953e+02 2.7249020386e+02 1.3065975342e+03
3.5220750760e-06 2.7028125000e+02 2.7264538574e+02 2.7297558594e+02 1.3083997803e+03
3.5316752474e-06 2.7104687500e+02 2.7241857910e+02 2.7256082153e+02 1.3102822266e+03
3.5412749639e-06 2.6889062500e+02 2.6814971924e+02 2.6783062744e+02 1.3120312500e+03
3.5508751353e-06 2.6984375000e+02 2.6875128174e+02 2.6792425537e+02 1.3139019775e+03
3.5604753066e-06 2.6889062500e+02 2.6316708374e+02 2.6099740601e+02 1.3155594482e+03
3.5700750232e-06 2.6784375000e+02 2.6879956055e+02 2.6828787231e+02 1.3175284424e+03
3.5796749671e-06 2.6617187500e+02 2.6681198120e+02 2.6618041992e+02 1.3191672363e+03
3.5892749111e-06 2.6446875000e+02 2.6438171387e+02 2.6277008057e+02 1.3210812988e+03
3.5988750824e-06 2.6665625000e+02 2.6451156616e+02 2.6276977539e+02 1.3227164307e+03
3.6084752537e-06 2.6668750000e+02 2.6603680420e+02 2.6488848877e+02 1.3246605225e+03
3.6180749703e-06 2.6587500000e+02 2.6493878174e+02 2.6307284546e+02 1.3262620850e+03
3.6276751416e-06 2.6373437500e+02 2.6371560669e+02 2.6211212158e+02 1.3282071533e+03
3.6372753129e-06 2.6662500000e+02 2.6559088135e+02 2.6455426025e+02 1.3298432617e+03
3.6468750295e-06 2.6548437500e+02 2.6348092651e+02 2.6156396484e+02 1.3317369385e+03
3.6564749735e-06 2.6295312500e+02 2.6345532227e+02 2.6162252808e+02 1.3333775635e+03
3.6660749174e-06 2.6579687500e+02 2.5875311279e+02 2.5534793091e+02 1.3351773682e+03
3.6756750887e-06 2.6215625000e+02 2.6329663086e+02 2.6151495361e+02 1.3369152832e+03
3.6852750327e-06 2.6278125000e+02 2.6428466797e+02 2.6267492676e+02 1.3387219238e+03
3.6948749766e-06 2.6434375000e+02 2.6172436523e+02 2.5927297974e+02 1.3404106445e+03
3.7044751480e-06 2.6346875000e+02 2.5855581665e+02 2.5521839905e+02 1.3421690674e+03
3.7140753193e-06 2.6045312500e+02 2.6130670166e+02 2.5875778198e+02 1.3439003906e+03
3.7236750359e-06 2.6175000000e+02 2.5720227051e+02 2.5334672546e+02 1.3455976562e+03
3.7332752072e-06 2.6156250000e+02 2.6162109375e+02 2.5916220093e+02 1.3473968506e+03
3.7428749238e-06 2.6135937500e+02 2.6222558594e+02 2.5993176270e+02 1.3491031494e+03
3.7524750951e-06 2.6112500000e+02 2.5602050781e+02 2.5174020386e+02 1.3507927246e+03
3.7620750390e-06 2.5975000000e+02 2.5847821045e+02 2.5491601562e+02 1.3525434570e+03
3.7716749830e-06 2.5881250000e+02 2.6054428101e+02 2.5763870239e+02 1.3542667236e+03
3.7812751543e-06 2.5875000000e+02 2.5520365906e+02 2.5049617004e+02 1.3559235840e+03
3.7908750983e-06 2.5898437500e+02 2.5569421387e+02 2.5119845581e+02 1.3576505127e+03
3.8004750422e-06 2.5692187500e+02 2.5956011963e+02 2.5634741211e+02 1.3593715820e+03
3.8100752136e-06 2.5868750000e+02 2.5830490112e+02 2.5471337891e+02 1.3610721436e+03
3.8196749301e-06 2.5834375000e+02 2.5935916138e+02 2.5595516968e+02 1.3628175049e+03
3.8292751015e-06 2.5698437500e+02 2.5501989746e+02 2.4998994446e+02 1.3644425049e+03
3.8388748180e-06 2.5850000000e+02 2.5756262207e+02 2.5349650574e+02 1.3662290039e+03
3.8484749894e-06 2.5629687500e+02 2.5559458923e+02 2.5039314270e+02 1.3678234863e+03
3.8580751607e-06 2.5635937500e+02 2.5241175842e+02 2.4619790649e+02 1.3695498047e+03
3.8676748773e-06 2.5828125000e+02 2.5325601196e+02 2.4790092468e+02 1.3711502686e+03
3.8772750486e-06 2.5707812500e+02 2.5744836426e+02 2.5336901855e+02 1.3729526367e+03
3.8868752199e-06 2.5553125000e+02 2.5469387817e+02 2.4887025452e+02 1.3745086670e+03
3.8964749365e-06 2.5584375000e+02 2.5167408752e+02 2.4516024780e+02 1.3762523193e+03
3.9060751078e-06 2.5746875000e+02 2.5136172485e+02 2.4416769409e+02 1.3778035889e+03
3.9156748244e-06 2.5396875000e+02 2.5857519531e+02 2.5438957214e+02 1.3796741943e+03
3.9252749957e-06 2.5201562500e+02 2.5818188477e+02 2.4119866943e+02 1.3811538086e+03
3.9348751670e-06 2.3781250000e+02 2.0688818359e+02 1.6398051453e+02 1.3820076904e+03
3.9444748836e-06 2.1731250000e+02 1.6889308167e+02 1.1936776733e+02 1.3828836670e+03
3.9540750549e-06 1.9765625000e+02 1.4299974060e+02 9.2666229248e+01 1.3833668213e+03
3.9636752263e-06 1.7500000000e+02 1.2851380920e+02 7.6965957642e+01 1.3840257568e+03
3.9732749428e-06 1.5523437500e+02 1.1140699768e+02 6.1769859314e+01 1.3842857666e+03
3.9828751142e-06 1.3492187500e+02 9.4157394409e+01 4.9029357910e+01 1.3847508545e+03
3.9924748307e-06 1.1521875000e+02 7.9835906982e+01 3.9704372406e+01 1.3848660889e+03
4.0020750021e-06 9.7156250000e+01 6.6201980591e+01 3.0129760742e+01 1.3851853027e+03
4.0116751734e-06 8.2593750000e+01 5.4042419434e+01 2.2933395386e+01 1.3851901855e+03
4.0212748900e-06 7.3046875000e+01 3.9970367432e+01 1.7306726456e+01 1.3854255371e+03
4.0308750613e-06 5.9718750000e+01 3.3799957275e+01 1.4456206322e+01 1.3853886719e+03
4.0404747779e-06 5.0468750000e+01 2.9528167725e+01 1.2412081718e+01 1.3855950928e+03
4.0500749492e-06 4.3156250000e+01 2.6941314697e+01 1.0559723854e+01 1.3855333252e+03
4.0596751205e-06 3.7421875000e+01 2.5112762451e+01 8.9159412384e+00 1.3857180176e+03
4.0692748371e-06 3.2515625000e+01 2.5675506592e+01 8.7439336777e+00 1.3856542969e+03
4.0788750084e-06 3.0187500000e+01 2.2955413818e+01 6.9992804527e+00 1.3858151855e+03
4.0884751797e-06 2.4765625000e+01 1.8147521973e+01 5.5366859436e+00 1.3857305908e+03
4.0980748963e-06 2.0515625000e+01 1.5170562744e+01 4.6720919609e+00 1.3858792725e+03
4.1076750676e-06 1.7187500000e+01 1.0443145752e+01 3.5273542404e+00 1.3857781982e+03
4.1172747842e-06 1.6421875000e+01 9.1210327148e+00 2.8008513451e+00 1.3859169922e+03
4.1268749555e-06 1.3390625000e+01 1.0053649902e+01 2.4412987232e+00 1.3858107910e+03
4.1364751269e-06 1.2781250000e+01 9.1936645508e+00 2.3478055000e+00 1.3859483643e+03
4.1460748434e-06 1.1140625000e+01 7.0977172852e+00 2.0412521362e+00 1.3858382568e+03
4.1604748731e-06 1.0218750000e+01 5.8377075195e+00 1.7833490372e+00 1.3859844971e+03
