# time_s Ids_true_A Ids_pred_A Ids_physics_A T_mean_K
4.1760017666e-08 1.1562500000e+01 2.7098144531e+01 3.2833007812e+01 3.4240145874e+02
5.2959990171e-08 2.3562500000e+01 3.7380859375e+01 5.8720344543e+01 3.4338394165e+02
6.2560161496e-08 4.4968750000e+01 5.4772766113e+01 7.9112251282e+01 3.4349945068e+02
7.2160105447e-08 6.3906250000e+01 8.0925628662e+01 1.0100141144e+02 3.4475631714e+02
8.1760049397e-08 8.3343750000e+01 1.0502529907e+02 1.2268817902e+02 3.4513955688e+02
9.1360107035e-08 1.0921875000e+02 1.2733787537e+02 1.4202810669e+02 3.4665066528e+02
1.0096016467e-07 1.3096875000e+02 1.5121018982e+02 1.6232270813e+02 3.4727267456e+02
1.1055999494e-07 1.5284375000e+02 1.7089172363e+02 1.8251988220e+02 3.4909634399e+02
1.2016005257e-07 1.7487500000e+02 1.8351054382e+02 1.9716279602e+02 3.4993527222e+02
1.2976011021e-07 1.9446875000e+02 2.0155137634e+02 2.1369889832e+02 3.5203268433e+02
1.3936016785e-07 2.1603125000e+02 2.2379777527e+02 2.3454203796e+02 3.5320458984e+02
1.4895999811e-07 2.3081250000e+02 2.4174224854e+02 2.4900985718e+02 3.5555416870e+02
1.5856016944e-07 2.4587500000e+02 2.5725399780e+02 2.6224282837e+02 3.5693234253e+02
1.6816011339e-07 2.6171875000e+02 2.6397311401e+02 2.6691711426e+02 3.5938418579e+02
1.7776005734e-07 2.7621875000e+02 2.7707592773e+02 2.7926516724e+02 3.6091073608e+02
1.8736000129e-07 2.8840625000e+02 2.9375936890e+02 2.9353359985e+02 3.6355233765e+02
1.9696017262e-07 2.9646875000e+02 2.9633215332e+02 2.9929730225e+02 3.6510873413e+02
2.0656000288e-07 3.1115625000e+02 3.1618463135e+02 3.1465948486e+02 3.6794522095e+02
2.1616006052e-07 3.2421875000e+02 3.2187716675e+02 3.2209072876e+02 3.6953219604e+02
2.2576011816e-07 3.3465625000e+02 3.2020581055e+02 3.2273895264e+02 3.7237402344e+02
2.3536017579e-07 3.4553125000e+02 3.5058294678e+02 3.4666787720e+02 3.7427398682e+02
2.4496000606e-07 3.5543750000e+02 3.5048495483e+02 3.4882034302e+02 3.7717349243e+02
2.5456006369e-07 3.6456250000e+02 3.5597869873e+02 3.5550158691e+02 3.7916638184e+02
2.6416012133e-07 3.6796875000e+02 3.6849502563e+02 3.6242788696e+02 3.8221942139e+02
2.7376006528e-07 3.7606250000e+02 3.8419622803e+02 3.7429379272e+02 3.8436279297e+02
2.8336000923e-07 3.8690625000e+02 4.0523638916e+02 3.8574032593e+02 3.8760812378e+02
2.9296018056e-07 3.9315625000e+02 4.1062362671e+02 3.9092764282e+02 3.8979391479e+02
3.0256001082e-07 4.0190625000e+02 4.0728445435e+02 3.9195968628e+02 3.9303665161e+02
3.1216006846e-07 4.0668750000e+02 4.0543530273e+02 3.9678118896e+02 3.9523019409e+02
3.2176012610e-07 4.1278125000e+02 4.1130398560e+02 4.0637673950e+02 3.9857031250e+02
3.3136018374e-07 4.1993750000e+02 4.1996578979e+02 4.1679840088e+02 4.0085739136e+02
3.4096001400e-07 4.2409375000e+02 4.1748910522e+02 4.2092288208e+02 4.0420178223e+02
3.5056007164e-07 4.3118750000e+02 4.1804244995e+02 4.2527987671e+02 4.0650003052e+02
3.6016012928e-07 4.3606250000e+02 4.3174572754e+02 4.3482296753e+02 4.0998907471e+02
3.6976007323e-07 4.4215625000e+02 4.3246005249e+02 4.3680697632e+02 4.1228887939e+02
3.7936001718e-07 4.4781250000e+02 4.3855838013e+02 4.4076522827e+02 4.1583889771e+02
3.8896018850e-07 4.5115625000e+02 4.5526086426e+02 4.5443630981e+02 4.1829672241e+02
3.9856001877e-07 4.5659375000e+02 4.5905654907e+02 4.5148498535e+02 4.2183935547e+02
4.0816007640e-07 4.5909375000e+02 4.7653857422e+02 4.6797000122e+02 4.2448175049e+02
4.1776013404e-07 4.6734375000e+02 4.7945584106e+02 4.6537701416e+02 4.2800689697e+02
4.2736019168e-07 4.6743750000e+02 4.6891909790e+02 4.6426940918e+02 4.3057174683e+02
4.3696002194e-07 4.7253125000e+02 4.7336047363e+02 4.7093298340e+02 4.3416043091e+02
4.4656007958e-07 4.7871875000e+02 4.6072448730e+02 4.6384185791e+02 4.3659039307e+02
4.5616013722e-07 4.8018750000e+02 4.6225433350e+02 4.6653955078e+02 4.4019805908e+02
4.6576008117e-07 4.8021875000e+02 4.6884478760e+02 4.7722918701e+02 4.4271612549e+02
4.7536002512e-07 4.8625000000e+02 4.8005926514e+02 4.8694888306e+02 4.4643991089e+02
4.8496019645e-07 4.8693750000e+02 4.8388681030e+02 4.8898022461e+02 4.4896786499e+02
4.9456002671e-07 4.8690625000e+02 4.7581817627e+02 4.8290206909e+02 4.5259506226e+02
5.0416008435e-07 4.9406250000e+02 4.9881335449e+02 5.0306277466e+02 4.5536587524e+02
5.1376014198e-07 4.9403125000e+02 5.0158190918e+02 5.0561010742e+02 4.5901144409e+02
5.2336008594e-07 5.0040625000e+02 4.9596145630e+02 4.9288650513e+02 4.6162899780e+02
5.3296002989e-07 5.0159375000e+02 4.9854598999e+02 4.9702990723e+02 4.6530505371e+02
5.4255997384e-07 5.0331250000e+02 5.1114276123e+02 5.0704833984e+02 4.6804083252e+02
5.5216014516e-07 5.0168750000e+02 4.9856958008e+02 4.9355673218e+02 4.7153060913e+02
5.6175997543e-07 5.0459375000e+02 4.9507809448e+02 5.0025225830e+02 4.7428561401e+02
5.7136003306e-07 5.0700000000e+02 5.0149487305e+02 4.9753469849e+02 4.7776388550e+02
5.8096009070e-07 5.0550000000e+02 4.9646533203e+02 5.0580178833e+02 4.8054425049e+02
5.9056014834e-07 5.0740625000e+02 5.0639025879e+02 5.1305194092e+02 4.8410940552e+02
6.0015997860e-07 5.1003125000e+02 5.0640374756e+02 5.1037319946e+02 4.8684780884e+02
6.0976003624e-07 5.1256250000e+02 5.0156231689e+02 5.0812182617e+02 4.9035372925e+02
6.1936009388e-07 5.1506250000e+02 5.1169580078e+02 5.1697277832e+02 4.9319345093e+02
6.2896003783e-07 5.1421875000e+02 5.0939270020e+02 5.0994427490e+02 4.9661181641e+02
6.3855998178e-07 5.1237500000e+02 5.2787463379e+02 5.2633020020e+02 4.9966278076e+02
6.4816015310e-07 5.1293750000e+02 5.1474255371e+02 5.1557397461e+02 5.0290505981e+02
6.5775998337e-07 5.1578125000e+02 5.0701052856e+02 5.0720410156e+02 5.0583169556e+02
6.6736004101e-07 5.1931250000e+02 5.1850634766e+02 5.2053082275e+02 5.0922177124e+02
6.7696009864e-07 5.1771875000e+02 5.1246160889e+02 5.1581140137e+02 5.1206182861e+02
6.8656015628e-07 5.1796875000e+02 5.1382952881e+02 5.1371459961e+02 5.1542376709e+02
6.9615998655e-07 5.1712500000e+02 5.2064270020e+02 5.1508740234e+02 5.1829656982e+02
7.0576004418e-07 5.1912500000e+02 5.1710900879e+02 5.1626263428e+02 5.2162951660e+02
7.1536010182e-07 5.2162500000e+02 5.1980541992e+02 5.2371350098e+02 5.2456030273e+02
7.2496004577e-07 5.1721875000e+02 5.2529486084e+02 5.2496118164e+02 5.2791821289e+02
7.3455998972e-07 5.1712500000e+02 5.2230773926e+02 5.2138214111e+02 5.3078826904e+02
7.4416016105e-07 5.2046875000e+02 5.2279876709e+02 5.2886669922e+02 5.3418865967e+02
7.5375999131e-07 5.2065625000e+02 5.2554547119e+02 5.2924542236e+02 5.3706469727e+02
7.6336004895e-07 5.2253125000e+02 5.1266082764e+02 5.0726614380e+02 5.4020312500e+02
7.7296010659e-07 5.2021875000e+02 5.1576831055e+02 5.1458453369e+02 5.4313897705e+02
7.8256016423e-07 5.2103125000e+02 5.2579858398e+02 5.2536065674e+02 5.4640814209e+02
7.9215999449e-07 5.2109375000e+02 5.2347583008e+02 5.2086968994e+02 5.4928289795e+02
8.0176005213e-07 5.2131250000e+02 5.1819665527e+02 5.1532196045e+02 5.5245989990e+02
8.1136010976e-07 5.1809375000e+02 5.1353808594e+02 5.1333691406e+02 5.5527679443e+02
8.2096005372e-07 5.1815625000e+02 5.2271771240e+02 5.2089166260e+02 5.5855749512e+02
8.3056011135e-07 5.1834375000e+02 5.1916394043e+02 5.1841870117e+02 5.6131951904e+02
8.4016005530e-07 5.1859375000e+02 5.0757525635e+02 5.0523803711e+02 5.6441308594e+02
8.4975999926e-07 5.1806250000e+02 5.2398706055e+02 5.2591131592e+02 5.6742510986e+02
8.5936005689e-07 5.1700000000e+02 5.1636206055e+02 5.1282098389e+02 5.7036047363e+02
8.6896000084e-07 5.1846875000e+02 5.1822564697e+02 5.1569732666e+02 5.7339471436e+02
8.7856017217e-07 5.1725000000e+02 5.1633258057e+02 5.1726727295e+02 5.7631256104e+02
8.8816000243e-07 5.1537500000e+02 5.1473449707e+02 5.1398431396e+02 5.7930163574e+02
8.9776006007e-07 5.1459375000e+02 5.1880102539e+02 5.2112036133e+02 5.8228710938e+02
9.0736000402e-07 5.1893750000e+02 5.1586059570e+02 5.1677453613e+02 5.8521392822e+02
9.1696006166e-07 5.1212500000e+02 5.1275885010e+02 5.0766259766e+02 5.8811175537e+02
9.2656011930e-07 5.1259375000e+02 5.1000677490e+02 5.0563818359e+02 5.9099151611e+02
9.3616012009e-07 5.1331250000e+02 5.1345629883e+02 5.1128085327e+02 5.9394445801e+02
9.4576012089e-07 5.1240625000e+02 5.1027081299e+02 5.1029867554e+02 5.9677752686e+02
9.5536006484e-07 5.1065625000e+02 5.0694006348e+02 5.0393038940e+02 5.9965679932e+02
9.6496012247e-07 5.1187500000e+02 5.1052047729e+02 5.1078073120e+02 6.0255114746e+02
9.7456006642e-07 5.1328125000e+02 5.0643212891e+02 5.0380352783e+02 6.0534790039e+02
9.8416012406e-07 5.1025000000e+02 5.0601928711e+02 5.0461611938e+02 6.0823297119e+02
9.9376006801e-07 5.0562500000e+02 5.0152978516e+02 4.9780358887e+02 6.1094549561e+02
1.0033600120e-06 5.0693750000e+02 5.0636840820e+02 5.0468173218e+02 6.1390643311e+02
1.0129600696e-06 5.0709375000e+02 5.0498410034e+02 5.0308413696e+02 6.1659161377e+02
1.0225601272e-06 5.0818750000e+02 5.0401300049e+02 5.0414785767e+02 6.1953411865e+02
1.0321600712e-06 5.0212500000e+02 5.0580718994e+02 5.0565753174e+02 6.2224517822e+02
1.0417601288e-06 5.0265625000e+02 5.0900238037e+02 5.0981857300e+02 6.2524566650e+02
1.0513599591e-06 5.0125000000e+02 5.0238879395e+02 5.0029360962e+02 6.2783184814e+02
1.0609601304e-06 5.0065625000e+02 5.0415914917e+02 5.0357183838e+02 6.3086236572e+02
1.0705600744e-06 5.0046875000e+02 5.0425109863e+02 5.0515451050e+02 6.3344653320e+02
1.0801601320e-06 5.0140625000e+02 4.9460583496e+02 4.9173568726e+02 6.3630139160e+02
1.0897600760e-06 4.9596875000e+02 5.0182833862e+02 5.0248101807e+02 6.3901422119e+02
1.0993601336e-06 4.9481250000e+02 4.9916113281e+02 4.9868023682e+02 6.4182098389e+02
1.1089600775e-06 4.9593750000e+02 4.9934625244e+02 5.0073092651e+02 6.4452478027e+02
1.1185600215e-06 4.9490625000e+02 4.9228021240e+02 4.8869122314e+02 6.4722070312e+02
1.1281599654e-06 4.9493750000e+02 4.9620083618e+02 4.9728372192e+02 6.4997137451e+02
1.1377601368e-06 4.9309375000e+02 4.9227273560e+02 4.9026388550e+02 6.5262060547e+02
1.1473600807e-06 4.9012500000e+02 4.9285852051e+02 4.9213049316e+02 6.5537854004e+02
1.1569601384e-06 4.9165625000e+02 4.8742288208e+02 4.8420614624e+02 6.5793457031e+02
1.1665599686e-06 4.8843750000e+02 4.8705258179e+02 4.8491662598e+02 6.6067462158e+02
1.1761601399e-06 4.8762500000e+02 4.8993499756e+02 4.8959274292e+02 6.6330828857e+02
1.1857600839e-06 4.8587500000e+02 4.8041278076e+02 4.7584271240e+02 6.6586560059e+02
1.1953600279e-06 4.8056250000e+02 4.8440686035e+02 4.8282205200e+02 6.6855920410e+02
1.2049600855e-06 4.8390625000e+02 4.8798257446e+02 4.8900799561e+02 6.7118829346e+02
1.2145601431e-06 4.8159375000e+02 4.8288800049e+02 4.8178787231e+02 6.7378503418e+02
1.2241600871e-06 4.8106250000e+02 4.8411468506e+02 4.8424414062e+02 6.7642431641e+02
1.2337600310e-06 4.8228125000e+02 4.8319116211e+02 4.8363183594e+02 6.7901953125e+02
1.2433599750e-06 4.8350000000e+02 4.8458123779e+02 4.8670495605e+02 6.8169226074e+02
1.2529601463e-06 4.7818750000e+02 4.7925585938e+02 4.7918457031e+02 6.8420281982e+02
1.2625600903e-06 4.7640625000e+02 4.8123645020e+02 4.8276242065e+02 6.8689617920e+02
1.2721601479e-06 4.7468750000e+02 4.7649740601e+02 4.7580911255e+02 6.8931451416e+02
1.2817599782e-06 4.7693750000e+02 4.7641201782e+02 4.7692578125e+02 6.9202575684e+02
1.2913601495e-06 4.7553125000e+02 4.7674218750e+02 4.7675939941e+02 6.9441033936e+02
1.3009600934e-06 4.7496875000e+02 4.6941046143e+02 4.6733029175e+02 6.9702508545e+02
1.3105600374e-06 4.7471875000e+02 4.7455221558e+02 4.7633218384e+02 6.9951751709e+02
1.3201600950e-06 4.7106250000e+02 4.7285900879e+02 4.7476202393e+02 7.0211267090e+02
1.3297601527e-06 4.6956250000e+02 4.7300018311e+02 4.7372708130e+02 7.0455908203e+02
1.3393600966e-06 4.6596875000e+02 4.6954473877e+02 4.7020989990e+02 7.0712274170e+02
1.3489600406e-06 4.6484375000e+02 4.6071075439e+02 4.5847564697e+02 7.0945062256e+02
1.3585599845e-06 4.6628125000e+02 4.6834643555e+02 4.7103063965e+02 7.1214532471e+02
1.3681601558e-06 4.6828125000e+02 4.6493835449e+02 4.6610955811e+02 7.1441217041e+02
1.3777600998e-06 4.6456250000e+02 4.6348022461e+02 4.6373007202e+02 7.1705908203e+02
1.3873600437e-06 4.5959375000e+02 4.6343893433e+02 4.6497015381e+02 7.1934539795e+02
1.3969599877e-06 4.5787500000e+02 4.6499401855e+02 4.6708709717e+02 7.2199645996e+02
1.4065600453e-06 4.6075000000e+02 4.5916973877e+02 4.5990814209e+02 7.2421252441e+02
1.4161601030e-06 4.5640625000e+02 4.5926647949e+02 4.6189666748e+02 7.2688763428e+02
1.4257600469e-06 4.5621875000e+02 4.6025064087e+02 4.6175930786e+02 7.2907861328e+02
1.4353599909e-06 4.5600000000e+02 4.5554345703e+02 4.5667166138e+02 7.3170050049e+02
1.4449601622e-06 4.5546875000e+02 4.4917941284e+02 4.4834008789e+02 7.3380517578e+02
1.4545599925e-06 4.5271875000e+02 4.5208801270e+02 4.5350646973e+02 7.3647399902e+02
1.4641600501e-06 4.5346875000e+02 4.5315112305e+02 4.5519146729e+02 7.3859191895e+02
1.4737599940e-06 4.5415625000e+02 4.4789312744e+02 4.5020004272e+02 7.4121826172e+02
1.4833601654e-06 4.5318750000e+02 4.5378347778e+02 4.5529168701e+02 7.4335327148e+02
1.4929599956e-06 4.4637500000e+02 4.4865460205e+02 4.5003915405e+02 7.4592614746e+02
1.5025600533e-06 4.4650000000e+02 4.5062561035e+02 4.5246871948e+02 7.4807867432e+02
1.5121599972e-06 4.4821875000e+02 4.4727697754e+02 4.4982113647e+02 7.5062664795e+02
1.5217600549e-06 4.4481250000e+02 4.4408511353e+02 4.4324856567e+02 7.5268981934e+02
1.5313601125e-06 4.4446875000e+02 4.4208047485e+02 4.4432693481e+02 7.5526519775e+02
1.5409600564e-06 4.4312500000e+02 4.4388366699e+02 4.4745547485e+02 7.5736016846e+02
1.5505600004e-06 4.4443750000e+02 4.4257427979e+02 4.4385528564e+02 7.5987310791e+02
1.5601599443e-06 4.4553125000e+02 4.4523522949e+02 4.4843133545e+02 7.6201672363e+02
1.5697600020e-06 4.4196875000e+02 4.4060693359e+02 4.4649871826e+02 7.6453021240e+02
1.5793600596e-06 4.3759375000e+02 4.3888024902e+02 4.4158657837e+02 7.6659997559e+02
1.5889600036e-06 4.3671875000e+02 4.3856683350e+02 4.4275210571e+02 7.6912414551e+02
1.5985599475e-06 4.4146875000e+02 4.4102618408e+02 4.4317459106e+02 7.7117651367e+02
1.6081600052e-06 4.3412500000e+02 4.3344247437e+02 4.3776437378e+02 7.7366583252e+02
1.6177599491e-06 4.3371875000e+02 4.4114624023e+02 4.4632778931e+02 7.7578759766e+02
1.6273600068e-06 4.3315625000e+02 4.4122393799e+02 4.4569717407e+02 7.7825677490e+02
1.6369599507e-06 4.3265625000e+02 4.3265298462e+02 4.3295751953e+02 7.8023846436e+02
1.6465601220e-06 4.2887500000e+02 4.3502212524e+02 4.3698849487e+02 7.8274334717e+02
1.6561600660e-06 4.2746875000e+02 4.3259963989e+02 4.3716607666e+02 7.8474316406e+02
1.6657600099e-06 4.2953125000e+02 4.3166207886e+02 4.3436633301e+02 7.8720068359e+02
1.6753599539e-06 4.2812500000e+02 4.3146444702e+02 4.3416421509e+02 7.8919622803e+02
1.6849600115e-06 4.3046875000e+02 4.2838519287e+02 4.3148373413e+02 7.9162438965e+02
1.6945599555e-06 4.2846875000e+02 4.2411685181e+02 4.2585852051e+02 7.9356060791e+02
1.7041600131e-06 4.2168750000e+02 4.3838510132e+02 4.4144238281e+02 7.9612115479e+02
1.7137599571e-06 4.2303125000e+02 4.2889459229e+02 4.3327734375e+02 7.9799432373e+02
1.7233601284e-06 4.2196875000e+02 4.2403326416e+02 4.2547421265e+02 8.0045867920e+02
1.7329599586e-06 4.1715625000e+02 4.2001440430e+02 4.2367410278e+02 8.0233062744e+02
1.7425600163e-06 4.1937500000e+02 4.2453643799e+02 4.2891458130e+02 8.0483312988e+02
1.7521599602e-06 4.1809375000e+02 4.2125881958e+02 4.2332980347e+02 8.0664215088e+02
1.7617600179e-06 4.1759375000e+02 4.2324041748e+02 4.2548037720e+02 8.0915380859e+02
1.7713599618e-06 4.1775000000e+02 4.2365405273e+02 4.3012524414e+02 8.1102825928e+02
1.7809600195e-06 4.1712500000e+02 4.1763208008e+02 4.2164254761e+02 8.1344274902e+02
1.7905599634e-06 4.1428125000e+02 4.2008148193e+02 4.1998864746e+02 8.1527722168e+02
1.8001600210e-06 4.1393750000e+02 4.1686660767e+02 4.2108801270e+02 8.1771752930e+02
1.8097599650e-06 4.1478125000e+02 4.1869631958e+02 4.2237338257e+02 8.1955889893e+02
1.8193600226e-06 4.1231250000e+02 4.1485977173e+02 4.1686309814e+02 8.2193280029e+02
1.8289599666e-06 4.0990625000e+02 4.1096154785e+02 4.1485058594e+02 8.2376751709e+02
1.8385600242e-06 4.1012500000e+02 4.1362048340e+02 4.1782992554e+02 8.2615972900e+02
1.8481599682e-06 4.0875000000e+02 4.1472592163e+02 4.1897879028e+02 8.2800366211e+02
1.8577600258e-06 4.0925000000e+02 4.1324108887e+02 4.1697796631e+02 8.3036718750e+02
1.8673599698e-06 4.0756250000e+02 4.1058956909e+02 4.1371087646e+02 8.3217852783e+02
1.8769600274e-06 4.0618750000e+02 4.0688021851e+02 4.1064089966e+02 8.3451123047e+02
1.8865599714e-06 4.0603125000e+02 4.1191333008e+02 4.1765853882e+02 8.3639288330e+02
1.8961600290e-06 4.0362500000e+02 4.0895181274e+02 4.1198834229e+02 8.3865405273e+02
1.9057599729e-06 4.0153125000e+02 4.1007003784e+02 4.1230163574e+02 8.4053228760e+02
1.9153599169e-06 4.0131250000e+02 4.0253115845e+02 4.0405950928e+02 8.4271130371e+02
1.9249600882e-06 4.0075000000e+02 4.0077905273e+02 4.0421633911e+02 8.4460003662e+02
1.9345600322e-06 3.9900000000e+02 3.9978335571e+02 4.0217462158e+02 8.4674902344e+02
1.9441599761e-06 4.0109375000e+02 3.9824911499e+02 4.0117382812e+02 8.4862994385e+02
1.9537599201e-06 3.9903125000e+02 3.9912808228e+02 4.0218771362e+02 8.5078228760e+02
1.9633600914e-06 3.9581250000e+02 4.0259805298e+02 4.0478234863e+02 8.5267840576e+02
1.9729600353e-06 3.9725000000e+02 3.9977282715e+02 4.0195037842e+02 8.5480047607e+02
1.9825599793e-06 4.0025000000e+02 3.9823873901e+02 4.0036715698e+02 8.5668017578e+02
1.9921599232e-06 3.9740625000e+02 3.9840576172e+02 3.9852932739e+02 8.5877001953e+02
2.0017600946e-06 3.9662500000e+02 4.0075167847e+02 4.0270959473e+02 8.6069342041e+02
2.0113600385e-06 3.9290625000e+02 3.9916204834e+02 4.0079937744e+02 8.6276007080e+02
2.0209599825e-06 3.9559375000e+02 3.9999218750e+02 4.0394046021e+02 8.6471997070e+02
2.0305599264e-06 3.9028125000e+02 4.0073846436e+02 4.0292773438e+02 8.6676428223e+02
2.0401600977e-06 3.9175000000e+02 3.9346926880e+02 3.9572363281e+02 8.6865930176e+02
2.0497600417e-06 3.8831250000e+02 3.9002941895e+02 3.9278366089e+02 8.7067675781e+02
2.0593599857e-06 3.8871875000e+02 3.8991232300e+02 3.9015673828e+02 8.7253222656e+02
2.0689599296e-06 3.8843750000e+02 3.9503152466e+02 4.0006152344e+02 8.7465600586e+02
2.0785601009e-06 3.8731250000e+02 3.8946994019e+02 3.9089712524e+02 8.7641168213e+02
2.0881600449e-06 3.8571875000e+02 3.8952243042e+02 3.9161267090e+02 8.7853930664e+02
2.0977599888e-06 3.8571875000e+02 3.9107647705e+02 3.9379827881e+02 8.8031585693e+02
2.1073599328e-06 3.8665625000e+02 3.8633969116e+02 3.8850903320e+02 8.8238983154e+02
2.1169601041e-06 3.8662500000e+02 3.9684542847e+02 4.0087756348e+02 8.8428033447e+02
2.1265600481e-06 3.8462500000e+02 3.9082656860e+02 3.9322402954e+02 8.8627557373e+02
2.1361599920e-06 3.8650000000e+02 3.8633114624e+02 3.9050222778e+02 8.8815020752e+02
2.1457599360e-06 3.8259375000e+02 3.8421810913e+02 3.8522402954e+02 8.9007867432e+02
2.1553601073e-06 3.8371875000e+02 3.8311669922e+02 3.8566519165e+02 8.9196289062e+02
2.1649600512e-06 3.8021875000e+02 3.8582763672e+02 3.8641043091e+02 8.9388299561e+02
2.1745599952e-06 3.8050000000e+02 3.7959439087e+02 3.8164807129e+02 8.9573229980e+02
2.1841599391e-06 3.7828125000e+02 3.7984201050e+02 3.8085269165e+02 8.9763580322e+02
2.1937601105e-06 3.8184375000e+02 3.8307034302e+02 3.8456307983e+02 8.9951629639e+02
2.2033600544e-06 3.8103125000e+02 3.7714233398e+02 3.7912005615e+02 9.0137365723e+02
2.2129599984e-06 3.7868750000e+02 3.7715026855e+02 3.7743630981e+02 9.0322656250e+02
2.2225599423e-06 3.7571875000e+02 3.7753094482e+02 3.7755789185e+02 9.0508020020e+02
2.2321601136e-06 3.7690625000e+02 3.7398886108e+02 3.7217080688e+02 9.0687396240e+02
2.2417600576e-06 3.7575000000e+02 3.7567556763e+02 3.7561904907e+02 9.0876330566e+02
2.2513600015e-06 3.7581250000e+02 3.7568515015e+02 3.7601910400e+02 9.1056011963e+02
2.2609599455e-06 3.7231250000e+02 3.7650906372e+02 3.7946853638e+02 9.1249017334e+02
2.2705598894e-06 3.6850000000e+02 3.7806387329e+02 3.7574188232e+02 9.1422320557e+02
2.2801600608e-06 3.7600000000e+02 3.7890890503e+02 3.8264968872e+02 9.1624127197e+02
2.2897600047e-06 3.7184375000e+02 3.7004510498e+02 3.6843185425e+02 9.1782293701e+02
2.2993599487e-06 3.7281250000e+02 3.7344952393e+02 3.7662207031e+02 9.1993249512e+02
2.3089598926e-06 3.6865625000e+02 3.7135919189e+02 3.7328680420e+02 9.2147906494e+02
2.3185600639e-06 3.7059375000e+02 3.6822482300e+02 3.6919433594e+02 9.2354309082e+02
2.3281600079e-06 3.6743750000e+02 3.6991363525e+02 3.7247994995e+02 9.2512652588e+02
2.3377599518e-06 3.6521875000e+02 3.7702374268e+02 3.7934219360e+02 9.2723907471e+02
2.3473598958e-06 3.6531250000e+02 3.6663449097e+02 3.6807400513e+02 9.2872534180e+02
2.3569600671e-06 3.6628125000e+02 3.7058493042e+02 3.7126559448e+02 9.3085229492e+02
2.3665600111e-06 3.6387500000e+02 3.6882305908e+02 3.7082867432e+02 9.3234399414e+02
2.3761599550e-06 3.6512500000e+02 3.6527670288e+02 3.6651824951e+02 9.3442480469e+02
2.3857598990e-06 3.6178125000e+02 3.6892221069e+02 3.7041699219e+02 9.3594970703e+02
2.3953600703e-06 3.6078125000e+02 3.6446630859e+02 3.6597299194e+02 9.3798913574e+02
2.4049600142e-06 3.6228125000e+02 3.6401620483e+02 3.6518914795e+02 9.3950531006e+02
2.4145599582e-06 3.5884375000e+02 3.5757910156e+02 3.5726910400e+02 9.4146618652e+02
2.4241599021e-06 3.6112500000e+02 3.6559350586e+02 3.6652056885e+02 9.4306341553e+02
2.4337600735e-06 3.6243750000e+02 3.6011398315e+02 3.6082699585e+02 9.4497302246e+02
2.4433600174e-06 3.6221875000e+02 3.6035409546e+02 3.6144393921e+02 9.4657653809e+02
2.4529599614e-06 3.6093750000e+02 3.5944869995e+02 3.5925067139e+02 9.4845489502e+02
2.4625599053e-06 3.5965625000e+02 3.5846856689e+02 3.5902246094e+02 9.5006079102e+02
2.4721600766e-06 3.5756250000e+02 3.5270425415e+02 3.5245458984e+02 9.5187884521e+02
2.4817600206e-06 3.5750000000e+02 3.6314282227e+02 3.6532800293e+02 9.5359954834e+02
2.4913599646e-06 3.5712500000e+02 3.5869290161e+02 3.6000057983e+02 9.5536657715e+02
2.5009599085e-06 3.5475000000e+02 3.5603768921e+02 3.5640740967e+02 9.5704992676e+02
2.5105600798e-06 3.5684375000e+02 3.5640582275e+02 3.6006921387e+02 9.5886950684e+02
2.5201600238e-06 3.5731250000e+02 3.5920303345e+02 3.5913302612e+02 9.6051257324e+02
2.5297599677e-06 3.5309375000e+02 3.5436669922e+02 3.5335290527e+02 9.6227636719e+02
2.5393599117e-06 3.5009375000e+02 3.5219485474e+02 3.5187741089e+02 9.6391149902e+02
2.5489600830e-06 3.5515625000e+02 3.5390875244e+02 3.5513671875e+02 9.6570892334e+02
2.5585600270e-06 3.5196875000e+02 3.5013189697e+02 3.5107891846e+02 9.6731060791e+02
2.5681599709e-06 3.5046875000e+02 3.5047625732e+02 3.4993649292e+02 9.6908178711e+02
2.5777599149e-06 3.5262500000e+02 3.5375805664e+02 3.5427539062e+02 9.7072247314e+02
2.5873600862e-06 3.5321875000e+02 3.5306912231e+02 3.5364044189e+02 9.7248577881e+02
2.5969600301e-06 3.5009375000e+02 3.5097088623e+02 3.5208688354e+02 9.7411761475e+02
2.6065599741e-06 3.4950000000e+02 3.4815853882e+02 3.4661825562e+02 9.7581390381e+02
2.6161599180e-06 3.4821875000e+02 3.4868725586e+02 3.4992980957e+02 9.7749261475e+02
2.6257600894e-06 3.4712500000e+02 3.5053894043e+02 3.5252365112e+02 9.7921087646e+02
2.6353600333e-06 3.4740625000e+02 3.4829855347e+02 3.4929339600e+02 9.8085461426e+02
2.6449599773e-06 3.4703125000e+02 3.4729711914e+02 3.4680279541e+02 9.8253771973e+02
2.6545599212e-06 3.4534375000e+02 3.4552554321e+02 3.4440960693e+02 9.8415576172e+02
2.6641600925e-06 3.4909375000e+02 3.4868338013e+02 3.5013928223e+02 9.8590026855e+02
2.6737600365e-06 3.4487500000e+02 3.4640124512e+02 3.4626464844e+02 9.8747351074e+02
2.6833599804e-06 3.4903125000e+02 3.4310906982e+02 3.4288189697e+02 9.8919000244e+02
2.6929599244e-06 3.4621875000e+02 3.4550991821e+02 3.4568997192e+02 9.9078399658e+02
2.7025600957e-06 3.4359375000e+02 3.4000097656e+02 3.4040740967e+02 9.9246777344e+02
2.7121600397e-06 3.4103125000e+02 3.4465570068e+02 3.4560543823e+02 9.9409545898e+02
2.7217599836e-06 3.4321875000e+02 3.4397888184e+02 3.4546353149e+02 9.9578106689e+02
2.7313599276e-06 3.4115625000e+02 3.4316241455e+02 3.4558157349e+02 9.9742004395e+02
2.7409600989e-06 3.4268750000e+02 3.4177236938e+02 3.4317266846e+02 9.9907360840e+02
2.7505600428e-06 3.4246875000e+02 3.3956735229e+02 3.3962353516e+02 1.0006705322e+03
2.7601599868e-06 3.3803125000e+02 3.3894033813e+02 3.3886145020e+02 1.0023140869e+03
2.7697599307e-06 3.4028125000e+02 3.4208441162e+02 3.4452221680e+02 1.0039749146e+03
2.7793601021e-06 3.4275000000e+02 3.4113174438e+02 3.4186065674e+02 1.0055765381e+03
2.7889600460e-06 3.3737500000e+02 3.4424774170e+02 3.4634799194e+02 1.0072777710e+03
2.7985599900e-06 3.4140625000e+02 3.3808615112e+02 3.3782415771e+02 1.0087957764e+03
2.8081599339e-06 3.3965625000e+02 3.3519351196e+02 3.3526242065e+02 1.0104839478e+03
2.8177601052e-06 3.3668750000e+02 3.3731326294e+02 3.3795989990e+02 1.0120211182e+03
2.8273600492e-06 3.3884375000e+02 3.4265603638e+02 3.4482540894e+02 1.0137645874e+03
2.8369599931e-06 3.3762500000e+02 3.3741241455e+02 3.3816354370e+02 1.0152421265e+03
2.8465599371e-06 3.3378125000e+02 3.3455422974e+02 3.3471954346e+02 1.0169539795e+03
2.8561598810e-06 3.3496875000e+02 3.3193518066e+02 3.3120617676e+02 1.0183976440e+03
2.8657600524e-06 3.3721875000e+02 3.3206552124e+02 3.3126904297e+02 1.0201031494e+03
2.8753599963e-06 3.3340625000e+02 3.3473080444e+02 3.3552172852e+02 1.0215907593e+03
2.8849599403e-06 3.3137500000e+02 3.3043670654e+02 3.3005776978e+02 1.0232481079e+03
2.8945601116e-06 3.3459375000e+02 3.3087423706e+02 3.3085174561e+02 1.0247425537e+03
2.9041600556e-06 3.3287500000e+02 3.3226119995e+02 3.3212469482e+02 1.0263972168e+03
2.9137599995e-06 3.3431250000e+02 3.2693588257e+02 3.2562033081e+02 1.0278415527e+03
2.9233599435e-06 3.3137500000e+02 3.2873260498e+02 3.2802920532e+02 1.0295098877e+03
2.9329598874e-06 3.3287500000e+02 3.2896551514e+02 3.2865109253e+02 1.0309614258e+03
2.9425600587e-06 3.3106250000e+02 3.3063952637e+02 3.3090173340e+02 1.0326439209e+03
2.9521600027e-06 3.3006250000e+02 3.3790954590e+02 3.4139492798e+02 1.0341945801e+03
2.9617599466e-06 3.2731250000e+02 3.3260720825e+02 3.3413375854e+02 1.0358068848e+03
2.9713596632e-06 3.2918750000e+02 3.3279934692e+02 3.3412698364e+02 1.0373509521e+03
2.9809600619e-06 3.2687500000e+02 3.2922772217e+02 3.3016552734e+02 1.0389362793e+03
2.9905600059e-06 3.2843750000e+02 3.2847473145e+02 3.2932589722e+02 1.0404719238e+03
3.0001597224e-06 3.2809375000e+02 3.2917446899e+02 3.3062744141e+02 1.0420699463e+03
3.0097598938e-06 3.2593750000e+02 3.2753491211e+02 3.2861370850e+02 1.0435942383e+03
3.0193600651e-06 3.2503125000e+02 3.2779132080e+02 3.2919656372e+02 1.0451977539e+03
3.0289597817e-06 3.2253125000e+02 3.3503921509e+02 3.3909030151e+02 1.0467945557e+03
3.0385599530e-06 3.2665625000e+02 3.2293316650e+02 3.2242764282e+02 1.0482562256e+03
3.0481598969e-06 3.2603125000e+02 3.2627972412e+02 3.2690359497e+02 1.0498748779e+03
3.0577600683e-06 3.2675000000e+02 3.2637359619e+02 3.2784158325e+02 1.0513594971e+03
3.0673600122e-06 3.2778125000e+02 3.2403820801e+02 3.2446633911e+02 1.0529364014e+03
3.0769599562e-06 3.2340625000e+02 3.2165112305e+02 3.2134884644e+02 1.0543975830e+03
3.0865599001e-06 3.2090625000e+02 3.2585250854e+02 3.2764154053e+02 1.0560292969e+03
3.0961600714e-06 3.2412500000e+02 3.2273345947e+02 3.2327117920e+02 1.0574481201e+03
3.1057600154e-06 3.1859375000e+02 3.2181658936e+02 3.2208001709e+02 1.0590626221e+03
3.1153599593e-06 3.2068750000e+02 3.2125051880e+02 3.2144525146e+02 1.0604749756e+03
3.1249596759e-06 3.2003125000e+02 3.2444662476e+02 3.2637792969e+02 1.0621359863e+03
3.1345598472e-06 3.2181250000e+02 3.2222320557e+02 3.2331964111e+02 1.0635197754e+03
3.1441600186e-06 3.1856250000e+02 3.1863284302e+02 3.1824429321e+02 1.0651259766e+03
3.1537599625e-06 3.1940625000e+02 3.2031759644e+02 3.2092651367e+02 1.0665371094e+03
3.1633599065e-06 3.2106250000e+02 3.1935842896e+02 3.1954190063e+02 1.0681452637e+03
3.1729600778e-06 3.1671875000e+02 3.1934094238e+02 3.1996423340e+02 1.0695498047e+03
3.1825600217e-06 3.1678125000e+02 3.2088308716e+02 3.2246112061e+02 1.0711810303e+03
3.1921599657e-06 3.1768750000e+02 3.1427075195e+02 3.1279940796e+02 1.0724959717e+03
3.2017599096e-06 3.1750000000e+02 3.1803186035e+02 3.1858889771e+02 1.0741806641e+03
3.2113600810e-06 3.2109375000e+02 3.1524090576e+02 3.1459899902e+02 1.0754576416e+03
3.2209600249e-06 3.2028125000e+02 3.1913299561e+02 3.2065420532e+02 1.0771834717e+03
3.2305597415e-06 3.1943750000e+02 3.1425259399e+02 3.1368368530e+02 1.0784027100e+03
3.2401599128e-06 3.1706250000e+02 3.1369656372e+02 3.1298498535e+02 1.0801245117e+03
3.2497600841e-06 3.1412500000e+02 3.1492279053e+02 3.1511093140e+02 1.0813547363e+03
3.2593598007e-06 3.1715625000e+02 3.1560986328e+02 3.1632122803e+02 1.0830919189e+03
3.2689599720e-06 3.1428125000e+02 3.1649240112e+02 3.1770474243e+02 1.0843375244e+03
3.2785599160e-06 3.1003125000e+02 3.1566879272e+02 3.1641397095e+02 1.0860664062e+03
3.2881598599e-06 3.1484375000e+02 3.1315124512e+02 3.1310241699e+02 1.0872749023e+03
3.2977600313e-06 3.1112500000e+02 3.1021911621e+02 3.0906256104e+02 1.0889619141e+03
3.3073599752e-06 3.1059375000e+02 3.0818640137e+02 3.0590121460e+02 1.0901451416e+03
3.3169599192e-06 3.1496875000e+02 3.1234686279e+02 3.1237591553e+02 1.0918912354e+03
3.3265600905e-06 3.1012500000e+02 3.1310760498e+02 3.1357864380e+02 1.0930872803e+03
3.3361600345e-06 3.1065625000e+02 3.1037591553e+02 3.0992800903e+02 1.0947932129e+03
3.3457599784e-06 3.0550000000e+02 3.1458416748e+02 3.1627124023e+02 1.0960515137e+03
3.3553596950e-06 3.1125000000e+02 3.1255801392e+02 3.1394869995e+02 1.0977186279e+03
3.3649598663e-06 3.0906250000e+02 3.1036178589e+02 3.1077157593e+02 1.0989517822e+03
3.3745600376e-06 3.0950000000e+02 3.0900955200e+02 3.0744107056e+02 1.1006052246e+03
3.3841597542e-06 3.0668750000e+02 3.0701080322e+02 3.0595449829e+02 1.1018093262e+03
3.3937599255e-06 3.0846875000e+02 3.0726965332e+02 3.0680844116e+02 1.1034644775e+03
3.4033600969e-06 3.0943750000e+02 3.1039093018e+02 3.1135021973e+02 1.1047170410e+03
3.4129600408e-06 3.0450000000e+02 3.0827725220e+02 3.0865072632e+02 1.1063400879e+03
3.4225599848e-06 3.0515625000e+02 3.0461651611e+02 3.0221176147e+02 1.1075451660e+03
3.4321599287e-06 3.0540625000e+02 3.0602755737e+02 3.0502420044e+02 1.1091885986e+03
3.4417601000e-06 3.0756250000e+02 3.0756906128e+02 3.0835183716e+02 1.1104051514e+03
3.4513600440e-06 3.0600000000e+02 3.0796560669e+02 3.0816665649e+02 1.1120665283e+03
3.4609599879e-06 3.0312500000e+02 3.0616455078e+02 3.0628277588e+02 1.1132567139e+03
3.4705599319e-06 3.0478125000e+02 3.0770275879e+02 3.0850671387e+02 1.1149416504e+03
3.4801601032e-06 3.0303125000e+02 3.0517074585e+02 3.0447061157e+02 1.1160975342e+03
3.4897598198e-06 3.0381250000e+02 3.0374096680e+02 3.0335537720e+02 1.1177597656e+03
3.4993599911e-06 3.0321875000e+02 3.0155462646e+02 2.9912985229e+02 1.1188876953e+03
3.5089597077e-06 3.0050000000e+02 2.8474978638e+02 2.7347875977e+02 1.1203084717e+03
3.5185598790e-06 3.0318750000e+02 2.6970986938e+02 2.3743927002e+02 1.1211337891e+03
3.5281600503e-06 3.0018750000e+02 2.3426507568e+02 1.6607090759e+02 1.1219011230e+03
3.5377599943e-06 2.9521875000e+02 2.1791125488e+02 1.3224124146e+02 1.1224232178e+03
3.5473599382e-06 2.8584375000e+02 2.0249351501e+02 1.1145803833e+02 1.1230017090e+03
3.5569601096e-06 2.8243750000e+02 1.8395751953e+02 9.2271324158e+01 1.1233470459e+03
3.5665600535e-06 2.6578125000e+02 1.7119819641e+02 7.8351547241e+01 1.1238044434e+03
3.5761599975e-06 2.5171875000e+02 1.5829698181e+02 6.2742397308e+01 1.1240106201e+03
3.5857597140e-06 2.3359375000e+02 1.3990098572e+02 4.6469921112e+01 1.1243076172e+03
3.5953601127e-06 2.1046875000e+02 1.2379562378e+02 3.5974872589e+01 1.1244052734e+03
3.6049600567e-06 1.7825000000e+02 1.0916406250e+02 2.9806512833e+01 1.1246339111e+03
3.6145597733e-06 1.5215625000e+02 8.9683593750e+01 2.2556276321e+01 1.1246514893e+03
3.6241599446e-06 1.3175000000e+02 7.3435943604e+01 1.7699913025e+01 1.1248249512e+03
3.6337598885e-06 1.1050000000e+02 5.6159454346e+01 1.2874810219e+01 1.1247875977e+03
3.6433598325e-06 8.8406250000e+01 4.7832550049e+01 1.0365690231e+01 1.1249327393e+03
3.6529600038e-06 6.8781250000e+01 4.0954132080e+01 8.0672702789e+00 1.1248693848e+03
3.6625599478e-06 5.5187500000e+01 3.3212554932e+01 6.1595582962e+00 1.1249935303e+03
3.6721598917e-06 4.3906250000e+01 2.6121551514e+01 4.9515314102e+00 1.1249173584e+03
3.6817600630e-06 3.0968750000e+01 2.1006103516e+01 4.0504174232e+00 1.1250321045e+03
3.6913600070e-06 2.3250000000e+01 1.6159179688e+01 3.3035972118e+00 1.1249486084e+03
3.7009599509e-06 1.8218750000e+01 9.6937255859e+00 2.4691340923e+00 1.1250554199e+03
3.7105596675e-06 1.6625000000e+01 8.3792114258e+00 2.2397911549e+00 1.1249697266e+03
3.7214399526e-06 1.1437500000e+01 6.8695068359e-02 1.6359130144e+00 1.1250729980e+03
