# epoch total_loss data_loss physics_loss w_data w_physics lr
1.0000000000e+00 1.0421189070e+00 1.0116668940e+00 1.0723940134e+00 4.9854305772e-01 5.0145694180e-01 1.0000000000e-03
2.0000000000e+00 8.2464516163e-01 8.1052994728e-01 8.3863872290e-01 4.9783654119e-01 5.0216345777e-01 1.0000000000e-03
3.0000000000e+00 6.5475642681e-01 6.4570784569e-01 6.6371023655e-01 4.9736546718e-01 5.0263453112e-01 1.0000000000e-03
4.0000000000e+00 5.1484549046e-01 5.1264870167e-01 5.1701968908e-01 4.9741666779e-01 5.0258332971e-01 1.0000000000e-03
5.0000000000e+00 4.2086261511e-01 4.0670466423e-01 4.3479618430e-01 4.9600586843e-01 5.0399412814e-01 1.0000000000e-03
6.0000000000e+00 3.4534776211e-01 3.1797862053e-01 3.7190759182e-01 4.9249673989e-01 5.0750325557e-01 1.0000000000e-03
7.0000000000e+00 2.6613721251e-01 2.3957477510e-01 2.9149094224e-01 4.8835914201e-01 5.1164085202e-01 1.0000000000e-03
8.0000000000e+00 1.9060489535e-01 1.7164772749e-01 2.0843517780e-01 4.8468382845e-01 5.1531616354e-01 1.0000000000e-03
9.0000000000e+00 1.2598502636e-01 1.1951723695e-01 1.3204504550e-01 4.8372544235e-01 5.1627454647e-01 1.0000000000e-03
1.0000000000e+01 8.0682486296e-02 8.9817948639e-02 7.1873545647e-02 4.9090185787e-01 5.0909812589e-01 1.0000000000e-03
1.1000000000e+01 6.6096104681e-02 8.5132062435e-02 4.6562191099e-02 5.0645538560e-01 4.9354459219e-01 1.0000000000e-03
1.2000000000e+01 7.4926033616e-02 9.4091534615e-02 5.4225768894e-02 5.1924919366e-01 4.8075077961e-01 1.0000000000e-03
1.3000000000e+01 8.7294064462e-02 1.0588902980e-01 6.6428184509e-02 5.2877432969e-01 4.7122564044e-01 1.0000000000e-03
1.4000000000e+01 1.0094629228e-01 1.2334781885e-01 7.4845716357e-02 5.3813293913e-01 4.6186702894e-01 1.0000000000e-03
1.5000000000e+01 1.1416645348e-01 1.4144252241e-01 8.1114165485e-02 5.4787312339e-01 4.5212684339e-01 1.0000000000e-03
1.6000000000e+01 1.2192896008e-01 1.5053756535e-01 8.5997872055e-02 5.5672851957e-01 4.4327144630e-01 1.0000000000e-03
1.7000000000e+01 1.2038707733e-01 1.4881674945e-01 8.3441726863e-02 5.6512942949e-01 4.3487053549e-01 1.0000000000e-03
1.8000000000e+01 1.0785136372e-01 1.3787950575e-01 6.7076958716e-02 5.7588906532e-01 4.2411089828e-01 1.0000000000e-03
1.9000000000e+01 9.1370671988e-02 1.2213187665e-01 4.7011822462e-02 5.9050614108e-01 4.0949382025e-01 1.0000000000e-03
2.0000000000e+01 7.9147845507e-02 1.0686182231e-01 3.6524903029e-02 6.0598252004e-01 3.9401743818e-01 1.0000000000e-03
2.1000000000e+01 7.1393862367e-02 9.4792224467e-02 3.3318419009e-02 6.1937672838e-01 3.8062322621e-01 1.0000000000e-03
2.2000000000e+01 6.6744677722e-02 8.7022952735e-02 3.2148204744e-02 6.3046255156e-01 3.6953739919e-01 1.0000000000e-03
2.3000000000e+01 6.4027883112e-02 8.2119382918e-02 3.1947661191e-02 6.3940849744e-01 3.6059144946e-01 1.0000000000e-03
2.4000000000e+01 6.2498673797e-02 7.7994234860e-02 3.4358698875e-02 6.4488659861e-01 3.5511334470e-01 1.0000000000e-03
2.5000000000e+01 6.2635138631e-02 7.4361629784e-02 4.1361209005e-02 6.4465632036e-01 3.5534361998e-01 1.0000000000e-03
2.6000000000e+01 6.4517915249e-02 7.1671709418e-02 5.1899418235e-02 6.3819105215e-01 3.6180888607e-01 1.0000000000e-03
2.7000000000e+01 6.6671580076e-02 6.9322794676e-02 6.2213588506e-02 6.2707431545e-01 3.7292562133e-01 1.0000000000e-03
2.8000000000e+01 6.7815259099e-02 6.6255494952e-02 7.0284768939e-02 6.1289139105e-01 3.8710854474e-01 1.0000000000e-03
2.9000000000e+01 6.7948505282e-02 6.2341153622e-02 7.6240956783e-02 5.9658724239e-01 4.0341269260e-01 1.0000000000e-03
3.0000000000e+01 6.7022085190e-02 5.8475490659e-02 7.8801549971e-02 5.7952521613e-01 4.2047471807e-01 1.0000000000e-03
3.1000000000e+01 6.4966969192e-02 5.5761594325e-02 7.6856441796e-02 5.6361945660e-01 4.3638047665e-01 1.0000000000e-03
3.2000000000e+01 6.2323443592e-02 5.4294735193e-02 7.2144210339e-02 5.5019897227e-01 4.4980095975e-01 1.0000000000e-03
3.3000000000e+01 5.8885015547e-02 5.2906837314e-02 6.5894782543e-02 5.3971283891e-01 4.6028709148e-01 1.0000000000e-03
3.4000000000e+01 5.4484583437e-02 5.1230166107e-02 5.8192390949e-02 5.3256020266e-01 4.6743972556e-01 1.0000000000e-03
3.5000000000e+01 5.0522096455e-02 5.0821404904e-02 5.0185102969e-02 5.2961915807e-01 4.7038076742e-01 1.0000000000e-03
3.6000000000e+01 4.8078775406e-02 5.3070832044e-02 4.2398419231e-02 5.3224668680e-01 4.6775323567e-01 1.0000000000e-03
3.7000000000e+01 4.7265309840e-02 5.7609077543e-02 3.5064529628e-02 5.4118542482e-01 4.5881449461e-01 1.0000000000e-03
3.8000000000e+01 4.8055380583e-02 6.3068062067e-02 2.9305780306e-02 5.5534168137e-01 4.4465823529e-01 1.0000000000e-03
3.9000000000e+01 4.9682613462e-02 6.8074859679e-02 2.5007596239e-02 5.7294143701e-01 4.2705847724e-01 1.0000000000e-03
4.0000000000e+01 5.1447957754e-02 7.1867726743e-02 2.1770440042e-02 5.9239774832e-01 4.0760216383e-01 1.0000000000e-03
4.1000000000e+01 5.3186453879e-02 7.4168272316e-02 2.0116167143e-02 6.1182234788e-01 3.8817756245e-01 1.0000000000e-03
4.2000000000e+01 5.4288279265e-02 7.4607461691e-02 1.9731627777e-02 6.2972446106e-01 3.7027544764e-01 1.0000000000e-03
4.3000000000e+01 5.4177597165e-02 7.2992570698e-02 1.9949717447e-02 6.4528737738e-01 3.5471252969e-01 1.0000000000e-03
4.4000000000e+01 5.2844658494e-02 6.9501943886e-02 2.0840508863e-02 6.5769028593e-01 3.4230961936e-01 1.0000000000e-03
4.5000000000e+01 5.0553020090e-02 6.4500272274e-02 2.2762507200e-02 6.6583623606e-01 3.3416366724e-01 1.0000000000e-03
4.6000000000e+01 4.7922160476e-02 5.8671519160e-02 2.6261484250e-02 6.6833236931e-01 3.3166753188e-01 1.0000000000e-03
4.7000000000e+01 4.5661702752e-02 5.2837625146e-02 3.1469795853e-02 6.6417169223e-01 3.3582820699e-01 1.0000000000e-03
4.8000000000e+01 4.4117908925e-02 4.7565579414e-02 3.7612818182e-02 6.5359682008e-01 3.4640307747e-01 1.0000000000e-03
4.9000000000e+01 4.3498050421e-02 4.3236788362e-02 4.3958172202e-02 6.3782347096e-01 3.6217642537e-01 1.0000000000e-03
5.0000000000e+01 4.3863642961e-02 4.0079768747e-02 4.9999106675e-02 6.1853520098e-01 3.8146469462e-01 1.0000000000e-03
5.1000000000e+01 4.4764928520e-02 3.8019720465e-02 5.4784234613e-02 5.9764945681e-01 4.0235043845e-01 1.0000000000e-03
5.2000000000e+01 4.5567713678e-02 3.6863576621e-02 5.7439524680e-02 5.7697503117e-01 4.2302486396e-01 1.0000000000e-03
5.3000000000e+01 4.5785129070e-02 3.6526132375e-02 5.7480376214e-02 5.5813242123e-01 4.4186747376e-01 1.0000000000e-03
5.4000000000e+01 4.5146748424e-02 3.7055756897e-02 5.4748088121e-02 5.4268323232e-01 4.5731666227e-01 1.0000000000e-03
5.5000000000e+01 4.3891482055e-02 3.8530316204e-02 4.9984458834e-02 5.3194471734e-01 4.6805517649e-01 1.0000000000e-03
5.6000000000e+01 4.2435295880e-02 4.0772959590e-02 4.4285085052e-02 5.2668569365e-01 4.7331419904e-01 1.0000000000e-03
5.7000000000e+01 4.1095111519e-02 4.3434891850e-02 3.8487836719e-02 5.2703646008e-01 4.7296343114e-01 1.0000000000e-03
5.8000000000e+01 4.0206313133e-02 4.6277496964e-02 3.3291202039e-02 5.3249323611e-01 4.6750665342e-01 1.0000000000e-03
5.9000000000e+01 3.9872657508e-02 4.9023792148e-02 2.9041305184e-02 5.4204250949e-01 4.5795737827e-01 1.0000000000e-03
6.0000000000e+01 4.0030382574e-02 5.1286071539e-02 2.6039892808e-02 5.5416276589e-01 4.4583712016e-01 1.0000000000e-03
6.1000000000e+01 4.0451627225e-02 5.2728503942e-02 2.4366213009e-02 5.6714092564e-01 4.3285895884e-01 1.0000000000e-03
6.2000000000e+01 4.0782250464e-02 5.3180854768e-02 2.3687703535e-02 5.7961096899e-01 4.2038891404e-01 1.0000000000e-03
6.3000000000e+01 4.0844105184e-02 5.2612151951e-02 2.3879365996e-02 5.9043154421e-01 4.0956833744e-01 1.0000000000e-03
6.4000000000e+01 4.0584757924e-02 5.1045995206e-02 2.4989113212e-02 5.9852315102e-01 4.0147672931e-01 1.0000000000e-03
6.5000000000e+01 4.0064513683e-02 4.8669651151e-02 2.6994578540e-02 6.0299402393e-01 3.9700585515e-01 1.0000000000e-03
6.6000000000e+01 3.9434481412e-02 4.5805025846e-02 2.9745250940e-02 6.0332314830e-01 3.9667672964e-01 1.0000000000e-03
6.7000000000e+01 3.8828901947e-02 4.2744368315e-02 3.2969243824e-02 5.9944615433e-01 4.0055372260e-01 1.0000000000e-03
6.8000000000e+01 3.8375575095e-02 3.9809089154e-02 3.6297231913e-02 5.9180873673e-01 4.0819113937e-01 1.0000000000e-03
6.9000000000e+01 3.8071669638e-02 3.7339389324e-02 3.9089106023e-02 5.8148318105e-01 4.1851669436e-01 1.0000000000e-03
7.0000000000e+01 3.7826832384e-02 3.5534728318e-02 4.0863323957e-02 5.6984746714e-01 4.3015240764e-01 1.0000000000e-03
7.1000000000e+01 3.7585452199e-02 3.4409373999e-02 4.1597265750e-02 5.5813425142e-01 4.4186562272e-01 1.0000000000e-03
7.2000000000e+01 3.7313457578e-02 3.3974599093e-02 4.1352059692e-02 5.4742384177e-01 4.5257603168e-01 1.0000000000e-03
7.3000000000e+01 3.7039630115e-02 3.4325893968e-02 4.0209155530e-02 5.3873481047e-01 4.6126506222e-01 1.0000000000e-03
7.4000000000e+01 3.6772027612e-02 3.5406630486e-02 3.8329653442e-02 5.3287924381e-01 4.6712062805e-01 1.0000000000e-03
7.5000000000e+01 3.6530032754e-02 3.6948200315e-02 3.6058105528e-02 5.3020091380e-01 4.6979895718e-01 1.0000000000e-03
7.6000000000e+01 3.6328934133e-02 3.8619253784e-02 3.3740516752e-02 5.3055198178e-01 4.6944788828e-01 1.0000000000e-03
7.7000000000e+01 3.6134168506e-02 4.0115509182e-02 3.1581979245e-02 5.3344784196e-01 4.6655202715e-01 1.0000000000e-03
7.8000000000e+01 3.5909995437e-02 4.1195046157e-02 2.9751388356e-02 5.3816804811e-01 4.6183181999e-01 1.0000000000e-03
7.9000000000e+01 3.5631202161e-02 4.1709784418e-02 2.8383741155e-02 5.4385713649e-01 4.5614273053e-01 1.0000000000e-03
8.0000000000e+01 3.5334531218e-02 4.1632641107e-02 2.7650455013e-02 5.4956203286e-01 4.5043783302e-01 1.0000000000e-03
8.1000000000e+01 3.5067871213e-02 4.1011180729e-02 2.7676023543e-02 5.5431298347e-01 4.4568688127e-01 1.0000000000e-03
8.2000000000e+01 3.4875806421e-02 3.9970029145e-02 2.8463153169e-02 5.5728905703e-01 4.4271080662e-01 1.0000000000e-03
8.3000000000e+01 3.4767672420e-02 3.8710307330e-02 2.9788874090e-02 5.5807221596e-01 4.4192764672e-01 1.0000000000e-03
8.4000000000e+01 3.4699909389e-02 3.7441570312e-02 3.1255979091e-02 5.5676703292e-01 4.4323282894e-01 1.0000000000e-03
8.5000000000e+01 3.4595884383e-02 3.6302868277e-02 3.2476663589e-02 5.5387182147e-01 4.4612803967e-01 1.0000000000e-03
8.6000000000e+01 3.4383822232e-02 3.5372834653e-02 3.3174611628e-02 5.5008806354e-01 4.4991179690e-01 1.0000000000e-03
8.7000000000e+01 3.4067142755e-02 3.4734170884e-02 3.3264435828e-02 5.4615995936e-01 4.5383990033e-01 1.0000000000e-03
8.8000000000e+01 3.3706773072e-02 3.4431334585e-02 3.2846834511e-02 5.4272152953e-01 4.5727832932e-01 1.0000000000e-03
8.9000000000e+01 3.3392362297e-02 3.4424316138e-02 3.2180294394e-02 5.4013395321e-01 4.5986590475e-01 1.0000000000e-03
9.0000000000e+01 3.3181905746e-02 3.4632161260e-02 3.1489711255e-02 5.3849680603e-01 4.6150305101e-01 1.0000000000e-03
9.1000000000e+01 3.3082798123e-02 3.4981761128e-02 3.0873544514e-02 5.3776624085e-01 4.6223361530e-01 1.0000000000e-03
9.2000000000e+01 3.3039767295e-02 3.5355307162e-02 3.0345467851e-02 5.3780222669e-01 4.6219762862e-01 1.0000000000e-03
9.3000000000e+01 3.2972715795e-02 3.5590063781e-02 2.9920531437e-02 5.3834918306e-01 4.6165067146e-01 1.0000000000e-03
9.4000000000e+01 3.2826118171e-02 3.5568270832e-02 2.9619010165e-02 5.3907746302e-01 4.6092239071e-01 1.0000000000e-03
9.5000000000e+01 3.2602105290e-02 3.5269230604e-02 2.9475623742e-02 5.3964389156e-01 4.6035596135e-01 1.0000000000e-03
9.6000000000e+01 3.2348573208e-02 3.4759309143e-02 2.9521396384e-02 5.3975374358e-01 4.6024610848e-01 1.0000000000e-03
9.7000000000e+01 3.2124970108e-02 3.4170176834e-02 2.9731305316e-02 5.3925157569e-01 4.6074827552e-01 1.0000000000e-03
9.8000000000e+01 3.1969428062e-02 3.3646527678e-02 3.0015045777e-02 5.3817858712e-01 4.6182126325e-01 1.0000000000e-03
9.9000000000e+01 3.1873501837e-02 3.3299196512e-02 3.0221397057e-02 5.3678339860e-01 4.6321645100e-01 1.0000000000e-03
1.0000000000e+02 3.1793396920e-02 3.3195160329e-02 3.0177466571e-02 5.3548596311e-01 4.6451388575e-01 1.0000000000e-03
1.0100000000e+02 3.1685806811e-02 3.3319886774e-02 2.9807865620e-02 5.3471903608e-01 4.6528081205e-01 1.0000000000e-03
1.0200000000e+02 3.1541302800e-02 3.3573508263e-02 2.9205754399e-02 5.3472578369e-01 4.6527406370e-01 1.0000000000e-03
1.0300000000e+02 3.1381294131e-02 3.3851291984e-02 2.8533585370e-02 5.3551521239e-01 4.6448463423e-01 1.0000000000e-03
1.0400000000e+02 3.1237578019e-02 3.4079726785e-02 2.7942359447e-02 5.3691140955e-01 4.6308843628e-01 1.0000000000e-03
1.0500000000e+02 3.1126268208e-02 3.4182723612e-02 2.7558645234e-02 5.3858463565e-01 4.6141520940e-01 1.0000000000e-03
1.0600000000e+02 3.1036961824e-02 3.4091796726e-02 2.7449084446e-02 5.4012315461e-01 4.5987668969e-01 1.0000000000e-03
1.0700000000e+02 3.0943591148e-02 3.3773612231e-02 2.7606187388e-02 5.4113481599e-01 4.5886502759e-01 1.0000000000e-03
1.0800000000e+02 3.0831340700e-02 3.3235494047e-02 2.7994254604e-02 5.4130130345e-01 4.5869853944e-01 1.0000000000e-03
1.0900000000e+02 3.0706830323e-02 3.2532427460e-02 2.8560096398e-02 5.4042224227e-01 4.5957759996e-01 1.0000000000e-03
1.1000000000e+02 3.0588863418e-02 3.1768146902e-02 2.9212964699e-02 5.3847506987e-01 4.6152477174e-01 1.0000000000e-03
1.1100000000e+02 3.0490070581e-02 3.1084133312e-02 2.9804727063e-02 5.3567816231e-01 4.6432167871e-01 1.0000000000e-03
1.1200000000e+02 3.0404787511e-02 3.0629536137e-02 3.0148794875e-02 5.3250582517e-01 4.6749401530e-01 1.0000000000e-03
1.1300000000e+02 3.0313994735e-02 3.0498705804e-02 3.0106067657e-02 5.2957916770e-01 4.7042067222e-01 1.0000000000e-03
1.1400000000e+02 3.0205355957e-02 3.0700139701e-02 2.9653012753e-02 5.2748874230e-01 4.7251109706e-01 1.0000000000e-03
1.1500000000e+02 3.0088732019e-02 3.1177515164e-02 2.8877338395e-02 5.2665492260e-01 4.7334491617e-01 1.0000000000e-03
1.1600000000e+02 2.9988065362e-02 3.1811080873e-02 2.7955180034e-02 5.2721523879e-01 4.7278459937e-01 1.0000000000e-03
1.1700000000e+02 2.9920371249e-02 3.2426699996e-02 2.7105839923e-02 5.2896257277e-01 4.7103726478e-01 1.0000000000e-03
1.1800000000e+02 2.9879145324e-02 3.2855492085e-02 2.6503706351e-02 5.3141660225e-01 4.6858323470e-01 1.0000000000e-03
1.1900000000e+02 2.9838759452e-02 3.2981459051e-02 2.6237929240e-02 5.3396861674e-01 4.6603121963e-01 1.0000000000e-03
1.2000000000e+02 2.9774338007e-02 3.2752688974e-02 2.6333788410e-02 5.3600353046e-01 4.6399630535e-01 1.0000000000e-03
1.2100000000e+02 2.9682874680e-02 3.2192975283e-02 2.6771599427e-02 5.3700031473e-01 4.6299952054e-01 1.0000000000e-03
1.2200000000e+02 2.9584227130e-02 3.1406845897e-02 2.7473367751e-02 5.3664051186e-01 4.6335932289e-01 1.0000000000e-03
1.2300000000e+02 2.9502615333e-02 3.0558824539e-02 2.8287880123e-02 5.3490599441e-01 4.6509383988e-01 1.0000000000e-03
1.2400000000e+02 2.9445497319e-02 2.9824713245e-02 2.9014252126e-02 5.3210409758e-01 4.6789573629e-01 1.0000000000e-03
1.2500000000e+02 2.9398526996e-02 2.9345037416e-02 2.9458565637e-02 5.2879714764e-01 4.7120268583e-01 1.0000000000e-03
1.2600000000e+02 2.9340881854e-02 2.9202925041e-02 2.9493784532e-02 5.2566965967e-01 4.7433017342e-01 1.0000000000e-03
1.2700000000e+02 2.9265690595e-02 2.9399791732e-02 2.9118461534e-02 5.2334306328e-01 4.7665676941e-01 1.0000000000e-03
1.2800000000e+02 2.9185950756e-02 2.9846927151e-02 2.8463574126e-02 5.2219494362e-01 4.7780488865e-01 1.0000000000e-03
1.2900000000e+02 2.9120216146e-02 3.0403269455e-02 2.7717458084e-02 5.2228598547e-01 4.7771384637e-01 1.0000000000e-03
1.3000000000e+02 2.9075372964e-02 3.0913991854e-02 2.7056341991e-02 5.2338463979e-01 4.7661519161e-01 1.0000000000e-03
1.3100000000e+02 2.9041331261e-02 3.1238006428e-02 2.6613017544e-02 5.2504349320e-01 4.7495633777e-01 1.0000000000e-03
1.3200000000e+02 2.9001947492e-02 3.1287107617e-02 2.6458771899e-02 5.2671981004e-01 4.7328002052e-01 1.0000000000e-03
1.3300000000e+02 2.8950659558e-02 3.1050451100e-02 2.6602642611e-02 5.2790520895e-01 4.7209462121e-01 1.0000000000e-03
1.3400000000e+02 2.8893742710e-02 3.0590457842e-02 2.6993924752e-02 5.2823751607e-01 4.7176231371e-01 1.0000000000e-03
1.3500000000e+02 2.8840931132e-02 3.0020797625e-02 2.7523294091e-02 5.2758383356e-01 4.7241599586e-01 1.0000000000e-03
1.3600000000e+02 2.8795041144e-02 2.9478719458e-02 2.8036126867e-02 5.2607954583e-01 4.7392028327e-01 1.0000000000e-03
1.3700000000e+02 2.8750441968e-02 2.9087657109e-02 2.8379103169e-02 5.2408807268e-01 4.7591175610e-01 1.0000000000e-03
1.3800000000e+02 2.8701527044e-02 2.8914624825e-02 2.8468763456e-02 5.2206775005e-01 4.7793207843e-01 1.0000000000e-03
1.3900000000e+02 2.8650412336e-02 2.8961604461e-02 2.8312722221e-02 5.2042743489e-01 4.7957239328e-01 1.0000000000e-03
1.4000000000e+02 2.8604397550e-02 2.9175639153e-02 2.7986986563e-02 5.1942439380e-01 4.8057543406e-01 1.0000000000e-03
1.4100000000e+02 2.8566908091e-02 2.9459511861e-02 2.7603378519e-02 5.1910833805e-01 4.8089148950e-01 1.0000000000e-03
1.4200000000e+02 2.8533197939e-02 2.9707441106e-02 2.7264459059e-02 5.1934151876e-01 4.8065830848e-01 1.0000000000e-03
1.4300000000e+02 2.8495647013e-02 2.9840515926e-02 2.7039473876e-02 5.1986959619e-01 4.8013023075e-01 1.0000000000e-03
1.4400000000e+02 2.8452280909e-02 2.9822750017e-02 2.6965243742e-02 5.2039856959e-01 4.7960125704e-01 1.0000000000e-03
1.4500000000e+02 2.8408519924e-02 2.9666537419e-02 2.7042001486e-02 5.2067276050e-01 4.7932706584e-01 1.0000000000e-03
1.4600000000e+02 2.8370719403e-02 2.9426259920e-02 2.7224712074e-02 5.2054855566e-01 4.7945127039e-01 1.0000000000e-03
1.4700000000e+02 2.8338510543e-02 2.9176944867e-02 2.7430087328e-02 5.2003665966e-01 4.7996316612e-01 1.0000000000e-03
1.4800000000e+02 2.8305459768e-02 2.8984889388e-02 2.7571538463e-02 5.1928248975e-01 4.8071733577e-01 1.0000000000e-03
1.4900000000e+02 2.8266742826e-02 2.8891064227e-02 2.7594447136e-02 5.1850197480e-01 4.8149785047e-01 1.0000000000e-03
1.5000000000e+02 2.8224876150e-02 2.8898829594e-02 2.7500912547e-02 5.1789106206e-01 4.8210876295e-01 1.0000000000e-03
1.5100000000e+02 2.8186596930e-02 2.8971180320e-02 2.7344958857e-02 5.1754577924e-01 4.8245404551e-01 1.0000000000e-03
1.5200000000e+02 2.8155107051e-02 2.9052352533e-02 2.7193004265e-02 5.1744408259e-01 4.8255574191e-01 1.0000000000e-03
1.5300000000e+02 2.8126846999e-02 2.9089527205e-02 2.7094447985e-02 5.1747515289e-01 4.8252467136e-01 1.0000000000e-03
1.5400000000e+02 2.8095707297e-02 2.9049903154e-02 2.7072349563e-02 5.1748945501e-01 4.8251036900e-01 1.0000000000e-03
1.5500000000e+02 2.8059806675e-02 2.8933949769e-02 2.7122804895e-02 5.1735595671e-01 4.8264386706e-01 1.0000000000e-03
1.5600000000e+02 2.8022725135e-02 2.8773879632e-02 2.7218669653e-02 5.1700911697e-01 4.8299070656e-01 1.0000000000e-03
1.5700000000e+02 2.7988586575e-02 2.8619406745e-02 2.7314789593e-02 5.1647440324e-01 4.8352542006e-01 1.0000000000e-03
1.5800000000e+02 2.7957610786e-02 2.8520653024e-02 2.7357669547e-02 5.1586759300e-01 4.8413223007e-01 1.0000000000e-03
1.5900000000e+02 2.7926832438e-02 2.8509860858e-02 2.7306862175e-02 5.1535845739e-01 4.8464136545e-01 1.0000000000e-03
1.6000000000e+02 2.7894400060e-02 2.8583968058e-02 2.7161898091e-02 5.1509809611e-01 4.8490172652e-01 1.0000000000e-03
1.6100000000e+02 2.7861874551e-02 2.8705485165e-02 2.6965549216e-02 5.1515097134e-01 4.8484885106e-01 1.0000000000e-03
1.6200000000e+02 2.7831593528e-02 2.8816990554e-02 2.6783304289e-02 5.1546470974e-01 4.8453511243e-01 1.0000000000e-03
1.6300000000e+02 2.7803365141e-02 2.8861606494e-02 2.6675684378e-02 5.1588620632e-01 4.8411361563e-01 1.0000000000e-03
1.6400000000e+02 2.7774538845e-02 2.8807161376e-02 2.6672676206e-02 5.1622123478e-01 4.8377858695e-01 1.0000000000e-03
1.6500000000e+02 2.7743432671e-02 2.8657039627e-02 2.6768246666e-02 5.1630301104e-01 4.8369681047e-01 1.0000000000e-03
1.6600000000e+02 2.7711115777e-02 2.8446314856e-02 2.6927175000e-02 5.1604442191e-01 4.8395539939e-01 1.0000000000e-03
1.6700000000e+02 2.7679827064e-02 2.8231002390e-02 2.7093470097e-02 5.1546802575e-01 4.8453179534e-01 1.0000000000e-03
1.6800000000e+02 2.7649998665e-02 2.8070962057e-02 2.7203531936e-02 5.1470587076e-01 4.8529395013e-01 1.0000000000e-03
1.6900000000e+02 2.7620010078e-02 2.8009386733e-02 2.7208270505e-02 5.1396069121e-01 4.8603912948e-01 1.0000000000e-03
1.7000000000e+02 2.7588700876e-02 2.8058379889e-02 2.7093088254e-02 5.1343974064e-01 4.8656007985e-01 1.0000000000e-03
1.7100000000e+02 2.7557328343e-02 2.8192082420e-02 2.6887947693e-02 5.1327961169e-01 4.8672020860e-01 1.0000000000e-03
1.7200000000e+02 2.7527973056e-02 2.8353391215e-02 2.6656778529e-02 5.1349373118e-01 4.8650608890e-01 1.0000000000e-03
1.7300000000e+02 2.7500852942e-02 2.8476715088e-02 2.6468893513e-02 5.1397144786e-01 4.8602837202e-01 1.0000000000e-03
1.7400000000e+02 2.7473852038e-02 2.8511956334e-02 2.6373649016e-02 5.1452226093e-01 4.8547755874e-01 1.0000000000e-03
1.7500000000e+02 2.7444899082e-02 2.8441036120e-02 2.6387399063e-02 5.1494281005e-01 4.8505700942e-01 1.0000000000e-03
1.7600000000e+02 2.7414187789e-02 2.8282126412e-02 2.6492265984e-02 5.1508236743e-01 4.8491745183e-01 1.0000000000e-03
1.7700000000e+02 2.7383502573e-02 2.8080327436e-02 2.6643924415e-02 5.1488652210e-01 4.8511329696e-01 1.0000000000e-03
1.7800000000e+02 2.7353897691e-02 2.7892090380e-02 2.6783771813e-02 5.1441139608e-01 4.8558842279e-01 1.0000000000e-03
1.7900000000e+02 2.7324736118e-02 2.7768217027e-02 2.6856081560e-02 5.1380516449e-01 4.8619465418e-01 1.0000000000e-03
1.8000000000e+02 2.7294967324e-02 2.7736185119e-02 2.6829728857e-02 5.1325524541e-01 4.8674457307e-01 1.0000000000e-03
1.8100000000e+02 2.7264747769e-02 2.7791028842e-02 2.6710556820e-02 5.1292094141e-01 4.8707887687e-01 1.0000000000e-03
1.8200000000e+02 2.7235222980e-02 2.7898194268e-02 2.6537204161e-02 5.1287893443e-01 4.8712088365e-01 1.0000000000e-03
1.8300000000e+02 2.7206864208e-02 2.8007060289e-02 2.6363611221e-02 5.1310236936e-01 4.8689744852e-01 1.0000000000e-03
1.8400000000e+02 2.7178894728e-02 2.8071781620e-02 2.6236534119e-02 5.1348177897e-01 4.8651803871e-01 1.0000000000e-03
1.8500000000e+02 2.7150262147e-02 2.8066903353e-02 2.6181317866e-02 5.1387151533e-01 4.8612830215e-01 1.0000000000e-03
1.8600000000e+02 2.7120806277e-02 2.7992835268e-02 2.6198027655e-02 5.1414036002e-01 4.8585945726e-01 1.0000000000e-03
1.8700000000e+02 2.7091156691e-02 2.7872713283e-02 2.6263879612e-02 5.1421221672e-01 4.8578760036e-01 1.0000000000e-03
1.8800000000e+02 2.7061715722e-02 2.7742510661e-02 2.6341458783e-02 5.1408624171e-01 4.8591357517e-01 1.0000000000e-03
1.8900000000e+02 2.7032172307e-02 2.7638157830e-02 2.6391716674e-02 5.1383108212e-01 4.8616873457e-01 1.0000000000e-03
1.9000000000e+02 2.7002342045e-02 2.7583247051e-02 2.6389069855e-02 5.1355425120e-01 4.8644556529e-01 1.0000000000e-03
1.9100000000e+02 2.6972558349e-02 2.7580047026e-02 2.6331732050e-02 5.1335655521e-01 4.8664326108e-01 1.0000000000e-03
1.9200000000e+02 2.6943352073e-02 2.7610644698e-02 2.6239620522e-02 5.1329388685e-01 4.8670592924e-01 1.0000000000e-03
1.9300000000e+02 2.6914609596e-02 2.7646740898e-02 2.6142276824e-02 5.1336297490e-01 4.8663684099e-01 1.0000000000e-03
1.9400000000e+02 2.6885621250e-02 2.7662487701e-02 2.6065608487e-02 5.1351274246e-01 4.8648707323e-01 1.0000000000e-03
1.9500000000e+02 2.6856001467e-02 2.7644708753e-02 2.6022957638e-02 5.1367237871e-01 4.8632743678e-01 1.0000000000e-03
1.9600000000e+02 2.6826050133e-02 2.7595238760e-02 2.6013270020e-02 5.1378061412e-01 4.8621920117e-01 1.0000000000e-03
1.9700000000e+02 2.6796244085e-02 2.7527779341e-02 2.6023164392e-02 5.1380738758e-01 4.8619242750e-01 1.0000000000e-03
1.9800000000e+02 2.6766629890e-02 2.7461497113e-02 2.6032438502e-02 5.1376235943e-01 4.8623745545e-01 1.0000000000e-03
1.9900000000e+02 2.6736870408e-02 2.7412690222e-02 2.6023020968e-02 5.1368643274e-01 4.8631338194e-01 1.0000000000e-03
2.0000000000e+02 2.6706855744e-02 2.7387782931e-02 2.5987775996e-02 5.1362924803e-01 4.8637056645e-01 1.0000000000e-03
2.0100000000e+02 2.6676883921e-02 2.7380414307e-02 2.5933951139e-02 5.1362285526e-01 4.8637695901e-01 1.0000000000e-03
2.0200000000e+02 2.6647221297e-02 2.7375390753e-02 2.5878136978e-02 5.1366633904e-01 4.8633347502e-01 1.0000000000e-03
2.0300000000e+02 2.6617672294e-02 2.7357151732e-02 2.5836447254e-02 5.1372910099e-01 4.8627071287e-01 1.0000000000e-03
2.0400000000e+02 2.6587788016e-02 2.7317443863e-02 2.5816818699e-02 5.1376828810e-01 4.8623152555e-01 1.0000000000e-03
2.0500000000e+02 2.6557423174e-02 2.7259049937e-02 2.5816122070e-02 5.1375077433e-01 4.8624903911e-01 1.0000000000e-03
2.0600000000e+02 2.6526808739e-02 2.7193637565e-02 2.5822505355e-02 5.1366881431e-01 4.8633099893e-01 1.0000000000e-03
2.0700000000e+02 2.6496224105e-02 2.7136551216e-02 2.5820249692e-02 5.1354473008e-01 4.8645508295e-01 1.0000000000e-03
2.0800000000e+02 2.6465702802e-02 2.7100315318e-02 2.5796083733e-02 5.1342306437e-01 4.8657674845e-01 1.0000000000e-03
2.0900000000e+02 2.6435142383e-02 2.7088731527e-02 2.5745699182e-02 5.1335173036e-01 4.8664808225e-01 1.0000000000e-03
2.1000000000e+02 2.6404615492e-02 2.7094252408e-02 2.5677127764e-02 5.1335924949e-01 4.8664056291e-01 1.0000000000e-03
2.1100000000e+02 2.6374228299e-02 2.7100518346e-02 2.5607824326e-02 5.1343930886e-01 4.8656050333e-01 1.0000000000e-03
2.1200000000e+02 2.6343893260e-02 2.7089910582e-02 2.5556320325e-02 5.1355187348e-01 4.8644793850e-01 1.0000000000e-03
2.1300000000e+02 2.6313364506e-02 2.7051897720e-02 2.5533417240e-02 5.1364050195e-01 4.8635930982e-01 1.0000000000e-03
2.1400000000e+02 2.6282455772e-02 2.6987401769e-02 2.5537930429e-02 5.1365622509e-01 4.8634358645e-01 1.0000000000e-03
2.1500000000e+02 2.6251269504e-02 2.6908174157e-02 2.5557704270e-02 5.1357759107e-01 4.8642222026e-01 1.0000000000e-03
2.1600000000e+02 2.6219990104e-02 2.6831669733e-02 2.5574579835e-02 5.1341919241e-01 4.8658061871e-01 1.0000000000e-03
2.1700000000e+02 2.6188667864e-02 2.6774615049e-02 2.5570884347e-02 5.1322705728e-01 4.8677275362e-01 1.0000000000e-03
2.1800000000e+02 2.6157287881e-02 2.6746271178e-02 2.5536715984e-02 5.1306108057e-01 4.8693873012e-01 1.0000000000e-03
2.1900000000e+02 2.6125876233e-02 2.6744211093e-02 2.5474617258e-02 5.1297061027e-01 4.8702920019e-01 1.0000000000e-03
2.2000000000e+02 2.6094604284e-02 2.6755115017e-02 2.5398911908e-02 5.1297372962e-01 4.8702608062e-01 1.0000000000e-03
2.2100000000e+02 2.6063457131e-02 2.6760390028e-02 2.5329178199e-02 5.1305014570e-01 4.8694966433e-01 1.0000000000e-03
2.2200000000e+02 2.6032237336e-02 2.6744611561e-02 2.5281386450e-02 5.1315136540e-01 4.8684844440e-01 1.0000000000e-03
2.2300000000e+02 2.6000753045e-02 2.6701467112e-02 2.5261983275e-02 5.1322131160e-01 4.8677849798e-01 1.0000000000e-03
2.2400000000e+02 2.5968998671e-02 2.6635624468e-02 2.5266176090e-02 5.1321843921e-01 4.8678137014e-01 1.0000000000e-03
2.2500000000e+02 2.5937076658e-02 2.6560014114e-02 2.5280551985e-02 5.1313062105e-01 4.8686918808e-01 1.0000000000e-03
2.2600000000e+02 2.5905113667e-02 2.6490643620e-02 2.5288386270e-02 5.1297849912e-01 4.8702130978e-01 1.0000000000e-03
2.2700000000e+02 2.5873081759e-02 2.6440231130e-02 2.5276126340e-02 5.1280610991e-01 4.8719369876e-01 1.0000000000e-03
2.2800000000e+02 2.5841007009e-02 2.6413017884e-02 2.5239283219e-02 5.1266167719e-01 4.8733813126e-01 1.0000000000e-03
2.2900000000e+02 2.5808978826e-02 2.6403369382e-02 2.5183921680e-02 5.1257742602e-01 4.8742238219e-01 1.0000000000e-03
2.3000000000e+02 2.5776982307e-02 2.6398891583e-02 2.5123035535e-02 5.1255784149e-01 4.8744196649e-01 1.0000000000e-03
2.3100000000e+02 2.5744972751e-02 2.6386775076e-02 2.5070048869e-02 5.1258149499e-01 4.8741831277e-01 1.0000000000e-03
2.3200000000e+02 2.5712806731e-02 2.6358699426e-02 2.5033494458e-02 5.1261264121e-01 4.8738716631e-01 1.0000000000e-03
2.3300000000e+02 2.5680501014e-02 2.6313789189e-02 2.5014430285e-02 5.1261710251e-01 4.8738270477e-01 1.0000000000e-03
2.3400000000e+02 2.5648074225e-02 2.6257723570e-02 2.5006979704e-02 5.1257527021e-01 4.8742453684e-01 1.0000000000e-03
2.3500000000e+02 2.5615580380e-02 2.6200184599e-02 2.5001036003e-02 5.1248874883e-01 4.8751105798e-01 1.0000000000e-03
2.3600000000e+02 2.5583030656e-02 2.6150112972e-02 2.4987170473e-02 5.1237694283e-01 4.8762286375e-01 1.0000000000e-03
2.3700000000e+02 2.5550451130e-02 2.6112055406e-02 2.4960609153e-02 5.1226650129e-01 4.8773330505e-01 1.0000000000e-03
2.3800000000e+02 2.5517854840e-02 2.6084071025e-02 2.4923382327e-02 5.1217760495e-01 4.8782220115e-01 1.0000000000e-03
2.3900000000e+02 2.5485299528e-02 2.6060448959e-02 2.4881592020e-02 5.1211689145e-01 4.8788291441e-01 1.0000000000e-03
2.4000000000e+02 2.5452662259e-02 2.6034424081e-02 2.4842107669e-02 5.1207696671e-01 4.8792283891e-01 1.0000000000e-03
2.4100000000e+02 2.5419935584e-02 2.6002049446e-02 2.4809099734e-02 5.1204316543e-01 4.8795663994e-01 1.0000000000e-03
2.4200000000e+02 2.5387052447e-02 2.5962516665e-02 2.4783296511e-02 5.1200072792e-01 4.8799907721e-01 1.0000000000e-03
2.4300000000e+02 2.5354221463e-02 2.5919660926e-02 2.4761116132e-02 5.1194362750e-01 4.8805617738e-01 1.0000000000e-03
2.4400000000e+02 2.5321232155e-02 2.5877131149e-02 2.4738295004e-02 5.1187424384e-01 4.8812556080e-01 1.0000000000e-03
2.4500000000e+02 2.5288434699e-02 2.5839768350e-02 2.4710452184e-02 5.1180383332e-01 4.8819597107e-01 1.0000000000e-03
2.4600000000e+02 2.5255389512e-02 2.5805482641e-02 2.4678856134e-02 5.1173925769e-01 4.8826054645e-01 1.0000000000e-03
2.4700000000e+02 2.5222888216e-02 2.5774717331e-02 2.4644657969e-02 5.1168598161e-01 4.8831382229e-01 1.0000000000e-03
2.4800000000e+02 2.5190040469e-02 2.5739179924e-02 2.4614749476e-02 5.1163390031e-01 4.8836590334e-01 1.0000000000e-03
2.4900000000e+02 2.5159047917e-02 2.5703256950e-02 2.4589044973e-02 5.1157823622e-01 4.8842156718e-01 1.0000000000e-03
2.5000000000e+02 2.5128688663e-02 2.5658227503e-02 2.4574225768e-02 5.1149938789e-01 4.8850041526e-01 1.0000000000e-03
2.5100000000e+02 2.5107594207e-02 2.5625141338e-02 2.4565896019e-02 5.1140465255e-01 4.8859515037e-01 1.0000000000e-03
2.5200000000e+02 2.5101099163e-02 2.5588976219e-02 2.4590751156e-02 5.1125882688e-01 4.8874097582e-01 1.0000000000e-03
2.5300000000e+02 2.5156704709e-02 2.5616506115e-02 2.4676097557e-02 5.1106787130e-01 4.8893193125e-01 1.0000000000e-03
2.5400000000e+02 2.5354538113e-02 2.5689994916e-02 2.5004506111e-02 5.1063717196e-01 4.8936263060e-01 1.0000000000e-03
2.5500000000e+02 2.5987679139e-02 2.6044383645e-02 2.5928745046e-02 5.0968469357e-01 4.9031510949e-01 1.0000000000e-03
2.5600000000e+02 2.7437858284e-02 2.6790352538e-02 2.8105149046e-02 5.0751867047e-01 4.9248113407e-01 1.0000000000e-03
2.5700000000e+02 3.0024742708e-02 2.7934832498e-02 3.2142139971e-02 5.0326519824e-01 4.9673460921e-01 1.0000000000e-03
2.5800000000e+02 3.1273920089e-02 2.9007008299e-02 3.3534679562e-02 4.9931894836e-01 5.0068086235e-01 1.0000000000e-03
2.5900000000e+02 2.8875570744e-02 2.7366103604e-02 3.0365785584e-02 4.9678910333e-01 5.0321070899e-01 1.0000000000e-03
2.6000000000e+02 2.5079369545e-02 2.6339782402e-02 2.3820875213e-02 4.9962102201e-01 5.0037878914e-01 1.0000000000e-03
2.6100000000e+02 2.6007413864e-02 2.6947231963e-02 2.5062054396e-02 5.0147125693e-01 4.9852855388e-01 1.0000000000e-03
2.6200000000e+02 2.8511665761e-02 2.7833072469e-02 2.9190635309e-02 5.0013377317e-01 4.9986603902e-01 1.0000000000e-03
2.6300000000e+02 2.6699405164e-02 2.7042740956e-02 2.6355030015e-02 5.0076433735e-01 4.9923547489e-01 1.0000000000e-03
2.6400000000e+02 2.4712361395e-02 2.6002736762e-02 2.3404762149e-02 5.0331702283e-01 4.9668278795e-01 1.0000000000e-03
2.6500000000e+02 2.6316778734e-02 2.6528166607e-02 2.6102513075e-02 5.0338968873e-01 4.9661012197e-01 1.0000000000e-03
2.6600000000e+02 2.6767488569e-02 2.6745125651e-02 2.6790132746e-02 5.0300867552e-01 4.9699113543e-01 1.0000000000e-03
2.6700000000e+02 2.4928655475e-02 2.5654613972e-02 2.4190472439e-02 5.0417648958e-01 4.9582332021e-01 1.0000000000e-03
2.6800000000e+02 2.5153614581e-02 2.5761203840e-02 2.4533815682e-02 5.0497901901e-01 4.9502078992e-01 1.0000000000e-03
2.6900000000e+02 2.6192341000e-02 2.6509672403e-02 2.5868490338e-02 5.0509317747e-01 4.9490663148e-01 1.0000000000e-03
2.7000000000e+02 2.5131475180e-02 2.5780806318e-02 2.4466669187e-02 5.0589151434e-01 4.9410829381e-01 1.0000000000e-03
2.7100000000e+02 2.4688225240e-02 2.5582551956e-02 2.3767994717e-02 5.0714078922e-01 4.9285901785e-01 1.0000000000e-03
2.7200000000e+02 2.5610694662e-02 2.6040568948e-02 2.5168128312e-02 5.0727854848e-01 4.9272125836e-01 1.0000000000e-03
2.7300000000e+02 2.5149405003e-02 2.5645688176e-02 2.4637909606e-02 5.0755277822e-01 4.9244702805e-01 1.0000000000e-03
2.7400000000e+02 2.4505471811e-02 2.5308765471e-02 2.3674517870e-02 5.0846565855e-01 4.9153414668e-01 1.0000000000e-03
2.7500000000e+02 2.5155628100e-02 2.5629602373e-02 2.4665117264e-02 5.0857791593e-01 4.9142188889e-01 1.0000000000e-03
2.7600000000e+02 2.5055479258e-02 2.5412306190e-02 2.4686401710e-02 5.0844458846e-01 4.9155521591e-01 1.0000000000e-03
2.7700000000e+02 2.4426480755e-02 2.5215638801e-02 2.3607591167e-02 5.0924692491e-01 4.9075287855e-01 1.0000000000e-03
2.7800000000e+02 2.4814967066e-02 2.5435371324e-02 2.4170286953e-02 5.0959736328e-01 4.9040243967e-01 1.0000000000e-03
2.7900000000e+02 2.4907505140e-02 2.5294050574e-02 2.4506108835e-02 5.0942872039e-01 4.9057108219e-01 1.0000000000e-03
2.8000000000e+02 2.4381153286e-02 2.5028986856e-02 2.3707313463e-02 5.0984178131e-01 4.9015802049e-01 1.0000000000e-03
2.8100000000e+02 2.4563755840e-02 2.5053953752e-02 2.4053812027e-02 5.0987590599e-01 4.9012389526e-01 1.0000000000e-03
2.8200000000e+02 2.4740688503e-02 2.4936318398e-02 2.4537662044e-02 5.0929120017e-01 4.9070860075e-01 1.0000000000e-03
2.8300000000e+02 2.4342877790e-02 2.4782046676e-02 2.3887107149e-02 5.0928148112e-01 4.9071831916e-01 1.0000000000e-03
2.8400000000e+02 2.4372996762e-02 2.4785598740e-02 2.3944908753e-02 5.0921591362e-01 4.9078388611e-01 1.0000000000e-03
2.8500000000e+02 2.4572279304e-02 2.4831585586e-02 2.4303657934e-02 5.0883153089e-01 4.9116826851e-01 1.0000000000e-03
2.8600000000e+02 2.4304810911e-02 2.4850664660e-02 2.3738747463e-02 5.0909256428e-01 4.9090723460e-01 1.0000000000e-03
2.8700000000e+02 2.4229425937e-02 2.4851910770e-02 2.3582855240e-02 5.0949336401e-01 4.9050643434e-01 1.0000000000e-03
2.8800000000e+02 2.4405602366e-02 2.4861901999e-02 2.3931639269e-02 5.0949728138e-01 4.9050251664e-01 1.0000000000e-03
2.8900000000e+02 2.4260312319e-02 2.4812890217e-02 2.3685857654e-02 5.0970946193e-01 4.9029033567e-01 1.0000000000e-03
2.9000000000e+02 2.4127962068e-02 2.4643272161e-02 2.3591995239e-02 5.0982824402e-01 4.9017155309e-01 1.0000000000e-03
2.9100000000e+02 2.4245537817e-02 2.4556457996e-02 2.3922584951e-02 5.0949916903e-01 4.9050062774e-01 1.0000000000e-03
2.9200000000e+02 2.4199664593e-02 2.4533450603e-02 2.3853300139e-02 5.0925206882e-01 4.9074772761e-01 1.0000000000e-03
2.9300000000e+02 2.4056812748e-02 2.4383194745e-02 2.3718452081e-02 5.0901782843e-01 4.9098196756e-01 1.0000000000e-03
2.9400000000e+02 2.4100510404e-02 2.4403363466e-02 2.3786872625e-02 5.0875567797e-01 4.9124411767e-01 1.0000000000e-03
2.9500000000e+02 2.4119071662e-02 2.4516908452e-02 2.3707127199e-02 5.0871970300e-01 4.9128009234e-01 1.0000000000e-03
2.9600000000e+02 2.4006541818e-02 2.4479923770e-02 2.3516103625e-02 5.0885178449e-01 4.9114801048e-01 1.0000000000e-03
2.9700000000e+02 2.3980779573e-02 2.4495447055e-02 2.3447126150e-02 5.0905990435e-01 4.9093989027e-01 1.0000000000e-03
2.9800000000e+02 2.4020491168e-02 2.4557491764e-02 2.3463161662e-02 5.0929334018e-01 4.9070645415e-01 1.0000000000e-03
2.9900000000e+02 2.3961512372e-02 2.4437217042e-02 2.3467635736e-02 5.0937598203e-01 4.9062381199e-01 1.0000000000e-03
3.0000000000e+02 2.3891992867e-02 2.4362385273e-02 2.3403503001e-02 5.0944210438e-01 4.9055768931e-01 1.0000000000e-03
3.0100000000e+02 2.3911355063e-02 2.4312652647e-02 2.3494767025e-02 5.0935327942e-01 4.9064651398e-01 1.0000000000e-03
3.0200000000e+02 2.3901049048e-02 2.4193786085e-02 2.3597538471e-02 5.0904174407e-01 4.9095804906e-01 1.0000000000e-03
3.0300000000e+02 2.3827856407e-02 2.4152075872e-02 2.3491987959e-02 5.0883028742e-01 4.9116950542e-01 1.0000000000e-03
3.0400000000e+02 2.3808911443e-02 2.4139905348e-02 2.3466264829e-02 5.0865476190e-01 4.9134503064e-01 1.0000000000e-03
3.0500000000e+02 2.3819802329e-02 2.4123599753e-02 2.3505585268e-02 5.0843805217e-01 4.9156174012e-01 1.0000000000e-03
3.0600000000e+02 2.3774607107e-02 2.4157211185e-02 2.3378916085e-02 5.0841287163e-01 4.9158692040e-01 1.0000000000e-03
3.0700000000e+02 2.3728877306e-02 2.4137118831e-02 2.3306617513e-02 5.0844682239e-01 4.9155296936e-01 1.0000000000e-03
3.0800000000e+02 2.3725870997e-02 2.4125734344e-02 2.3312250152e-02 5.0845954801e-01 4.9154024348e-01 1.0000000000e-03
3.0900000000e+02 2.3711232468e-02 2.4137316272e-02 2.3270370439e-02 5.0852793402e-01 4.9147185723e-01 1.0000000000e-03
3.1000000000e+02 2.3668611422e-02 2.4049988016e-02 2.3274064064e-02 5.0849492860e-01 4.9150486239e-01 1.0000000000e-03
3.1100000000e+02 2.3638192564e-02 2.3998362944e-02 2.3265691474e-02 5.0842050818e-01 4.9157928256e-01 1.0000000000e-03
3.1200000000e+02 2.3630145937e-02 2.3972570896e-02 2.3276148364e-02 5.0831542166e-01 4.9168436884e-01 1.0000000000e-03
3.1300000000e+02 2.3609496653e-02 2.3904763162e-02 2.3304490373e-02 5.0811962632e-01 4.9188016395e-01 1.0000000000e-03
3.1400000000e+02 2.3569829762e-02 2.3882115260e-02 2.3247420788e-02 5.0798100401e-01 4.9201878601e-01 1.0000000000e-03
3.1500000000e+02 2.3546859622e-02 2.3863529786e-02 2.3220075294e-02 5.0786620340e-01 4.9213358638e-01 1.0000000000e-03
3.1600000000e+02 2.3536149412e-02 2.3842096329e-02 2.3220591247e-02 5.0773986723e-01 4.9225992232e-01 1.0000000000e-03
3.1700000000e+02 2.3509427905e-02 2.3861037567e-02 2.3146793246e-02 5.0772557752e-01 4.9227421181e-01 1.0000000000e-03
3.1800000000e+02 2.3477319628e-02 2.3825541139e-02 2.3118203506e-02 5.0770639754e-01 4.9229339155e-01 1.0000000000e-03
3.1900000000e+02 2.3455364630e-02 2.3803569376e-02 2.3096291348e-02 5.0768977696e-01 4.9231001190e-01 1.0000000000e-03
3.2000000000e+02 2.3438816890e-02 2.3794876412e-02 2.3071641102e-02 5.0769237905e-01 4.9230740959e-01 1.0000000000e-03
3.2100000000e+02 2.3415882140e-02 2.3742839694e-02 2.3078801110e-02 5.0763224534e-01 4.9236754307e-01 1.0000000000e-03
3.2200000000e+02 2.3385547101e-02 2.3712808266e-02 2.3048222065e-02 5.0757962968e-01 4.9242015851e-01 1.0000000000e-03
3.2300000000e+02 2.3362748325e-02 2.3674078286e-02 2.3041948676e-02 5.0749822197e-01 4.9250156599e-01 1.0000000000e-03
3.2400000000e+02 2.3345690221e-02 2.3631354794e-02 2.3051491007e-02 5.0736945624e-01 4.9263033151e-01 1.0000000000e-03
3.2500000000e+02 2.3322232068e-02 2.3621419445e-02 2.3014210165e-02 5.0728351410e-01 4.9271627343e-01 1.0000000000e-03
3.2600000000e+02 2.3295894265e-02 2.3579536006e-02 2.3004008457e-02 5.0717288879e-01 4.9282689852e-01 1.0000000000e-03
3.2700000000e+02 2.3271545768e-02 2.3559398949e-02 2.2975429893e-02 5.0708304278e-01 4.9291674431e-01 1.0000000000e-03
3.2800000000e+02 2.3251384497e-02 2.3551458493e-02 2.2942766547e-02 5.0702931637e-01 4.9297047050e-01 1.0000000000e-03
3.2900000000e+02 2.3231232539e-02 2.3525202647e-02 2.2928962484e-02 5.0696812486e-01 4.9303166180e-01 1.0000000000e-03
3.3000000000e+02 2.3205857724e-02 2.3520469666e-02 2.2882377729e-02 5.0695885833e-01 4.9304092811e-01 1.0000000000e-03
3.3100000000e+02 2.3181624711e-02 2.3493645713e-02 2.2860825062e-02 5.0694555014e-01 4.9305423608e-01 1.0000000000e-03
3.3200000000e+02 2.3160215467e-02 2.3468738422e-02 2.2843033075e-02 5.0692652015e-01 4.9307326586e-01 1.0000000000e-03
3.3300000000e+02 2.3139296100e-02 2.3449836299e-02 2.2820057347e-02 5.0691440657e-01 4.9308537923e-01 1.0000000000e-03
3.3400000000e+02 2.3117559031e-02 2.3401161656e-02 2.2826096043e-02 5.0684495337e-01 4.9315483222e-01 1.0000000000e-03
3.3500000000e+02 2.3093055934e-02 2.3370461538e-02 2.2808045149e-02 5.0676940612e-01 4.9323037925e-01 1.0000000000e-03
3.3600000000e+02 2.3070123047e-02 2.3332668468e-02 2.2800490260e-02 5.0666923947e-01 4.9333054569e-01 1.0000000000e-03
3.3700000000e+02 2.3048976436e-02 2.3303911090e-02 2.2787271068e-02 5.0656275885e-01 4.9343702610e-01 1.0000000000e-03
3.3800000000e+02 2.3027490824e-02 2.3294709623e-02 2.2753247991e-02 5.0649440428e-01 4.9350538046e-01 1.0000000000e-03
3.3900000000e+02 2.3005750030e-02 2.3274315521e-02 2.2730192170e-02 5.0643633333e-01 4.9356345120e-01 1.0000000000e-03
3.4000000000e+02 2.2982401773e-02 2.3273319006e-02 2.2683909163e-02 5.0643394810e-01 4.9356583621e-01 1.0000000000e-03
3.4100000000e+02 2.2960126400e-02 2.3257581517e-02 2.2654911503e-02 5.0644686691e-01 4.9355291719e-01 1.0000000000e-03
3.4200000000e+02 2.2938851267e-02 2.3231625557e-02 2.2638440132e-02 5.0644876235e-01 4.9355102154e-01 1.0000000000e-03
3.4300000000e+02 2.2917451337e-02 2.3203531280e-02 2.2623920813e-02 5.0643625854e-01 4.9356352514e-01 1.0000000000e-03
3.4400000000e+02 2.2896204144e-02 2.3156100884e-02 2.2629611194e-02 5.0636757140e-01 4.9363221207e-01 1.0000000000e-03
3.4500000000e+02 2.2873688489e-02 2.3123279214e-02 2.2617755458e-02 5.0628339648e-01 4.9371638678e-01 1.0000000000e-03
3.4600000000e+02 2.2851757705e-02 2.3085372522e-02 2.2612312809e-02 5.0617264280e-01 4.9382714026e-01 1.0000000000e-03
3.4700000000e+02 2.2830167785e-02 2.3062476888e-02 2.2592158988e-02 5.0607044975e-01 4.9392933309e-01 1.0000000000e-03
3.4800000000e+02 2.2808955982e-02 2.3052712902e-02 2.2559283301e-02 5.0600429263e-01 4.9399549000e-01 1.0000000000e-03
3.4900000000e+02 2.2788185626e-02 2.3038359359e-02 2.2531986237e-02 5.0595944727e-01 4.9404033515e-01 1.0000000000e-03
3.5000000000e+02 2.2766664624e-02 2.3032130674e-02 2.2494809702e-02 5.0595360464e-01 4.9404617758e-01 1.0000000000e-03
3.5100000000e+02 2.2745460272e-02 2.3007199168e-02 2.2477433085e-02 5.0594059027e-01 4.9405919174e-01 1.0000000000e-03
3.5200000000e+02 2.2723920643e-02 2.2983303294e-02 2.2458329797e-02 5.0592415505e-01 4.9407562675e-01 1.0000000000e-03
3.5300000000e+02 2.2702855989e-02 2.2948607802e-02 2.2451264784e-02 5.0587946455e-01 4.9412031704e-01 1.0000000000e-03
3.5400000000e+02 2.2682109848e-02 2.2911528125e-02 2.2447312251e-02 5.0580322185e-01 4.9419655955e-01 1.0000000000e-03
3.5500000000e+02 2.2661309689e-02 2.2883975878e-02 2.2433502600e-02 5.0571990787e-01 4.9427987331e-01 1.0000000000e-03
3.5600000000e+02 2.2640872747e-02 2.2855736315e-02 2.2421127185e-02 5.0562785209e-01 4.9437192889e-01 1.0000000000e-03
3.5700000000e+02 2.2619992495e-02 2.2843023762e-02 2.2391950712e-02 5.0556364454e-01 4.9443613624e-01 1.0000000000e-03
3.5800000000e+02 2.2599481046e-02 2.2824978456e-02 2.2368965670e-02 5.0551177542e-01 4.9448800515e-01 1.0000000000e-03
3.5900000000e+02 2.2578779608e-02 2.2815084085e-02 2.2337237373e-02 5.0548973635e-01 4.9451004402e-01 1.0000000000e-03
3.6000000000e+02 2.2558439523e-02 2.2797787562e-02 2.2313795984e-02 5.0547718976e-01 4.9452259040e-01 1.0000000000e-03
3.6100000000e+02 2.2538214922e-02 2.2776655853e-02 2.2294512019e-02 5.0546432905e-01 4.9453545091e-01 1.0000000000e-03
3.6200000000e+02 2.2518098354e-02 2.2752692923e-02 2.2278347984e-02 5.0544457155e-01 4.9455520821e-01 1.0000000000e-03
3.6300000000e+02 2.2498253733e-02 2.2722795606e-02 2.2268816829e-02 5.0540461807e-01 4.9459516149e-01 1.0000000000e-03
3.6400000000e+02 2.2478297353e-02 2.2698812187e-02 2.2253012285e-02 5.0536000911e-01 4.9463977025e-01 1.0000000000e-03
3.6500000000e+02 2.2458672523e-02 2.2669322789e-02 2.2243522108e-02 5.0529802692e-01 4.9470175224e-01 1.0000000000e-03
3.6600000000e+02 2.2438861430e-02 2.2650837898e-02 2.2222397849e-02 5.0524560227e-01 4.9475417668e-01 1.0000000000e-03
3.6700000000e+02 2.2419393063e-02 2.2628465667e-02 2.2205943242e-02 5.0519223409e-01 4.9480754467e-01 1.0000000000e-03
3.6800000000e+02 2.2399779409e-02 2.2614991292e-02 2.2180089727e-02 5.0515843392e-01 4.9484134464e-01 1.0000000000e-03
3.6900000000e+02 2.2380508482e-02 2.2595537826e-02 2.2161031142e-02 5.0512799032e-01 4.9487178803e-01 1.0000000000e-03
3.7000000000e+02 2.2361189127e-02 2.2580316290e-02 2.2137545049e-02 5.0511025202e-01 4.9488952614e-01 1.0000000000e-03
3.7100000000e+02 2.2342149168e-02 2.2558977827e-02 2.2120872512e-02 5.0508948721e-01 4.9491029075e-01 1.0000000000e-03
3.7200000000e+02 2.2323142737e-02 2.2537598386e-02 2.2104308009e-02 5.0506582274e-01 4.9493395503e-01 1.0000000000e-03
3.7300000000e+02 2.2304337472e-02 2.2512344643e-02 2.2092111409e-02 5.0503029557e-01 4.9496948199e-01 1.0000000000e-03
3.7400000000e+02 2.2285647690e-02 2.2488147020e-02 2.2079078481e-02 5.0498618896e-01 4.9501358841e-01 1.0000000000e-03
3.7500000000e+02 2.2267084569e-02 2.2465074435e-02 2.2065155208e-02 5.0493660114e-01 4.9506317604e-01 1.0000000000e-03
3.7600000000e+02 2.2248677909e-02 2.2444104776e-02 2.2049402818e-02 5.0488647975e-01 4.9511329724e-01 1.0000000000e-03
3.7700000000e+02 2.2230356932e-02 2.2427232936e-02 2.2029638290e-02 5.0484498937e-01 4.9515478742e-01 1.0000000000e-03
3.7800000000e+02 2.2212224081e-02 2.2411063313e-02 2.2009529173e-02 5.0481244754e-01 4.9518732906e-01 1.0000000000e-03
3.7900000000e+02 2.2194184363e-02 2.2397644818e-02 2.1986797452e-02 5.0479401954e-01 4.9520575687e-01 1.0000000000e-03
3.8000000000e+02 2.2176384926e-02 2.2379657254e-02 2.1969199181e-02 5.0477736682e-01 4.9522240940e-01 1.0000000000e-03
3.8100000000e+02 2.2158630192e-02 2.2363511845e-02 2.1949814633e-02 5.0476640520e-01 4.9523337083e-01 1.0000000000e-03
3.8200000000e+02 2.2141190246e-02 2.2339545190e-02 2.1939044818e-02 5.0474200388e-01 4.9525777196e-01 1.0000000000e-03
3.8300000000e+02 2.2123755887e-02 2.2321185097e-02 2.1922575310e-02 5.0471826215e-01 4.9528151351e-01 1.0000000000e-03
3.8400000000e+02 2.2106871009e-02 2.2293506190e-02 2.1916724741e-02 5.0467254925e-01 4.9532722622e-01 1.0000000000e-03
3.8500000000e+02 2.2090032697e-02 2.2281171754e-02 2.1895319223e-02 5.0464199995e-01 4.9535777534e-01 1.0000000000e-03
3.8600000000e+02 2.2074397653e-02 2.2253843024e-02 2.1891640499e-02 5.0458802589e-01 4.9541174922e-01 1.0000000000e-03
3.8700000000e+02 2.2059470415e-02 2.2254668176e-02 2.1860675886e-02 5.0457575977e-01 4.9542401516e-01 1.0000000000e-03
3.8800000000e+02 2.2048279643e-02 2.2222613916e-02 2.1870775148e-02 5.0451714234e-01 4.9548263242e-01 1.0000000000e-03
3.8900000000e+02 2.2041834891e-02 2.2244749591e-02 2.1835217252e-02 5.0452995006e-01 4.9546982454e-01 1.0000000000e-03
3.9000000000e+02 2.2050905973e-02 2.2196335718e-02 2.1902898327e-02 5.0440964487e-01 4.9559012959e-01 1.0000000000e-03
3.9100000000e+02 2.2088322788e-02 2.2274235263e-02 2.1899120882e-02 5.0439326245e-01 4.9560651192e-01 1.0000000000e-03
3.9200000000e+02 2.2203803062e-02 2.2220397368e-02 2.2186951712e-02 5.0399158273e-01 4.9600819169e-01 1.0000000000e-03
3.9300000000e+02 2.2484207526e-02 2.2515172139e-02 2.2452795878e-02 5.0366176965e-01 4.9633800509e-01 1.0000000000e-03
3.9400000000e+02 2.3186042905e-02 2.2624684498e-02 2.3752102628e-02 5.0208008385e-01 4.9791969185e-01 1.0000000000e-03
3.9500000000e+02 2.4721035734e-02 2.3821132258e-02 2.5621138513e-02 5.0005175465e-01 4.9994802325e-01 1.0000000000e-03
3.9600000000e+02 2.7944378555e-02 2.4797191843e-02 3.1022725627e-02 4.9447012642e-01 5.0552965578e-01 1.0000000000e-03
3.9700000000e+02 3.2143000513e-02 2.8118222952e-02 3.5992689431e-02 4.8888182288e-01 5.1111796550e-01 1.0000000000e-03
3.9800000000e+02 3.4564130008e-02 2.7577772737e-02 4.1018180549e-02 4.8019684121e-01 5.1980295375e-01 1.0000000000e-03
3.9900000000e+02 2.7262521908e-02 2.6675047353e-02 2.7807293460e-02 4.8113805352e-01 5.1886174360e-01 1.0000000000e-03
4.0000000000e+02 2.1911885589e-02 2.3352606222e-02 2.0548464730e-02 4.8621794116e-01 5.1378185347e-01 1.0000000000e-03
4.0100000000e+02 2.5097541511e-02 2.4549989030e-02 2.5616379455e-02 4.8653328337e-01 5.1346651186e-01 1.0000000000e-03
4.0200000000e+02 2.8330398723e-02 2.6978159323e-02 2.9606722295e-02 4.8555727411e-01 5.1444252393e-01 1.0000000000e-03
4.0300000000e+02 2.4765850976e-02 2.4663358927e-02 2.4863081053e-02 4.8679990482e-01 5.1319989322e-01 1.0000000000e-03
4.0400000000e+02 2.1869122982e-02 2.3221010342e-02 2.0564250648e-02 4.9115375384e-01 5.0884604156e-01 1.0000000000e-03
4.0500000000e+02 2.5066865608e-02 2.4776337668e-02 2.5347655639e-02 4.9146846391e-01 5.0853133200e-01 1.0000000000e-03
4.0600000000e+02 2.5448728353e-02 2.4323329329e-02 2.6530660689e-02 4.9015134442e-01 5.0984845223e-01 1.0000000000e-03
4.0700000000e+02 2.2026458755e-02 2.3300640285e-02 2.0782543346e-02 4.9399227227e-01 5.0600752203e-01 1.0000000000e-03
4.0800000000e+02 2.3249387741e-02 2.4034583941e-02 2.2475833073e-02 4.9626873474e-01 5.0373105863e-01 1.0000000000e-03
4.0900000000e+02 2.4726122618e-02 2.3862704635e-02 2.5572158396e-02 4.9491285535e-01 5.0508693846e-01 1.0000000000e-03
4.1000000000e+02 2.2224631160e-02 2.3283965886e-02 2.1174611524e-02 4.9779382733e-01 5.0220596460e-01 1.0000000000e-03
4.1100000000e+02 2.2509440780e-02 2.3373110220e-02 2.1646015346e-02 4.9993261212e-01 5.0006717841e-01 1.0000000000e-03
4.1200000000e+02 2.3914778605e-02 2.3502590135e-02 2.4325460196e-02 4.9907910270e-01 5.0092068786e-01 1.0000000000e-03
4.1300000000e+02 2.2197868675e-02 2.2831821814e-02 2.1562399343e-02 5.0060089674e-01 4.9939889224e-01 1.0000000000e-03
4.1400000000e+02 2.2189665586e-02 2.2859364748e-02 2.1514443681e-02 5.0205624017e-01 4.9794354738e-01 1.0000000000e-03
4.1500000000e+02 2.3281041533e-02 2.3006550968e-02 2.3556925356e-02 5.0125961188e-01 4.9874017544e-01 1.0000000000e-03
4.1600000000e+02 2.2066086531e-02 2.2652404383e-02 2.1473957226e-02 5.0246894874e-01 4.9753083719e-01 1.0000000000e-03
4.1700000000e+02 2.2041328251e-02 2.2553199902e-02 2.1522477269e-02 5.0339130691e-01 4.9660847773e-01 1.0000000000e-03
4.1800000000e+02 2.2831842303e-02 2.2483168170e-02 2.3183727637e-02 5.0228513338e-01 4.9771465090e-01 1.0000000000e-03
4.1900000000e+02 2.1929111332e-02 2.2350540385e-02 2.1502563730e-02 5.0302344608e-01 4.9697633697e-01 1.0000000000e-03
4.2000000000e+02 2.1949552000e-02 2.2230068222e-02 2.1665247157e-02 5.0336446277e-01 4.9663531920e-01 1.0000000000e-03
4.2100000000e+02 2.2504102439e-02 2.2209055722e-02 2.2801972926e-02 5.0236937005e-01 4.9763041150e-01 1.0000000000e-03
4.2200000000e+02 2.1821422502e-02 2.2182688117e-02 2.1455854177e-02 5.0296521038e-01 4.9703457010e-01 1.0000000000e-03
4.2300000000e+02 2.1872306243e-02 2.2262090817e-02 2.1476931870e-02 5.0356622742e-01 4.9643355215e-01 1.0000000000e-03
4.2400000000e+02 2.2254375741e-02 2.2178353742e-02 2.2331336513e-02 5.0303774015e-01 4.9696203900e-01 1.0000000000e-03
4.2500000000e+02 2.1740812808e-02 2.2110620514e-02 2.1365663037e-02 5.0359069450e-01 4.9640908373e-01 1.0000000000e-03
4.2600000000e+02 2.1802172065e-02 2.2149076685e-02 2.1449634805e-02 5.0403374935e-01 4.9596602812e-01 1.0000000000e-03
4.2700000000e+02 2.2063493729e-02 2.1927073598e-02 2.2201746702e-02 5.0331914579e-01 4.9668063127e-01 1.0000000000e-03
4.2800000000e+02 2.1680980921e-02 2.1843396127e-02 2.1516373381e-02 5.0336432347e-01 4.9663545282e-01 1.0000000000e-03
4.2900000000e+02 2.1735016257e-02 2.1873816848e-02 2.1594353020e-02 5.0334933756e-01 4.9665043810e-01 1.0000000000e-03
4.3000000000e+02 2.1920356899e-02 2.1863885224e-02 2.1977497265e-02 5.0288482074e-01 4.9711495455e-01 1.0000000000e-03
4.3100000000e+02 2.1636337042e-02 2.1925257519e-02 2.1343626082e-02 5.0326843978e-01 4.9673133486e-01 1.0000000000e-03
4.3200000000e+02 2.1670980379e-02 2.2001473233e-02 2.1335558966e-02 5.0370988112e-01 4.9628989298e-01 1.0000000000e-03
4.3300000000e+02 2.1810043603e-02 2.1983047947e-02 2.1634439006e-02 5.0373850207e-01 4.9626127169e-01 1.0000000000e-03
4.3400000000e+02 2.1600607783e-02 2.2044291720e-02 2.1149054170e-02 5.0440095425e-01 4.9559881899e-01 1.0000000000e-03
4.3500000000e+02 2.1615274251e-02 2.2001327947e-02 2.1221645176e-02 5.0486277803e-01 4.9513699475e-01 1.0000000000e-03
4.3600000000e+02 2.1721236408e-02 2.1795710549e-02 2.1645402536e-02 5.0454949070e-01 4.9545028178e-01 1.0000000000e-03
4.3700000000e+02 2.1567534655e-02 2.1793758497e-02 2.1337097511e-02 5.0462392004e-01 4.9537585201e-01 1.0000000000e-03
4.3800000000e+02 2.1564589813e-02 2.1760100499e-02 2.1365443245e-02 5.0461908420e-01 4.9538068746e-01 1.0000000000e-03
4.3900000000e+02 2.1647563204e-02 2.1655075252e-02 2.1639933810e-02 5.0417465058e-01 4.9582512081e-01 1.0000000000e-03
4.4000000000e+02 2.1538693458e-02 2.1699002013e-02 2.1375721321e-02 5.0413242951e-01 4.9586734153e-01 1.0000000000e-03
4.4100000000e+02 2.1518886089e-02 2.1737227216e-02 2.1296830848e-02 5.0423085834e-01 4.9576891235e-01 1.0000000000e-03
4.4200000000e+02 2.1584847942e-02 2.1718962118e-02 2.1448515356e-02 5.0412101377e-01 4.9587875669e-01 1.0000000000e-03
4.4300000000e+02 2.1512394771e-02 2.1782016382e-02 2.1238060668e-02 5.0434111208e-01 4.9565865809e-01 1.0000000000e-03
4.4400000000e+02 2.1480601281e-02 2.1730670705e-02 2.1226003766e-02 5.0449440298e-01 4.9550536689e-01 1.0000000000e-03
4.4500000000e+02 2.1530710161e-02 2.1660059690e-02 2.1399101242e-02 5.0434797415e-01 4.9565179552e-01 1.0000000000e-03
4.4600000000e+02 2.1486317739e-02 2.1691991016e-02 2.1277004853e-02 5.0439605521e-01 4.9560371421e-01 1.0000000000e-03
4.4700000000e+02 2.1447263658e-02 2.1583495662e-02 2.1308690310e-02 5.0427678226e-01 4.9572298690e-01 1.0000000000e-03
4.4800000000e+02 2.1482147276e-02 2.1521082148e-02 2.1442605183e-02 5.0394042179e-01 4.9605934718e-01 1.0000000000e-03
4.4900000000e+02 2.1460173652e-02 2.1602271125e-02 2.1315863356e-02 5.0388003543e-01 4.9611973335e-01 1.0000000000e-03
4.5000000000e+02 2.1419536322e-02 2.1570311859e-02 2.1266436204e-02 5.0384671051e-01 4.9615305804e-01 1.0000000000e-03
4.5100000000e+02 2.1438341588e-02 2.1567886695e-02 2.1306840703e-02 5.0376645648e-01 4.9623331190e-01 1.0000000000e-03
4.5200000000e+02 2.1432656795e-02 2.1682990715e-02 2.1178314462e-02 5.0397853081e-01 4.9602123740e-01 1.0000000000e-03
4.5300000000e+02 2.1396428347e-02 2.1653307602e-02 2.1135220304e-02 5.0418607035e-01 4.9581369767e-01 1.0000000000e-03
4.5400000000e+02 2.1400202066e-02 2.1624125540e-02 2.1172406152e-02 5.0429520384e-01 4.9570456401e-01 1.0000000000e-03
4.5500000000e+02 2.1403580904e-02 2.1639270708e-02 2.1163696423e-02 5.0442121056e-01 4.9557855714e-01 1.0000000000e-03
4.5600000000e+02 2.1375302225e-02 2.1537030116e-02 2.1210737526e-02 5.0436072641e-01 4.9563904113e-01 1.0000000000e-03
4.5700000000e+02 2.1366957575e-02 2.1492777392e-02 2.1239005029e-02 5.0422157832e-01 4.9577818906e-01 1.0000000000e-03
4.5800000000e+02 2.1373050287e-02 2.1499916911e-02 2.1244095638e-02 5.0409865680e-01 4.9590111045e-01 1.0000000000e-03
4.5900000000e+02 2.1354971454e-02 2.1438455209e-02 2.1270191297e-02 5.0388576982e-01 4.9611399729e-01 1.0000000000e-03
4.6000000000e+02 2.1339077502e-02 2.1478215232e-02 2.1197803319e-02 5.0382571674e-01 4.9617405022e-01 1.0000000000e-03
4.6100000000e+02 2.1342141554e-02 2.1542189643e-02 2.1138943732e-02 5.0391552687e-01 4.9608423996e-01 1.0000000000e-03
4.6200000000e+02 2.1333556622e-02 2.1506519988e-02 2.1157862619e-02 5.0393256710e-01 4.9606719962e-01 1.0000000000e-03
4.6300000000e+02 2.1315984428e-02 2.1528953686e-02 2.1099550650e-02 5.0404295571e-01 4.9595681087e-01 1.0000000000e-03
4.6400000000e+02 2.1312892437e-02 2.1526971832e-02 2.1095246077e-02 5.0414510452e-01 4.9585466194e-01 1.0000000000e-03
4.6500000000e+02 2.1309942007e-02 2.1451622248e-02 2.1165946499e-02 5.0406574421e-01 4.9593402215e-01 1.0000000000e-03
4.6600000000e+02 2.1295322105e-02 2.1432658657e-02 2.1155789495e-02 5.0398420992e-01 4.9601555632e-01 1.0000000000e-03
4.6700000000e+02 2.1286427975e-02 2.1405413747e-02 2.1165600047e-02 5.0386744025e-01 4.9613232588e-01 1.0000000000e-03
4.6800000000e+02 2.1284531802e-02 2.1380128339e-02 2.1187515929e-02 5.0370692716e-01 4.9629283886e-01 1.0000000000e-03
4.6900000000e+02 2.1275129169e-02 2.1415032446e-02 2.1133167669e-02 5.0366745258e-01 4.9633231333e-01 1.0000000000e-03
4.7000000000e+02 2.1263509989e-02 2.1411312744e-02 2.1113546565e-02 5.0365080385e-01 4.9634896196e-01 1.0000000000e-03
4.7100000000e+02 2.1258991212e-02 2.1422544494e-02 2.1093025804e-02 5.0367323869e-01 4.9632652702e-01 1.0000000000e-03
4.7200000000e+02 2.1253740415e-02 2.1454861388e-02 2.1049560979e-02 5.0378267734e-01 4.9621708827e-01 1.0000000000e-03
4.7300000000e+02 2.1243238822e-02 2.1414143965e-02 2.1069718525e-02 5.0380975806e-01 4.9619000745e-01 1.0000000000e-03
4.7400000000e+02 2.1235313267e-02 2.1395893767e-02 2.1072275937e-02 5.0380978261e-01 4.9618998280e-01 1.0000000000e-03
4.7500000000e+02 2.1230917424e-02 2.1391691640e-02 2.1067686379e-02 5.0381033983e-01 4.9618942549e-01 1.0000000000e-03
4.7600000000e+02 2.1223358810e-02 2.1342528984e-02 2.1102413535e-02 5.0371214919e-01 4.9628761603e-01 1.0000000000e-03
4.7700000000e+02 2.1214097738e-02 2.1335981786e-02 2.1090440452e-02 5.0363029555e-01 4.9636946958e-01 1.0000000000e-03
4.7800000000e+02 2.1208081394e-02 2.1339794621e-02 2.1074475721e-02 5.0358002493e-01 4.9641974011e-01 1.0000000000e-03
4.7900000000e+02 2.1202631295e-02 2.1328734234e-02 2.1074747667e-02 5.0352149844e-01 4.9647826651e-01 1.0000000000e-03
4.8000000000e+02 2.1194562316e-02 2.1351629868e-02 2.1035263315e-02 5.0354252584e-01 4.9645723903e-01 1.0000000000e-03
4.8100000000e+02 2.1186849102e-02 2.1351085976e-02 2.1020254120e-02 5.0357865715e-01 4.9642110763e-01 1.0000000000e-03
4.8200000000e+02 2.1181330085e-02 2.1347576752e-02 2.1012669429e-02 5.0361608806e-01 4.9638367664e-01 1.0000000000e-03
4.8300000000e+02 2.1175174043e-02 2.1354796365e-02 2.0992897451e-02 5.0368176206e-01 4.9631800255e-01 1.0000000000e-03
4.8400000000e+02 2.1167453378e-02 2.1320953965e-02 2.1011685953e-02 5.0367885712e-01 4.9632090741e-01 1.0000000000e-03
4.8500000000e+02 2.1160636097e-02 2.1302871406e-02 2.1016316488e-02 5.0364952333e-01 4.9635024111e-01 1.0000000000e-03
4.8600000000e+02 2.1155025810e-02 2.1294886246e-02 2.1013135090e-02 5.0361753515e-01 4.9638222921e-01 1.0000000000e-03
4.8700000000e+02 2.1148566157e-02 2.1265367046e-02 2.1030113101e-02 5.0353387741e-01 4.9646588687e-01 1.0000000000e-03
4.8800000000e+02 2.1141387522e-02 2.1270008758e-02 2.1010966972e-02 5.0348681151e-01 4.9651295269e-01 1.0000000000e-03
4.8900000000e+02 2.1135050803e-02 2.1277084947e-02 2.0991036668e-02 5.0347649199e-01 4.9652327214e-01 1.0000000000e-03
4.9000000000e+02 2.1129306406e-02 2.1276099607e-02 2.0980468020e-02 5.0347863637e-01 4.9652112768e-01 1.0000000000e-03
4.9100000000e+02 2.1122990176e-02 2.1289974451e-02 2.0953642204e-02 5.0352884727e-01 4.9647091670e-01 1.0000000000e-03
4.9200000000e+02 2.1116290241e-02 2.1280273795e-02 2.0949961618e-02 5.0356703555e-01 4.9643272835e-01 1.0000000000e-03
4.9300000000e+02 2.1110206842e-02 2.1269435063e-02 2.0948687568e-02 5.0359018950e-01 4.9640957432e-01 1.0000000000e-03
4.9400000000e+02 2.1104469895e-02 2.1258389577e-02 2.0948329940e-02 5.0359846937e-01 4.9640129437e-01 1.0000000000e-03
4.9500000000e+02 2.1098269150e-02 2.1229585633e-02 2.0965084434e-02 5.0355204014e-01 4.9644772353e-01 1.0000000000e-03
4.9600000000e+02 2.1091911942e-02 2.1223729476e-02 2.0958239213e-02 5.0351152059e-01 4.9648824301e-01 1.0000000000e-03
4.9700000000e+02 2.1085985005e-02 2.1218903363e-02 2.0951217040e-02 5.0347774521e-01 4.9652201831e-01 1.0000000000e-03
4.9800000000e+02 2.1080266684e-02 2.1212138236e-02 2.0946577191e-02 5.0344491267e-01 4.9655485079e-01 1.0000000000e-03
4.9900000000e+02 2.1074347198e-02 2.1225182340e-02 2.0921422169e-02 5.0346077083e-01 4.9653899255e-01 1.0000000000e-03
5.0000000000e+02 2.1068271250e-02 2.1224215627e-02 2.0910145715e-02 5.0348738225e-01 4.9651238106e-01 1.0000000000e-03
