# epoch total_loss data_loss physics_loss w_data w_physics lr
1.0000000000e+00 1.0874650478e+00 1.0389020443e+00 1.1355981827e+00 4.9777658915e-01 5.0222341039e-01 1.0000000000e-03
2.0000000000e+00 6.8407475948e-01 7.8934317827e-01 5.7633650303e-01 5.0579748895e-01 4.9420250990e-01 1.0000000000e-03
3.0000000000e+00 4.8911008239e-01 5.9107261896e-01 3.8037919998e-01 5.1606199413e-01 4.8393800381e-01 1.0000000000e-03
4.0000000000e+00 4.0640050173e-01 4.3372130394e-01 3.7704488635e-01 5.1795103216e-01 4.8204896476e-01 1.0000000000e-03
5.0000000000e+00 3.5096925497e-01 3.1753093004e-01 3.8595288992e-01 5.1129284844e-01 4.8870714736e-01 1.0000000000e-03
6.0000000000e+00 2.9895076156e-01 2.4426861107e-01 3.5385271907e-01 5.0100287072e-01 4.9899712383e-01 1.0000000000e-03
7.0000000000e+00 2.5999575853e-01 2.0922715962e-01 3.0902281404e-01 4.9127444399e-01 5.0872554917e-01 1.0000000000e-03
8.0000000000e+00 2.3821219802e-01 1.9486443698e-01 2.7875638008e-01 4.8329055280e-01 5.1670943894e-01 1.0000000000e-03
9.0000000000e+00 2.1657605469e-01 1.8266096711e-01 2.4756014347e-01 4.7741895913e-01 5.2258103111e-01 1.0000000000e-03
1.0000000000e+01 1.8373280764e-01 1.6684480011e-01 1.9902952015e-01 4.7527873196e-01 5.2472125652e-01 1.0000000000e-03
1.1000000000e+01 1.4525789022e-01 1.5043260157e-01 1.4049157500e-01 4.7945938233e-01 5.2054060386e-01 1.0000000000e-03
1.2000000000e+01 1.2061379850e-01 1.4150005579e-01 1.0054881126e-01 4.8997273444e-01 5.1002724901e-01 1.0000000000e-03
1.3000000000e+01 1.2005439401e-01 1.4482554793e-01 9.5151588321e-02 5.0132518604e-01 4.9867479490e-01 1.0000000000e-03
1.4000000000e+01 1.3324074447e-01 1.5586289763e-01 1.0970627517e-01 5.0988279706e-01 4.9011718201e-01 1.0000000000e-03
1.5000000000e+01 1.3999032974e-01 1.6325499117e-01 1.1503223330e-01 5.1755872144e-01 4.8244125613e-01 1.0000000000e-03
1.6000000000e+01 1.3256046176e-01 1.6076393425e-01 1.0111293942e-01 5.2719197689e-01 4.7280799911e-01 1.0000000000e-03
1.7000000000e+01 1.1964733899e-01 1.5163390338e-01 8.2200624049e-02 5.3931944601e-01 4.6068052811e-01 1.0000000000e-03
1.8000000000e+01 1.1313066632e-01 1.4280624688e-01 7.6799489558e-02 5.5041596683e-01 4.4958400533e-01 1.0000000000e-03
1.9000000000e+01 1.1619007587e-01 1.3847485185e-01 8.8232412934e-02 5.5645527370e-01 4.4354469683e-01 1.0000000000e-03
2.0000000000e+01 1.2214764953e-01 1.3802610338e-01 1.0207796842e-01 5.5829569256e-01 4.4170427675e-01 1.0000000000e-03
2.1000000000e+01 1.2340024859e-01 1.3887196779e-01 1.0373226553e-01 5.5970830749e-01 4.4029166077e-01 1.0000000000e-03
2.2000000000e+01 1.1920610070e-01 1.3971078396e-01 9.2697687447e-02 5.6385179921e-01 4.3614816792e-01 1.0000000000e-03
2.3000000000e+01 1.1350183189e-01 1.4074017107e-01 7.7087707818e-02 5.7207734099e-01 4.2792262484e-01 1.0000000000e-03
2.4000000000e+01 1.0942453146e-01 1.4247617126e-01 6.2984146178e-02 5.8421446438e-01 4.1578550000e-01 1.0000000000e-03
2.5000000000e+01 1.0770186782e-01 1.4486305416e-01 5.2114009857e-02 5.9933612182e-01 4.0066384104e-01 1.0000000000e-03
2.6000000000e+01 1.0749445111e-01 1.4664515853e-01 4.4676654041e-02 6.1605093194e-01 3.8394902941e-01 1.0000000000e-03
2.7000000000e+01 1.0704833269e-01 1.4545919001e-01 4.0945559740e-02 6.3247989228e-01 3.6752006757e-01 1.0000000000e-03
2.8000000000e+01 1.0451535881e-01 1.3922092319e-01 4.1055519134e-02 6.4645825258e-01 3.5354170574e-01 1.0000000000e-03
2.9000000000e+01 9.9463373423e-02 1.2797787786e-01 4.5151188970e-02 6.5573292653e-01 3.4426703018e-01 1.0000000000e-03
3.0000000000e+01 9.3592561781e-02 1.1428753287e-01 5.3744997829e-02 6.5817475308e-01 3.4182520200e-01 1.0000000000e-03
3.1000000000e+01 8.9612081647e-02 1.0169205070e-01 6.6912420094e-02 6.5267124465e-01 3.4732870900e-01 1.0000000000e-03
3.2000000000e+01 8.8986851275e-02 9.2568099499e-02 8.2613401115e-02 6.4024536991e-01 3.5975458266e-01 1.0000000000e-03
3.3000000000e+01 9.0404987335e-02 8.6954660714e-02 9.6124157310e-02 6.2371658197e-01 3.7628336989e-01 1.0000000000e-03
3.4000000000e+01 9.0920358896e-02 8.3459794521e-02 1.0240717977e-01 6.0624789287e-01 3.9375205842e-01 1.0000000000e-03
3.5000000000e+01 8.8924884796e-02 8.1369124353e-02 9.9821731448e-02 5.9053106514e-01 4.0946888551e-01 1.0000000000e-03
3.6000000000e+01 8.5466712713e-02 8.1377096474e-02 9.1083422303e-02 5.7866388403e-01 4.2133606574e-01 1.0000000000e-03
3.7000000000e+01 8.2662113011e-02 8.4193460643e-02 8.0616533756e-02 5.7188265939e-01 4.2811728934e-01 1.0000000000e-03
3.8000000000e+01 8.1390596926e-02 8.8922537863e-02 7.1399927139e-02 5.7015919205e-01 4.2984075557e-01 1.0000000000e-03
3.9000000000e+01 8.0672085285e-02 9.3089394271e-02 6.4051009715e-02 5.7238289931e-01 4.2761704719e-01 1.0000000000e-03
4.0000000000e+01 7.9021036625e-02 9.4308532774e-02 5.8168269694e-02 5.7699567463e-01 4.2300427066e-01 1.0000000000e-03
4.1000000000e+01 7.6031774282e-02 9.1939985752e-02 5.3849283606e-02 5.8235971936e-01 4.1764022454e-01 1.0000000000e-03
4.2000000000e+01 7.2617210448e-02 8.7293908000e-02 5.1765885204e-02 5.8689811211e-01 4.1310183021e-01 1.0000000000e-03
4.3000000000e+01 7.0012725890e-02 8.2464687526e-02 5.2132826298e-02 5.8947591206e-01 4.1052402860e-01 1.0000000000e-03
4.4000000000e+01 6.8646296859e-02 7.8918643296e-02 5.3866498172e-02 5.8996165540e-01 4.1003828366e-01 1.0000000000e-03
4.5000000000e+01 6.7848451436e-02 7.6927691698e-02 5.4817918688e-02 5.8935657069e-01 4.1064336687e-01 1.0000000000e-03
4.6000000000e+01 6.6574804485e-02 7.6066657901e-02 5.2950799465e-02 5.8937933178e-01 4.1062060428e-01 1.0000000000e-03
4.7000000000e+01 6.4459823072e-02 7.5997754931e-02 4.7727815807e-02 5.9186584654e-01 4.0813408783e-01 1.0000000000e-03
4.8000000000e+01 6.2214840204e-02 7.6638989151e-02 4.0761675686e-02 5.9795911591e-01 4.0204081651e-01 1.0000000000e-03
4.9000000000e+01 6.0848202556e-02 7.7614374459e-02 3.4939248115e-02 6.0712088492e-01 3.9287904537e-01 1.0000000000e-03
5.0000000000e+01 6.0383155942e-02 7.7770017087e-02 3.2371379435e-02 6.1701804280e-01 3.8298188538e-01 1.0000000000e-03
5.1000000000e+01 5.9708449990e-02 7.5673237443e-02 3.3114455640e-02 6.2487670841e-01 3.7512321776e-01 1.0000000000e-03
5.2000000000e+01 5.7981345803e-02 7.0939160883e-02 3.6040678620e-02 6.2869980657e-01 3.7130011764e-01 1.0000000000e-03
5.3000000000e+01 5.5720884353e-02 6.4853258431e-02 4.0337983519e-02 6.2748253679e-01 3.7251738549e-01 1.0000000000e-03
5.4000000000e+01 5.4013032466e-02 5.9299070388e-02 4.5336786658e-02 6.2140612237e-01 3.7859379812e-01 1.0000000000e-03
5.5000000000e+01 5.2913777530e-02 5.5184483528e-02 4.9331158400e-02 6.1206571997e-01 3.8793419890e-01 1.0000000000e-03
5.6000000000e+01 5.1435366273e-02 5.2322871983e-02 5.0093255937e-02 6.0194765126e-01 3.9805226597e-01 1.0000000000e-03
5.7000000000e+01 4.9210406840e-02 5.0655424595e-02 4.7100033611e-02 5.9357139360e-01 4.0642852167e-01 1.0000000000e-03
5.8000000000e+01 4.7167062759e-02 5.0619117916e-02 4.2225386947e-02 5.8873456488e-01 4.1126534809e-01 1.0000000000e-03
5.9000000000e+01 4.6120949090e-02 5.1972627640e-02 3.7777483463e-02 5.8776925047e-01 4.1223066007e-01 1.0000000000e-03
6.0000000000e+01 4.5611109585e-02 5.3137913346e-02 3.4806035459e-02 5.8941479681e-01 4.1058511130e-01 1.0000000000e-03
6.1000000000e+01 4.4769778848e-02 5.2492666990e-02 3.3589363098e-02 5.9145313003e-01 4.0854677565e-01 1.0000000000e-03
6.2000000000e+01 4.3598234653e-02 4.9937266856e-02 3.4419231117e-02 5.9150569999e-01 4.0849420327e-01 1.0000000000e-03
6.3000000000e+01 4.2655199766e-02 4.6658225358e-02 3.6938171834e-02 5.8816880300e-01 4.1183109798e-01 1.0000000000e-03
6.4000000000e+01 4.1993673891e-02 4.3767008930e-02 3.9525624365e-02 5.8189799063e-01 4.1810190824e-01 1.0000000000e-03
6.5000000000e+01 4.1118010879e-02 4.1702158749e-02 4.0329180658e-02 5.7454504730e-01 4.2545484950e-01 1.0000000000e-03
6.6000000000e+01 3.9895977825e-02 4.0680080652e-02 3.8864061236e-02 5.6823205289e-01 4.3176784165e-01 1.0000000000e-03
6.7000000000e+01 3.8876369596e-02 4.0875535458e-02 3.6286279559e-02 5.6438262764e-01 4.3561726449e-01 1.0000000000e-03
6.8000000000e+01 3.8429364562e-02 4.1791152209e-02 3.4098051488e-02 5.6301299739e-01 4.3698689235e-01 1.0000000000e-03
6.9000000000e+01 3.8092032075e-02 4.2139012367e-02 3.2880686224e-02 5.6288228690e-01 4.3711760053e-01 1.0000000000e-03
7.0000000000e+01 3.7393704057e-02 4.1182622313e-02 3.2522868365e-02 5.6246861565e-01 4.3753126947e-01 1.0000000000e-03
7.1000000000e+01 3.6742985249e-02 3.9748676121e-02 3.2903060317e-02 5.6093300064e-01 4.3906688220e-01 1.0000000000e-03
7.2000000000e+01 3.6548167467e-02 3.9084386081e-02 3.3335827291e-02 5.5880858421e-01 4.4119129654e-01 1.0000000000e-03
7.3000000000e+01 3.6365542561e-02 3.9450313896e-02 3.2474722713e-02 5.5777692750e-01 4.4222295127e-01 1.0000000000e-03
7.4000000000e+01 3.5913363099e-02 4.0491126478e-02 3.0102295801e-02 5.5935744099e-01 4.4064243574e-01 1.0000000000e-03
7.5000000000e+01 3.5610593855e-02 4.1704092175e-02 2.7745110914e-02 5.6347146610e-01 4.3652840856e-01 1.0000000000e-03
7.6000000000e+01 3.5509712994e-02 4.2055595666e-02 2.6899080724e-02 5.6811451155e-01 4.3188536114e-01 1.0000000000e-03
7.7000000000e+01 3.5175543278e-02 4.0604960173e-02 2.7963085100e-02 5.7052154051e-01 4.2947833033e-01 1.0000000000e-03
7.8000000000e+01 3.4654237330e-02 3.7719838321e-02 3.0612532049e-02 5.6866991967e-01 4.3132994945e-01 1.0000000000e-03
7.9000000000e+01 3.4383770078e-02 3.4754671156e-02 3.3907063305e-02 5.6242015485e-01 4.3757971280e-01 1.0000000000e-03
8.0000000000e+01 3.4346878529e-02 3.2765302807e-02 3.6308374256e-02 5.5361342797e-01 4.4638643844e-01 1.0000000000e-03
8.1000000000e+01 3.4163504839e-02 3.2114140689e-02 3.6618001759e-02 5.4497569202e-01 4.5502417319e-01 1.0000000000e-03
8.2000000000e+01 3.3848352730e-02 3.2817028463e-02 3.5053364933e-02 5.3883061053e-01 4.6116925343e-01 1.0000000000e-03
8.3000000000e+01 3.3639587462e-02 3.4398637712e-02 3.2762181014e-02 5.3616585390e-01 4.6383400877e-01 1.0000000000e-03
8.4000000000e+01 3.3417284489e-02 3.5847906023e-02 3.0603915453e-02 5.3649496907e-01 4.6350489229e-01 1.0000000000e-03
8.5000000000e+01 3.3106334507e-02 3.6544527858e-02 2.9094163328e-02 5.3852074787e-01 4.6147911211e-01 1.0000000000e-03
8.6000000000e+01 3.2918948680e-02 3.6653954536e-02 2.8518283740e-02 5.4091033346e-01 4.5908952518e-01 1.0000000000e-03
8.7000000000e+01 3.2802671194e-02 3.6415174603e-02 2.8512004763e-02 5.4290547135e-01 4.5709438603e-01 1.0000000000e-03
8.8000000000e+01 3.2543100417e-02 3.5912606865e-02 2.8517609462e-02 5.4435368056e-01 4.5564617556e-01 1.0000000000e-03
8.9000000000e+01 3.2243680209e-02 3.5323131830e-02 2.8551861644e-02 5.4521871158e-01 4.5478114327e-01 1.0000000000e-03
9.0000000000e+01 3.2086640596e-02 3.4702681005e-02 2.8950430453e-02 5.4521526813e-01 4.5478458553e-01 1.0000000000e-03
9.1000000000e+01 3.1976841390e-02 3.3855449408e-02 2.9736315832e-02 5.4393246484e-01 4.5606738772e-01 1.0000000000e-03
9.2000000000e+01 3.1772505492e-02 3.2807402313e-02 3.0551167205e-02 5.4131973895e-01 4.5868011257e-01 1.0000000000e-03
9.3000000000e+01 3.1541235745e-02 3.2061241567e-02 3.0935503542e-02 5.3808124602e-01 4.6191860448e-01 1.0000000000e-03
9.4000000000e+01 3.1322464347e-02 3.2076463103e-02 3.0452977866e-02 5.3557128989e-01 4.6442855957e-01 1.0000000000e-03
9.5000000000e+01 3.1078271568e-02 3.2848533243e-02 2.9040787369e-02 5.3509040670e-01 4.6490944165e-01 1.0000000000e-03
9.6000000000e+01 3.0908789486e-02 3.3971175551e-02 2.7357343584e-02 5.3697349109e-01 4.6302635613e-01 1.0000000000e-03
9.7000000000e+01 3.0840355903e-02 3.4715540707e-02 2.6287866756e-02 5.4018367626e-01 4.5981616984e-01 1.0000000000e-03
9.8000000000e+01 3.0713304877e-02 3.4426640719e-02 2.6303803548e-02 5.4285291477e-01 4.5714693025e-01 1.0000000000e-03
9.9000000000e+01 3.0491411686e-02 3.3130094409e-02 2.7351822704e-02 5.4334447316e-01 4.5665537083e-01 1.0000000000e-03
1.0000000000e+02 3.0297851190e-02 3.1489945948e-02 2.8891889378e-02 5.4116137328e-01 4.5883846974e-01 1.0000000000e-03
1.0100000000e+02 3.0166104436e-02 3.0230162665e-02 3.0091771856e-02 5.3715993783e-01 4.6283990431e-01 1.0000000000e-03
1.0200000000e+02 3.0025642365e-02 2.9762769118e-02 3.0325649306e-02 5.3297555920e-01 4.6702428209e-01 1.0000000000e-03
1.0300000000e+02 2.9864788055e-02 3.0129382387e-02 2.9566248879e-02 5.3014966545e-01 4.6985017496e-01 1.0000000000e-03
1.0400000000e+02 2.9693465680e-02 3.1004112214e-02 2.8218556195e-02 5.2948645510e-01 4.7051338438e-01 1.0000000000e-03
1.0500000000e+02 2.9513549060e-02 3.1915321946e-02 2.6795390993e-02 5.3089810418e-01 4.6910173432e-01 1.0000000000e-03
1.0600000000e+02 2.9389431700e-02 3.2572194934e-02 2.5747226551e-02 5.3365965257e-01 4.6634018493e-01 1.0000000000e-03
1.0700000000e+02 2.9326338321e-02 3.2855581492e-02 2.5235464796e-02 5.3685244798e-01 4.6314738856e-01 1.0000000000e-03
1.0800000000e+02 2.9224496335e-02 3.2702013850e-02 2.5147175416e-02 5.3969696377e-01 4.6030287183e-01 1.0000000000e-03
1.0900000000e+02 2.9054060578e-02 3.2133784145e-02 2.5415901095e-02 5.4156385178e-01 4.5843598289e-01 1.0000000000e-03
1.1000000000e+02 2.8888013214e-02 3.1246025115e-02 2.6098709553e-02 5.4189550259e-01 4.5810433117e-01 1.0000000000e-03
1.1100000000e+02 2.8761342168e-02 3.0168436468e-02 2.7107026428e-02 5.4037847504e-01 4.5962135788e-01 1.0000000000e-03
1.1200000000e+02 2.8646524996e-02 2.9152097180e-02 2.8059462085e-02 5.3729552627e-01 4.6270430589e-01 1.0000000000e-03
1.1300000000e+02 2.8521168977e-02 2.8578381985e-02 2.8455704451e-02 5.3367351241e-01 4.6632631899e-01 1.0000000000e-03
1.1400000000e+02 2.8367811814e-02 2.8715889901e-02 2.7973791584e-02 5.3096067904e-01 4.6903915159e-01 1.0000000000e-03
1.1500000000e+02 2.8209365904e-02 2.9502082616e-02 2.6749808341e-02 5.3031098559e-01 4.6968884419e-01 1.0000000000e-03
1.1600000000e+02 2.8104247525e-02 3.0513750389e-02 2.5366507471e-02 5.3188547780e-01 4.6811435111e-01 1.0000000000e-03
1.1700000000e+02 2.8034023941e-02 3.1143691391e-02 2.4460459128e-02 5.3470657229e-01 4.6529325575e-01 1.0000000000e-03
1.1800000000e+02 2.7925448492e-02 3.0995499343e-02 2.4361466989e-02 5.3722795327e-01 4.6277187389e-01 1.0000000000e-03
1.1900000000e+02 2.7775153518e-02 3.0167369172e-02 2.4987164885e-02 5.3820123003e-01 4.6179859629e-01 1.0000000000e-03
1.2000000000e+02 2.7638327330e-02 2.9118888080e-02 2.5919150561e-02 5.3728793929e-01 4.6271188622e-01 1.0000000000e-03
1.2100000000e+02 2.7534514666e-02 2.8323734179e-02 2.6626123115e-02 5.3510382704e-01 4.6489599773e-01 1.0000000000e-03
1.2200000000e+02 2.7440287173e-02 2.8037698939e-02 2.6759110391e-02 5.3276009832e-01 4.6723972572e-01 1.0000000000e-03
1.2300000000e+02 2.7323339134e-02 2.8231974691e-02 2.6293518022e-02 5.3126164814e-01 4.6873817516e-01 1.0000000000e-03
1.2400000000e+02 2.7182256803e-02 2.8694773093e-02 2.5469020009e-02 5.3111324975e-01 4.6888657276e-01 1.0000000000e-03
1.2500000000e+02 2.7065154165e-02 2.9198400676e-02 2.4637876078e-02 5.3223746447e-01 4.6776235721e-01 1.0000000000e-03
1.2600000000e+02 2.6990052313e-02 2.9542075470e-02 2.4064194411e-02 5.3412307375e-01 4.6587674711e-01 1.0000000000e-03
1.2700000000e+02 2.6907984167e-02 2.9545061290e-02 2.3861320689e-02 5.3603197456e-01 4.6396784549e-01 1.0000000000e-03
1.2800000000e+02 2.6788158342e-02 2.9117681086e-02 2.4084597826e-02 5.3715890560e-01 4.6284091365e-01 1.0000000000e-03
1.2900000000e+02 2.6660634205e-02 2.8332326561e-02 2.4722980335e-02 5.3684449904e-01 4.6315531944e-01 1.0000000000e-03
1.3000000000e+02 2.6557113975e-02 2.7425235137e-02 2.5558635592e-02 5.3492151839e-01 4.6507829936e-01 1.0000000000e-03
1.3100000000e+02 2.6470225304e-02 2.6738859713e-02 2.6164900512e-02 5.3197181296e-01 4.6802800411e-01 1.0000000000e-03
1.3200000000e+02 2.6366505772e-02 2.6570357382e-02 2.6137391105e-02 5.2918534566e-01 4.7081447074e-01 1.0000000000e-03
1.3300000000e+02 2.6237387210e-02 2.6992889121e-02 2.5392955169e-02 5.2779386832e-01 4.7220594734e-01 1.0000000000e-03
1.3400000000e+02 2.6123937219e-02 2.7776416391e-02 2.4272589013e-02 5.2838036397e-01 4.7161945092e-01 1.0000000000e-03
1.3500000000e+02 2.6049969718e-02 2.8467774391e-02 2.3317879066e-02 5.3051463552e-01 4.6948517856e-01 1.0000000000e-03
1.3600000000e+02 2.5977861136e-02 2.8643034399e-02 2.2936090827e-02 5.3299538335e-01 4.6700442995e-01 1.0000000000e-03
1.3700000000e+02 2.5873489678e-02 2.8187131509e-02 2.3216584697e-02 5.3453064706e-01 4.6546916545e-01 1.0000000000e-03
1.3800000000e+02 2.5756306946e-02 2.7346020564e-02 2.3931650445e-02 5.3440686719e-01 4.6559294457e-01 1.0000000000e-03
1.3900000000e+02 2.5658287108e-02 2.6524756104e-02 2.4670254439e-02 5.3277738364e-01 4.6722242741e-01 1.0000000000e-03
1.4000000000e+02 2.5575339794e-02 2.6036772877e-02 2.5054048747e-02 5.3046137764e-01 4.6953843273e-01 1.0000000000e-03
1.4100000000e+02 2.5476776063e-02 2.5977367535e-02 2.4915773422e-02 5.2845819369e-01 4.7154161600e-01 1.0000000000e-03
1.4200000000e+02 2.5360021740e-02 2.6261629537e-02 2.4353485554e-02 5.2749731877e-01 4.7250249019e-01 1.0000000000e-03
1.4300000000e+02 2.5260370225e-02 2.6710493490e-02 2.3639528081e-02 5.2779719313e-01 4.7220261507e-01 1.0000000000e-03
1.4400000000e+02 2.5188405067e-02 2.7086509392e-02 2.3056266829e-02 5.2903622992e-01 4.7096357752e-01 1.0000000000e-03
1.4500000000e+02 2.5110766292e-02 2.7151728049e-02 2.2804796696e-02 5.3048331037e-01 4.6951649631e-01 1.0000000000e-03
1.4600000000e+02 2.5008611381e-02 2.6798160747e-02 2.2980300710e-02 5.3126981990e-01 4.6872998602e-01 1.0000000000e-03
1.4700000000e+02 2.4903826416e-02 2.6139626279e-02 2.3505816236e-02 5.3079544748e-01 4.6920435771e-01 1.0000000000e-03
1.4800000000e+02 2.4818597361e-02 2.5468312204e-02 2.4088568985e-02 5.2910797272e-01 4.7089183177e-01 1.0000000000e-03
1.4900000000e+02 2.4739122018e-02 2.5095501915e-02 2.4342130870e-02 5.2695910603e-01 4.7304069778e-01 1.0000000000e-03
1.5000000000e+02 2.4641845375e-02 2.5179825723e-02 2.4046255276e-02 5.2541457717e-01 4.7458522594e-01 1.0000000000e-03
1.5100000000e+02 2.4538882077e-02 2.5637974963e-02 2.3322947323e-02 5.2523726729e-01 4.7476253509e-01 1.0000000000e-03
1.5200000000e+02 2.4458482862e-02 2.6169989258e-02 2.2556008771e-02 5.2642200205e-01 4.7357779957e-01 1.0000000000e-03
1.5300000000e+02 2.4391844869e-02 2.6414481923e-02 2.2127464414e-02 5.2819557722e-01 4.7180422364e-01 1.0000000000e-03
1.5400000000e+02 2.4309135973e-02 2.6179946959e-02 2.2203862667e-02 5.2948490788e-01 4.7051489222e-01 1.0000000000e-03
1.5500000000e+02 2.4210494012e-02 2.5570232421e-02 2.2680062801e-02 5.2953138221e-01 4.7046841715e-01 1.0000000000e-03
1.5600000000e+02 2.4121303111e-02 2.4889754131e-02 2.3260755464e-02 5.2826980275e-01 4.7172999591e-01 1.0000000000e-03
1.5700000000e+02 2.4046272039e-02 2.4431396276e-02 2.3618409410e-02 5.2628879541e-01 4.7371100258e-01 1.0000000000e-03
1.5800000000e+02 2.3963302374e-02 2.4333655834e-02 2.3554839194e-02 5.2447306157e-01 4.7552673574e-01 1.0000000000e-03
1.5900000000e+02 2.3867158219e-02 2.4569915608e-02 2.3094868287e-02 5.2357305815e-01 4.7642673845e-01 1.0000000000e-03
1.6000000000e+02 2.3781355470e-02 2.4985333905e-02 2.2456608713e-02 5.2388081464e-01 4.7611898122e-01 1.0000000000e-03
1.6100000000e+02 2.3713693023e-02 2.5333292782e-02 2.1922895685e-02 5.2510113504e-01 4.7489866007e-01 1.0000000000e-03
1.6200000000e+02 2.3641902953e-02 2.5375710800e-02 2.1714203060e-02 5.2647879353e-01 4.7352100083e-01 1.0000000000e-03
1.6300000000e+02 2.3554466665e-02 2.5035744533e-02 2.1902972832e-02 5.2716798985e-01 4.7283180378e-01 1.0000000000e-03
1.6400000000e+02 2.3468414322e-02 2.4464465678e-02 2.2360000759e-02 5.2669836486e-01 4.7330142804e-01 1.0000000000e-03
1.6500000000e+02 2.3395201191e-02 2.3945877329e-02 2.2785909474e-02 5.2526960825e-01 4.7473018396e-01 1.0000000000e-03
1.6600000000e+02 2.3320155218e-02 2.3721512407e-02 2.2878959775e-02 5.2364665377e-01 4.7635313776e-01 1.0000000000e-03
1.6700000000e+02 2.3233287036e-02 2.3859133944e-02 2.2547936067e-02 5.2269469081e-01 4.7730510002e-01 1.0000000000e-03
1.6800000000e+02 2.3150924593e-02 2.4218402803e-02 2.1981231868e-02 5.2284641019e-01 4.7715337991e-01 1.0000000000e-03
1.6900000000e+02 2.3084007204e-02 2.4523831904e-02 2.1499974653e-02 5.2384685880e-01 4.7615293056e-01 1.0000000000e-03
1.7000000000e+02 2.3016907275e-02 2.4534761906e-02 2.1339662373e-02 5.2494460228e-01 4.7505518635e-01 1.0000000000e-03
1.7100000000e+02 2.2936796769e-02 2.4207917973e-02 2.1529752761e-02 5.2537787600e-01 4.7462191190e-01 1.0000000000e-03
1.7200000000e+02 2.2855758667e-02 2.3711752146e-02 2.1910373122e-02 5.2481431540e-01 4.7518547179e-01 1.0000000000e-03
1.7300000000e+02 2.2785462439e-02 2.3291498423e-02 2.2229520604e-02 5.2349934235e-01 4.7650044415e-01 1.0000000000e-03
1.7400000000e+02 2.2715106606e-02 2.3120395839e-02 2.2272370756e-02 5.2208349405e-01 4.7791629177e-01 1.0000000000e-03
1.7500000000e+02 2.2635782138e-02 2.3234710097e-02 2.1983673796e-02 5.2125846037e-01 4.7874132476e-01 1.0000000000e-03
1.7600000000e+02 2.2559311241e-02 2.3532083258e-02 2.1499603987e-02 5.2138932393e-01 4.7861046048e-01 1.0000000000e-03
1.7700000000e+02 2.2495243698e-02 2.3804720491e-02 2.1063487977e-02 5.2230514010e-01 4.7769464358e-01 1.0000000000e-03
1.7800000000e+02 2.2431354970e-02 2.3840706795e-02 2.0883742720e-02 5.2338037210e-01 4.7661941085e-01 1.0000000000e-03
1.7900000000e+02 2.2357335314e-02 2.3565156385e-02 2.1028328687e-02 5.2388671578e-01 4.7611306646e-01 1.0000000000e-03
1.8000000000e+02 2.2282909602e-02 2.3101316765e-02 2.1384043619e-02 5.2342818790e-01 4.7657159363e-01 1.0000000000e-03
1.8100000000e+02 2.2216815501e-02 2.2686561570e-02 2.1703444421e-02 5.2219272076e-01 4.7780706009e-01 1.0000000000e-03
1.8200000000e+02 2.2149538621e-02 2.2516530007e-02 2.1750638261e-02 5.2083851596e-01 4.7916126422e-01 1.0000000000e-03
1.8300000000e+02 2.2075682878e-02 2.2632027045e-02 2.1472819149e-02 5.2006880298e-01 4.7993097651e-01 1.0000000000e-03
1.8400000000e+02 2.2006046027e-02 2.2902235389e-02 2.1034456789e-02 5.2018744475e-01 4.7981233403e-01 1.0000000000e-03
1.8500000000e+02 2.1945642307e-02 2.3105753586e-02 2.0684154704e-02 5.2093370758e-01 4.7906607048e-01 1.0000000000e-03
1.8600000000e+02 2.1882887930e-02 2.3073198274e-02 2.0584629849e-02 5.2169040743e-01 4.7830936992e-01 1.0000000000e-03
1.8700000000e+02 2.1813068539e-02 2.2796897218e-02 2.0739184693e-02 5.2188458125e-01 4.7811519540e-01 1.0000000000e-03
1.8800000000e+02 2.1745663136e-02 2.2421715781e-02 2.1009391174e-02 5.2132204793e-01 4.7867772803e-01 1.0000000000e-03
1.8900000000e+02 2.1684024483e-02 2.2135313600e-02 2.1194595844e-02 5.2027536068e-01 4.7972441460e-01 1.0000000000e-03
1.9000000000e+02 2.1619467065e-02 2.2056691349e-02 2.1147141233e-02 5.1930043945e-01 4.8069933516e-01 1.0000000000e-03
1.9100000000e+02 2.1551329643e-02 2.2182496265e-02 2.0870598033e-02 5.1889396535e-01 4.8110580857e-01 1.0000000000e-03
1.9200000000e+02 2.1488936618e-02 2.2389935330e-02 2.0516034216e-02 5.1918828672e-01 4.8081148650e-01 1.0000000000e-03
1.9300000000e+02 2.1431647241e-02 2.2498251870e-02 2.0276790485e-02 5.1986612511e-01 4.8013364742e-01 1.0000000000e-03
1.9400000000e+02 2.1370192990e-02 2.2384317592e-02 2.0269989967e-02 5.2035794590e-01 4.7964182593e-01 1.0000000000e-03
1.9500000000e+02 2.1305285394e-02 2.2077318281e-02 2.0468210801e-02 5.2021318091e-01 4.7978659022e-01 1.0000000000e-03
1.9600000000e+02 2.1244578063e-02 2.1739585325e-02 2.0709611475e-02 5.1940503490e-01 4.8059473556e-01 1.0000000000e-03
1.9700000000e+02 2.1185975522e-02 2.1546233445e-02 2.0798280835e-02 5.1834769473e-01 4.8165207507e-01 1.0000000000e-03
1.9800000000e+02 2.1123930812e-02 2.1569279954e-02 2.0646087825e-02 5.1760634450e-01 4.8239342464e-01 1.0000000000e-03
1.9900000000e+02 2.1062130108e-02 2.1741773933e-02 2.0333139226e-02 5.1751965809e-01 4.8248011036e-01 1.0000000000e-03
2.0000000000e+02 2.1006204188e-02 2.1905180067e-02 2.0040130243e-02 5.1799087214e-01 4.8200889563e-01 1.0000000000e-03
2.0100000000e+02 2.0950930193e-02 2.1912148222e-02 1.9915534183e-02 5.1857848609e-01 4.8142128100e-01 1.0000000000e-03
2.0200000000e+02 2.0891522989e-02 2.1724496037e-02 1.9993491471e-02 5.1879527513e-01 4.8120449128e-01 1.0000000000e-03
2.0300000000e+02 2.0832650363e-02 2.1433833987e-02 2.0185496658e-02 5.1841544380e-01 4.8158432194e-01 1.0000000000e-03
2.0400000000e+02 2.0777355880e-02 2.1189220250e-02 2.0335447043e-02 5.1760191850e-01 4.8239784659e-01 1.0000000000e-03
2.0500000000e+02 2.0720895380e-02 2.1099336445e-02 2.0316168666e-02 5.1678721504e-01 4.8321254939e-01 1.0000000000e-03
2.0600000000e+02 2.0662575960e-02 2.1172808483e-02 2.0117776468e-02 5.1638605083e-01 4.8361371293e-01 1.0000000000e-03
2.0700000000e+02 2.0607776940e-02 2.1314661950e-02 1.9852582365e-02 5.1652321342e-01 4.8347654968e-01 1.0000000000e-03
2.0800000000e+02 2.0555879921e-02 2.1382605657e-02 1.9671123475e-02 5.1695532119e-01 4.8304444124e-01 1.0000000000e-03
2.0900000000e+02 2.0501609892e-02 2.1286351606e-02 1.9660813734e-02 5.1724469750e-01 4.8275506426e-01 1.0000000000e-03
2.1000000000e+02 2.0445933565e-02 2.1057741717e-02 1.9790882245e-02 5.1707089096e-01 4.8292887015e-01 1.0000000000e-03
2.1100000000e+02 2.0393060520e-02 2.0822890103e-02 1.9933989272e-02 5.1645428110e-01 4.8354547937e-01 1.0000000000e-03
2.1200000000e+02 2.0340934396e-02 2.0702863112e-02 1.9955508411e-02 5.1572790666e-01 4.8427185316e-01 1.0000000000e-03
2.1300000000e+02 2.0287031308e-02 2.0731994882e-02 1.9814012572e-02 5.1528712892e-01 4.8471263026e-01 1.0000000000e-03
2.1400000000e+02 2.0234532654e-02 2.0842721686e-02 1.9587930292e-02 5.1531018556e-01 4.8468957296e-01 1.0000000000e-03
2.1500000000e+02 2.0185068250e-02 2.0914884284e-02 1.9408108667e-02 5.1564753680e-01 4.8435222107e-01 1.0000000000e-03
2.1600000000e+02 2.0135082304e-02 2.0858613774e-02 1.9363906235e-02 5.1594081833e-01 4.8405893889e-01 1.0000000000e-03
2.1700000000e+02 2.0083241165e-02 2.0677369088e-02 1.9450156018e-02 5.1587586490e-01 4.8412389168e-01 1.0000000000e-03
2.1800000000e+02 2.0033011213e-02 2.0461011678e-02 1.9577832893e-02 5.1539116808e-01 4.8460858786e-01 1.0000000000e-03
2.1900000000e+02 1.9984120503e-02 2.0318662748e-02 1.9629297778e-02 5.1471486728e-01 4.8528488804e-01 1.0000000000e-03
2.2000000000e+02 1.9934095442e-02 2.0305210724e-02 1.9541289657e-02 5.1420194764e-01 4.8579780705e-01 1.0000000000e-03
2.2100000000e+02 1.9884567708e-02 2.0387524739e-02 1.9352462143e-02 5.1408403355e-01 4.8591572051e-01 1.0000000000e-03
2.2200000000e+02 1.9837561995e-02 2.0465746522e-02 1.9172377884e-02 5.1430708770e-01 4.8569266573e-01 1.0000000000e-03
2.2300000000e+02 1.9790701568e-02 2.0444162190e-02 1.9098000601e-02 5.1457855093e-01 4.8542120186e-01 1.0000000000e-03
2.2400000000e+02 1.9742580131e-02 2.0304743201e-02 1.9146637991e-02 5.1458844536e-01 4.8541130681e-01 1.0000000000e-03
2.2500000000e+02 1.9695356488e-02 2.0118156448e-02 1.9247788936e-02 5.1423507064e-01 4.8576468090e-01 1.0000000000e-03
2.2600000000e+02 1.9649319351e-02 1.9983228296e-02 1.9296629354e-02 5.1368553412e-01 4.8631421682e-01 1.0000000000e-03
2.2700000000e+02 1.9602729008e-02 1.9952975214e-02 1.9233446568e-02 5.1323505185e-01 4.8676469847e-01 1.0000000000e-03
2.2800000000e+02 1.9556298852e-02 2.0003408194e-02 1.9085170701e-02 5.1308609340e-01 4.8691365630e-01 1.0000000000e-03
2.2900000000e+02 1.9511830062e-02 2.0055461675e-02 1.8938707188e-02 5.1320942150e-01 4.8679032760e-01 1.0000000000e-03
2.3000000000e+02 1.9467830658e-02 2.0032493398e-02 1.8872125074e-02 5.1337976505e-01 4.8661998343e-01 1.0000000000e-03
2.3100000000e+02 1.9422847778e-02 1.9916620106e-02 1.8901998177e-02 5.1334865070e-01 4.8665109717e-01 1.0000000000e-03
2.3200000000e+02 1.9378533587e-02 1.9760511816e-02 1.8976127729e-02 5.1302623004e-01 4.8697351722e-01 1.0000000000e-03
2.3300000000e+02 1.9335247576e-02 1.9644696265e-02 1.9009880722e-02 5.1254473280e-01 4.8745501387e-01 1.0000000000e-03
2.3400000000e+02 1.9291773438e-02 1.9617060199e-02 1.8950289115e-02 5.1215467064e-01 4.8784507543e-01 1.0000000000e-03
2.3500000000e+02 1.9248444587e-02 1.9659418613e-02 1.8817206845e-02 5.1203363629e-01 4.8796610919e-01 1.0000000000e-03
2.3600000000e+02 1.9206587225e-02 1.9700968638e-02 1.8687589094e-02 5.1215015720e-01 4.8784958768e-01 1.0000000000e-03
2.3700000000e+02 1.9165109843e-02 1.9673150033e-02 1.8631465733e-02 5.1229486538e-01 4.8770487891e-01 1.0000000000e-03
2.3800000000e+02 1.9122956321e-02 1.9564144313e-02 1.8659617752e-02 5.1224856474e-01 4.8775117896e-01 1.0000000000e-03
2.3900000000e+02 1.9081540406e-02 1.9425075501e-02 1.8721193075e-02 5.1194630472e-01 4.8805343839e-01 1.0000000000e-03
2.4000000000e+02 1.9040852785e-02 1.9325878471e-02 1.8742397428e-02 5.1151802218e-01 4.8848172035e-01 1.0000000000e-03
2.4100000000e+02 1.9000014290e-02 1.9301580265e-02 1.8684666604e-02 5.1117822898e-01 4.8882151298e-01 1.0000000000e-03
2.4200000000e+02 1.8959486857e-02 1.9330993295e-02 1.8571177498e-02 5.1106273072e-01 4.8893701065e-01 1.0000000000e-03
2.4300000000e+02 1.8920205534e-02 1.9354894757e-02 1.8465731293e-02 5.1113194484e-01 4.8886779596e-01 1.0000000000e-03
2.4400000000e+02 1.8881008029e-02 1.9321242347e-02 1.8420586362e-02 5.1121191690e-01 4.8878782332e-01 1.0000000000e-03
2.4500000000e+02 1.8841613084e-02 1.9225271419e-02 1.8440490589e-02 5.1113248114e-01 4.8886725851e-01 1.0000000000e-03
2.4600000000e+02 1.8802791834e-02 1.9111437723e-02 1.8480451778e-02 5.1085847759e-01 4.8914126149e-01 1.0000000000e-03
2.4700000000e+02 1.8764609471e-02 1.9035635516e-02 1.8481954932e-02 5.1051051096e-01 4.8948922756e-01 1.0000000000e-03
2.4800000000e+02 1.8726142123e-02 1.9021233544e-02 1.8418692052e-02 5.1026412403e-01 4.8973561393e-01 1.0000000000e-03
2.4900000000e+02 1.8688412383e-02 1.9041802734e-02 1.8320308998e-02 5.1020323995e-01 4.8979649745e-01 1.0000000000e-03
2.5000000000e+02 1.8651470542e-02 1.9044404849e-02 1.8242081627e-02 5.1025879234e-01 4.8974094450e-01 1.0000000000e-03
2.5100000000e+02 1.8614539877e-02 1.8993465230e-02 1.8219728023e-02 5.1027250005e-01 4.8972723623e-01 1.0000000000e-03
2.5200000000e+02 1.8577566370e-02 1.8899247050e-02 1.8242593855e-02 5.1012921676e-01 4.8987051897e-01 1.0000000000e-03
2.5300000000e+02 1.8541220576e-02 1.8805680797e-02 1.8266150728e-02 5.0984396337e-01 4.9015577181e-01 1.0000000000e-03
2.5400000000e+02 1.8505156040e-02 1.8754104152e-02 1.8246529624e-02 5.0954545311e-01 4.9045428153e-01 1.0000000000e-03
2.5500000000e+02 1.8469184637e-02 1.8751373515e-02 1.8176229671e-02 5.0936963921e-01 4.9063009489e-01 1.0000000000e-03
2.5600000000e+02 1.8433906138e-02 1.8765758723e-02 1.8089413643e-02 5.0935023292e-01 4.9064950063e-01 1.0000000000e-03
2.5700000000e+02 1.8398985267e-02 1.8753616139e-02 1.8030779436e-02 5.0939772748e-01 4.9060200553e-01 1.0000000000e-03
2.5800000000e+02 1.8364127725e-02 1.8694419414e-02 1.8021220341e-02 5.0937471513e-01 4.9062501734e-01 1.0000000000e-03
2.5900000000e+02 1.8329694867e-02 1.8606830388e-02 1.8042171374e-02 5.0920759047e-01 4.9079214147e-01 1.0000000000e-03
2.6000000000e+02 1.8295545131e-02 1.8532451242e-02 1.8050016835e-02 5.0894619682e-01 4.9105353459e-01 1.0000000000e-03
2.6100000000e+02 1.8261443824e-02 1.8498772755e-02 1.8015708774e-02 5.0871303230e-01 4.9128669858e-01 1.0000000000e-03
2.6200000000e+02 1.8227772787e-02 1.8498267978e-02 1.7947820947e-02 5.0859686755e-01 4.9140286281e-01 1.0000000000e-03
2.6300000000e+02 1.8194563687e-02 1.8498346210e-02 1.7880175263e-02 5.0858680408e-01 4.9141292575e-01 1.0000000000e-03
2.6400000000e+02 1.8161773682e-02 1.8468271941e-02 1.7844576389e-02 5.0858689048e-01 4.9141283883e-01 1.0000000000e-03
2.6500000000e+02 1.8129019067e-02 1.8404202536e-02 1.7844326794e-02 5.0850046116e-01 4.9149926763e-01 1.0000000000e-03
2.6600000000e+02 1.8096476793e-02 1.8331848085e-02 1.7853157595e-02 5.0831184973e-01 4.9168787855e-01 1.0000000000e-03
2.6700000000e+02 1.8064349890e-02 1.8282212317e-02 1.7839329317e-02 5.0809369629e-01 4.9190603148e-01 1.0000000000e-03
2.6800000000e+02 1.8032416701e-02 1.8265550956e-02 1.7791766673e-02 5.0794130031e-01 4.9205842695e-01 1.0000000000e-03
2.6900000000e+02 1.8000822514e-02 1.8264682963e-02 1.7728513107e-02 5.0789197731e-01 4.9210774944e-01 1.0000000000e-03
2.7000000000e+02 1.7969628796e-02 1.8249217421e-02 1.7681080848e-02 5.0789337476e-01 4.9210635148e-01 1.0000000000e-03
2.7100000000e+02 1.7938528210e-02 1.8202401698e-02 1.7666246742e-02 5.0785140975e-01 4.9214831599e-01 1.0000000000e-03
2.7200000000e+02 1.7907720059e-02 1.8136462197e-02 1.7671817914e-02 5.0771504910e-01 4.9228467614e-01 1.0000000000e-03
2.7300000000e+02 1.7877195030e-02 1.8079198897e-02 1.7669033259e-02 5.0751721665e-01 4.9248250809e-01 1.0000000000e-03
2.7400000000e+02 1.7846848816e-02 1.8048917875e-02 1.7638769001e-02 5.0734011721e-01 4.9265960704e-01 1.0000000000e-03
2.7500000000e+02 1.7816776410e-02 1.8041511998e-02 1.7585441470e-02 5.0724615516e-01 4.9275356859e-01 1.0000000000e-03
2.7600000000e+02 1.7787035555e-02 1.8033483997e-02 1.7533373088e-02 5.0722458288e-01 4.9277514038e-01 1.0000000000e-03
2.7700000000e+02 1.7757635564e-02 1.8004130572e-02 1.7503943294e-02 5.0720643925e-01 4.9279328352e-01 1.0000000000e-03
2.7800000000e+02 1.7728302628e-02 1.7952656373e-02 1.7497472465e-02 5.0712778704e-01 4.9287193524e-01 1.0000000000e-03
2.7900000000e+02 1.7699329183e-02 1.7896352336e-02 1.7496738583e-02 5.0697953044e-01 4.9302019137e-01 1.0000000000e-03
2.8000000000e+02 1.7670523375e-02 1.7856888473e-02 1.7479013652e-02 5.0681625274e-01 4.9318346858e-01 1.0000000000e-03
2.8100000000e+02 1.7641933635e-02 1.7839716747e-02 1.7438786104e-02 5.0670284961e-01 4.9329687124e-01 1.0000000000e-03
2.8200000000e+02 1.7613660544e-02 1.7829565331e-02 1.7391944304e-02 5.0665379143e-01 4.9334592894e-01 1.0000000000e-03
2.8300000000e+02 1.7585605383e-02 1.7807425931e-02 1.7357833683e-02 5.0662765415e-01 4.9337206575e-01 1.0000000000e-03
2.8400000000e+02 1.7557699233e-02 1.7765888944e-02 1.7343979329e-02 5.0656571624e-01 4.9343400318e-01 1.0000000000e-03
2.8500000000e+02 1.7530068755e-02 1.7715770751e-02 1.7339529470e-02 5.0644576986e-01 4.9355394910e-01 1.0000000000e-03
2.8600000000e+02 1.7502788454e-02 1.7675790936e-02 1.7325378954e-02 5.0630175025e-01 4.9369796823e-01 1.0000000000e-03
2.8700000000e+02 1.7475549132e-02 1.7654038966e-02 1.7292596400e-02 5.0618869577e-01 4.9381102225e-01 1.0000000000e-03
2.8800000000e+02 1.7448607832e-02 1.7642464489e-02 1.7249945551e-02 5.0613228208e-01 4.9386743548e-01 1.0000000000e-03
2.8900000000e+02 1.7421964556e-02 1.7625128850e-02 1.7213780433e-02 5.0610939712e-01 4.9389031998e-01 1.0000000000e-03
2.9000000000e+02 1.7395420000e-02 1.7590880394e-02 1.7195168883e-02 5.0606722191e-01 4.9393249474e-01 1.0000000000e-03
2.9100000000e+02 1.7369067296e-02 1.7545536160e-02 1.7188340425e-02 5.0597467445e-01 4.9402504174e-01 1.0000000000e-03
2.9200000000e+02 1.7342943698e-02 1.7504416406e-02 1.7177658156e-02 5.0584826901e-01 4.9415144672e-01 1.0000000000e-03
2.9300000000e+02 1.7316993326e-02 1.7477789894e-02 1.7152475193e-02 5.0573312464e-01 4.9426659065e-01 1.0000000000e-03
2.9400000000e+02 1.7291342840e-02 1.7463469878e-02 1.7115280032e-02 5.0566327130e-01 4.9433644354e-01 1.0000000000e-03
2.9500000000e+02 1.7265910283e-02 1.7447840422e-02 1.7079845071e-02 5.0562982849e-01 4.9436988590e-01 1.0000000000e-03
2.9600000000e+02 1.7240600660e-02 1.7420081422e-02 1.7057068646e-02 5.0559328514e-01 4.9440642881e-01 1.0000000000e-03
2.9700000000e+02 1.7215540633e-02 1.7381882295e-02 1.7045494169e-02 5.0552248939e-01 4.9447722412e-01 1.0000000000e-03
2.9800000000e+02 1.7190596089e-02 1.7344161868e-02 1.7033673823e-02 5.0542180750e-01 4.9457790557e-01 1.0000000000e-03
2.9900000000e+02 1.7165938392e-02 1.7316890880e-02 1.7011744902e-02 5.0532406021e-01 4.9467565242e-01 1.0000000000e-03
3.0000000000e+02 1.7141465098e-02 1.7299836501e-02 1.6979733482e-02 5.0525854004e-01 4.9474117215e-01 1.0000000000e-03
3.0100000000e+02 1.7117075622e-02 1.7283201218e-02 1.6947453842e-02 5.0522309044e-01 4.9477662132e-01 1.0000000000e-03
3.0200000000e+02 1.7093069851e-02 1.7257427797e-02 1.6925275326e-02 5.0518661538e-01 4.9481309596e-01 1.0000000000e-03
3.0300000000e+02 1.7069116235e-02 1.7222832888e-02 1.6912225634e-02 5.0512290716e-01 4.9487680375e-01 1.0000000000e-03
3.0400000000e+02 1.7045218498e-02 1.7187720165e-02 1.6899826005e-02 5.0503288807e-01 4.9496682240e-01 1.0000000000e-03
3.0500000000e+02 1.7021708190e-02 1.7161283642e-02 1.6879355535e-02 5.0494368965e-01 4.9505602041e-01 1.0000000000e-03
3.0600000000e+02 1.6998330131e-02 1.7143879086e-02 1.6849922016e-02 5.0488167448e-01 4.9511803515e-01 1.0000000000e-03
3.0700000000e+02 1.6975071281e-02 1.7128443345e-02 1.6818702221e-02 5.0484970303e-01 4.9515000618e-01 1.0000000000e-03
3.0800000000e+02 1.6952142119e-02 1.7105266452e-02 1.6796045005e-02 5.0482077903e-01 4.9517892976e-01 1.0000000000e-03
3.0900000000e+02 1.6929171979e-02 1.7074093223e-02 1.6781466082e-02 5.0477085623e-01 4.9522885215e-01 1.0000000000e-03
3.1000000000e+02 1.6906425357e-02 1.7041809857e-02 1.6768479720e-02 5.0469796717e-01 4.9530174079e-01 1.0000000000e-03
3.1100000000e+02 1.6883961856e-02 1.7015369609e-02 1.6750112176e-02 5.0462094932e-01 4.9537875823e-01 1.0000000000e-03
3.1200000000e+02 1.6861476004e-02 1.6996845603e-02 1.6723623499e-02 5.0456396741e-01 4.9543573973e-01 1.0000000000e-03
3.1300000000e+02 1.6839288175e-02 1.6979897395e-02 1.6696117818e-02 5.0452889351e-01 4.9547081322e-01 1.0000000000e-03
3.1400000000e+02 1.6817376018e-02 1.6957806423e-02 1.6674404964e-02 5.0449731362e-01 4.9550239270e-01 1.0000000000e-03
3.1500000000e+02 1.6795461997e-02 1.6930153593e-02 1.6658360139e-02 5.0445216011e-01 4.9554754581e-01 1.0000000000e-03
3.1600000000e+02 1.6773782670e-02 1.6901230440e-02 1.6644086689e-02 5.0439020724e-01 4.9560949827e-01 1.0000000000e-03
3.1700000000e+02 1.6752216965e-02 1.6877686605e-02 1.6624566168e-02 5.0432893778e-01 4.9567076734e-01 1.0000000000e-03
3.1800000000e+02 1.6730800271e-02 1.6859667376e-02 1.6599714756e-02 5.0428448892e-01 4.9571521580e-01 1.0000000000e-03
3.1900000000e+02 1.6709618270e-02 1.6842823476e-02 1.6574136913e-02 5.0425804619e-01 4.9574165813e-01 1.0000000000e-03
3.2000000000e+02 1.6688484699e-02 1.6820693389e-02 1.6554027796e-02 5.0423172883e-01 4.9576797510e-01 1.0000000000e-03
3.2100000000e+02 1.6667559743e-02 1.6793958843e-02 1.6539033502e-02 5.0419093275e-01 4.9580877078e-01 1.0000000000e-03
3.2200000000e+02 1.6646828502e-02 1.6766784713e-02 1.6524879262e-02 5.0413513669e-01 4.9586456645e-01 1.0000000000e-03
3.2300000000e+02 1.6626143828e-02 1.6744671389e-02 1.6505675390e-02 5.0408099661e-01 4.9591870614e-01 1.0000000000e-03
3.2400000000e+02 1.6605697572e-02 1.6727250069e-02 1.6482172534e-02 5.0404186973e-01 4.9595783263e-01 1.0000000000e-03
3.2500000000e+02 1.6585357487e-02 1.6710432246e-02 1.6458265483e-02 5.0401779519e-01 4.9598190679e-01 1.0000000000e-03
3.2600000000e+02 1.6565173864e-02 1.6690341756e-02 1.6437998042e-02 5.0399685824e-01 4.9600284336e-01 1.0000000000e-03
3.2700000000e+02 1.6545182094e-02 1.6665337607e-02 1.6423117369e-02 5.0396317645e-01 4.9603652476e-01 1.0000000000e-03
3.2800000000e+02 1.6525287181e-02 1.6641493887e-02 1.6407253221e-02 5.0392123018e-01 4.9607847066e-01 1.0000000000e-03
3.2900000000e+02 1.6505518928e-02 1.6620099545e-02 1.6389155760e-02 5.0387890862e-01 4.9612079184e-01 1.0000000000e-03
3.3000000000e+02 1.6485933214e-02 1.6603512689e-02 1.6366537660e-02 5.0385038172e-01 4.9614931836e-01 1.0000000000e-03
3.3100000000e+02 1.6466505826e-02 1.6585091129e-02 1.6346100718e-02 5.0382819154e-01 4.9617150816e-01 1.0000000000e-03
3.3200000000e+02 1.6447171569e-02 1.6565373167e-02 1.6327165067e-02 5.0380745759e-01 4.9619224174e-01 1.0000000000e-03
3.3300000000e+02 1.6427977011e-02 1.6541438177e-02 1.6312800348e-02 5.0377465440e-01 4.9622504457e-01 1.0000000000e-03
3.3400000000e+02 1.6408979893e-02 1.6520341858e-02 1.6295947134e-02 5.0373906895e-01 4.9626062964e-01 1.0000000000e-03
3.3500000000e+02 1.6389984637e-02 1.6500936821e-02 1.6277385876e-02 5.0370615095e-01 4.9629354728e-01 1.0000000000e-03
3.3600000000e+02 1.6371233389e-02 1.6485799104e-02 1.6254974529e-02 5.0368802371e-01 4.9631167415e-01 1.0000000000e-03
3.3700000000e+02 1.6352547333e-02 1.6467293724e-02 1.6236111522e-02 5.0367265874e-01 4.9632703875e-01 1.0000000000e-03
3.3800000000e+02 1.6334073618e-02 1.6448473558e-02 1.6217995435e-02 5.0365815223e-01 4.9634154491e-01 1.0000000000e-03
3.3900000000e+02 1.6315763816e-02 1.6424925998e-02 1.6205014661e-02 5.0362929941e-01 4.9637039736e-01 1.0000000000e-03
3.4000000000e+02 1.6297489405e-02 1.6406375915e-02 1.6187028959e-02 5.0360284381e-01 4.9639685260e-01 1.0000000000e-03
3.4100000000e+02 1.6279324889e-02 1.6386535019e-02 1.6170579940e-02 5.0357419971e-01 4.9642549635e-01 1.0000000000e-03
3.4200000000e+02 1.6261305660e-02 1.6373371705e-02 1.6147637740e-02 5.0356382293e-01 4.9643587278e-01 1.0000000000e-03
3.4300000000e+02 1.6243390739e-02 1.6352407634e-02 1.6132824123e-02 5.0354539950e-01 4.9645429585e-01 1.0000000000e-03
3.4400000000e+02 1.6225725412e-02 1.6338193789e-02 1.6111664474e-02 5.0353988919e-01 4.9645980581e-01 1.0000000000e-03
3.4500000000e+02 1.6208069399e-02 1.6311286017e-02 1.6103403643e-02 5.0350654550e-01 4.9649314915e-01 1.0000000000e-03
3.4600000000e+02 1.6190700233e-02 1.6302881762e-02 1.6076946631e-02 5.0350475793e-01 4.9649493637e-01 1.0000000000e-03
3.4700000000e+02 1.6173444688e-02 1.6272632405e-02 1.6072882339e-02 5.0346304211e-01 4.9653665184e-01 1.0000000000e-03
3.4800000000e+02 1.6156557947e-02 1.6277324408e-02 1.6034102067e-02 5.0349309433e-01 4.9650659928e-01 1.0000000000e-03
3.4900000000e+02 1.6140144318e-02 1.6230719164e-02 1.6048328951e-02 5.0342629038e-01 4.9657340289e-01 1.0000000000e-03
3.5000000000e+02 1.6124742106e-02 1.6256881878e-02 1.5990750864e-02 5.0349628222e-01 4.9650341071e-01 1.0000000000e-03
3.5100000000e+02 1.6111560166e-02 1.6176199540e-02 1.6046056524e-02 5.0334858426e-01 4.9665110834e-01 1.0000000000e-03
3.5200000000e+02 1.6103696078e-02 1.6265122220e-02 1.5939990059e-02 5.0351849362e-01 4.9648119868e-01 1.0000000000e-03
3.5300000000e+02 1.6108104959e-02 1.6117455438e-02 1.6098642722e-02 5.0319582642e-01 4.9680386560e-01 1.0000000000e-03
3.5400000000e+02 1.6142623499e-02 1.6375504434e-02 1.5906373039e-02 5.0360284534e-01 4.9639684651e-01 1.0000000000e-03
3.5500000000e+02 1.6249198467e-02 1.6103373840e-02 1.6396667808e-02 5.0279132465e-01 4.9720836724e-01 1.0000000000e-03
3.5600000000e+02 1.6523290426e-02 1.6873829067e-02 1.6167704016e-02 5.0358071832e-01 4.9641897411e-01 1.0000000000e-03
3.5700000000e+02 1.7131496221e-02 1.6547918320e-02 1.7718633637e-02 5.0151438449e-01 4.9848530952e-01 1.0000000000e-03
3.5800000000e+02 1.8203675747e-02 1.8571272492e-02 1.7832579091e-02 5.0237751341e-01 4.9762218373e-01 1.0000000000e-03
3.5900000000e+02 1.9313927740e-02 1.8012354150e-02 2.0609164611e-02 4.9877788005e-01 5.0122182148e-01 1.0000000000e-03
3.6000000000e+02 1.9158434123e-02 1.9367622212e-02 1.8949721009e-02 4.9944539485e-01 5.0055431043e-01 1.0000000000e-03
3.6100000000e+02 1.7299417406e-02 1.6779597849e-02 1.7815113068e-02 4.9800420329e-01 5.0199550256e-01 1.0000000000e-03
3.6200000000e+02 1.5946980566e-02 1.6223406419e-02 1.5671590343e-02 4.9906881816e-01 5.0093088575e-01 1.0000000000e-03
3.6300000000e+02 1.6680769622e-02 1.7122374848e-02 1.6238315031e-02 5.0048692326e-01 4.9951278028e-01 1.0000000000e-03
3.6400000000e+02 1.7757032067e-02 1.7115660012e-02 1.8394928426e-02 4.9863696812e-01 5.0136273691e-01 1.0000000000e-03
3.6500000000e+02 1.7143066972e-02 1.7568580806e-02 1.6717538238e-02 5.0001434545e-01 4.9998535991e-01 1.0000000000e-03
3.6600000000e+02 1.5965726227e-02 1.6126308590e-02 1.5804821625e-02 5.0051630190e-01 4.9948340161e-01 1.0000000000e-03
3.6700000000e+02 1.6243204474e-02 1.6207158566e-02 1.6279311851e-02 5.0035360507e-01 4.9964609731e-01 1.0000000000e-03
3.6800000000e+02 1.7017655075e-02 1.7375245690e-02 1.6658106819e-02 5.0137181203e-01 4.9862789072e-01 1.0000000000e-03
3.6900000000e+02 1.6576170921e-02 1.6295202076e-02 1.6857586801e-02 5.0038644494e-01 4.9961325738e-01 1.0000000000e-03
3.7000000000e+02 1.5845868737e-02 1.6047071666e-02 1.5643883497e-02 5.0098390945e-01 4.9901579108e-01 1.0000000000e-03
3.7100000000e+02 1.6176342964e-02 1.6517061740e-02 1.5832973644e-02 5.0194282474e-01 4.9805687482e-01 1.0000000000e-03
3.7200000000e+02 1.6587022692e-02 1.6377044842e-02 1.6797948629e-02 5.0111415833e-01 4.9888554113e-01 1.0000000000e-03
3.7300000000e+02 1.6123987734e-02 1.6538264230e-02 1.5705902129e-02 5.0229344394e-01 4.9770625456e-01 1.0000000000e-03
3.7400000000e+02 1.5782933682e-02 1.6094358638e-02 1.5467688441e-02 5.0305684251e-01 4.9694285447e-01 1.0000000000e-03
3.7500000000e+02 1.6140250489e-02 1.6109641641e-02 1.6171196476e-02 5.0265580011e-01 4.9734389618e-01 1.0000000000e-03
3.7600000000e+02 1.6239833087e-02 1.6583122313e-02 1.5891775489e-02 5.0345463702e-01 4.9654505886e-01 1.0000000000e-03
3.7700000000e+02 1.5838846564e-02 1.5890734270e-02 1.5786284581e-02 5.0327402414e-01 4.9672567057e-01 1.0000000000e-03
3.7800000000e+02 1.5784211457e-02 1.5858450904e-02 1.5709033236e-02 5.0318326970e-01 4.9681642387e-01 1.0000000000e-03
3.7900000000e+02 1.6051568091e-02 1.6344040632e-02 1.5754645690e-02 5.0378302510e-01 4.9621666796e-01 1.0000000000e-03
3.8000000000e+02 1.5955643728e-02 1.5884792432e-02 1.6027411446e-02 5.0318125170e-01 4.9681844071e-01 1.0000000000e-03
3.8100000000e+02 1.5699984506e-02 1.5882037580e-02 1.5515414067e-02 5.0344695321e-01 4.9655273812e-01 1.0000000000e-03
3.8200000000e+02 1.5786167234e-02 1.6044100747e-02 1.5524161048e-02 5.0392575830e-01 4.9607393221e-01 1.0000000000e-03
3.8300000000e+02 1.5914987773e-02 1.5879169106e-02 1.5951307490e-02 5.0341985027e-01 4.9657983978e-01 1.0000000000e-03
3.8400000000e+02 1.5758723021e-02 1.6050871462e-02 1.5461858362e-02 5.0401241283e-01 4.9598727648e-01 1.0000000000e-03
3.8500000000e+02 1.5643214807e-02 1.5856446698e-02 1.5426295809e-02 5.0429867641e-01 4.9570101200e-01 1.0000000000e-03
3.8600000000e+02 1.5751676634e-02 1.5774725005e-02 1.5728270635e-02 5.0394252296e-01 4.9605716487e-01 1.0000000000e-03
3.8700000000e+02 1.5774922445e-02 1.6007564962e-02 1.5538260341e-02 5.0429210042e-01 4.9570758693e-01 1.0000000000e-03
3.8800000000e+02 1.5638232231e-02 1.5665963292e-02 1.5610068105e-02 5.0395223223e-01 4.9604745441e-01 1.0000000000e-03
3.8900000000e+02 1.5608999878e-02 1.5657318756e-02 1.5559968539e-02 5.0371291651e-01 4.9628676943e-01 1.0000000000e-03
3.9000000000e+02 1.5687773004e-02 1.5896037221e-02 1.5476151370e-02 5.0401080947e-01 4.9598887600e-01 1.0000000000e-03
3.9100000000e+02 1.5658646822e-02 1.5678856522e-02 1.5638150275e-02 5.0367470318e-01 4.9632498182e-01 1.0000000000e-03
3.9200000000e+02 1.5564560890e-02 1.5749927610e-02 1.5376282856e-02 5.0390742580e-01 4.9609225857e-01 1.0000000000e-03
3.9300000000e+02 1.5570654534e-02 1.5786074102e-02 1.5351582319e-02 5.0421436200e-01 4.9578532181e-01 1.0000000000e-03
3.9400000000e+02 1.5613541007e-02 1.5661915764e-02 1.5564406291e-02 5.0394904320e-01 4.9605064021e-01 1.0000000000e-03
3.9500000000e+02 1.5570839867e-02 1.5791255981e-02 1.5346638858e-02 5.0426807118e-01 4.9573161177e-01 1.0000000000e-03
3.9600000000e+02 1.5511175618e-02 1.5644524246e-02 1.5375538729e-02 5.0427481481e-01 4.9572486761e-01 1.0000000000e-03
3.9700000000e+02 1.5523938462e-02 1.5595119447e-02 1.5451597981e-02 5.0407845506e-01 4.9592122691e-01 1.0000000000e-03
3.9800000000e+02 1.5542822890e-02 1.5730055049e-02 1.5352369286e-02 5.0427814846e-01 4.9572153314e-01 1.0000000000e-03
3.9900000000e+02 1.5503076836e-02 1.5544731170e-02 1.5460764989e-02 5.0398572276e-01 4.9601395843e-01 1.0000000000e-03
4.0000000000e+02 1.5464181080e-02 1.5579570085e-02 1.5346957371e-02 5.0396320731e-01 4.9603647342e-01 1.0000000000e-03
4.0100000000e+02 1.5472952276e-02 1.5655091032e-02 1.5287768096e-02 5.0416042065e-01 4.9583925970e-01 1.0000000000e-03
4.0200000000e+02 1.5479078516e-02 1.5561760403e-02 1.5395067632e-02 5.0401359660e-01 4.9598608341e-01 1.0000000000e-03
4.0300000000e+02 1.5447475947e-02 1.5661004931e-02 1.5230244026e-02 5.0430944210e-01 4.9569023753e-01 1.0000000000e-03
4.0400000000e+02 1.5419173054e-02 1.5587511472e-02 1.5247834846e-02 5.0442927250e-01 4.9557040674e-01 1.0000000000e-03
4.0500000000e+02 1.5421498567e-02 1.5527965501e-02 1.5313180164e-02 5.0433454125e-01 4.9566513765e-01 1.0000000000e-03
4.0600000000e+02 1.5422163531e-02 1.5601046383e-02 1.5240050852e-02 5.0448632151e-01 4.9551335707e-01 1.0000000000e-03
4.0700000000e+02 1.5398053452e-02 1.5471342951e-02 1.5323510394e-02 5.0427770107e-01 4.9572197718e-01 1.0000000000e-03
4.0800000000e+02 1.5374686569e-02 1.5491728671e-02 1.5255657956e-02 5.0423380202e-01 4.9576587588e-01 1.0000000000e-03
4.0900000000e+02 1.5371421352e-02 1.5518947504e-02 1.5221348964e-02 5.0429445821e-01 4.9570521936e-01 1.0000000000e-03
4.1000000000e+02 1.5369509347e-02 1.5444438905e-02 1.5293347649e-02 5.0411077050e-01 4.9588890679e-01 1.0000000000e-03
4.1100000000e+02 1.5351859853e-02 1.5520249493e-02 1.5180591494e-02 5.0425285076e-01 4.9574682623e-01 1.0000000000e-03
4.1200000000e+02 1.5331424773e-02 1.5468210913e-02 1.5192287043e-02 5.0427751561e-01 4.9572216106e-01 1.0000000000e-03
4.1300000000e+02 1.5323467553e-02 1.5451760963e-02 1.5192972496e-02 5.0427198731e-01 4.9572768907e-01 1.0000000000e-03
4.1400000000e+02 1.5319995582e-02 1.5502463095e-02 1.5134262852e-02 5.0444568523e-01 4.9555399086e-01 1.0000000000e-03
4.1500000000e+02 1.5307313763e-02 1.5409351327e-02 1.5203501098e-02 5.0433731563e-01 4.9566236019e-01 1.0000000000e-03
4.1600000000e+02 1.5289439820e-02 1.5423282981e-02 1.5153259970e-02 5.0434512012e-01 4.9565455541e-01 1.0000000000e-03
4.1700000000e+02 1.5278013423e-02 1.5393427573e-02 1.5160610899e-02 5.0429158328e-01 4.9570809197e-01 1.0000000000e-03
4.1800000000e+02 1.5272391960e-02 1.5347214416e-02 1.5196340159e-02 5.0410939065e-01 4.9589028433e-01 1.0000000000e-03
4.1900000000e+02 1.5263158828e-02 1.5404990874e-02 1.5118952841e-02 5.0416698203e-01 4.9583269269e-01 1.0000000000e-03
4.2000000000e+02 1.5248414129e-02 1.5356338583e-02 1.5138710849e-02 5.0410709201e-01 4.9589258245e-01 1.0000000000e-03
4.2100000000e+02 1.5235060826e-02 1.5376707539e-02 1.5091045760e-02 5.0416515989e-01 4.9583451431e-01 1.0000000000e-03
4.2200000000e+02 1.5226722695e-02 1.5389217064e-02 1.5061426908e-02 5.0428685919e-01 4.9571281474e-01 1.0000000000e-03
4.2300000000e+02 1.5218969434e-02 1.5336838551e-02 1.5099090524e-02 5.0424872805e-01 4.9575094563e-01 1.0000000000e-03
4.2400000000e+02 1.5207590535e-02 1.5364182182e-02 1.5048265457e-02 5.0434322584e-01 4.9565644759e-01 1.0000000000e-03
4.2500000000e+02 1.5194419771e-02 1.5311581083e-02 1.5075236559e-02 5.0429777986e-01 4.9570189333e-01 1.0000000000e-03
4.2600000000e+02 1.5183538198e-02 1.5299148858e-02 1.5065953135e-02 5.0425197167e-01 4.9574770126e-01 1.0000000000e-03
4.2700000000e+02 1.5175139531e-02 1.5306871384e-02 1.5041151084e-02 5.0426454638e-01 4.9573512631e-01 1.0000000000e-03
4.2800000000e+02 1.5166027471e-02 1.5262400731e-02 1.5068049543e-02 5.0415846471e-01 4.9584120774e-01 1.0000000000e-03
4.2900000000e+02 1.5154718421e-02 1.5295794234e-02 1.5011255629e-02 5.0421202801e-01 4.9578764420e-01 1.0000000000e-03
4.3000000000e+02 1.5142980963e-02 1.5274064615e-02 1.5009673312e-02 5.0422733212e-01 4.9577233985e-01 1.0000000000e-03
4.3100000000e+02 1.5132838860e-02 1.5274944715e-02 1.4988291077e-02 5.0427818267e-01 4.9572148905e-01 1.0000000000e-03
4.3200000000e+02 1.5124037862e-02 1.5288586728e-02 1.4956575818e-02 5.0439921383e-01 4.9560045766e-01 1.0000000000e-03
4.3300000000e+02 1.5114596114e-02 1.5244490467e-02 1.4982408844e-02 5.0439279959e-01 4.9560687167e-01 1.0000000000e-03
4.3400000000e+02 1.5103904530e-02 1.5251860023e-02 1.4953305013e-02 5.0444771476e-01 4.9555195626e-01 1.0000000000e-03
4.3500000000e+02 1.5093030408e-02 1.5213453211e-02 1.4970475808e-02 5.0440542124e-01 4.9559424955e-01 1.0000000000e-03
4.3600000000e+02 1.5083022416e-02 1.5201633796e-02 1.4962335117e-02 5.0436152553e-01 4.9563814503e-01 1.0000000000e-03
4.3700000000e+02 1.5073809773e-02 1.5208107419e-02 1.4937149361e-02 5.0437477696e-01 4.9562489337e-01 1.0000000000e-03
4.3800000000e+02 1.5064450912e-02 1.5183098614e-02 1.4943738468e-02 5.0433453656e-01 4.9566513355e-01 1.0000000000e-03
4.3900000000e+02 1.5054425225e-02 1.5205699950e-02 1.4900469221e-02 5.0440799002e-01 4.9559167986e-01 1.0000000000e-03
4.4000000000e+02 1.5044094995e-02 1.5184801072e-02 1.4900878072e-02 5.0443903163e-01 4.9556063802e-01 1.0000000000e-03
4.4100000000e+02 1.5034124255e-02 1.5183904208e-02 1.4881634153e-02 5.0449779692e-01 4.9550187250e-01 1.0000000000e-03
4.4200000000e+02 1.5024699271e-02 1.5179155394e-02 1.4867405407e-02 5.0456677857e-01 4.9543289063e-01 1.0000000000e-03
4.4300000000e+02 1.5015456825e-02 1.5149232931e-02 1.4879228547e-02 5.0455966470e-01 4.9544000428e-01 1.0000000000e-03
4.4400000000e+02 1.5005931258e-02 1.5150709078e-02 1.4858479612e-02 5.0459058138e-01 4.9540908738e-01 1.0000000000e-03
4.4500000000e+02 1.4996091835e-02 1.5117421746e-02 1.4872547239e-02 5.0453976712e-01 4.9545990142e-01 1.0000000000e-03
4.4600000000e+02 1.4986241236e-02 1.5117932111e-02 1.4852152206e-02 5.0452918225e-01 4.9547048607e-01 1.0000000000e-03
4.4700000000e+02 1.4976641163e-02 1.5111071058e-02 1.4839764684e-02 5.0452916672e-01 4.9547050138e-01 1.0000000000e-03
4.4800000000e+02 1.4967348427e-02 1.5104494058e-02 1.4827698469e-02 5.0453860424e-01 4.9546106364e-01 1.0000000000e-03
4.4900000000e+02 1.4958140440e-02 1.5115347691e-02 1.4798014425e-02 5.0461514752e-01 4.9538452014e-01 1.0000000000e-03
4.5000000000e+02 1.4948837459e-02 1.5094520524e-02 1.4800432138e-02 5.0464548551e-01 4.9535418194e-01 1.0000000000e-03
4.5100000000e+02 1.4939307235e-02 1.5096462332e-02 1.4779172838e-02 5.0471193719e-01 4.9528773004e-01 1.0000000000e-03
4.5200000000e+02 1.4929838479e-02 1.5071818605e-02 1.4785163105e-02 5.0472077425e-01 4.9527889276e-01 1.0000000000e-03
4.5300000000e+02 1.4920502901e-02 1.5060167760e-02 1.4778183773e-02 5.0472119929e-01 4.9527846751e-01 1.0000000000e-03
4.5400000000e+02 1.4911224134e-02 1.5049329028e-02 1.4770499431e-02 5.0471658625e-01 4.9528308033e-01 1.0000000000e-03
4.5500000000e+02 1.4902122319e-02 1.5032366849e-02 1.4769423753e-02 5.0468606388e-01 4.9531360249e-01 1.0000000000e-03
4.5600000000e+02 1.4892999083e-02 1.5036891215e-02 1.4746383764e-02 5.0470514287e-01 4.9529452329e-01 1.0000000000e-03
4.5700000000e+02 1.4883738011e-02 1.5022697859e-02 1.4742146246e-02 5.0470589179e-01 4.9529377415e-01 1.0000000000e-03
4.5800000000e+02 1.4874584042e-02 1.5029328875e-02 1.4716873877e-02 5.0476048711e-01 4.9523917862e-01 1.0000000000e-03
4.5900000000e+02 1.4865403995e-02 1.5017482452e-02 1.4710388146e-02 5.0480093050e-01 4.9519873502e-01 1.0000000000e-03
4.6000000000e+02 1.4856286347e-02 1.5010972507e-02 1.4698580839e-02 5.0484656323e-01 4.9515310208e-01 1.0000000000e-03
4.6100000000e+02 1.4847282320e-02 1.4998225495e-02 1.4693376608e-02 5.0487524866e-01 4.9512441643e-01 1.0000000000e-03
4.6200000000e+02 1.4838294126e-02 1.4978680760e-02 1.4695159160e-02 5.0486543667e-01 4.9513422822e-01 1.0000000000e-03
4.6300000000e+02 1.4829309657e-02 1.4972524717e-02 1.4683290385e-02 5.0486652795e-01 4.9513313673e-01 1.0000000000e-03
4.6400000000e+02 1.4820399694e-02 1.4954923652e-02 1.4683256857e-02 5.0483816358e-01 4.9516150089e-01 1.0000000000e-03
4.6500000000e+02 1.4811491594e-02 1.4958185144e-02 1.4661930501e-02 5.0485442046e-01 4.9514524381e-01 1.0000000000e-03
4.6600000000e+02 1.4802510850e-02 1.4947804622e-02 1.4654372819e-02 5.0486458673e-01 4.9513507733e-01 1.0000000000e-03
4.6700000000e+02 1.4793681912e-02 1.4949503355e-02 1.4634780586e-02 5.0491001969e-01 4.9508964416e-01 1.0000000000e-03
4.6800000000e+02 1.4784768224e-02 1.4939731918e-02 1.4626716264e-02 5.0494834330e-01 4.9505132034e-01 1.0000000000e-03
4.6900000000e+02 1.4775987715e-02 1.4931214973e-02 1.4617645182e-02 5.0498408728e-01 4.9501557615e-01 1.0000000000e-03
4.7000000000e+02 1.4767264947e-02 1.4920339920e-02 1.4611102641e-02 5.0500923438e-01 4.9499042885e-01 1.0000000000e-03
4.7100000000e+02 1.4758517966e-02 1.4903903939e-02 1.4610202052e-02 5.0500585572e-01 4.9499380731e-01 1.0000000000e-03
4.7200000000e+02 1.4749819413e-02 1.4896919951e-02 1.4599751681e-02 5.0500898489e-01 4.9499067793e-01 1.0000000000e-03
4.7300000000e+02 1.4741174877e-02 1.4881822281e-02 1.4597700909e-02 5.0498996542e-01 4.9500969719e-01 1.0000000000e-03
4.7400000000e+02 1.4732498676e-02 1.4882608317e-02 1.4579363167e-02 5.0500558999e-01 4.9499407243e-01 1.0000000000e-03
4.7500000000e+02 1.4723852277e-02 1.4872584492e-02 1.4572115615e-02 5.0501523957e-01 4.9498442264e-01 1.0000000000e-03
4.7600000000e+02 1.4715252444e-02 1.4875030145e-02 1.4552215114e-02 5.0506219530e-01 4.9493746671e-01 1.0000000000e-03
4.7700000000e+02 1.4706656337e-02 1.4862811193e-02 1.4547297731e-02 5.0509236167e-01 4.9490730014e-01 1.0000000000e-03
4.7800000000e+02 1.4698106796e-02 1.4858170412e-02 1.4534731396e-02 5.0513330749e-01 4.9486635411e-01 1.0000000000e-03
4.7900000000e+02 1.4689624310e-02 1.4841520227e-02 1.4534580521e-02 5.0514239053e-01 4.9485727087e-01 1.0000000000e-03
4.8000000000e+02 1.4681077562e-02 1.4832931571e-02 1.4526071958e-02 5.0515073309e-01 4.9484892811e-01 1.0000000000e-03
4.8100000000e+02 1.4672636986e-02 1.4819377102e-02 1.4522858895e-02 5.0514091798e-01 4.9485874302e-01 1.0000000000e-03
4.8200000000e+02 1.4664221555e-02 1.4813693240e-02 1.4511653222e-02 5.0514179012e-01 4.9485787068e-01 1.0000000000e-03
4.8300000000e+02 1.4655718580e-02 1.4806712046e-02 1.4501593076e-02 5.0514812716e-01 4.9485153344e-01 1.0000000000e-03
4.8400000000e+02 1.4647346921e-02 1.4803251252e-02 1.4488193206e-02 5.0517109594e-01 4.9482856446e-01 1.0000000000e-03
4.8500000000e+02 1.4639017172e-02 1.4797797427e-02 1.4476907440e-02 5.0520203607e-01 4.9479762413e-01 1.0000000000e-03
4.8600000000e+02 1.4630589634e-02 1.4791128226e-02 1.4466662891e-02 5.0523630908e-01 4.9476335092e-01 1.0000000000e-03
4.8700000000e+02 1.4622354880e-02 1.4781678095e-02 1.4459650032e-02 5.0526329946e-01 4.9473636034e-01 1.0000000000e-03
4.8800000000e+02 1.4614094980e-02 1.4769596048e-02 1.4455286786e-02 5.0527469477e-01 4.9472496483e-01 1.0000000000e-03
4.8900000000e+02 1.4605771750e-02 1.4759008773e-02 1.4449276030e-02 5.0527742185e-01 4.9472223756e-01 1.0000000000e-03
4.9000000000e+02 1.4597618021e-02 1.4747693203e-02 1.4444354922e-02 5.0526921871e-01 4.9473044050e-01 1.0000000000e-03
4.9100000000e+02 1.4589373022e-02 1.4742664061e-02 1.4432823285e-02 5.0527327455e-01 4.9472638447e-01 1.0000000000e-03
4.9200000000e+02 1.4581153169e-02 1.4735348523e-02 1.4423675835e-02 5.0528036583e-01 4.9471929299e-01 1.0000000000e-03
4.9300000000e+02 1.4573081397e-02 1.4733966440e-02 1.4408751391e-02 5.0531028156e-01 4.9468937706e-01 1.0000000000e-03
4.9400000000e+02 1.4564947225e-02 1.4724254608e-02 1.4402216300e-02 5.0533206360e-01 4.9466759483e-01 1.0000000000e-03
4.9500000000e+02 1.4556837268e-02 1.4721805230e-02 1.4388295822e-02 5.0537168124e-01 4.9462797699e-01 1.0000000000e-03
4.9600000000e+02 1.4548843727e-02 1.4704891481e-02 1.4389413409e-02 5.0537666039e-01 4.9462299764e-01 1.0000000000e-03
4.9700000000e+02 1.4540879987e-02 1.4703428373e-02 1.4374789782e-02 5.0540407107e-01 4.9459558678e-01 1.0000000000e-03
4.9800000000e+02 1.4532953501e-02 1.4680897817e-02 1.4381801710e-02 5.0537821699e-01 4.9462144066e-01 1.0000000000e-03
4.9900000000e+02 1.4525271952e-02 1.4689167030e-02 1.4357800595e-02 5.0541077552e-01 4.9458888194e-01 1.0000000000e-03
5.0000000000e+02 1.4517834410e-02 1.4660286717e-02 1.4372300357e-02 5.0536565147e-01 4.9463400580e-01 1.0000000000e-03
