# time_s Ids_true_A Ids_pred_A Ids_physics_A T_mean_K
4.1760358727e-08 1.0031250000e+01 1.9013610840e+01 3.1434135437e+01 3.2704098511e+02
5.1360075304e-08 2.1375000000e+01 3.0082458496e+01 4.8841491699e+01 3.2770755005e+02
6.0960246628e-08 4.2000000000e+01 5.2139709473e+01 7.2369812012e+01 3.2863818359e+02
7.0560417953e-08 6.0343750000e+01 7.7830429077e+01 9.0860610962e+01 3.2973623657e+02
8.0160361904e-08 8.5031250000e+01 1.0196382141e+02 1.1170967865e+02 3.3102816772e+02
8.9760078481e-08 1.0725000000e+02 1.1901033020e+02 1.2766531372e+02 3.3243615723e+02
9.9360249806e-08 1.2943750000e+02 1.3617382812e+02 1.4643188477e+02 3.3402600098e+02
1.0896042113e-07 1.4840625000e+02 1.5728620911e+02 1.6801524353e+02 3.3582629395e+02
1.1856036508e-07 1.7168750000e+02 1.7563378906e+02 1.8467468262e+02 3.3779217529e+02
1.2816008166e-07 1.9215625000e+02 1.9542684937e+02 2.0074876404e+02 3.3992269897e+02
1.3776025298e-07 2.1053125000e+02 2.1208128357e+02 2.1429704285e+02 3.4218615723e+02
1.4736042431e-07 2.2796875000e+02 2.3643362427e+02 2.3358573914e+02 3.4466427612e+02
1.5696036826e-07 2.4431250000e+02 2.5969189453e+02 2.5132223511e+02 3.4730755615e+02
1.6656008484e-07 2.6412500000e+02 2.6880908203e+02 2.5928771973e+02 3.4997677612e+02
1.7616025616e-07 2.7378125000e+02 2.7257208252e+02 2.6510598755e+02 3.5262194824e+02
1.8576042748e-07 2.8675000000e+02 2.9220800781e+02 2.8058700562e+02 3.5537860107e+02
1.9536037144e-07 3.0181250000e+02 2.9171905518e+02 2.8680401611e+02 3.5807867432e+02
2.0496008801e-07 3.0959375000e+02 3.1137615967e+02 3.0464102173e+02 3.6089871216e+02
2.1456003196e-07 3.2462500000e+02 3.0726397705e+02 3.0647781372e+02 3.6363635254e+02
2.2416043066e-07 3.3140625000e+02 3.2751638794e+02 3.2577859497e+02 3.6651449585e+02
2.3376037461e-07 3.4006250000e+02 3.3026400757e+02 3.3165487671e+02 3.6938397217e+02
2.4336031856e-07 3.5053125000e+02 3.5293258667e+02 3.4958529663e+02 3.7243713379e+02
2.5296003514e-07 3.6309375000e+02 3.5163391113e+02 3.4898193359e+02 3.7543377686e+02
2.6256043384e-07 3.6790625000e+02 3.7840148926e+02 3.6571258545e+02 3.7859643555e+02
2.7216037779e-07 3.7925000000e+02 3.8195675659e+02 3.6656533813e+02 3.8170223999e+02
2.8176032174e-07 3.8568750000e+02 4.2581961060e+02 3.8492098999e+02 3.8500485229e+02
2.9136003832e-07 3.9493750000e+02 4.4861468506e+02 3.9108898926e+02 3.8832528687e+02
3.0096043702e-07 3.9765625000e+02 4.1739038086e+02 3.8856341553e+02 3.9149484253e+02
3.1056038097e-07 4.0946875000e+02 4.3461526489e+02 4.0440869141e+02 3.9479220581e+02
3.2016032492e-07 4.1406250000e+02 4.1729016113e+02 4.1417471313e+02 3.9808853149e+02
3.2976004150e-07 4.1815625000e+02 4.0385382080e+02 4.1471731567e+02 4.0129214478e+02
3.3936044019e-07 4.2425000000e+02 4.0757794189e+02 4.1888458252e+02 4.0448596191e+02
3.4896038414e-07 4.3287500000e+02 3.9555502319e+02 4.2170037842e+02 4.0761563110e+02
3.5856032810e-07 4.3531250000e+02 4.1529589844e+02 4.3050082397e+02 4.1082733154e+02
3.6816004467e-07 4.4296875000e+02 4.1417211914e+02 4.3823104858e+02 4.1405480957e+02
3.7775998862e-07 4.4200000000e+02 4.2309512329e+02 4.4039373779e+02 4.1726995850e+02
3.8736038732e-07 4.4987500000e+02 4.5615411377e+02 4.5903292847e+02 4.2068496704e+02
3.9696033127e-07 4.5765625000e+02 4.7519836426e+02 4.6485162354e+02 4.2413339233e+02
4.0656004785e-07 4.6300000000e+02 4.8016342163e+02 4.7063656616e+02 4.2759176636e+02
4.1615999180e-07 4.6781250000e+02 4.8938708496e+02 4.6460842896e+02 4.3093737793e+02
4.2576039050e-07 4.6859375000e+02 4.8820297241e+02 4.7026489258e+02 4.3428912354e+02
4.3536033445e-07 4.7415625000e+02 4.8461926270e+02 4.6938388062e+02 4.3757189941e+02
4.4496027840e-07 4.7543750000e+02 4.6898071289e+02 4.7471234131e+02 4.4083966064e+02
4.5455999498e-07 4.7918750000e+02 4.5888183594e+02 4.7565692139e+02 4.4405389404e+02
4.6416039368e-07 4.7928125000e+02 4.5698681641e+02 4.7775115967e+02 4.4724255371e+02
4.7376033763e-07 4.8590625000e+02 4.5667956543e+02 4.7999237061e+02 4.5041101074e+02
4.8336028158e-07 4.8940625000e+02 4.7519207764e+02 4.8485827637e+02 4.5361761475e+02
4.9295999816e-07 4.8665625000e+02 4.6498883057e+02 4.8585696411e+02 4.5677706909e+02
5.0256039685e-07 4.9359375000e+02 4.7773565674e+02 4.9791104126e+02 4.6004452515e+02
5.1216034080e-07 4.9725000000e+02 4.9512738037e+02 5.0789135742e+02 4.6340533447e+02
5.2176028476e-07 4.9934375000e+02 5.0840493774e+02 5.0572265625e+02 4.6672119141e+02
5.3136000133e-07 4.9796875000e+02 5.1874621582e+02 5.0795767212e+02 4.7003796387e+02
5.4096040003e-07 5.0243750000e+02 5.2126257324e+02 5.1673315430e+02 4.7341607666e+02
5.5056034398e-07 5.0400000000e+02 5.0379821777e+02 5.1488079834e+02 4.7669863892e+02
5.6016028793e-07 5.0653125000e+02 5.1111389160e+02 5.1048675537e+02 4.7990783691e+02
5.6976000451e-07 5.0718750000e+02 5.0780303955e+02 5.1466845703e+02 4.8312066650e+02
5.7936040321e-07 5.0556250000e+02 5.1070031738e+02 5.2585809326e+02 4.8642514038e+02
5.8896034716e-07 5.0793750000e+02 5.1372106934e+02 5.2702917480e+02 4.8971148682e+02
5.9856029111e-07 5.1231250000e+02 5.0150537109e+02 5.0446807861e+02 4.9269613647e+02
6.0816000769e-07 5.1240625000e+02 5.1321051025e+02 5.2399914551e+02 4.9588464355e+02
6.1776017901e-07 5.1412500000e+02 5.0306774902e+02 5.1205493164e+02 4.9889355469e+02
6.2736035034e-07 5.1553125000e+02 5.1606298828e+02 5.2613104248e+02 5.0205154419e+02
6.3696029429e-07 5.1787500000e+02 5.1124780273e+02 5.1425799561e+02 5.0504083252e+02
6.4656023824e-07 5.1853125000e+02 5.2505041504e+02 5.2756774902e+02 5.0817953491e+02
6.5616018219e-07 5.1946875000e+02 5.2209002686e+02 5.2142889404e+02 5.1121466064e+02
6.6576035351e-07 5.1853125000e+02 5.2803198242e+02 5.1788446045e+02 5.1420031738e+02
6.7536029746e-07 5.1915625000e+02 5.3022119141e+02 5.3625964355e+02 5.1737542725e+02
6.8496024141e-07 5.1875000000e+02 5.2123663330e+02 5.2169897461e+02 5.2033312988e+02
6.9456018537e-07 5.2140625000e+02 5.2433984375e+02 5.0980972290e+02 5.2314593506e+02
7.0416035669e-07 5.1953125000e+02 5.1683001709e+02 5.1455236816e+02 5.2597290039e+02
7.1376030064e-07 5.2265625000e+02 5.1632373047e+02 5.2120922852e+02 5.2885070801e+02
7.2336024459e-07 5.1862500000e+02 5.1344042969e+02 5.1851147461e+02 5.3167199707e+02
7.3296018854e-07 5.1984375000e+02 5.2479412842e+02 5.2919006348e+02 5.3462365723e+02
7.4256035987e-07 5.1812500000e+02 5.1920507812e+02 5.3047753906e+02 5.3754937744e+02
7.5216030382e-07 5.2562500000e+02 5.1304699707e+02 5.2498919678e+02 5.4037744141e+02
7.6176024777e-07 5.2018750000e+02 5.1307281494e+02 5.0932830811e+02 5.4301947021e+02
7.7136019172e-07 5.2065625000e+02 5.1540832520e+02 5.2223742676e+02 5.4579150391e+02
7.8096036304e-07 5.2275000000e+02 5.2237677002e+02 5.1775891113e+02 5.4852233887e+02
7.9056030700e-07 5.1896875000e+02 5.2093023682e+02 5.0523342896e+02 5.5109521484e+02
8.0016025095e-07 5.2003125000e+02 5.1390698242e+02 5.1226452637e+02 5.5371057129e+02
8.0976019490e-07 5.1925000000e+02 5.1682092285e+02 5.2448529053e+02 5.5645568848e+02
8.1936013885e-07 5.1950000000e+02 5.1016320801e+02 5.1656683350e+02 5.5907745361e+02
8.2896031017e-07 5.1881250000e+02 5.1103558350e+02 5.1965789795e+02 5.6172192383e+02
8.3856025412e-07 5.1878125000e+02 5.1734338379e+02 5.0818118286e+02 5.6425225830e+02
8.4816019807e-07 5.1981250000e+02 5.1478326416e+02 5.2009783936e+02 5.6689385986e+02
8.5776014203e-07 5.2365625000e+02 5.1249841309e+02 5.1877355957e+02 5.6949908447e+02
8.6736031335e-07 5.1687500000e+02 5.1324279785e+02 5.0300204468e+02 5.7192431641e+02
8.7696025730e-07 5.1850000000e+02 5.0964099121e+02 5.0563903809e+02 5.7435668945e+02
8.8656020125e-07 5.1587500000e+02 5.1168670654e+02 5.1355010986e+02 5.7687664795e+02
8.9616014520e-07 5.1543750000e+02 5.1142016602e+02 5.1779901123e+02 5.7943719482e+02
9.0576031653e-07 5.1425000000e+02 5.1194311523e+02 5.0280789185e+02 5.8182342529e+02
9.1536026048e-07 5.1412500000e+02 5.1137200928e+02 4.9339431763e+02 5.8409674072e+02
9.2496020443e-07 5.1131250000e+02 5.0620715332e+02 5.1420056152e+02 5.8657019043e+02
9.3456014838e-07 5.1578125000e+02 5.0682843018e+02 5.0621957397e+02 5.8895214844e+02
9.4416031970e-07 5.1562500000e+02 5.0659527588e+02 4.9767306519e+02 5.9123333740e+02
9.5376026366e-07 5.1231250000e+02 5.0506658936e+02 5.0606311035e+02 5.9359661865e+02
9.6336020761e-07 5.0909375000e+02 5.0311425781e+02 5.0480508423e+02 5.9593029785e+02
9.7296015156e-07 5.0950000000e+02 5.0313708496e+02 5.0262319946e+02 5.9823669434e+02
9.8256009551e-07 5.0709375000e+02 5.0050161743e+02 4.9321408081e+02 6.0042187500e+02
9.9216026683e-07 5.0993750000e+02 5.0332012939e+02 4.9006121826e+02 6.0258618164e+02
1.0017602108e-06 5.0987500000e+02 5.0176644897e+02 4.9602438354e+02 6.0480993652e+02
1.0113601547e-06 5.0737500000e+02 4.9604870605e+02 4.9370718384e+02 6.0697131348e+02
1.0209600987e-06 5.0331250000e+02 5.0005496216e+02 4.8996569824e+02 6.0911456299e+02
1.0305602700e-06 5.0206250000e+02 4.9699267578e+02 5.0238650513e+02 6.1138421631e+02
1.0401602140e-06 5.0462500000e+02 4.9593740845e+02 5.0056793213e+02 6.1362481689e+02
1.0497601579e-06 5.0403125000e+02 4.9463818359e+02 4.9316769409e+02 6.1576586914e+02
1.0593601019e-06 4.9965625000e+02 4.9321453857e+02 4.8620071411e+02 6.1782000732e+02
1.0689602732e-06 5.0006250000e+02 4.9434271240e+02 4.8405386353e+02 6.1986102295e+02
1.0785602171e-06 5.0303125000e+02 4.9190386963e+02 4.9469088745e+02 6.2202685547e+02
1.0881601611e-06 4.9531250000e+02 4.9136215210e+02 4.8234866333e+02 6.2403039551e+02
1.0977601050e-06 4.9762500000e+02 4.9129840088e+02 4.7465136719e+02 6.2594995117e+02
1.1073602764e-06 4.9512500000e+02 4.8867443848e+02 4.8801336670e+02 6.2801116943e+02
1.1169602203e-06 4.9446875000e+02 4.8916046143e+02 4.7800344849e+02 6.2996356201e+02
1.1265601643e-06 4.9371875000e+02 4.8697692871e+02 4.7694561768e+02 6.3188922119e+02
1.1361601082e-06 4.9287500000e+02 4.8500177002e+02 4.7861630249e+02 6.3382330322e+02
1.1457602795e-06 4.9234375000e+02 4.8288311768e+02 4.8376229858e+02 6.3580364990e+02
1.1553602235e-06 4.9371875000e+02 4.8245257568e+02 4.7766836548e+02 6.3771612549e+02
1.1649603948e-06 4.8837500000e+02 4.8074243164e+02 4.7168035889e+02 6.3955456543e+02
1.1745601114e-06 4.8715625000e+02 4.8058905029e+02 4.7205920410e+02 6.4140039062e+02
1.1841600553e-06 4.8665625000e+02 4.8091174316e+02 4.6804782104e+02 6.4321026611e+02
1.1937602267e-06 4.8659375000e+02 4.7961688232e+02 4.7298587036e+02 6.4508184814e+02
1.2033601706e-06 4.8221875000e+02 4.7629980469e+02 4.7524468994e+02 6.4694647217e+02
1.2129601146e-06 4.8312500000e+02 4.7619158936e+02 4.7567413330e+02 6.4883154297e+02
1.2225600585e-06 4.8353125000e+02 4.7628176880e+02 4.6848208618e+02 6.5066131592e+02
1.2321602298e-06 4.8484375000e+02 4.7359484863e+02 4.6563873291e+02 6.5241394043e+02
1.2417601738e-06 4.8009375000e+02 4.7442294312e+02 4.5611291504e+02 6.5407379150e+02
1.2513601177e-06 4.8025000000e+02 4.7240313721e+02 4.6256124878e+02 6.5579840088e+02
1.2609600617e-06 4.7968750000e+02 4.7032458496e+02 4.6613122559e+02 6.5755255127e+02
1.2705602330e-06 4.7596875000e+02 4.7039477539e+02 4.5880047607e+02 6.5923278809e+02
1.2801601770e-06 4.7637500000e+02 4.6884710693e+02 4.6152340698e+02 6.6093957520e+02
1.2897601209e-06 4.7081250000e+02 4.6777355957e+02 4.6136883545e+02 6.6264483643e+02
1.2993600649e-06 4.7115625000e+02 4.6620617676e+02 4.6424798584e+02 6.6438287354e+02
1.3089602362e-06 4.6931250000e+02 4.6441156006e+02 4.6583132935e+02 6.6612585449e+02
1.3185601802e-06 4.7240625000e+02 4.6391879272e+02 4.5973641968e+02 6.6780023193e+02
1.3281601241e-06 4.7084375000e+02 4.6353204346e+02 4.5524697876e+02 6.6943017578e+02
1.3377600681e-06 4.6325000000e+02 4.6055932617e+02 4.6504315186e+02 6.7114953613e+02
1.3473600120e-06 4.6721875000e+02 4.6215417480e+02 4.4990295410e+02 6.7272607422e+02
1.3569601833e-06 4.6421875000e+02 4.5931884766e+02 4.5849209595e+02 6.7438842773e+02
1.3665603547e-06 4.6478125000e+02 4.5810333252e+02 4.5797366333e+02 6.7604357910e+02
1.3761600712e-06 4.6346875000e+02 4.5819329834e+02 4.5035589600e+02 6.7761859131e+02
1.3857600152e-06 4.6431250000e+02 4.5644311523e+02 4.5296368408e+02 6.7922094727e+02
1.3953601865e-06 4.5990625000e+02 4.5517083740e+02 4.5064242554e+02 6.8078259277e+02
1.4049603578e-06 4.5834375000e+02 4.5333166504e+02 4.5581631470e+02 6.8239910889e+02
1.4145600744e-06 4.5509375000e+02 4.5299890137e+02 4.5042324829e+02 6.8396844482e+02
1.4241600184e-06 4.5650000000e+02 4.5154208374e+02 4.4245913696e+02 6.8542889404e+02
1.4337601897e-06 4.5587500000e+02 4.5086718750e+02 4.4808328247e+02 6.8697125244e+02
1.4433603610e-06 4.5125000000e+02 4.4924151611e+02 4.4912249756e+02 6.8850231934e+02
1.4529600776e-06 4.4978125000e+02 4.4829211426e+02 4.4771017456e+02 6.9001995850e+02
1.4625600215e-06 4.5359375000e+02 4.4770532227e+02 4.3904257202e+02 6.9144519043e+02
1.4721601929e-06 4.5209375000e+02 4.4681286621e+02 4.3791546631e+02 6.9286083984e+02
1.4817603642e-06 4.4562500000e+02 4.4680841064e+02 4.3609628296e+02 6.9428826904e+02
1.4913600808e-06 4.4881250000e+02 4.4543615723e+02 4.3246218872e+02 6.9565466309e+02
1.5009600247e-06 4.5162500000e+02 4.4361245728e+02 4.3942672729e+02 6.9709729004e+02
1.5105599687e-06 4.4753125000e+02 4.4222171021e+02 4.4044012451e+02 6.9855493164e+02
1.5201603674e-06 4.4243750000e+02 4.4098123169e+02 4.4183212280e+02 7.0001269531e+02
1.5297600839e-06 4.4475000000e+02 4.3989947510e+02 4.4094320679e+02 7.0146307373e+02
1.5393600279e-06 4.4503125000e+02 4.3983889771e+02 4.3044186401e+02 7.0280297852e+02
1.5489599718e-06 4.4371875000e+02 4.3871990967e+02 4.3167578125e+02 7.0416009521e+02
1.5585603705e-06 4.3934375000e+02 4.3789050293e+02 4.2864172363e+02 7.0548547363e+02
1.5681603145e-06 4.4296875000e+02 4.3720492554e+02 4.2457250977e+02 7.0677081299e+02
1.5777600311e-06 4.3678125000e+02 4.3503320312e+02 4.3420788574e+02 7.0815386963e+02
1.5873599750e-06 4.3846875000e+02 4.3366650391e+02 4.3461682129e+02 7.0954663086e+02
1.5969603737e-06 4.3578125000e+02 4.3309817505e+02 4.3197628784e+02 7.1090356445e+02
1.6065600903e-06 4.3784375000e+02 4.3249719238e+02 4.2508541870e+02 7.1218084717e+02
1.6161602616e-06 4.3637500000e+02 4.3089822388e+02 4.3066055298e+02 7.1352966309e+02
1.6257599782e-06 4.3318750000e+02 4.3073101807e+02 4.2257183838e+02 7.1479266357e+02
1.6353603769e-06 4.3153125000e+02 4.2912820435e+02 4.2675064087e+02 7.1610339355e+02
1.6449600935e-06 4.2878125000e+02 4.2859597778e+02 4.2257052612e+02 7.1736010742e+02
1.6545602648e-06 4.3431250000e+02 4.2751419067e+02 4.2411245728e+02 7.1863201904e+02
1.6641599814e-06 4.2900000000e+02 4.2692907715e+02 4.1549993896e+02 7.1982073975e+02
1.6737603801e-06 4.2603125000e+02 4.2544503784e+02 4.2108676147e+02 7.2107507324e+02
1.6833600966e-06 4.2562500000e+02 4.2497344971e+02 4.1534469604e+02 7.2228503418e+02
1.6929602680e-06 4.2409375000e+02 4.2395562744e+02 4.1465628052e+02 7.2348596191e+02
1.7025599846e-06 4.2415625000e+02 4.2165103149e+02 4.2181427002e+02 7.2476037598e+02
1.7121603832e-06 4.2221875000e+02 4.2199172974e+02 4.1316076660e+02 7.2593395996e+02
1.7217600998e-06 4.2162500000e+02 4.2050070190e+02 4.1666149902e+02 7.2714929199e+02
1.7313600438e-06 4.1859375000e+02 4.2020916748e+02 4.1738940430e+02 7.2835150146e+02
1.7409599877e-06 4.1993750000e+02 4.1820529175e+02 4.1782946777e+02 7.2958007812e+02
1.7505603864e-06 4.1793750000e+02 4.1785079956e+02 4.1466137695e+02 7.3076892090e+02
1.7601601030e-06 4.1918750000e+02 4.1707229614e+02 4.1538296509e+02 7.3196032715e+02
1.7697600470e-06 4.1709375000e+02 4.1689056396e+02 4.1523321533e+02 7.3313836670e+02
1.7793602183e-06 4.1659375000e+02 4.1523382568e+02 4.1163244629e+02 7.3429504395e+02
1.7889602759e-06 4.1334375000e+02 4.1444589233e+02 4.0675448608e+02 7.3540423584e+02
1.7985602199e-06 4.1500000000e+02 4.1282281494e+02 4.1508511353e+02 7.3660192871e+02
1.8081602775e-06 4.1240625000e+02 4.1305346680e+02 4.1134341431e+02 7.3774853516e+02
1.8177602215e-06 4.1209375000e+02 4.1172750854e+02 4.0811181641e+02 7.3887060547e+02
1.8273602791e-06 4.0962500000e+02 4.0990286255e+02 4.1066201782e+02 7.4003070068e+02
1.8369602230e-06 4.1025000000e+02 4.0999493408e+02 4.0632965088e+02 7.4113555908e+02
1.8465602807e-06 4.1103125000e+02 4.0866210938e+02 4.0196542358e+02 7.4221057129e+02
1.8561602246e-06 4.0771875000e+02 4.0818783569e+02 4.1081900024e+02 7.4336212158e+02
1.8657602823e-06 4.0878125000e+02 4.0731588745e+02 4.0162478638e+02 7.4442340088e+02
1.8753602262e-06 4.0687500000e+02 4.0638586426e+02 4.0008773804e+02 7.4547167969e+02
1.8849602839e-06 4.0703125000e+02 4.0484066772e+02 4.0020190430e+02 7.4653558350e+02
1.8945602278e-06 4.0512500000e+02 4.0401296997e+02 3.9667944336e+02 7.4757012939e+02
1.9041600581e-06 4.0178125000e+02 4.0314733887e+02 4.0412145996e+02 7.4866912842e+02
1.9137601157e-06 4.0287500000e+02 4.0312585449e+02 3.9831231689e+02 7.4970123291e+02
1.9233602870e-06 4.0046875000e+02 4.0217144775e+02 3.9563409424e+02 7.5070892334e+02
1.9329602310e-06 4.0128125000e+02 4.0033377075e+02 3.9610165405e+02 7.5173986816e+02
1.9425601749e-06 4.0365625000e+02 4.0177148438e+02 4.0222952271e+02 7.5280670166e+02
1.9521601189e-06 3.9718750000e+02 3.9903851318e+02 3.8970788574e+02 7.5377142334e+02
1.9617600628e-06 3.9740625000e+02 3.9859225464e+02 3.9427215576e+02 7.5477441406e+02
1.9713602342e-06 3.9890625000e+02 3.9782604980e+02 3.9856283569e+02 7.5582110596e+02
1.9809599507e-06 3.9550000000e+02 3.9619503784e+02 3.8865728760e+02 7.5678485107e+02
1.9905601221e-06 3.9215625000e+02 3.9580929565e+02 3.9155941772e+02 7.5776843262e+02
2.0001602934e-06 3.9103125000e+02 3.9375994873e+02 3.9346597290e+02 7.5878784180e+02
2.0097602373e-06 3.9640625000e+02 3.9426928711e+02 3.8874633789e+02 7.5974414062e+02
2.0193601813e-06 3.9328125000e+02 3.9525280762e+02 3.9012707520e+02 7.6069805908e+02
2.0289601252e-06 3.9406250000e+02 3.9226257324e+02 3.8490649414e+02 7.6162469482e+02
2.0385600692e-06 3.9209375000e+02 3.9163180542e+02 3.8539840698e+02 7.6255487061e+02
2.0481602405e-06 3.8900000000e+02 3.9127658081e+02 3.8604724121e+02 7.6348785400e+02
2.0577601845e-06 3.8990625000e+02 3.8913665771e+02 3.9321972656e+02 7.6450708008e+02
2.0673601284e-06 3.9050000000e+02 3.9036502075e+02 3.9101705933e+02 7.6548895264e+02
2.0769602997e-06 3.8962500000e+02 3.8805706787e+02 3.8532302856e+02 7.6642828369e+02
2.0865602437e-06 3.8834375000e+02 3.8816558838e+02 3.8122842407e+02 7.6731616211e+02
2.0961601876e-06 3.8609375000e+02 3.8734320068e+02 3.8107659912e+02 7.6820538330e+02
2.1057599042e-06 3.8409375000e+02 3.8789361572e+02 3.8175109863e+02 7.6909210205e+02
2.1153603029e-06 3.8646875000e+02 3.8588204956e+02 3.8716323853e+02 7.7004864502e+02
2.1249602469e-06 3.8503125000e+02 3.8525537109e+02 3.8577825928e+02 7.7099133301e+02
2.1345601908e-06 3.8096875000e+02 3.8487109375e+02 3.7711471558e+02 7.7183972168e+02
2.1441601348e-06 3.8362500000e+02 3.8252294922e+02 3.7849615479e+02 7.7272259521e+02
2.1537603061e-06 3.8546875000e+02 3.8322076416e+02 3.7834057617e+02 7.7359155273e+02
2.1633600227e-06 3.7934375000e+02 3.8082110596e+02 3.7878970337e+02 7.7448297119e+02
2.1729601940e-06 3.7881250000e+02 3.7970687866e+02 3.7507312012e+02 7.7534332275e+02
2.1825599106e-06 3.7953125000e+02 3.7860198975e+02 3.7477404785e+02 7.7620764160e+02
2.1921603093e-06 3.8150000000e+02 3.7953054810e+02 3.7730032349e+02 7.7708044434e+02
2.2017602532e-06 3.7556250000e+02 3.7855474854e+02 3.7228381348e+02 7.7790386963e+02
2.2113601972e-06 3.7628125000e+02 3.7702124023e+02 3.7323284912e+02 7.7874829102e+02
2.2209601411e-06 3.7340625000e+02 3.7704748535e+02 3.7649969482e+02 7.7962139893e+02
2.2305603125e-06 3.7365625000e+02 3.7780474854e+02 3.7588110352e+02 7.8047955322e+02
2.2401600290e-06 3.7796875000e+02 3.7542108154e+02 3.7266119385e+02 7.8131774902e+02
2.2497602004e-06 3.7321875000e+02 3.7405224609e+02 3.6565377808e+02 7.8208941650e+02
2.2593601443e-06 3.7328125000e+02 3.7587072754e+02 3.6958435059e+02 7.8288507080e+02
2.2689603156e-06 3.7121875000e+02 3.7270275879e+02 3.7254708862e+02 7.8373376465e+02
2.2785602596e-06 3.7209375000e+02 3.7271667480e+02 3.7989294434e+02 7.8465362549e+02
2.2881599762e-06 3.7031250000e+02 3.7063458252e+02 3.6469720459e+02 7.8543035889e+02
2.2977601475e-06 3.7293750000e+02 3.7268069458e+02 3.6907522583e+02 7.8623284912e+02
2.3073603188e-06 3.7090625000e+02 3.7227136230e+02 3.7211184692e+02 7.8706872559e+02
2.3169602628e-06 3.7112500000e+02 3.7143957520e+02 3.7090362549e+02 7.8789453125e+02
2.3265602067e-06 3.6881250000e+02 3.7254132080e+02 3.7206903076e+02 7.8872583008e+02
2.3361601507e-06 3.6906250000e+02 3.7004425049e+02 3.6862716675e+02 7.8953179932e+02
2.3457600946e-06 3.6600000000e+02 3.6806085205e+02 3.7159667969e+02 7.9037866211e+02
2.3553602659e-06 3.6506250000e+02 3.6662820435e+02 3.6620968628e+02 7.9117614746e+02
2.3649599825e-06 3.6643750000e+02 3.6649996948e+02 3.6421829224e+02 7.9195062256e+02
2.3745601538e-06 3.6106250000e+02 3.6751519775e+02 3.6571859741e+02 7.9273345947e+02
2.3841603252e-06 3.6756250000e+02 3.6505450439e+02 3.6558352661e+02 7.9352777100e+02
2.3937602691e-06 3.6331250000e+02 3.6388409424e+02 3.6512860107e+02 7.9432263184e+02
2.4033602131e-06 3.6428125000e+02 3.6281585693e+02 3.6200823975e+02 7.9508966064e+02
2.4129601570e-06 3.6328125000e+02 3.6086932373e+02 3.5205960083e+02 7.9576422119e+02
2.4225601010e-06 3.6253125000e+02 3.6156436157e+02 3.5859548950e+02 7.9649951172e+02
2.4321602723e-06 3.5893750000e+02 3.6457891846e+02 3.6369598389e+02 7.9727081299e+02
2.4417599889e-06 3.5806250000e+02 3.6326425171e+02 3.6274697876e+02 7.9803741455e+02
2.4513601602e-06 3.5834375000e+02 3.6225469971e+02 3.6327212524e+02 7.9881378174e+02
2.4609603315e-06 3.5837500000e+02 3.5955209351e+02 3.5828900146e+02 7.9955041504e+02
2.4705602755e-06 3.6000000000e+02 3.5997448730e+02 3.5892868042e+02 8.0028997803e+02
2.4801602194e-06 3.5662500000e+02 3.5745831299e+02 3.5521862793e+02 8.0100396729e+02
2.4897599360e-06 3.5443750000e+02 3.5794232178e+02 3.5958364868e+02 8.0175958252e+02
2.4993601073e-06 3.5546875000e+02 3.5604040527e+02 3.5452221680e+02 8.0247174072e+02
2.5089602786e-06 3.5134375000e+02 3.5676800537e+02 3.5641531372e+02 8.0319787598e+02
2.5185602226e-06 3.5493750000e+02 3.5532043457e+02 3.5445462036e+02 8.0391033936e+02
2.5281601665e-06 3.5709375000e+02 3.5581356812e+02 3.5459591675e+02 8.0461999512e+02
2.5377603379e-06 3.5165625000e+02 3.5355072021e+02 3.5443099976e+02 8.0534045410e+02
2.5473600545e-06 3.5296875000e+02 3.5495413208e+02 3.5946347046e+02 8.0610461426e+02
2.5569602258e-06 3.5481250000e+02 3.5394747925e+02 3.5280917358e+02 8.0680194092e+02
2.5665599424e-06 3.5000000000e+02 3.5366656494e+02 3.5514193726e+02 8.0752502441e+02
2.5761603411e-06 3.5087500000e+02 3.5108908081e+02 3.4782360840e+02 8.0818273926e+02
2.5857602850e-06 3.5159375000e+02 3.5146893311e+02 3.5422082520e+02 8.0890612793e+02
2.5953602290e-06 3.4862500000e+02 3.4981759644e+02 3.4670645142e+02 8.0955700684e+02
2.6049601729e-06 3.4959375000e+02 3.5455368042e+02 3.5198040771e+02 8.1024176025e+02
2.6145601169e-06 3.4934375000e+02 3.5197439575e+02 3.5552563477e+02 8.1097509766e+02
2.6241600608e-06 3.4853125000e+02 3.4956295776e+02 3.5435815430e+02 8.1170629883e+02
2.6337602321e-06 3.5006250000e+02 3.4730709839e+02 3.4553164673e+02 8.1235449219e+02
2.6433601761e-06 3.4493750000e+02 3.4814038086e+02 3.4851455688e+02 8.1302941895e+02
2.6529601200e-06 3.4718750000e+02 3.4866571045e+02 3.4609765625e+02 8.1367492676e+02
2.6625602914e-06 3.4431250000e+02 3.4724871826e+02 3.4777194214e+02 8.1434552002e+02
2.6721602353e-06 3.4765625000e+02 3.4596441650e+02 3.5318231201e+02 8.1507946777e+02
2.6817601793e-06 3.4425000000e+02 3.4688769531e+02 3.4880438232e+02 8.1576153564e+02
2.6913598958e-06 3.4618750000e+02 3.4458166504e+02 3.5047250366e+02 8.1647198486e+02
2.7009600672e-06 3.4328125000e+02 3.4539727783e+02 3.4863732910e+02 8.1715814209e+02
2.7105602385e-06 3.4393750000e+02 3.4491671753e+02 3.4782739258e+02 8.1783746338e+02
2.7201599551e-06 3.4421875000e+02 3.4131591797e+02 3.3771624756e+02 8.1842553711e+02
2.7297601264e-06 3.3990625000e+02 3.4231170654e+02 3.4612023926e+02 8.1909906006e+02
2.7393602977e-06 3.4343750000e+02 3.4305532837e+02 3.4004745483e+02 8.1970220947e+02
2.7489602417e-06 3.4228125000e+02 3.4071069336e+02 3.4159942627e+02 8.2033459473e+02
2.7585601856e-06 3.4031250000e+02 3.3965823364e+02 3.4429440308e+02 8.2100140381e+02
2.7681601296e-06 3.4071875000e+02 3.4154397583e+02 3.4418280029e+02 8.2165661621e+02
2.7777603009e-06 3.4150000000e+02 3.4247323608e+02 3.4586764526e+02 8.2232586670e+02
2.7873602448e-06 3.3628125000e+02 3.3809863281e+02 3.3788507080e+02 8.2292919922e+02
2.7969601888e-06 3.4125000000e+02 3.3711950684e+02 3.3275744629e+02 8.2348046875e+02
2.8065601327e-06 3.3818750000e+02 3.4089959717e+02 3.4014797974e+02 8.2409588623e+02
2.8161603041e-06 3.3725000000e+02 3.3880566406e+02 3.4360501099e+02 8.2475750732e+02
2.8257602480e-06 3.3359375000e+02 3.3813586426e+02 3.4113610840e+02 8.2539532471e+02
2.8353601920e-06 3.3771875000e+02 3.3617831421e+02 3.3627728271e+02 8.2598956299e+02
2.8449601359e-06 3.3612500000e+02 3.3679852295e+02 3.3969427490e+02 8.2661798096e+02
2.8545603072e-06 3.3809375000e+02 3.3993194580e+02 3.3774768066e+02 8.2721319580e+02
2.8641602512e-06 3.3178125000e+02 3.3702966309e+02 3.3945446777e+02 8.2783843994e+02
2.8737601951e-06 3.3271875000e+02 3.3984329224e+02 3.4260882568e+02 8.2848754883e+02
2.8833601391e-06 3.3418750000e+02 3.3188729858e+02 3.3853640747e+02 8.2912750244e+02
2.8929603104e-06 3.3368750000e+02 3.3476010132e+02 3.3987762451e+02 8.2976654053e+02
2.9025602544e-06 3.3078125000e+02 3.3264804077e+02 3.3657449341e+02 8.3037951660e+02
2.9121601983e-06 3.3146875000e+02 3.3531793213e+02 3.3605294800e+02 8.3097564697e+02
2.9217599149e-06 3.3112500000e+02 3.3365863037e+02 3.4160852051e+02 8.3163793945e+02
2.9313603136e-06 3.3371875000e+02 3.3232366943e+02 3.3865328979e+02 8.3227423096e+02
2.9409602575e-06 3.2987500000e+02 3.3296301270e+02 3.3494818115e+02 8.3286798096e+02
2.9505599741e-06 3.2962500000e+02 3.3099649048e+02 3.3396572876e+02 8.3345959473e+02
2.9601601454e-06 3.3218750000e+02 3.3262149048e+02 3.3281909180e+02 8.3403259277e+02
2.9697603168e-06 3.2775000000e+02 3.2866311646e+02 3.3693701172e+02 8.3466735840e+02
2.9793600334e-06 3.2900000000e+02 3.2904553223e+02 3.3121136475e+02 8.3523803711e+02
2.9889602047e-06 3.2609375000e+02 3.3117172241e+02 3.3440365601e+02 8.3583502197e+02
2.9985601486e-06 3.2896875000e+02 3.3185671997e+02 3.3980520630e+02 8.3648742676e+02
3.0081600926e-06 3.2759375000e+02 3.2683273315e+02 3.2797857666e+02 8.3703283691e+02
3.0177602639e-06 3.2634375000e+02 3.2665155029e+02 3.3073477173e+02 8.3760961914e+02
3.0273602079e-06 3.2375000000e+02 3.2938900757e+02 3.3510119629e+02 8.3822241211e+02
3.0369601518e-06 3.2284375000e+02 3.2856784058e+02 3.2927059937e+02 8.3877575684e+02
3.0465603231e-06 3.2353125000e+02 3.2835675049e+02 3.3130404663e+02 8.3935260010e+02
3.0561602671e-06 3.2596875000e+02 3.2417089844e+02 3.2903405762e+02 8.3992279053e+02
3.0657602110e-06 3.2456250000e+02 3.2563165283e+02 3.3350122070e+02 8.4053466797e+02
3.0753601550e-06 3.2478125000e+02 3.2758819580e+02 3.3144845581e+02 8.4111724854e+02
3.0849603263e-06 3.2550000000e+02 3.2565737915e+02 3.2446017456e+02 8.4163153076e+02
3.0945602703e-06 3.2203125000e+02 3.2405825806e+02 3.2924935913e+02 8.4220526123e+02
3.1041602142e-06 3.2146875000e+02 3.2407199097e+02 3.2997445679e+02 8.4278692627e+02
3.1137601582e-06 3.2218750000e+02 3.2246777344e+02 3.2681625366e+02 8.4334149170e+02
3.1233603295e-06 3.2128125000e+02 3.2720535278e+02 3.3091424561e+02 8.4392346191e+02
3.1329602734e-06 3.2031250000e+02 3.2184628296e+02 3.3172128296e+02 8.4453387451e+02
3.1425602174e-06 3.1759375000e+02 3.2431802368e+02 3.3187545776e+02 8.4513641357e+02
3.1521599340e-06 3.1984375000e+02 3.2082482910e+02 3.2873852539e+02 8.4571899414e+02
3.1617603327e-06 3.1968750000e+02 3.2021453857e+02 3.2681994629e+02 8.4628381348e+02
3.1713602766e-06 3.2209375000e+02 3.2154135132e+02 3.2745364380e+02 8.4685021973e+02
3.1809599932e-06 3.1709375000e+02 3.1865457153e+02 3.1742858887e+02 8.4731915283e+02
3.1905601645e-06 3.1762500000e+02 3.1651495361e+02 3.2158520508e+02 8.4784570312e+02
3.2001603358e-06 3.1806250000e+02 3.2318972778e+02 3.3115032959e+02 8.4844854736e+02
3.2097600524e-06 3.1950000000e+02 3.2086221313e+02 3.2104812622e+02 8.4895098877e+02
3.2193602237e-06 3.1393750000e+02 3.2201019287e+02 3.2810119629e+02 8.4952661133e+02
3.2289599403e-06 3.1743750000e+02 3.1899536133e+02 3.2265454102e+02 8.5005468750e+02
3.2385601116e-06 3.1590625000e+02 3.1850628662e+02 3.2554830933e+02 8.5061651611e+02
3.2481602830e-06 3.1406250000e+02 3.1881887817e+02 3.2745925903e+02 8.5119793701e+02
3.2577599995e-06 3.1575000000e+02 3.1646701050e+02 3.2265786743e+02 8.5173712158e+02
3.2673599435e-06 3.1834375000e+02 3.1953182983e+02 3.2464926147e+02 8.5228704834e+02
3.2769598874e-06 3.1487500000e+02 3.1745733643e+02 3.2414627075e+02 8.5283941650e+02
3.2865600588e-06 3.1303125000e+02 3.1348666382e+02 3.1981222534e+02 8.5336157227e+02
3.2961600027e-06 3.0856250000e+02 3.1165240479e+02 3.1670584106e+02 8.5385913086e+02
3.3057599467e-06 3.1318750000e+02 3.1756268311e+02 3.2495294189e+02 8.5442193604e+02
3.3153601180e-06 3.1403125000e+02 3.1322482300e+02 3.2176837158e+02 8.5496759033e+02
3.3249602893e-06 3.1303125000e+02 3.1297607422e+02 3.1878961182e+02 8.5548211670e+02
3.3345600059e-06 3.1375000000e+02 3.1548339844e+02 3.2059912109e+02 8.5600732422e+02
3.3441601772e-06 3.0762500000e+02 3.1230889893e+02 3.1719058228e+02 8.5650823975e+02
3.3537598938e-06 3.0981250000e+02 3.0991641235e+02 3.1773522949e+02 8.5702673340e+02
3.3633600651e-06 3.1156250000e+02 3.0999060059e+02 3.1602685547e+02 8.5752624512e+02
3.3729600091e-06 3.0946875000e+02 3.1105413818e+02 3.1446890259e+02 8.5800445557e+02
3.3825599530e-06 3.0709375000e+02 3.0897070312e+02 3.1544430542e+02 8.5850347900e+02
3.3921601243e-06 3.0865625000e+02 3.1044427490e+02 3.1365518188e+02 8.5897680664e+02
3.4017600683e-06 3.0806250000e+02 3.0771749878e+02 3.1748876953e+02 8.5950585938e+02
3.4113600123e-06 3.0740625000e+02 3.0926004028e+02 3.1170220947e+02 8.5996380615e+02
3.4209601836e-06 3.0859375000e+02 3.0677343750e+02 3.0958789062e+02 8.6041033936e+02
3.4305599002e-06 3.0559375000e+02 3.0894573975e+02 3.1381903076e+02 8.6089489746e+02
3.4401600715e-06 3.0665625000e+02 3.1007958984e+02 3.1838296509e+02 8.6142529297e+02
3.4497602428e-06 3.0543750000e+02 3.0865353394e+02 3.1364541626e+02 8.6191021729e+02
3.4593599594e-06 3.0696875000e+02 3.0982669067e+02 3.1184329224e+02 8.6237188721e+02
3.4689601307e-06 3.0381250000e+02 3.0845724487e+02 3.1471853638e+02 8.6287109375e+02
3.4785603020e-06 3.0318750000e+02 3.0578134155e+02 3.1049316406e+02 8.6333563232e+02
3.4881600186e-06 3.0500000000e+02 3.0347052002e+02 3.1115374756e+02 8.6381994629e+02
3.4977601899e-06 3.0075000000e+02 3.0725787354e+02 3.1099844360e+02 8.6428546143e+02
3.5073599065e-06 3.0546875000e+02 3.0768460083e+02 3.1832696533e+02 8.6482971191e+02
3.5169600778e-06 2.9975000000e+02 3.0564739990e+02 3.1132455444e+02 8.6530627441e+02
3.5265602492e-06 3.0131250000e+02 3.0822476196e+02 3.1160159302e+02 8.6577709961e+02
3.5361599657e-06 3.0243750000e+02 3.1041726685e+02 3.1580718994e+02 8.6628723145e+02
3.5457601371e-06 3.0340625000e+02 3.0449658203e+02 3.0941580200e+02 8.6674945068e+02
3.5553603084e-06 3.0393750000e+02 3.0277615356e+02 3.0555978394e+02 8.6717700195e+02
3.5649600250e-06 3.0265625000e+02 3.0624969482e+02 3.1023077393e+02 8.6764361572e+02
3.5745599689e-06 2.9962500000e+02 3.0362658691e+02 3.1356771851e+02 8.6815747070e+02
3.5841599129e-06 3.0246875000e+02 3.0190130615e+02 3.1033651733e+02 8.6864392090e+02
3.5937600842e-06 3.0100000000e+02 3.0322238159e+02 3.0497772217e+02 8.6906604004e+02
3.6033600281e-06 2.9962500000e+02 3.0230218506e+02 3.0563903809e+02 8.6950024414e+02
3.6129599721e-06 2.9721875000e+02 2.9885241699e+02 3.0477978516e+02 8.6994189453e+02
3.6225599160e-06 3.0200000000e+02 2.9964212036e+02 3.0394598389e+02 8.7037060547e+02
3.6321600874e-06 3.0065625000e+02 2.9810226440e+02 2.9886920166e+02 8.7074993896e+02
3.6417600313e-06 2.9890625000e+02 3.0258435059e+02 3.0923220825e+02 8.7122692871e+02
3.6513599753e-06 2.9659375000e+02 3.0186160278e+02 3.1198013306e+02 8.7173736572e+02
3.6609599192e-06 2.9703125000e+02 3.0074432373e+02 3.0381115723e+02 8.7216296387e+02
3.6705600905e-06 2.9725000000e+02 3.0189166260e+02 3.0460046387e+02 8.7259411621e+02
3.6801600345e-06 2.9631250000e+02 3.0089779663e+02 3.0447207642e+02 8.7302856445e+02
3.6897599784e-06 2.9593750000e+02 3.0082864380e+02 3.1025039673e+02 8.7352746582e+02
3.6993599224e-06 2.9706250000e+02 3.0016152954e+02 3.0831976318e+02 8.7400842285e+02
3.7089600937e-06 2.9465625000e+02 2.9906643677e+02 3.0683279419e+02 8.7447808838e+02
3.7185600377e-06 2.9878125000e+02 2.9870651245e+02 3.0253472900e+02 8.7490228271e+02
3.7281599816e-06 2.9637500000e+02 2.9992602539e+02 3.0432821655e+02 8.7534265137e+02
3.7377599256e-06 2.9546875000e+02 2.9972222900e+02 3.0566418457e+02 8.7579937744e+02
3.7473600969e-06 2.9453125000e+02 2.9672848511e+02 3.0045178223e+02 8.7621099854e+02
3.7569600408e-06 2.9015625000e+02 2.9742184448e+02 3.0200564575e+02 8.7663812256e+02
3.7665599848e-06 2.9212500000e+02 3.0167767334e+02 3.0457647705e+02 8.7707928467e+02
3.7761599287e-06 2.9440625000e+02 2.9835971069e+02 3.0275659180e+02 8.7751293945e+02
3.7857601001e-06 2.9293750000e+02 2.9542938232e+02 3.0095159912e+02 8.7793927002e+02
3.7953600440e-06 2.9234375000e+02 2.9800906372e+02 3.0270925903e+02 8.7837561035e+02
3.8049599880e-06 2.9384375000e+02 2.9498596191e+02 2.9824581909e+02 8.7877502441e+02
3.8145599319e-06 2.9478125000e+02 2.9512841797e+02 3.0022546387e+02 8.7919708252e+02
3.8241601032e-06 2.8965625000e+02 2.9641308594e+02 3.0467163086e+02 8.7966400146e+02
3.8337598198e-06 2.9071875000e+02 2.9459579468e+02 3.0114080811e+02 8.8009979248e+02
3.8433599912e-06 2.9100000000e+02 2.9527395630e+02 2.9985528564e+02 8.8051940918e+02
3.8529601625e-06 2.8806250000e+02 2.9745889282e+02 3.0793145752e+02 8.8102014160e+02
3.8625598791e-06 2.8818750000e+02 2.9040802002e+02 2.9449920654e+02 8.8140240479e+02
3.8721600504e-06 2.9071875000e+02 2.9174960327e+02 2.9709341431e+02 8.8180859375e+02
3.8817602217e-06 2.8703125000e+02 2.9376397705e+02 2.9806600952e+02 8.8221771240e+02
3.8913599383e-06 2.8825000000e+02 2.9254220581e+02 2.9515170288e+02 8.8260003662e+02
3.9009601096e-06 2.8850000000e+02 2.9257815552e+02 2.9958926392e+02 8.8303308105e+02
3.9105598262e-06 2.8546875000e+02 2.8914639282e+02 2.9314746094e+02 8.8341015625e+02
3.9201599975e-06 2.8968750000e+02 2.9318829346e+02 2.9590927124e+02 8.8380157471e+02
3.9297601688e-06 2.8837500000e+02 2.9076995850e+02 2.9746075439e+02 8.8422180176e+02
3.9393598854e-06 2.8650000000e+02 2.8907778931e+02 2.9254135132e+02 8.8459466553e+02
3.9489600567e-06 2.9012500000e+02 2.8859490967e+02 2.9053646851e+02 8.8494787598e+02
3.9585597733e-06 2.8540625000e+02 2.9069436646e+02 2.9042150879e+02 8.8529156494e+02
3.9681599446e-06 2.8646875000e+02 2.9439047241e+02 2.9927761841e+02 8.8572186279e+02
3.9777601160e-06 2.8721875000e+02 2.8911642456e+02 2.9057498169e+02 8.8607617188e+02
3.9873598325e-06 2.8434375000e+02 2.9118893433e+02 2.9517166138e+02 8.8647503662e+02
3.9969600039e-06 2.8862500000e+02 2.8937402344e+02 2.9819729614e+02 8.8691668701e+02
4.0065601752e-06 2.8853125000e+02 2.9025524902e+02 2.9591091919e+02 8.8732928467e+02
4.0161598918e-06 2.8634375000e+02 2.8955960083e+02 2.9468923950e+02 8.8773181152e+02
4.0257600631e-06 2.8506250000e+02 2.8959823608e+02 2.9459564209e+02 8.8813403320e+02
4.0353597797e-06 2.8500000000e+02 2.8539453125e+02 2.9112460327e+02 8.8851770020e+02
4.0449599510e-06 2.8565625000e+02 2.8977175903e+02 2.9901470947e+02 8.8897039795e+02
4.0545601223e-06 2.8553125000e+02 2.8746447754e+02 2.9246893311e+02 8.8936010742e+02
4.0641598389e-06 2.8328125000e+02 2.8511016846e+02 2.9290960693e+02 8.8976782227e+02
4.0737600102e-06 2.8337500000e+02 2.8727731323e+02 2.8858419800e+02 8.9011560059e+02
4.0833601815e-06 2.8681250000e+02 2.8742001343e+02 2.9224240112e+02 8.9050561523e+02
4.0929598981e-06 2.7856250000e+02 2.8536410522e+02 2.9094198608e+02 8.9089135742e+02
4.1025600694e-06 2.8006250000e+02 2.8611532593e+02 2.8858044434e+02 8.9124719238e+02
4.1121597860e-06 2.8037500000e+02 2.8384265137e+02 2.8602496338e+02 8.9158532715e+02
4.1217599573e-06 2.8271875000e+02 2.8725042725e+02 2.9262823486e+02 8.9198449707e+02
4.1313601287e-06 2.8093750000e+02 2.8724523926e+02 2.9073791504e+02 8.9236322021e+02
4.1409598452e-06 2.8193750000e+02 2.8738854980e+02 2.9091714478e+02 8.9274438477e+02
4.1505600166e-06 2.8068750000e+02 2.8381085205e+02 2.8705496216e+02 8.9309814453e+02
4.1601601879e-06 2.8040625000e+02 2.8541207886e+02 2.8719830322e+02 8.9344714355e+02
4.1697599045e-06 2.7846875000e+02 2.8363601685e+02 2.8807992554e+02 8.9381573486e+02
4.1793600758e-06 2.7834375000e+02 2.8389511108e+02 2.8843859863e+02 8.9418804932e+02
4.1889597924e-06 2.8037500000e+02 2.8363278198e+02 2.8742144775e+02 8.9455059814e+02
4.1985599637e-06 2.7903125000e+02 2.8496215820e+02 2.8896511841e+02 8.9492565918e+02
4.2081601350e-06 2.7706250000e+02 2.8415063477e+02 2.8970974731e+02 8.9531390381e+02
4.2177598516e-06 2.7937500000e+02 2.8202301025e+02 2.8724551392e+02 8.9568499756e+02
4.2273600229e-06 2.8300000000e+02 2.8094046021e+02 2.8935180664e+02 8.9608795166e+02
4.2369601942e-06 2.7953125000e+02 2.8284570312e+02 2.8367114258e+02 8.9641461182e+02
4.2465599108e-06 2.7515625000e+02 2.8202676392e+02 2.8600592041e+02 8.9677368164e+02
4.2561600822e-06 2.7593750000e+02 2.8142135620e+02 2.8928692627e+02 8.9717510986e+02
4.2657597987e-06 2.7578125000e+02 2.8061593628e+02 2.8703884888e+02 8.9755505371e+02
4.2753599701e-06 2.7696875000e+02 2.8286785889e+02 2.9089379883e+02 8.9796862793e+02
4.2849601414e-06 2.7278125000e+02 2.8150305176e+02 2.8607757568e+02 8.9833392334e+02
4.2945598580e-06 2.7465625000e+02 2.7964956665e+02 2.8541616821e+02 8.9870196533e+02
4.3041600293e-06 2.7609375000e+02 2.8293026733e+02 2.9088592529e+02 8.9911718750e+02
4.3137602006e-06 2.7340625000e+02 2.7810900879e+02 2.8517102051e+02 8.9949316406e+02
4.3233599172e-06 2.7678125000e+02 2.7903585815e+02 2.8272808838e+02 8.9983465576e+02
4.3329600885e-06 2.7306250000e+02 2.7940689087e+02 2.8260552979e+02 9.0017346191e+02
4.3425598051e-06 2.7243750000e+02 2.8042553711e+02 2.8671746826e+02 9.0055615234e+02
4.3521599764e-06 2.7459375000e+02 2.7999313354e+02 2.8594281006e+02 9.0093273926e+02
4.3617601477e-06 2.7475000000e+02 2.7765783691e+02 2.7975741577e+02 9.0124932861e+02
4.3713598643e-06 2.7362500000e+02 2.7739483643e+02 2.8126342773e+02 9.0158654785e+02
4.3809600356e-06 2.7309375000e+02 2.7558837891e+02 2.8036376953e+02 9.0192559814e+02
4.3905602070e-06 2.7040625000e+02 2.7784985352e+02 2.7836514282e+02 9.0222698975e+02
4.4001599235e-06 2.7446875000e+02 2.7791552734e+02 2.8039306641e+02 9.0255352783e+02
4.4097600949e-06 2.7253125000e+02 2.7582427979e+02 2.7940554810e+02 9.0288146973e+02
4.4193598114e-06 2.7534375000e+02 2.7596881104e+02 2.7659368896e+02 9.0317474365e+02
4.4289599828e-06 2.7415625000e+02 2.7763067627e+02 2.8172357178e+02 9.0352185059e+02
4.4385601541e-06 2.7315625000e+02 2.7735638428e+02 2.8206909180e+02 9.0387542725e+02
4.4481598707e-06 2.6843750000e+02 2.7738964844e+02 2.8072354126e+02 9.0421325684e+02
4.4577600420e-06 2.7140625000e+02 2.7556411743e+02 2.8010537720e+02 9.0455535889e+02
4.4673602133e-06 2.6987500000e+02 2.7425372314e+02 2.7617474365e+02 9.0485803223e+02
4.4769599299e-06 2.6809375000e+02 2.7158297729e+02 2.6942730713e+02 9.0509307861e+02
4.4865601012e-06 2.6553125000e+02 2.7481158447e+02 2.7771145630e+02 9.0541351318e+02
4.4961598178e-06 2.6731250000e+02 2.7375942993e+02 2.7703430176e+02 9.0573333740e+02
4.5057599891e-06 2.6993750000e+02 2.7516818237e+02 2.7961822510e+02 9.0607666016e+02
4.5153601604e-06 2.6634375000e+02 2.7639028931e+02 2.8005926514e+02 9.0641876221e+02
4.5249598770e-06 2.6800000000e+02 2.7398178101e+02 2.7691189575e+02 9.0673736572e+02
4.5345600483e-06 2.6787500000e+02 2.7583441162e+02 2.8051446533e+02 9.0708959961e+02
4.5441602197e-06 2.7193750000e+02 2.7388107300e+02 2.7771566772e+02 9.0742041016e+02
4.5537599362e-06 2.6815625000e+02 2.7250610352e+02 2.7437033081e+02 9.0771893311e+02
4.5633601076e-06 2.7250000000e+02 2.7171142578e+02 2.7504248047e+02 9.0803265381e+02
4.5729598241e-06 2.6493750000e+02 2.7231771851e+02 2.7675964355e+02 9.0836437988e+02
4.5825599955e-06 2.6550000000e+02 2.7269357300e+02 2.7835519409e+02 9.0871417236e+02
4.5921601668e-06 2.6556250000e+02 2.6896392822e+02 2.7068661499e+02 9.0899505615e+02
4.6017598834e-06 2.6534375000e+02 2.6745611572e+02 2.6849032593e+02 9.0926129150e+02
4.6113600547e-06 2.6706250000e+02 2.7154965210e+02 2.7466470337e+02 9.0957501221e+02
4.6209602260e-06 2.6856250000e+02 2.7065533447e+02 2.7634765625e+02 9.0991833496e+02
4.6305599426e-06 2.6590625000e+02 2.7108242798e+02 2.7333282471e+02 9.1021923828e+02
4.6401601139e-06 2.6728125000e+02 2.7017257690e+02 2.7432312012e+02 9.1054107666e+02
4.6497598305e-06 2.6553125000e+02 2.6925704956e+02 2.7127706909e+02 9.1083068848e+02
4.6593600018e-06 2.6909375000e+02 2.6999490356e+02 2.7481021118e+02 9.1116162109e+02
4.6689601731e-06 2.6637500000e+02 2.7003179932e+02 2.7289047241e+02 9.1146740723e+02
4.6785598897e-06 2.6503125000e+02 2.7041735840e+02 2.7416024780e+02 9.1178741455e+02
4.6881600611e-06 2.6315625000e+02 2.6878109741e+02 2.7200115967e+02 9.1209289551e+02
4.6977597776e-06 2.6550000000e+02 2.7130499268e+02 2.7686392212e+02 9.1244213867e+02
4.7073599490e-06 2.6346875000e+02 2.6679699707e+02 2.6801507568e+02 9.1271228027e+02
4.7169601203e-06 2.6271875000e+02 2.6872601318e+02 2.7291323853e+02 9.1303216553e+02
4.7265598369e-06 2.6331250000e+02 2.6859985352e+02 2.7234704590e+02 9.1334588623e+02
4.7361600082e-06 2.6496875000e+02 2.7138986206e+02 2.7881848145e+02 9.1372180176e+02
4.7457601795e-06 2.6475000000e+02 2.6704980469e+02 2.6862673950e+02 9.1399932861e+02
4.7553598961e-06 2.6521875000e+02 2.6781674194e+02 2.7068011475e+02 9.1429870605e+02
4.7649600674e-06 2.6203125000e+02 2.6790463257e+02 2.7097012329e+02 9.1460174561e+02
4.7745597840e-06 2.6706250000e+02 2.6663592529e+02 2.6808569336e+02 9.1487701416e+02
4.7841599553e-06 2.6309375000e+02 2.6506176758e+02 2.6625918579e+02 9.1514312744e+02
4.7937601266e-06 2.6187500000e+02 2.6692221069e+02 2.7033450317e+02 9.1544848633e+02
4.8033598432e-06 2.5975000000e+02 2.6682672119e+02 2.6991784668e+02 9.1574926758e+02
4.8129600145e-06 2.6268750000e+02 2.6886724854e+02 2.7430838013e+02 9.1609155273e+02
4.8225601859e-06 2.6334375000e+02 2.6673379517e+02 2.7019091797e+02 9.1639764404e+02
4.8321599024e-06 2.6159375000e+02 2.6636709595e+02 2.6916278076e+02 9.1669305420e+02
4.8417600738e-06 2.6450000000e+02 2.6847528076e+02 2.7287570190e+02 9.1702056885e+02
4.8513597903e-06 2.6218750000e+02 2.6503250122e+02 2.6715780640e+02 9.1730181885e+02
4.8609599617e-06 2.6146875000e+02 2.6245288086e+02 2.6298312378e+02 9.1755218506e+02
4.8705601330e-06 2.5906250000e+02 2.6377908325e+02 2.6486425781e+02 9.1781433105e+02
4.8801598496e-06 2.6084375000e+02 2.6379760742e+02 2.6503732300e+02 9.1807910156e+02
4.8897600209e-06 2.5893750000e+02 2.6576055908e+02 2.6919155884e+02 9.1838366699e+02
4.8993601922e-06 2.5893750000e+02 2.6388305664e+02 2.6447247314e+02 9.1863818359e+02
4.9089599088e-06 2.5984375000e+02 2.6353359985e+02 2.6615155029e+02 9.1892474365e+02
4.9185600801e-06 2.5637500000e+02 2.6595251465e+02 2.7032205200e+02 9.1924462891e+02
4.9281597967e-06 2.6340625000e+02 2.6159429932e+02 2.6242108154e+02 9.1949884033e+02
4.9377599680e-06 2.5637500000e+02 2.6204232788e+02 2.6317938232e+02 9.1975854492e+02
4.9473601393e-06 2.5825000000e+02 2.6505975342e+02 2.6728973389e+02 9.2004327393e+02
4.9569598559e-06 2.5862500000e+02 2.6160986328e+02 2.6336907959e+02 9.2031335449e+02
4.9665600272e-06 2.5784375000e+02 2.6602529907e+02 2.7235153198e+02 9.2066363525e+02
4.9761601986e-06 2.5981250000e+02 2.6257168579e+02 2.6464920044e+02 9.2093920898e+02
4.9857599151e-06 2.5603125000e+02 2.6169616699e+02 2.6419943237e+02 9.2122149658e+02
4.9953600865e-06 2.5862500000e+02 2.6315731812e+02 2.6664053345e+02 9.2152117920e+02
5.0049598030e-06 2.5956250000e+02 2.6214392090e+02 2.6497933960e+02 9.2180871582e+02
5.0145599744e-06 2.5659375000e+02 2.6209442139e+02 2.6481069946e+02 9.2209381104e+02
5.0241601457e-06 2.5506250000e+02 2.6229910278e+02 2.6540707397e+02 9.2238555908e+02
5.0337598623e-06 2.5706250000e+02 2.6038000488e+02 2.6155932617e+02 9.2264190674e+02
5.0433600336e-06 2.5728125000e+02 2.6172290039e+02 2.6506799316e+02 9.2293743896e+02
5.0529602049e-06 2.5553125000e+02 2.5987808228e+02 2.6137841797e+02 9.2320019531e+02
5.0625599215e-06 2.5550000000e+02 2.6056848145e+02 2.6279675293e+02 9.2347509766e+02
5.0721600928e-06 2.5809375000e+02 2.6030767822e+02 2.6252578735e+02 9.2374975586e+02
5.0817598094e-06 2.5556250000e+02 2.5930511475e+02 2.6045608521e+02 9.2400396729e+02
5.0913599807e-06 2.5771875000e+02 2.6023953247e+02 2.6206811523e+02 9.2426824951e+02
5.1009601520e-06 2.5437500000e+02 2.5814767456e+02 2.5854354858e+02 9.2450793457e+02
5.1105598686e-06 2.5196875000e+02 2.5827688599e+02 2.5893798828e+02 9.2475146484e+02
5.1201600400e-06 2.5625000000e+02 2.6351861572e+02 2.7027175903e+02 9.2510430908e+02
5.1297602113e-06 2.5650000000e+02 2.5813464355e+02 2.5920672607e+02 9.2535699463e+02
5.1393599279e-06 2.5218750000e+02 2.6018865967e+02 2.6346334839e+02 9.2564758301e+02
5.1489600992e-06 2.5293750000e+02 2.5644601440e+02 2.5605703735e+02 9.2587017822e+02
5.1585598158e-06 2.5643750000e+02 2.5629098511e+02 2.5594424438e+02 9.2609216309e+02
5.1681599871e-06 2.5175000000e+02 2.5689883423e+02 2.5746774292e+02 9.2633538818e+02
5.1777601584e-06 2.5290625000e+02 2.5796078491e+02 2.5975479126e+02 9.2659857178e+02
5.1873598750e-06 2.5259375000e+02 2.5884140015e+02 2.6143453979e+02 9.2687127686e+02
5.1969600463e-06 2.5296875000e+02 2.5988781738e+02 2.6404736328e+02 9.2717553711e+02
5.2065602176e-06 2.5287500000e+02 2.5618957520e+02 2.5668566895e+02 9.2740960693e+02
5.2161599342e-06 2.5443750000e+02 2.5805725098e+02 2.6058325195e+02 9.2768151855e+02
5.2257601055e-06 2.5190625000e+02 2.5582305908e+02 2.5643637085e+02 9.2791040039e+02
5.2353598221e-06 2.5609375000e+02 2.5702011108e+02 2.5895083618e+02 9.2817254639e+02
5.2449599934e-06 2.5353125000e+02 2.5485736084e+02 2.5471832275e+02 9.2840478516e+02
5.2545601648e-06 2.5350000000e+02 2.5559466553e+02 2.5655664062e+02 9.2864282227e+02
5.2641598813e-06 2.5406250000e+02 2.5776525879e+02 2.6099084473e+02 9.2891217041e+02
5.2737600527e-06 2.5493750000e+02 2.5727923584e+02 2.6029638672e+02 9.2919519043e+02
5.2833602240e-06 2.5340625000e+02 2.5464215088e+02 2.5520866394e+02 9.2942742920e+02
5.2929599406e-06 2.5337500000e+02 2.5635739136e+02 2.5877639771e+02 9.2969708252e+02
5.3025601119e-06 2.5471875000e+02 2.5306405640e+02 2.5239175415e+02 9.2990856934e+02
5.3121598285e-06 2.4884375000e+02 2.5409730530e+02 2.5444340515e+02 9.3014569092e+02
5.3217599998e-06 2.5290625000e+02 2.5506918335e+02 2.5702062988e+02 9.3039593506e+02
5.3313601711e-06 2.4875000000e+02 2.5620971680e+02 2.5925738525e+02 9.3067639160e+02
5.3409598877e-06 2.5050000000e+02 2.5492311096e+02 2.5664459229e+02 9.3093890381e+02
5.3505600590e-06 2.4890625000e+02 2.5189984131e+02 2.5171145630e+02 9.3114300537e+02
5.3601597756e-06 2.5259375000e+02 2.5247610474e+02 2.5265835571e+02 9.3136151123e+02
5.3697599469e-06 2.5096875000e+02 2.5416601562e+02 2.5547114563e+02 9.3162152100e+02
5.3793601182e-06 2.5050000000e+02 2.5321865845e+02 2.5483889771e+02 9.3185833740e+02
5.3889598348e-06 2.4993750000e+02 2.5400201416e+02 2.5581031799e+02 9.3211682129e+02
5.3985600061e-06 2.5253125000e+02 2.5312731934e+02 2.5471250916e+02 9.3235943604e+02
5.4081601775e-06 2.5103125000e+02 2.5282215881e+02 2.5421884155e+02 9.3259991455e+02
5.4177598940e-06 2.4756250000e+02 2.4930773926e+02 2.4722657776e+02 9.3278082275e+02
5.4273600654e-06 2.4712500000e+02 2.5124960327e+02 2.5152088928e+02 9.3300024414e+02
5.4369597819e-06 2.5006250000e+02 2.5151080322e+02 2.5190342712e+02 9.3322790527e+02
5.4465599533e-06 2.4800000000e+02 2.5189143372e+02 2.5302102661e+02 9.3346563721e+02
5.4561601246e-06 2.4906250000e+02 2.5254241943e+02 2.5557864380e+02 9.3371777344e+02
5.4657598412e-06 2.4837500000e+02 2.5139471436e+02 2.5117410278e+02 9.3395336914e+02
5.4753600125e-06 2.4978125000e+02 2.5305151367e+02 2.5618450928e+02 9.3422119141e+02
5.4849601838e-06 2.4665625000e+02 2.5290585327e+02 2.5510543823e+02 9.3449053955e+02
5.4945599004e-06 2.4956250000e+02 2.4995668030e+02 2.5074607849e+02 9.3470874023e+02
5.5041600717e-06 2.4787500000e+02 2.4919096375e+02 2.4949617004e+02 9.3491687012e+02
5.5137597883e-06 2.4665625000e+02 2.5262641907e+02 2.5633544922e+02 9.3518957520e+02
5.5233599596e-06 2.5012500000e+02 2.4915823364e+02 2.4904675293e+02 9.3540106201e+02
5.5329601309e-06 2.4640625000e+02 2.4897431946e+02 2.5023522949e+02 9.3561682129e+02
5.5425598475e-06 2.4571875000e+02 2.4968292236e+02 2.4984008789e+02 9.3584295654e+02
5.5521600189e-06 2.4546875000e+02 2.4646200562e+02 2.4321406555e+02 9.3601159668e+02
5.5617601902e-06 2.4934375000e+02 2.4944775391e+02 2.5034768677e+02 9.3624169922e+02
5.5713599068e-06 2.4600000000e+02 2.4946008301e+02 2.5091162109e+02 9.3647607422e+02
5.5809600781e-06 2.4490625000e+02 2.5132983398e+02 2.5376860046e+02 9.3674554443e+02
5.5905597947e-06 2.4437500000e+02 2.5020468140e+02 2.5233262634e+02 9.3699786377e+02
5.6001599660e-06 2.4731250000e+02 2.4936869812e+02 2.5089707947e+02 9.3723773193e+02
5.6097601373e-06 2.4603125000e+02 2.5029776001e+02 2.5223843384e+02 9.3749566650e+02
5.6193593991e-06 2.4362500000e+02 2.4949842834e+02 2.5203140259e+02 9.3774523926e+02
5.6289600252e-06 2.4550000000e+02 2.5124230957e+02 2.5436354065e+02 9.3802606201e+02
5.6385601965e-06 2.4728125000e+02 2.4485752869e+02 2.4284576416e+02 9.3819573975e+02
5.6481599131e-06 2.4575000000e+02 2.4464694214e+02 2.4364115906e+02 9.3837030029e+02
5.6577600844e-06 2.4543750000e+02 2.4848013306e+02 2.4772914124e+02 9.3860278320e+02
5.6673598010e-06 2.4765625000e+02 2.4713674927e+02 2.4692973328e+02 9.3881915283e+02
5.6769595176e-06 2.4656250000e+02 2.4856689453e+02 2.5058052063e+02 9.3906744385e+02
5.6865601437e-06 2.4475000000e+02 2.4702468872e+02 2.4887854004e+02 9.3929577637e+02
5.6961598602e-06 2.4893750000e+02 2.4687295532e+02 2.4791966248e+02 9.3952026367e+02
5.7057600316e-06 2.4193750000e+02 2.4659197998e+02 2.4700395203e+02 9.3973999023e+02
5.7153602029e-06 2.4440625000e+02 2.4492178345e+02 2.4625822449e+02 9.3994500732e+02
5.7249599195e-06 2.4218750000e+02 2.4683695984e+02 2.4888685608e+02 9.4018041992e+02
5.7345596360e-06 2.4728125000e+02 2.4492120361e+02 2.4668022156e+02 9.4039172363e+02
5.7441598074e-06 2.4415625000e+02 2.4690731812e+02 2.4613999939e+02 9.4061877441e+02
5.7537599787e-06 2.4315625000e+02 2.4607664490e+02 2.4718672180e+02 9.4084539795e+02
5.7633601500e-06 2.4396875000e+02 2.4746945190e+02 2.4853379822e+02 9.4109271240e+02
5.7729598666e-06 2.4746875000e+02 2.4463970947e+02 2.4447744751e+02 9.4129748535e+02
5.7825600379e-06 2.4381250000e+02 2.4430035400e+02 2.4152987671e+02 9.4148583984e+02
5.7921597545e-06 2.4450000000e+02 2.4380587769e+02 2.4395127869e+02 9.4168603516e+02
5.8017594711e-06 2.4406250000e+02 2.4428057861e+02 2.4429711914e+02 9.4189355469e+02
5.8113600971e-06 2.4381250000e+02 2.4446592712e+02 2.4449049377e+02 9.4210540771e+02
5.8209598137e-06 2.4071875000e+02 2.4581246948e+02 2.4694662476e+02 9.4234277344e+02
5.8305595303e-06 2.4384375000e+02 2.4351728821e+02 2.4276406860e+02 9.4254174805e+02
5.8401601564e-06 2.4381250000e+02 2.4547558594e+02 2.4776373291e+02 9.4278497314e+02
5.8497598729e-06 2.4425000000e+02 2.4645693970e+02 2.4722749329e+02 9.4303436279e+02
5.8593600443e-06 2.4609375000e+02 2.4233866882e+02 2.3938978577e+02 9.4321075439e+02
5.8689602156e-06 2.4356250000e+02 2.4190234375e+02 2.4044711304e+02 9.4339263916e+02
5.8785599322e-06 2.4218750000e+02 2.4458491516e+02 2.4518472290e+02 9.4362231445e+02
5.8881601035e-06 2.4246875000e+02 2.4219891357e+02 2.4180258179e+02 9.4381799316e+02
5.8977598201e-06 2.4453125000e+02 2.4280393982e+02 2.4404718018e+02 9.4403308105e+02
5.9073599914e-06 2.4193750000e+02 2.4226298523e+02 2.4162927246e+02 9.4423175049e+02
5.9169597080e-06 2.4134375000e+02 2.3953347778e+02 2.3958070374e+02 9.4440447998e+02
5.9265598793e-06 2.4059375000e+02 2.4308428955e+02 2.4519223022e+02 9.4463415527e+02
5.9361600506e-06 2.4128125000e+02 2.4317489624e+02 2.4541999817e+02 9.4486743164e+02
5.9457597672e-06 2.4315625000e+02 2.4358074951e+02 2.4302615356e+02 9.4509002686e+02
5.9553594838e-06 2.4375000000e+02 2.4266864014e+02 2.4312008667e+02 9.4530902100e+02
5.9649601098e-06 2.3968750000e+02 2.4336265564e+02 2.4528135681e+02 9.4554736328e+02
5.9745598264e-06 2.4253125000e+02 2.4260803223e+02 2.4425073242e+02 9.4577624512e+02
5.9841595430e-06 2.4087500000e+02 2.4082366943e+02 2.4071847534e+02 9.4597418213e+02
5.9937601691e-06 2.3865625000e+02 2.4083219910e+02 2.4249598694e+02 9.4618566895e+02
6.0033598857e-06 2.3971875000e+02 2.4185098267e+02 2.4246310425e+02 9.4640393066e+02
6.0129600570e-06 2.4196875000e+02 2.4028140259e+02 2.3664384460e+02 9.4657757568e+02
6.0225597736e-06 2.4265625000e+02 2.4039352417e+02 2.4122775269e+02 9.4678363037e+02
6.0321599449e-06 2.3946875000e+02 2.4163500977e+02 2.4299420166e+02 9.4700933838e+02
6.0417596615e-06 2.3706250000e+02 2.3976837158e+02 2.4297143555e+02 9.4722741699e+02
6.0513598328e-06 2.3968750000e+02 2.3982920837e+02 2.3845283508e+02 9.4741674805e+02
6.0609600041e-06 2.3775000000e+02 2.3881051636e+02 2.3759097290e+02 9.4759710693e+02
6.0705597207e-06 2.3921875000e+02 2.3950654602e+02 2.3959516907e+02 9.4779614258e+02
6.0801594373e-06 2.4071875000e+02 2.3674121094e+02 2.3224365234e+02 9.4793377686e+02
6.0897600633e-06 2.4215625000e+02 2.3705113220e+02 2.3309399414e+02 9.4808087158e+02
6.0993597799e-06 2.3618750000e+02 2.3812741089e+02 2.3942391968e+02 9.4827856445e+02
6.1089594965e-06 2.3962500000e+02 2.3604446411e+02 2.3611592102e+02 9.4844610596e+02
6.1185601226e-06 2.3831250000e+02 2.3953652954e+02 2.3640136719e+02 9.4863317871e+02
6.1281598391e-06 2.3700000000e+02 2.3801765442e+02 2.3821336365e+02 9.4882714844e+02
6.1377600105e-06 2.3687500000e+02 2.3550936890e+02 2.3020289612e+02 9.4895593262e+02
6.1473601818e-06 2.4012500000e+02 2.3717222595e+02 2.3529655457e+02 9.4912957764e+02
6.1569598984e-06 2.3875000000e+02 2.3758633423e+02 2.3608651733e+02 9.4931237793e+02
6.1665600697e-06 2.3612500000e+02 2.3638204956e+02 2.3356240845e+02 9.4947387695e+02
6.1761597863e-06 2.3940625000e+02 2.3739556885e+02 2.3537507629e+02 9.4965441895e+02
6.1857599576e-06 2.3631250000e+02 2.3472689819e+02 2.3038841248e+02 9.4979022217e+02
6.1953596742e-06 2.3915625000e+02 2.3689224243e+02 2.3724961853e+02 9.4998559570e+02
6.2049593907e-06 2.3659375000e+02 2.3442691040e+02 2.3376828003e+02 9.5014794922e+02
6.2145600168e-06 2.3540625000e+02 2.3752774048e+02 2.3788937378e+02 9.5035382080e+02
6.2241597334e-06 2.3368750000e+02 2.3864984131e+02 2.3915565491e+02 9.5057482910e+02
6.2337594500e-06 2.3503125000e+02 2.3534387207e+02 2.3483265686e+02 9.5075280762e+02
6.2433600760e-06 2.3659375000e+02 2.3679202271e+02 2.3704548645e+02 9.5095404053e+02
6.2529597926e-06 2.3743750000e+02 2.3591476440e+02 2.3464582825e+02 9.5113592529e+02
6.2625599639e-06 2.3650000000e+02 2.3476373291e+02 2.3526815796e+02 9.5131964111e+02
6.2721601353e-06 2.3543750000e+02 2.3709335327e+02 2.3954289246e+02 9.5154467773e+02
6.2817598518e-06 2.3531250000e+02 2.3466729736e+02 2.3269525146e+02 9.5171191406e+02
6.2913600232e-06 2.3681250000e+02 2.3599429321e+02 2.3448834229e+02 9.5189898682e+02
6.3009601945e-06 2.3428125000e+02 2.3816120911e+02 2.3819293213e+02 9.5212298584e+02
6.3105599111e-06 2.3568750000e+02 2.3480641174e+02 2.3422702026e+02 9.5230633545e+02
6.3201596276e-06 2.3693750000e+02 2.3370988464e+02 2.3195645142e+02 9.5247052002e+02
6.3297593442e-06 2.3475000000e+02 2.3353842163e+02 2.3025007629e+02 9.5262310791e+02
6.3393599703e-06 2.3715625000e+02 2.3456771851e+02 2.3462574768e+02 9.5281347656e+02
6.3489596869e-06 2.3281250000e+02 2.3320053101e+02 2.3159034729e+02 9.5297802734e+02
6.3585594035e-06 2.3443750000e+02 2.3881466675e+02 2.3726721191e+02 9.5320745850e+02
6.3681600295e-06 2.3287500000e+02 2.3082760620e+02 2.3145465088e+02 9.5336614990e+02
6.3777602008e-06 2.3487500000e+02 2.3377894592e+02 2.3109817505e+02 9.5353344727e+02
6.3873594627e-06 2.3471875000e+02 2.3465582275e+02 2.3399768066e+02 9.5372692871e+02
6.3969600888e-06 2.3237500000e+02 2.2922579956e+02 2.2912014771e+02 9.5386791992e+02
6.4065598053e-06 2.3475000000e+02 2.3151980591e+02 2.2957975769e+02 9.5402105713e+02
6.4161599767e-06 2.3318750000e+02 2.3260598755e+02 2.3137034607e+02 9.5419281006e+02
6.4257601480e-06 2.3121875000e+02 2.3080677795e+02 2.3225582886e+02 9.5436718750e+02
6.4353598646e-06 2.3384375000e+02 2.3001202393e+02 2.3262660217e+02 9.5454351807e+02
6.4449595811e-06 2.3331250000e+02 2.3145265198e+02 2.2586665344e+02 9.5467474365e+02
6.4545602072e-06 2.3187500000e+02 2.3220886230e+02 2.2949723816e+02 9.5483740234e+02
6.4641599238e-06 2.3015625000e+02 2.3048121643e+02 2.3029927063e+02 9.5500225830e+02
6.4737596404e-06 2.3075000000e+02 2.3377175903e+02 2.2984692383e+02 9.5517602539e+02
6.4833593569e-06 2.3312500000e+02 2.3242668152e+02 2.3085589600e+02 9.5535412598e+02
6.4929599830e-06 2.3078125000e+02 2.3338821411e+02 2.3254661560e+02 9.5554962158e+02
6.5025596996e-06 2.3181250000e+02 2.2954454041e+02 2.2945562744e+02 9.5571099854e+02
6.5121594162e-06 2.3375000000e+02 2.2685562134e+02 2.2690217590e+02 9.5584680176e+02
6.5217600422e-06 2.3218750000e+02 2.2924133301e+02 2.2982481384e+02 9.5601342773e+02
6.5313602136e-06 2.3137500000e+02 2.2794348145e+02 2.2929122925e+02 9.5617388916e+02
6.5409599301e-06 2.3278125000e+02 2.3151911926e+02 2.2957276917e+02 9.5634832764e+02
6.5505601015e-06 2.3318750000e+02 2.2472331238e+02 2.2341087341e+02 9.5645770264e+02
6.5601598180e-06 2.3115625000e+02 2.2822177124e+02 2.2605540466e+02 9.5659869385e+02
6.5697599894e-06 2.3084375000e+02 2.2742491150e+02 2.2278886414e+02 9.5671398926e+02
6.5793601607e-06 2.3040625000e+02 2.2585583496e+02 2.2693849182e+02 9.5685919189e+02
6.5889598773e-06 2.3387500000e+02 2.2672276306e+02 2.2745280457e+02 9.5701214600e+02
6.5985595938e-06 2.3246875000e+02 2.2828466797e+02 2.2618914795e+02 9.5716101074e+02
6.6081602199e-06 2.3178125000e+02 2.2787377930e+02 2.2751774597e+02 9.5732061768e+02
6.6177599365e-06 2.3125000000e+02 2.3114924622e+02 2.3159226990e+02 9.5752239990e+02
6.6273596531e-06 2.3284375000e+02 2.2756854248e+02 2.2689376831e+02 9.5767889404e+02
6.6369593696e-06 2.2896875000e+02 2.2575527954e+02 2.2351020813e+02 9.5780572510e+02
6.6465599957e-06 2.2987500000e+02 2.3115808105e+02 2.3140757751e+02 9.5801043701e+02
6.6561601670e-06 2.2896875000e+02 2.2871124268e+02 2.2781129456e+02 9.5818139648e+02
6.6657598836e-06 2.3175000000e+02 2.2879623413e+02 2.2757127380e+02 9.5835205078e+02
6.6753600549e-06 2.3290625000e+02 2.2411206055e+02 2.1964665222e+02 9.5844970703e+02
6.6849597715e-06 2.3193750000e+02 2.2823410034e+02 2.2742950439e+02 9.5862097168e+02
6.6945599428e-06 2.2762500000e+02 2.2435238647e+02 2.2313255310e+02 9.5875000000e+02
6.7041601142e-06 2.3093750000e+02 2.2612673950e+02 2.2101310730e+02 9.5886840820e+02
6.7137598307e-06 2.2696875000e+02 2.2769851685e+02 2.2567411804e+02 9.5902917480e+02
6.7233595473e-06 2.2850000000e+02 2.2696902466e+02 2.2318937683e+02 9.5916992188e+02
6.7329601734e-06 2.2765625000e+02 2.2330624390e+02 2.2274607849e+02 9.5929962158e+02
6.7425598900e-06 2.3028125000e+02 2.2652519226e+02 2.2232992554e+02 9.5943560791e+02
6.7521596065e-06 2.2643750000e+02 2.2509552002e+02 2.2391223145e+02 9.5958197021e+02
6.7617593231e-06 2.2834375000e+02 2.2588206482e+02 2.2329704285e+02 9.5972686768e+02
6.7713599492e-06 2.2946875000e+02 2.3008157349e+02 2.2405540466e+02 9.5989086914e+02
6.7809601205e-06 2.2825000000e+02 2.2588766479e+02 2.2105079651e+02 9.6002087402e+02
6.7905593824e-06 2.3059375000e+02 2.2423660278e+02 2.2003657532e+02 9.6014019775e+02
6.8001600084e-06 2.2818750000e+02 2.2321386719e+02 2.2135891724e+02 9.6026928711e+02
6.8097601797e-06 2.2815625000e+02 2.2356951904e+02 2.2165339661e+02 9.6040307617e+02
6.8193598963e-06 2.2725000000e+02 2.2347480774e+02 2.2034396362e+02 9.6052777100e+02
6.8289600677e-06 2.2790625000e+02 2.2328408813e+02 2.2086666870e+02 9.6065777588e+02
6.8385597842e-06 2.2921875000e+02 2.2564436340e+02 2.2185778809e+02 9.6080285645e+02
6.8481595008e-06 2.2671875000e+02 2.2290563965e+02 2.2279614258e+02 9.6095031738e+02
6.8577601269e-06 2.2690625000e+02 2.2330566406e+02 2.1674913025e+02 9.6105194092e+02
6.8673598435e-06 2.2587500000e+02 2.2563066101e+02 2.2322366333e+02 9.6121228027e+02
6.8769595600e-06 2.2709375000e+02 2.2133520508e+02 2.1958857727e+02 9.6133496094e+02
6.8865601861e-06 2.2506250000e+02 2.2158618164e+02 2.1772753906e+02 9.6144482422e+02
6.8961599027e-06 2.2515625000e+02 2.2202813721e+02 2.1960278320e+02 9.6157238770e+02
6.9057596193e-06 2.2531250000e+02 2.2016517639e+02 2.1763029480e+02 9.6168164062e+02
6.9153593358e-06 2.2290625000e+02 2.1723815918e+02 2.1588800049e+02 9.6177246094e+02
6.9249599619e-06 2.2618750000e+02 2.1790811157e+02 2.1500077820e+02 9.6185913086e+02
6.9345601332e-06 2.3003125000e+02 2.1619905090e+02 2.1452465820e+02 9.6194055176e+02
6.9441598498e-06 2.2668750000e+02 2.2448986816e+02 2.2224659729e+02 9.6210345459e+02
6.9537600211e-06 2.2321875000e+02 2.1879415894e+02 2.1943243408e+02 9.6223254395e+02
6.9633597377e-06 2.2518750000e+02 2.2238317871e+02 2.1830004883e+02 9.6236163330e+02
6.9729594543e-06 2.2309375000e+02 2.2090098572e+02 2.1810598755e+02 9.6248730469e+02
6.9825600804e-06 2.2618750000e+02 2.2273085022e+02 2.1716539001e+02 9.6261102295e+02
6.9921597969e-06 2.2556250000e+02 2.2337384033e+02 2.1892742920e+02 9.6275177002e+02
7.0017595135e-06 2.2390625000e+02 2.1879772949e+02 2.1850061035e+02 9.6288049316e+02
7.0113601396e-06 2.2709375000e+02 2.2020172119e+02 2.1382038879e+02 9.6297570801e+02
7.0209598562e-06 2.2540625000e+02 2.2080635071e+02 2.1645010376e+02 9.6309515381e+02
7.0305595727e-06 2.2537500000e+02 2.2137811279e+02 2.1719058228e+02 9.6322326660e+02
7.0401601988e-06 2.2331250000e+02 2.1567025757e+02 2.1570040894e+02 9.6332916260e+02
7.0497599154e-06 2.2806250000e+02 2.1946244812e+02 2.1707736206e+02 9.6345526123e+02
7.0593600867e-06 2.2371875000e+02 2.1964208984e+02 2.1343164062e+02 9.6355377197e+02
7.0689598033e-06 2.2228125000e+02 2.1738455200e+02 2.1144328308e+02 9.6363311768e+02
7.0785599746e-06 2.2312500000e+02 2.1810464478e+02 2.1205924988e+02 9.6372070312e+02
7.0881596912e-06 2.2259375000e+02 2.1422216797e+02 2.0711610413e+02 9.6376214600e+02
7.0977598625e-06 2.2387500000e+02 2.1942938232e+02 2.1422685242e+02 9.6387371826e+02
7.1073600338e-06 2.2181250000e+02 2.1866542053e+02 2.1355613708e+02 9.6397967529e+02
7.1169597504e-06 2.2065625000e+02 2.2123477173e+02 2.1644349670e+02 9.6411596680e+02
7.1265594670e-06 2.2003125000e+02 1.4078175354e+02 7.6000862122e+01 9.6300817871e+02
7.1361600931e-06 2.2237500000e+02 1.5256393433e+02 8.0000885010e+01 9.6195928955e+02
7.1457598096e-06 2.2225000000e+02 1.6141371155e+02 8.8262344360e+01 9.6100347900e+02
7.1553595262e-06 2.1718750000e+02 1.5347012329e+02 8.0234802246e+01 9.5998718262e+02
7.1649601523e-06 2.1262500000e+02 1.3897169495e+02 6.7800155640e+01 9.5887677002e+02
7.1745598689e-06 2.0331250000e+02 1.2823915100e+02 5.9002998352e+01 9.5770471191e+02
7.1841600402e-06 1.9653125000e+02 1.1491258240e+02 4.7526256561e+01 9.5644152832e+02
7.1937602115e-06 1.8296875000e+02 1.0672239685e+02 3.9262340546e+01 9.5511865234e+02
7.2033599281e-06 1.7106250000e+02 9.5858520508e+01 2.9613380432e+01 9.5371868896e+02
7.2129596447e-06 1.5378125000e+02 9.0646255493e+01 2.3260250092e+01 9.5227258301e+02
7.2225598160e-06 1.3209375000e+02 7.8965637207e+01 1.7710138321e+01 9.5078399658e+02
7.2321599873e-06 1.1556250000e+02 6.7326919556e+01 1.3696774483e+01 9.4926794434e+02
7.2417597039e-06 9.9031250000e+01 5.6501739502e+01 1.0916969299e+01 9.4773638916e+02
7.2513594205e-06 8.6687500000e+01 4.7480773926e+01 8.3081808090e+00 9.4619152832e+02
7.2609600466e-06 7.3343750000e+01 4.0215728760e+01 6.0926899910e+00 9.4463726807e+02
7.2705597631e-06 6.0781250000e+01 3.4707550049e+01 4.8590073586e+00 9.4308361816e+02
7.2801594797e-06 4.6625000000e+01 2.4634826660e+01 3.4448745251e+00 9.4152917480e+02
7.2897601058e-06 3.8562500000e+01 1.8922454834e+01 2.7173988819e+00 9.3998071289e+02
7.2993598224e-06 3.1000000000e+01 1.5235351562e+01 2.2214663029e+00 9.3844061279e+02
7.3089595389e-06 2.4718750000e+01 1.3423034668e+01 1.6594957113e+00 9.3690814209e+02
7.3185601650e-06 1.9968750000e+01 1.1279724121e+01 1.3077175617e+00 9.3538519287e+02
7.3281598816e-06 1.4812500000e+01 9.5816955566e+00 9.3480503559e-01 9.3387170410e+02
7.3377600529e-06 1.4968750000e+01 7.5231628418e+00 6.8797165155e-01 9.3236846924e+02
7.3518399404e-06 1.1031250000e+01 5.1483764648e+00 4.8231691122e-01 9.3018371582e+02
