# time_s Ids_A Vds_V Vgs_V
4.1759999903e-08 1.0031250000e+01 3.6681250000e+02 9.5523433685e+00
5.1360000697e-08 2.1375000000e+01 3.5634375000e+02 1.0742968559e+01
6.0959997938e-08 4.2000000000e+01 3.4854687500e+02 1.1954687119e+01
7.0559998733e-08 6.0343750000e+01 3.3964062500e+02 1.2725781441e+01
8.0159999527e-08 8.5031250000e+01 3.3501562500e+02 1.3465624809e+01
8.9760000321e-08 1.0725000000e+02 3.3026562500e+02 1.3960156441e+01
9.9360001116e-08 1.2943750000e+02 3.3334375000e+02 1.4473437309e+01
1.0896000191e-07 1.4840625000e+02 3.3617187500e+02 1.5006250381e+01
1.1856000270e-07 1.7168750000e+02 3.4228125000e+02 1.5359375000e+01
1.2815999639e-07 1.9215625000e+02 3.4929687500e+02 1.5666406631e+01
1.3775999719e-07 2.1053125000e+02 3.5626562500e+02 1.5893750191e+01
1.4735999798e-07 2.2796875000e+02 3.6393750000e+02 1.6217967987e+01
1.5695999878e-07 2.4431250000e+02 3.6828125000e+02 1.6490625381e+01
1.6655999957e-07 2.6412500000e+02 3.7148437500e+02 1.6565624237e+01
1.7616000036e-07 2.7378125000e+02 3.7185937500e+02 1.6604686737e+01
1.8576000116e-07 2.8675000000e+02 3.7287500000e+02 1.6811717987e+01
1.9536000195e-07 3.0181250000e+02 3.6912500000e+02 1.6860157013e+01
2.0496000275e-07 3.0959375000e+02 3.6793750000e+02 1.7095312119e+01
2.1456000354e-07 3.2462500000e+02 3.6692187500e+02 1.7060155869e+01
2.2416000434e-07 3.3140625000e+02 3.6589062500e+02 1.7303905487e+01
2.3376000513e-07 3.4006250000e+02 3.6678125000e+02 1.7325000763e+01
2.4336000592e-07 3.5053125000e+02 3.7120312500e+02 1.7516407013e+01
2.5296000672e-07 3.6309375000e+02 3.7490625000e+02 1.7429687500e+01
2.6256000751e-07 3.6790625000e+02 3.7868750000e+02 1.7594532013e+01
2.7216000831e-07 3.7925000000e+02 3.8057812500e+02 1.7533594131e+01
2.8176000910e-07 3.8568750000e+02 3.8492187500e+02 1.7710155487e+01
2.9136000990e-07 3.9493750000e+02 3.8735937500e+02 1.7718750000e+01
3.0096001069e-07 3.9765625000e+02 3.8471875000e+02 1.7625000000e+01
3.1056001148e-07 4.0946875000e+02 3.8557812500e+02 1.7769531250e+01
3.2016001228e-07 4.1406250000e+02 3.8250000000e+02 1.7839843750e+01
3.2976001307e-07 4.1815625000e+02 3.8082812500e+02 1.7789844513e+01
3.3936001387e-07 4.2425000000e+02 3.8168750000e+02 1.7782812119e+01
3.4895998624e-07 4.3287500000e+02 3.7948437500e+02 1.7767969131e+01
3.5855998703e-07 4.3531250000e+02 3.8262500000e+02 1.7816406250e+01
3.6815998783e-07 4.4296875000e+02 3.8184375000e+02 1.7860157013e+01
3.7775998862e-07 4.4200000000e+02 3.8375000000e+02 1.7830469131e+01
3.8735998942e-07 4.4987500000e+02 3.8670312500e+02 1.7995311737e+01
3.9695999021e-07 4.5765625000e+02 3.8892187500e+02 1.8007030487e+01
4.0655999101e-07 4.6300000000e+02 3.8943750000e+02 1.8023437500e+01
4.1615999180e-07 4.6781250000e+02 3.9103125000e+02 1.7903125763e+01
4.2575999259e-07 4.6859375000e+02 3.9087500000e+02 1.7924999237e+01
4.3535999339e-07 4.7415625000e+02 3.9078125000e+02 1.7873437881e+01
4.4495999418e-07 4.7543750000e+02 3.8909375000e+02 1.7899219513e+01
4.5455999498e-07 4.7918750000e+02 3.8818750000e+02 1.7875000000e+01
4.6415999577e-07 4.7928125000e+02 3.8809375000e+02 1.7864063263e+01
4.7375999657e-07 4.8590625000e+02 3.8815625000e+02 1.7856250763e+01
4.8335999736e-07 4.8940625000e+02 3.9007812500e+02 1.7875000000e+01
4.9295999816e-07 4.8665625000e+02 3.8914062500e+02 1.7858592987e+01
5.0255999895e-07 4.9359375000e+02 3.9003125000e+02 1.7961719513e+01
5.1215999974e-07 4.9725000000e+02 3.9170312500e+02 1.8039062500e+01
5.2176000054e-07 4.9934375000e+02 3.9350000000e+02 1.7985157013e+01
5.3136000133e-07 4.9796875000e+02 3.9484375000e+02 1.7982030869e+01
5.4096000213e-07 5.0243750000e+02 3.9512500000e+02 1.8053125381e+01
5.5056000292e-07 5.0400000000e+02 3.9309375000e+02 1.8017187119e+01
5.6016000372e-07 5.0653125000e+02 3.9425000000e+02 1.7948436737e+01
5.6976000451e-07 5.0718750000e+02 3.9385937500e+02 1.7977344513e+01
5.7936000530e-07 5.0556250000e+02 3.9403125000e+02 1.8080469131e+01
5.8896000610e-07 5.0793750000e+02 3.9454687500e+02 1.8077342987e+01
5.9856000689e-07 5.1231250000e+02 3.9379687500e+02 1.7825000763e+01
6.0816000769e-07 5.1240625000e+02 3.9481250000e+02 1.8021875381e+01
6.1776000848e-07 5.1412500000e+02 3.9396875000e+02 1.7886718750e+01
6.2736000928e-07 5.1553125000e+02 3.9542187500e+02 1.8025781631e+01
6.3696001007e-07 5.1787500000e+02 3.9514062500e+02 1.7892969131e+01
6.4656001086e-07 5.1853125000e+02 3.9712500000e+02 1.8024999619e+01
6.5616001166e-07 5.1946875000e+02 3.9682812500e+02 1.7956249237e+01
6.6576001245e-07 5.1853125000e+02 3.9806250000e+02 1.7912500381e+01
6.7536001325e-07 5.1915625000e+02 3.9885937500e+02 1.8103906631e+01
6.8496001404e-07 5.1875000000e+02 3.9712500000e+02 1.7953125000e+01
6.9456001484e-07 5.2140625000e+02 3.9792187500e+02 1.7823436737e+01
7.0416001563e-07 5.1953125000e+02 3.9676562500e+02 1.7878906250e+01
7.1376001642e-07 5.2265625000e+02 3.9673437500e+02 1.7953125000e+01
7.2336001722e-07 5.1862500000e+02 3.9643750000e+02 1.7928125381e+01
7.3296001801e-07 5.1984375000e+02 3.9884375000e+02 1.8041406631e+01
7.4256001881e-07 5.1812500000e+02 3.9771875000e+02 1.8063282013e+01
7.5216001960e-07 5.2562500000e+02 3.9670312500e+02 1.8013280869e+01
7.6176002040e-07 5.2018750000e+02 3.9704687500e+02 1.7849218369e+01
7.7136002119e-07 5.2065625000e+02 3.9751562500e+02 1.7996093750e+01
7.8096002198e-07 5.2275000000e+02 3.9940625000e+02 1.7951562881e+01
7.9056002278e-07 5.1896875000e+02 3.9915625000e+02 1.7823436737e+01
8.0016002357e-07 5.2003125000e+02 3.9781250000e+02 1.7913280487e+01
8.0976002437e-07 5.1925000000e+02 3.9878125000e+02 1.8054687500e+01
8.1936002516e-07 5.1950000000e+02 3.9739062500e+02 1.7982812881e+01
8.2896002596e-07 5.1881250000e+02 3.9776562500e+02 1.8027343750e+01
8.3856002675e-07 5.1878125000e+02 3.9960937500e+02 1.7908594131e+01
8.4816002754e-07 5.1981250000e+02 3.9939062500e+02 1.8053125381e+01
8.5776002834e-07 5.2365625000e+02 3.9895312500e+02 1.8053125381e+01
8.6735997229e-07 5.1687500000e+02 3.9925000000e+02 1.7890625000e+01
8.7695997308e-07 5.1850000000e+02 3.9857812500e+02 1.7935155869e+01
8.8655997388e-07 5.1587500000e+02 3.9968750000e+02 1.8035156250e+01
8.9615997467e-07 5.1543750000e+02 4.0032812500e+02 1.8096094131e+01
9.0575997547e-07 5.1425000000e+02 4.0032812500e+02 1.7943750381e+01
9.1535997626e-07 5.1412500000e+02 4.0021875000e+02 1.7851562500e+01
9.2495997706e-07 5.1131250000e+02 3.9932812500e+02 1.8104686737e+01
9.3455997785e-07 5.1578125000e+02 3.9976562500e+02 1.8030467987e+01
9.4415997864e-07 5.1562500000e+02 3.9982812500e+02 1.7949218750e+01
9.5376003628e-07 5.1231250000e+02 4.0003125000e+02 1.8060937881e+01
9.6335998023e-07 5.0909375000e+02 3.9960937500e+02 1.8064844131e+01
9.7296003787e-07 5.0950000000e+02 4.0007812500e+02 1.8056249619e+01
9.8255998182e-07 5.0709375000e+02 3.9914062500e+02 1.7967187881e+01
9.9216003946e-07 5.0993750000e+02 4.0068750000e+02 1.7943750381e+01
1.0017599834e-06 5.0987500000e+02 4.0101562500e+02 1.8029687881e+01
1.0113600410e-06 5.0737500000e+02 3.9875000000e+02 1.8025781631e+01
1.0209599850e-06 5.0331250000e+02 4.0098437500e+02 1.7994531631e+01
1.0305600426e-06 5.0206250000e+02 4.0123437500e+02 1.8157032013e+01
1.0401599866e-06 5.0462500000e+02 4.0120312500e+02 1.8155467987e+01
1.0497600442e-06 5.0403125000e+02 4.0018750000e+02 1.8090625763e+01
1.0593599882e-06 4.9965625000e+02 3.9965625000e+02 1.8028125763e+01
1.0689600458e-06 5.0006250000e+02 4.0087500000e+02 1.8017969131e+01
1.0785599898e-06 5.0303125000e+02 4.0242187500e+02 1.8159374237e+01
1.0881600474e-06 4.9531250000e+02 4.0040625000e+02 1.8036718369e+01
1.0977599914e-06 4.9762500000e+02 4.0053125000e+02 1.7961719513e+01
1.1073600490e-06 4.9512500000e+02 4.0109375000e+02 1.8139842987e+01
1.1169599929e-06 4.9446875000e+02 4.0123437500e+02 1.8038280487e+01
1.1265600506e-06 4.9371875000e+02 4.0035937500e+02 1.8046092987e+01
1.1361599945e-06 4.9287500000e+02 4.0001562500e+02 1.8085937500e+01
1.1457600522e-06 4.9234375000e+02 3.9984375000e+02 1.8167968750e+01
1.1553599961e-06 4.9371875000e+02 3.9989062500e+02 1.8113281250e+01
1.1649600538e-06 4.8837500000e+02 3.9925000000e+02 1.8060155869e+01
1.1745599977e-06 4.8715625000e+02 3.9984375000e+02 1.8082031250e+01
1.1841600553e-06 4.8665625000e+02 4.0059375000e+02 1.8049219131e+01
1.1937599993e-06 4.8659375000e+02 4.0176562500e+02 1.8126562119e+01
1.2033599432e-06 4.8221875000e+02 3.9965625000e+02 1.8178905487e+01
1.2129600009e-06 4.8312500000e+02 4.0132812500e+02 1.8200000763e+01
1.2225599448e-06 4.8353125000e+02 4.0326562500e+02 1.8125782013e+01
1.2321600025e-06 4.8484375000e+02 3.9956250000e+02 1.8117969513e+01
1.2417599464e-06 4.8009375000e+02 4.0020312500e+02 1.8014062881e+01
1.2513600041e-06 4.8025000000e+02 4.0025000000e+02 1.8114063263e+01
1.2609599480e-06 4.7968750000e+02 3.9990625000e+02 1.8178905487e+01
1.2705600057e-06 4.7596875000e+02 4.0023437500e+02 1.8103906631e+01
1.2801599496e-06 4.7637500000e+02 4.0032812500e+02 1.8157032013e+01
1.2897600072e-06 4.7081250000e+02 4.0056250000e+02 1.8173437119e+01
1.2993599512e-06 4.7115625000e+02 4.0109375000e+02 1.8228124619e+01
1.3089600088e-06 4.6931250000e+02 4.0042187500e+02 1.8269531250e+01
1.3185599528e-06 4.7240625000e+02 4.0014062500e+02 1.8211719513e+01
1.3281600104e-06 4.7084375000e+02 4.0045312500e+02 1.8171875000e+01
1.3377599544e-06 4.6325000000e+02 3.9978125000e+02 1.8318750381e+01
1.3473600120e-06 4.6721875000e+02 4.0096875000e+02 1.8139062881e+01
1.3569599560e-06 4.6421875000e+02 4.0098437500e+02 1.8269531250e+01
1.3665600136e-06 4.6478125000e+02 4.0104687500e+02 1.8282032013e+01
1.3761599575e-06 4.6346875000e+02 4.0101562500e+02 1.8201562881e+01
1.3857600152e-06 4.6431250000e+02 4.0123437500e+02 1.8253906250e+01
1.3953599591e-06 4.5990625000e+02 3.9989062500e+02 1.8245311737e+01
1.4049600168e-06 4.5834375000e+02 4.0026562500e+02 1.8331249237e+01
1.4145599607e-06 4.5509375000e+02 4.0110937500e+02 1.8277343750e+01
1.4241600184e-06 4.5650000000e+02 3.9868750000e+02 1.8195312500e+01
1.4337599623e-06 4.5587500000e+02 4.0100000000e+02 1.8282812119e+01
1.4433600199e-06 4.5125000000e+02 3.9920312500e+02 1.8319530487e+01
1.4529599639e-06 4.4978125000e+02 3.9940625000e+02 1.8318750381e+01
1.4625600215e-06 4.5359375000e+02 3.9901562500e+02 1.8221094131e+01
1.4721599655e-06 4.5209375000e+02 3.9918750000e+02 1.8222656250e+01
1.4817600231e-06 4.4562500000e+02 4.0195312500e+02 1.8208593369e+01
1.4913599671e-06 4.4881250000e+02 3.9973437500e+02 1.8181249619e+01
1.5009600247e-06 4.5162500000e+02 4.0032812500e+02 1.8292186737e+01
1.5105599687e-06 4.4753125000e+02 4.0084375000e+02 1.8322656631e+01
1.5201600263e-06 4.4243750000e+02 3.9968750000e+02 1.8362499237e+01
1.5297599703e-06 4.4475000000e+02 3.9993750000e+02 1.8367969513e+01
1.5393600279e-06 4.4503125000e+02 3.9948437500e+02 1.8242187500e+01
1.5489599718e-06 4.4371875000e+02 3.9993750000e+02 1.8274999619e+01
1.5585600295e-06 4.3934375000e+02 3.9978125000e+02 1.8250000000e+01
1.5681599734e-06 4.4296875000e+02 3.9979687500e+02 1.8209375381e+01
1.5777600311e-06 4.3678125000e+02 3.9993750000e+02 1.8360157013e+01
1.5873599750e-06 4.3846875000e+02 4.0051562500e+02 1.8382030487e+01
1.5969600327e-06 4.3578125000e+02 3.9968750000e+02 1.8364843369e+01
1.6065599766e-06 4.3784375000e+02 3.9865625000e+02 1.8287500381e+01
1.6161600342e-06 4.3637500000e+02 4.0015625000e+02 1.8378906250e+01
1.6257599782e-06 4.3318750000e+02 3.9965625000e+02 1.8282812119e+01
1.6353600358e-06 4.3153125000e+02 4.0021875000e+02 1.8357030869e+01
1.6449599798e-06 4.2878125000e+02 3.9901562500e+02 1.8317188263e+01
1.6545600374e-06 4.3431250000e+02 3.9896875000e+02 1.8355468750e+01
1.6641599814e-06 4.2900000000e+02 3.9910937500e+02 1.8247655869e+01
1.6737600390e-06 4.2603125000e+02 4.0001562500e+02 1.8341405869e+01
1.6833599830e-06 4.2562500000e+02 4.0118750000e+02 1.8271875381e+01
1.6929600406e-06 4.2409375000e+02 4.0090625000e+02 1.8278125763e+01
1.7025599846e-06 4.2415625000e+02 4.0109375000e+02 1.8396875381e+01
1.7121600422e-06 4.2221875000e+02 3.9959375000e+02 1.8291406631e+01
1.7217599861e-06 4.2162500000e+02 4.0021875000e+02 1.8356250763e+01
1.7313600438e-06 4.1859375000e+02 3.9820312500e+02 1.8387500763e+01
1.7409599877e-06 4.1993750000e+02 4.0029687500e+02 1.8404687881e+01
1.7505600454e-06 4.1793750000e+02 3.9943750000e+02 1.8376562119e+01
1.7601599893e-06 4.1918750000e+02 3.9895312500e+02 1.8403905869e+01
1.7697600470e-06 4.1709375000e+02 3.9773437500e+02 1.8420312881e+01
1.7793599909e-06 4.1659375000e+02 3.9904687500e+02 1.8379688263e+01
1.7889600485e-06 4.1334375000e+02 3.9898437500e+02 1.8322656631e+01
1.7985599925e-06 4.1500000000e+02 3.9956250000e+02 1.8459375381e+01
1.8081600501e-06 4.1240625000e+02 3.9810937500e+02 1.8423437119e+01
1.8177599941e-06 4.1209375000e+02 3.9873437500e+02 1.8389062881e+01
1.8273600517e-06 4.0962500000e+02 3.9995312500e+02 1.8439062119e+01
1.8369599957e-06 4.1025000000e+02 3.9860937500e+02 1.8392969131e+01
1.8465600533e-06 4.1103125000e+02 3.9979687500e+02 1.8339061737e+01
1.8561599973e-06 4.0771875000e+02 3.9868750000e+02 1.8489063263e+01
1.8657600549e-06 4.0878125000e+02 3.9856250000e+02 1.8366405487e+01
1.8753599988e-06 4.0687500000e+02 3.9862500000e+02 1.8357030869e+01
1.8849600565e-06 4.0703125000e+02 3.9996875000e+02 1.8369531631e+01
1.8945600004e-06 4.0512500000e+02 4.0037500000e+02 1.8328907013e+01
1.9041599444e-06 4.0178125000e+02 3.9939062500e+02 1.8458593369e+01
1.9137598883e-06 4.0287500000e+02 3.9825000000e+02 1.8387500763e+01
1.9233600597e-06 4.0046875000e+02 3.9825000000e+02 1.8360157013e+01
1.9329600036e-06 4.0128125000e+02 4.0004687500e+02 1.8376562119e+01
1.9425599476e-06 4.0365625000e+02 3.9748437500e+02 1.8490625381e+01
1.9521598915e-06 3.9718750000e+02 3.9939062500e+02 1.8307031631e+01
1.9617600628e-06 3.9740625000e+02 3.9856250000e+02 1.8392969131e+01
1.9713600068e-06 3.9890625000e+02 3.9864062500e+02 1.8472656250e+01
1.9809599507e-06 3.9550000000e+02 3.9992187500e+02 1.8329687119e+01
1.9905598947e-06 3.9215625000e+02 3.9885937500e+02 1.8390625000e+01
2.0001600660e-06 3.9103125000e+02 4.0051562500e+02 1.8429687500e+01
2.0097600100e-06 3.9640625000e+02 3.9857812500e+02 1.8374217987e+01
2.0193599539e-06 3.9328125000e+02 3.9673437500e+02 1.8413280487e+01
2.0289598979e-06 3.9406250000e+02 3.9901562500e+02 1.8338281631e+01
2.0385600692e-06 3.9209375000e+02 3.9868750000e+02 1.8359375000e+01
2.0481600131e-06 3.8900000000e+02 3.9812500000e+02 1.8383594513e+01
2.0577599571e-06 3.8990625000e+02 3.9975000000e+02 1.8505468369e+01
2.0673599010e-06 3.9050000000e+02 3.9796875000e+02 1.8489063263e+01
2.0769600724e-06 3.8962500000e+02 3.9915625000e+02 1.8409374237e+01
2.0865600163e-06 3.8834375000e+02 3.9770312500e+02 1.8360157013e+01
2.0961599603e-06 3.8609375000e+02 3.9779687500e+02 1.8369531631e+01
2.1057599042e-06 3.8409375000e+02 3.9660937500e+02 1.8395313263e+01
2.1153600755e-06 3.8646875000e+02 3.9832812500e+02 1.8489843369e+01
2.1249600195e-06 3.8503125000e+02 3.9815625000e+02 1.8481250763e+01
2.1345599635e-06 3.8096875000e+02 3.9679687500e+02 1.8357812881e+01
2.1441599074e-06 3.8362500000e+02 3.9889062500e+02 1.8386718750e+01
2.1537600787e-06 3.8546875000e+02 3.9732812500e+02 1.8399999619e+01
2.1633600227e-06 3.7934375000e+02 3.9910937500e+02 1.8414844513e+01
2.1729599666e-06 3.7881250000e+02 3.9945312500e+02 1.8365625381e+01
2.1825599106e-06 3.7953125000e+02 4.0001562500e+02 1.8371093750e+01
2.1921600819e-06 3.8150000000e+02 3.9806250000e+02 1.8428905487e+01
2.2017600259e-06 3.7556250000e+02 3.9773437500e+02 1.8359375000e+01
2.2113599698e-06 3.7628125000e+02 3.9882812500e+02 1.8383594513e+01
2.2209599138e-06 3.7340625000e+02 3.9832812500e+02 1.8450000763e+01
2.2305600851e-06 3.7365625000e+02 3.9715625000e+02 1.8454687119e+01
2.2401600290e-06 3.7796875000e+02 3.9818750000e+02 1.8410938263e+01
2.2497599730e-06 3.7321875000e+02 3.9803125000e+02 1.8306249619e+01
2.2593599169e-06 3.7328125000e+02 3.9623437500e+02 1.8386718750e+01
2.2689600883e-06 3.7121875000e+02 3.9878125000e+02 1.8440624237e+01
2.2785600322e-06 3.7209375000e+02 3.9870312500e+02 1.8573436737e+01
2.2881599762e-06 3.7031250000e+02 3.9887500000e+02 1.8333593369e+01
2.2977599201e-06 3.7293750000e+02 3.9679687500e+02 1.8422657013e+01
2.3073600914e-06 3.7090625000e+02 3.9709375000e+02 1.8483592987e+01
2.3169600354e-06 3.7112500000e+02 3.9709375000e+02 1.8475000381e+01
2.3265599793e-06 3.6881250000e+02 3.9628125000e+02 1.8507812500e+01
2.3361599233e-06 3.6906250000e+02 3.9693750000e+02 1.8460155487e+01
2.3457600946e-06 3.6600000000e+02 3.9817187500e+02 1.8517969131e+01
2.3553600386e-06 3.6506250000e+02 3.9825000000e+02 1.8439062119e+01
2.3649599825e-06 3.6643750000e+02 3.9759375000e+02 1.8417968750e+01
2.3745599265e-06 3.6106250000e+02 3.9668750000e+02 1.8456249237e+01
2.3841600978e-06 3.6756250000e+02 3.9793750000e+02 1.8461719513e+01
2.3937600417e-06 3.6331250000e+02 3.9831250000e+02 1.8464061737e+01
2.4033599857e-06 3.6428125000e+02 3.9834375000e+02 1.8421875000e+01
2.4129599296e-06 3.6328125000e+02 3.9837500000e+02 1.8260936737e+01
2.4225601010e-06 3.6253125000e+02 3.9789062500e+02 1.8384374619e+01
2.4321600449e-06 3.5893750000e+02 3.9621875000e+02 1.8485937119e+01
2.4417599889e-06 3.5806250000e+02 3.9651562500e+02 1.8479686737e+01
2.4513599328e-06 3.5834375000e+02 3.9685937500e+02 1.8498437881e+01
2.4609601041e-06 3.5837500000e+02 3.9756250000e+02 1.8421875000e+01
2.4705600481e-06 3.6000000000e+02 3.9696875000e+02 1.8444530487e+01
2.4801599920e-06 3.5662500000e+02 3.9787500000e+02 1.8388280869e+01
2.4897599360e-06 3.5443750000e+02 3.9767187500e+02 1.8474218369e+01
2.4993601073e-06 3.5546875000e+02 3.9800000000e+02 1.8396093369e+01
2.5089600513e-06 3.5134375000e+02 3.9728125000e+02 1.8440624237e+01
2.5185599952e-06 3.5493750000e+02 3.9764062500e+02 1.8415624619e+01
2.5281599392e-06 3.5709375000e+02 3.9692187500e+02 1.8429687500e+01
2.5377601105e-06 3.5165625000e+02 3.9815625000e+02 1.8433593750e+01
2.5473600545e-06 3.5296875000e+02 3.9748437500e+02 1.8532812119e+01
2.5569599984e-06 3.5481250000e+02 3.9684375000e+02 1.8428905487e+01
2.5665599424e-06 3.5000000000e+02 3.9706250000e+02 1.8478906631e+01
2.5761601137e-06 3.5087500000e+02 3.9729687500e+02 1.8359375000e+01
2.5857600576e-06 3.5159375000e+02 3.9765625000e+02 1.8480468750e+01
2.5953600016e-06 3.4862500000e+02 3.9726562500e+02 1.8358592987e+01
2.6049599455e-06 3.4959375000e+02 3.9509375000e+02 1.8466405869e+01
2.6145598895e-06 3.4934375000e+02 3.9668750000e+02 1.8534374237e+01
2.6241600608e-06 3.4853125000e+02 3.9757812500e+02 1.8521875381e+01
2.6337600048e-06 3.5006250000e+02 3.9742187500e+02 1.8375782013e+01
2.6433599487e-06 3.4493750000e+02 3.9698437500e+02 1.8439062119e+01
2.6529598927e-06 3.4718750000e+02 3.9593750000e+02 1.8407812119e+01
2.6625600640e-06 3.4431250000e+02 3.9681250000e+02 1.8444530487e+01
2.6721600079e-06 3.4765625000e+02 3.9807812500e+02 1.8546875000e+01
2.6817599519e-06 3.4425000000e+02 3.9665625000e+02 1.8482812881e+01
2.6913598958e-06 3.4618750000e+02 3.9798437500e+02 1.8518749237e+01
2.7009600672e-06 3.4328125000e+02 3.9695312500e+02 1.8498437881e+01
2.7105600111e-06 3.4393750000e+02 3.9684375000e+02 1.8493749619e+01
2.7201599551e-06 3.4421875000e+02 3.9710937500e+02 1.8319530487e+01
2.7297598990e-06 3.3990625000e+02 3.9757812500e+02 1.8478906631e+01
2.7393600703e-06 3.4343750000e+02 3.9573437500e+02 1.8382812500e+01
2.7489600143e-06 3.4228125000e+02 3.9726562500e+02 1.8415624619e+01
2.7585599582e-06 3.4031250000e+02 3.9814062500e+02 1.8471094131e+01
2.7681599022e-06 3.4071875000e+02 3.9664062500e+02 1.8482030869e+01
2.7777600735e-06 3.4150000000e+02 3.9621875000e+02 1.8522655487e+01
2.7873600175e-06 3.3628125000e+02 3.9712500000e+02 1.8384374619e+01
2.7969599614e-06 3.4125000000e+02 3.9634375000e+02 1.8299999237e+01
2.8065599054e-06 3.3818750000e+02 3.9539062500e+02 1.8446094513e+01
2.8161600767e-06 3.3725000000e+02 3.9685937500e+02 1.8514062881e+01
2.8257600206e-06 3.3359375000e+02 3.9659375000e+02 1.8478906631e+01
2.8353599646e-06 3.3771875000e+02 3.9660937500e+02 1.8398437500e+01
2.8449599085e-06 3.3612500000e+02 3.9662500000e+02 1.8469532013e+01
2.8545600799e-06 3.3809375000e+02 3.9451562500e+02 1.8447656631e+01
2.8641600238e-06 3.3178125000e+02 3.9603125000e+02 1.8483592987e+01
2.8737599678e-06 3.3271875000e+02 3.9514062500e+02 1.8552343369e+01
2.8833599117e-06 3.3418750000e+02 3.9856250000e+02 1.8478124619e+01
2.8929600830e-06 3.3368750000e+02 3.9667187500e+02 1.8516407013e+01
2.9025600270e-06 3.3078125000e+02 3.9707812500e+02 1.8463281631e+01
2.9121599709e-06 3.3146875000e+02 3.9534375000e+02 1.8466405869e+01
2.9217599149e-06 3.3112500000e+02 3.9690625000e+02 1.8573436737e+01
2.9313600862e-06 3.3371875000e+02 3.9693750000e+02 1.8528125763e+01
2.9409600302e-06 3.2987500000e+02 3.9576562500e+02 1.8471094131e+01
2.9505599741e-06 3.2962500000e+02 3.9642187500e+02 1.8459375381e+01
2.9601599181e-06 3.3218750000e+02 3.9517187500e+02 1.8449218750e+01
2.9697600894e-06 3.2775000000e+02 3.9787500000e+02 1.8527343750e+01
2.9793600334e-06 3.2900000000e+02 3.9635937500e+02 1.8432811737e+01
2.9889599773e-06 3.2609375000e+02 3.9567187500e+02 1.8502344131e+01
2.9985599213e-06 3.2896875000e+02 3.9610937500e+02 1.8610157013e+01
3.0081600926e-06 3.2759375000e+02 3.9635937500e+02 1.8396875381e+01
3.0177600365e-06 3.2634375000e+02 3.9681250000e+02 1.8455469131e+01
3.0273599805e-06 3.2375000000e+02 3.9598437500e+02 1.8547657013e+01
3.0369599244e-06 3.2284375000e+02 3.9512500000e+02 1.8448436737e+01
3.0465600958e-06 3.2353125000e+02 3.9546875000e+02 1.8493749619e+01
3.0561600397e-06 3.2596875000e+02 3.9710937500e+02 1.8454687119e+01
3.0657599837e-06 3.2456250000e+02 3.9687500000e+02 1.8547657013e+01
3.0753599276e-06 3.2478125000e+02 3.9540625000e+02 1.8521093369e+01
3.0849600989e-06 3.2550000000e+02 3.9473437500e+02 1.8397655487e+01
3.0945600429e-06 3.2203125000e+02 3.9639062500e+02 1.8492187500e+01
3.1041599868e-06 3.2146875000e+02 3.9634375000e+02 1.8514062881e+01
3.1137599308e-06 3.2218750000e+02 3.9642187500e+02 1.8461719513e+01
3.1233601021e-06 3.2128125000e+02 3.9481250000e+02 1.8551563263e+01
3.1329600461e-06 3.2031250000e+02 3.9731250000e+02 1.8568750381e+01
3.1425599900e-06 3.1759375000e+02 3.9595312500e+02 1.8583593369e+01
3.1521599340e-06 3.1984375000e+02 3.9698437500e+02 1.8529687881e+01
3.1617601053e-06 3.1968750000e+02 3.9678125000e+02 1.8501562119e+01
3.1713600492e-06 3.2209375000e+02 3.9603125000e+02 1.8523437500e+01
3.1809599932e-06 3.1709375000e+02 3.9520312500e+02 1.8339061737e+01
3.1905599371e-06 3.1762500000e+02 3.9742187500e+02 1.8421092987e+01
3.2001601085e-06 3.1806250000e+02 3.9553125000e+02 1.8617187500e+01
3.2097600524e-06 3.1950000000e+02 3.9446875000e+02 1.8433593750e+01
3.2193599964e-06 3.1393750000e+02 3.9525000000e+02 1.8575000763e+01
3.2289599403e-06 3.1743750000e+02 3.9543750000e+02 1.8477344513e+01
3.2385601116e-06 3.1590625000e+02 3.9610937500e+02 1.8539062500e+01
3.2481600556e-06 3.1406250000e+02 3.9617187500e+02 1.8583593369e+01
3.2577599995e-06 3.1575000000e+02 3.9629687500e+02 1.8498437881e+01
3.2673599435e-06 3.1834375000e+02 3.9507812500e+02 1.8547657013e+01
3.2769598874e-06 3.1487500000e+02 3.9579687500e+02 1.8543750763e+01
3.2865600588e-06 3.1303125000e+02 3.9692187500e+02 1.8464061737e+01
3.2961600027e-06 3.0856250000e+02 3.9725000000e+02 1.8409374237e+01
3.3057599467e-06 3.1318750000e+02 3.9551562500e+02 1.8582031250e+01
3.3153598906e-06 3.1403125000e+02 3.9695312500e+02 1.8524219513e+01
3.3249600619e-06 3.1303125000e+02 3.9629687500e+02 1.8475000381e+01
3.3345600059e-06 3.1375000000e+02 3.9525000000e+02 1.8520313263e+01
3.3441599498e-06 3.0762500000e+02 3.9600000000e+02 1.8458593369e+01
3.3537598938e-06 3.0981250000e+02 3.9745312500e+02 1.8472656250e+01
3.3633600651e-06 3.1156250000e+02 3.9679687500e+02 1.8447656631e+01
3.3729600091e-06 3.0946875000e+02 3.9560937500e+02 1.8426563263e+01
3.3825599530e-06 3.0709375000e+02 3.9695312500e+02 1.8449218750e+01
3.3921598970e-06 3.0865625000e+02 3.9545312500e+02 1.8424219131e+01
3.4017600683e-06 3.0806250000e+02 3.9793750000e+02 1.8500782013e+01
3.4113600123e-06 3.0740625000e+02 3.9534375000e+02 1.8399219513e+01
3.4209599562e-06 3.0859375000e+02 3.9617187500e+02 1.8360937119e+01
3.4305599002e-06 3.0559375000e+02 3.9573437500e+02 1.8453125000e+01
3.4401600715e-06 3.0665625000e+02 3.9600000000e+02 1.8549999237e+01
3.4497600154e-06 3.0543750000e+02 3.9557812500e+02 1.8464061737e+01
3.4593599594e-06 3.0696875000e+02 3.9442187500e+02 1.8437500000e+01
3.4689599033e-06 3.0381250000e+02 3.9565625000e+02 1.8498437881e+01
3.4785600747e-06 3.0318750000e+02 3.9603125000e+02 1.8419530869e+01
3.4881600186e-06 3.0500000000e+02 3.9767187500e+02 1.8435155869e+01
3.4977599626e-06 3.0075000000e+02 3.9503125000e+02 1.8445312500e+01
3.5073599065e-06 3.0546875000e+02 3.9631250000e+02 1.8595312119e+01
3.5169600778e-06 2.9975000000e+02 3.9573437500e+02 1.8464061737e+01
3.5265600218e-06 3.0131250000e+02 3.9435937500e+02 1.8479686737e+01
3.5361599657e-06 3.0243750000e+02 3.9421875000e+02 1.8571094513e+01
3.5457599097e-06 3.0340625000e+02 3.9551562500e+02 1.8446094513e+01
3.5553600810e-06 3.0393750000e+02 3.9537500000e+02 1.8374217987e+01
3.5649600250e-06 3.0265625000e+02 3.9454687500e+02 1.8477344513e+01
3.5745599689e-06 2.9962500000e+02 3.9659375000e+02 1.8546092987e+01
3.5841599129e-06 3.0246875000e+02 3.9675000000e+02 1.8487499237e+01
3.5937600842e-06 3.0100000000e+02 3.9443750000e+02 1.8390625000e+01
3.6033600281e-06 2.9962500000e+02 3.9500000000e+02 1.8408594131e+01
3.6129599721e-06 2.9721875000e+02 3.9689062500e+02 1.8392187119e+01
3.6225599160e-06 3.0200000000e+02 3.9589062500e+02 1.8383594513e+01
3.6321600874e-06 3.0065625000e+02 3.9521875000e+02 1.8285938263e+01
3.6417600313e-06 2.9890625000e+02 3.9525000000e+02 1.8504688263e+01
3.6513599753e-06 2.9659375000e+02 3.9617187500e+02 1.8564844131e+01
3.6609599192e-06 2.9703125000e+02 3.9464062500e+02 1.8408594131e+01
3.6705600905e-06 2.9725000000e+02 3.9412500000e+02 1.8432031631e+01
3.6801600345e-06 2.9631250000e+02 3.9450000000e+02 1.8434375763e+01
3.6897599784e-06 2.9593750000e+02 3.9585937500e+02 1.8555469513e+01
3.6993599224e-06 2.9706250000e+02 3.9565625000e+02 1.8523437500e+01
3.7089600937e-06 2.9465625000e+02 3.9579687500e+02 1.8499217987e+01
3.7185600377e-06 2.9878125000e+02 3.9475000000e+02 1.8419530869e+01
3.7281599816e-06 2.9637500000e+02 3.9445312500e+02 1.8463281631e+01
3.7377599256e-06 2.9546875000e+02 3.9479687500e+02 1.8496093750e+01
3.7473600969e-06 2.9453125000e+02 3.9496875000e+02 1.8393749237e+01
3.7569600408e-06 2.9015625000e+02 3.9487500000e+02 1.8432031631e+01
3.7665599848e-06 2.9212500000e+02 3.9328125000e+02 1.8495311737e+01
3.7761599287e-06 2.9440625000e+02 3.9434375000e+02 1.8460937500e+01
3.7857601001e-06 2.9293750000e+02 3.9542187500e+02 1.8426563263e+01
3.7953600440e-06 2.9234375000e+02 3.9431250000e+02 1.8471874237e+01
3.8049599880e-06 2.9384375000e+02 3.9465625000e+02 1.8383594513e+01
3.8145599319e-06 2.9478125000e+02 3.9503125000e+02 1.8429687500e+01
3.8241601032e-06 2.8965625000e+02 3.9537500000e+02 1.8527343750e+01
3.8337598198e-06 2.9071875000e+02 3.9539062500e+02 1.8460155487e+01
3.8433599912e-06 2.9100000000e+02 3.9451562500e+02 1.8441406250e+01
3.8529601625e-06 2.8806250000e+02 3.9531250000e+02 1.8613281250e+01
3.8625598791e-06 2.8818750000e+02 3.9584375000e+02 1.8337499619e+01
3.8721600504e-06 2.9071875000e+02 3.9556250000e+02 1.8398437500e+01
3.8817602217e-06 2.8703125000e+02 3.9445312500e+02 1.8427343369e+01
3.8913599383e-06 2.8825000000e+02 3.9418750000e+02 1.8371875763e+01
3.9009601096e-06 2.8850000000e+02 3.9539062500e+02 1.8467967987e+01
3.9105598262e-06 2.8546875000e+02 3.9560937500e+02 1.8336719513e+01
3.9201599975e-06 2.8968750000e+02 3.9371875000e+02 1.8405467987e+01
3.9297601688e-06 2.8837500000e+02 3.9557812500e+02 1.8439062119e+01
3.9393598854e-06 2.8650000000e+02 3.9503125000e+02 1.8341405869e+01
3.9489600567e-06 2.9012500000e+02 3.9453125000e+02 1.8304687500e+01
3.9585597733e-06 2.8540625000e+02 3.9296875000e+02 1.8310937881e+01
3.9681599446e-06 2.8646875000e+02 3.9354687500e+02 1.8503124237e+01
3.9777601160e-06 2.8721875000e+02 3.9381250000e+02 1.8322656631e+01
3.9873598325e-06 2.8434375000e+02 3.9392187500e+02 1.8425781250e+01
3.9969600039e-06 2.8862500000e+02 3.9589062500e+02 1.8490625381e+01
4.0065601752e-06 2.8853125000e+02 3.9451562500e+02 1.8451562881e+01
4.0161598918e-06 2.8634375000e+02 3.9446875000e+02 1.8431249619e+01
4.0257600631e-06 2.8506250000e+02 3.9431250000e+02 1.8435155869e+01
4.0353597797e-06 2.8500000000e+02 3.9604687500e+02 1.8361719131e+01
4.0449599510e-06 2.8565625000e+02 3.9532812500e+02 1.8537500381e+01
4.0545601223e-06 2.8553125000e+02 3.9470312500e+02 1.8405467987e+01
4.0641598389e-06 2.8328125000e+02 3.9654687500e+02 1.8415624619e+01
4.0737600102e-06 2.8337500000e+02 3.9326562500e+02 1.8335937500e+01
4.0833601815e-06 2.8681250000e+02 3.9432812500e+02 1.8417186737e+01
4.0929598981e-06 2.7856250000e+02 3.9521875000e+02 1.8392187119e+01
4.1025600694e-06 2.8006250000e+02 3.9371875000e+02 1.8350000381e+01
4.1121597860e-06 2.8037500000e+02 3.9428125000e+02 1.8297657013e+01
4.1217599573e-06 2.8271875000e+02 3.9414062500e+02 1.8446094513e+01
4.1313601287e-06 2.8093750000e+02 3.9342187500e+02 1.8412500381e+01
4.1409598452e-06 2.8193750000e+02 3.9329687500e+02 1.8421875000e+01
4.1505600166e-06 2.8068750000e+02 3.9423437500e+02 1.8340625763e+01
4.1601601879e-06 2.8040625000e+02 3.9304687500e+02 1.8351562500e+01
4.1697599045e-06 2.7846875000e+02 3.9451562500e+02 1.8371875763e+01
4.1793600758e-06 2.7834375000e+02 3.9434375000e+02 1.8385156631e+01
4.1889597924e-06 2.8037500000e+02 3.9404687500e+02 1.8368749619e+01
4.1985599637e-06 2.7903125000e+02 3.9357812500e+02 1.8408594131e+01
4.2081601350e-06 2.7706250000e+02 3.9429687500e+02 1.8428125381e+01
4.2177598516e-06 2.7937500000e+02 3.9487500000e+02 1.8378124237e+01
4.2273600229e-06 2.8300000000e+02 3.9654687500e+02 1.8424999237e+01
4.2369601942e-06 2.7953125000e+02 3.9262500000e+02 1.8315624237e+01
4.2465599108e-06 2.7515625000e+02 3.9404687500e+02 1.8367969513e+01
4.2561600822e-06 2.7593750000e+02 3.9568750000e+02 1.8440624237e+01
4.2657597987e-06 2.7578125000e+02 3.9537500000e+02 1.8397655487e+01
4.2753599701e-06 2.7696875000e+02 3.9492187500e+02 1.8488281250e+01
4.2849601414e-06 2.7278125000e+02 3.9406250000e+02 1.8390625000e+01
4.2945598580e-06 2.7465625000e+02 3.9520312500e+02 1.8378124237e+01
4.3041600293e-06 2.7609375000e+02 3.9457812500e+02 1.8504688263e+01
4.3137602006e-06 2.7340625000e+02 3.9634375000e+02 1.8380468369e+01
4.3233599172e-06 2.7678125000e+02 3.9425000000e+02 1.8336719513e+01
4.3329600885e-06 2.7306250000e+02 3.9376562500e+02 1.8339843750e+01
4.3425598051e-06 2.7243750000e+02 3.9451562500e+02 1.8433593750e+01
4.3521599764e-06 2.7459375000e+02 3.9445312500e+02 1.8421875000e+01
4.3617601477e-06 2.7475000000e+02 3.9364062500e+02 1.8291406631e+01
4.3713598643e-06 2.7362500000e+02 3.9445312500e+02 1.8327342987e+01
4.3809600356e-06 2.7309375000e+02 3.9571875000e+02 1.8308593750e+01
4.3905602070e-06 2.7040625000e+02 3.9243750000e+02 1.8276561737e+01
4.4001599235e-06 2.7446875000e+02 3.9321875000e+02 1.8324218750e+01
4.4097600949e-06 2.7253125000e+02 3.9454687500e+02 1.8303125381e+01
4.4193598114e-06 2.7534375000e+02 3.9284375000e+02 1.8248437881e+01
4.4289599828e-06 2.7415625000e+02 3.9370312500e+02 1.8365625381e+01
4.4385601541e-06 2.7315625000e+02 3.9398437500e+02 1.8377344131e+01
4.4481598707e-06 2.6843750000e+02 3.9323437500e+02 1.8353906631e+01
4.4577600420e-06 2.7140625000e+02 3.9450000000e+02 1.8341405869e+01
4.4673602133e-06 2.6987500000e+02 3.9367187500e+02 1.8259374619e+01
4.4769599299e-06 2.6809375000e+02 3.9231250000e+02 1.8112499237e+01
4.4865601012e-06 2.6553125000e+02 3.9362500000e+02 1.8301563263e+01
4.4961598178e-06 2.6731250000e+02 3.9421875000e+02 1.8289062500e+01
4.5057599891e-06 2.6993750000e+02 3.9398437500e+02 1.8352344513e+01
4.5153601604e-06 2.6634375000e+02 3.9295312500e+02 1.8369531631e+01
4.5249598770e-06 2.6800000000e+02 3.9353125000e+02 1.8301563263e+01
4.5345600483e-06 2.6787500000e+02 3.9343750000e+02 1.8387500763e+01
4.5441602197e-06 2.7193750000e+02 3.9381250000e+02 1.8328125000e+01
4.5537599362e-06 2.6815625000e+02 3.9328125000e+02 1.8257812500e+01
4.5633601076e-06 2.7250000000e+02 3.9445312500e+02 1.8274219513e+01
4.5729598241e-06 2.6493750000e+02 3.9459375000e+02 1.8317188263e+01
4.5825599955e-06 2.6550000000e+02 3.9492187500e+02 1.8357030869e+01
4.5921601668e-06 2.6556250000e+02 3.9481250000e+02 1.8186717987e+01
4.6017598834e-06 2.6534375000e+02 3.9535937500e+02 1.8138280869e+01
4.6113600547e-06 2.6706250000e+02 3.9368750000e+02 1.8288280487e+01
4.6209602260e-06 2.6856250000e+02 3.9571875000e+02 1.8325780869e+01
4.6305599426e-06 2.6590625000e+02 3.9314062500e+02 1.8267969131e+01
4.6401601139e-06 2.6728125000e+02 3.9476562500e+02 1.8290624619e+01
4.6497598305e-06 2.6553125000e+02 3.9379687500e+02 1.8227344513e+01
4.6593600018e-06 2.6909375000e+02 3.9501562500e+02 1.8309375763e+01
4.6689601731e-06 2.6637500000e+02 3.9356250000e+02 1.8273437500e+01
4.6785598897e-06 2.6503125000e+02 3.9375000000e+02 1.8306249619e+01
4.6881600611e-06 2.6315625000e+02 3.9434375000e+02 1.8259374619e+01
4.6977597776e-06 2.6550000000e+02 3.9404687500e+02 1.8375782013e+01
4.7073599490e-06 2.6346875000e+02 3.9400000000e+02 1.8176563263e+01
4.7169601203e-06 2.6271875000e+02 3.9459375000e+02 1.8292186737e+01
4.7265598369e-06 2.6331250000e+02 3.9421875000e+02 1.8284374237e+01
4.7361600082e-06 2.6496875000e+02 3.9456250000e+02 1.8435937881e+01
4.7457601795e-06 2.6475000000e+02 3.9340625000e+02 1.8209375381e+01
4.7553598961e-06 2.6521875000e+02 3.9367187500e+02 1.8260156631e+01
4.7649600674e-06 2.6203125000e+02 3.9359375000e+02 1.8271093369e+01
4.7745597840e-06 2.6706250000e+02 3.9306250000e+02 1.8209375381e+01
4.7841599553e-06 2.6309375000e+02 3.9398437500e+02 1.8167968750e+01
4.7937601266e-06 2.6187500000e+02 3.9409375000e+02 1.8266407013e+01
4.8033598432e-06 2.5975000000e+02 3.9373437500e+02 1.8261718750e+01
4.8129600145e-06 2.6268750000e+02 3.9381250000e+02 1.8367187500e+01
4.8225601859e-06 2.6334375000e+02 3.9378125000e+02 1.8276561737e+01
4.8321599024e-06 2.6159375000e+02 3.9334375000e+02 1.8257812500e+01
4.8417600738e-06 2.6450000000e+02 3.9287500000e+02 1.8349218369e+01
4.8513597903e-06 2.6218750000e+02 3.9353125000e+02 1.8218750000e+01
4.8609599617e-06 2.6146875000e+02 3.9439062500e+02 1.8121875763e+01
4.8705601330e-06 2.5906250000e+02 3.9321875000e+02 1.8172657013e+01
4.8801598496e-06 2.6084375000e+02 3.9312500000e+02 1.8180469513e+01
4.8897600209e-06 2.5893750000e+02 3.9325000000e+02 1.8281250000e+01
4.8993601922e-06 2.5893750000e+02 3.9176562500e+02 1.8178125381e+01
4.9089599088e-06 2.5984375000e+02 3.9426562500e+02 1.8214843750e+01
4.9185600801e-06 2.5637500000e+02 3.9334375000e+02 1.8318750381e+01
4.9281597967e-06 2.6340625000e+02 3.9404687500e+02 1.8135156631e+01
4.9377599680e-06 2.5637500000e+02 3.9354687500e+02 1.8157812119e+01
4.9473601393e-06 2.5825000000e+02 3.9131250000e+02 1.8264062881e+01
4.9569598559e-06 2.5862500000e+02 3.9448437500e+02 1.8167186737e+01
4.9665600272e-06 2.5784375000e+02 3.9407812500e+02 1.8382812500e+01
4.9761601986e-06 2.5981250000e+02 3.9306250000e+02 1.8209375381e+01
4.9857599151e-06 2.5603125000e+02 3.9462500000e+02 1.8198436737e+01
4.9953600865e-06 2.5862500000e+02 3.9360937500e+02 1.8262500763e+01
5.0049598030e-06 2.5956250000e+02 3.9387500000e+02 1.8226562500e+01
5.0145599744e-06 2.5659375000e+02 3.9350000000e+02 1.8227344513e+01
5.0241601457e-06 2.5506250000e+02 3.9348437500e+02 1.8245311737e+01
5.0337598623e-06 2.5706250000e+02 3.9310937500e+02 1.8158594131e+01
5.0433600336e-06 2.5728125000e+02 3.9412500000e+02 1.8242969513e+01
5.0529602049e-06 2.5553125000e+02 3.9398437500e+02 1.8159374237e+01
5.0625599215e-06 2.5550000000e+02 3.9362500000e+02 1.8197656631e+01
5.0721600928e-06 2.5809375000e+02 3.9375000000e+02 1.8194530487e+01
5.0817598094e-06 2.5556250000e+02 3.9320312500e+02 1.8149999619e+01
5.0913599807e-06 2.5771875000e+02 3.9220312500e+02 1.8194530487e+01
5.1009601520e-06 2.5437500000e+02 3.9315625000e+02 1.8110937119e+01
5.1105598686e-06 2.5196875000e+02 3.9292187500e+02 1.8124217987e+01
5.1201600400e-06 2.5625000000e+02 3.9389062500e+02 1.8394531250e+01
5.1297602113e-06 2.5650000000e+02 3.9365625000e+02 1.8136718750e+01
5.1393599279e-06 2.5218750000e+02 3.9334375000e+02 1.8242969513e+01
5.1489600992e-06 2.5293750000e+02 3.9289062500e+02 1.8069530487e+01
5.1585598158e-06 2.5643750000e+02 3.9265625000e+02 1.8070312500e+01
5.1681599871e-06 2.5175000000e+02 3.9362500000e+02 1.8107812881e+01
5.1777601584e-06 2.5290625000e+02 3.9328125000e+02 1.8167186737e+01
5.1873598750e-06 2.5259375000e+02 3.9210937500e+02 1.8214061737e+01
5.1969600463e-06 2.5296875000e+02 3.9325000000e+02 1.8277343750e+01
5.2065602176e-06 2.5287500000e+02 3.9237500000e+02 1.8106250763e+01
5.2161599342e-06 2.5443750000e+02 3.9259375000e+02 1.8203125000e+01
5.2257601055e-06 2.5190625000e+02 3.9137500000e+02 1.8109375000e+01
5.2353598221e-06 2.5609375000e+02 3.9292187500e+02 1.8169530869e+01
5.2449599934e-06 2.5353125000e+02 3.9404687500e+02 1.8067188263e+01
5.2545601648e-06 2.5350000000e+02 3.9198437500e+02 1.8120311737e+01
5.2641598813e-06 2.5406250000e+02 3.9029687500e+02 1.8235157013e+01
5.2737600527e-06 2.5493750000e+02 3.9342187500e+02 1.8214061737e+01
5.2833602240e-06 2.5340625000e+02 3.9235937500e+02 1.8096874237e+01
5.2929599406e-06 2.5337500000e+02 3.9301562500e+02 1.8185155869e+01
5.3025601119e-06 2.5471875000e+02 3.9264062500e+02 1.8033594131e+01
5.3121598285e-06 2.4884375000e+02 3.9360937500e+02 1.8084375381e+01
5.3217599998e-06 2.5290625000e+02 3.9164062500e+02 1.8155467987e+01
5.3313601711e-06 2.4875000000e+02 3.9312500000e+02 1.8209375381e+01
5.3409598877e-06 2.5050000000e+02 3.9387500000e+02 1.8147655487e+01
5.3505600590e-06 2.4890625000e+02 3.9118750000e+02 1.8036718369e+01
5.3601597756e-06 2.5259375000e+02 3.9192187500e+02 1.8060937881e+01
5.3697599469e-06 2.5096875000e+02 3.9445312500e+02 1.8126562119e+01
5.3793601182e-06 2.5050000000e+02 3.9121875000e+02 1.8122655869e+01
5.3889598348e-06 2.4993750000e+02 3.9321875000e+02 1.8144531250e+01
5.3985600061e-06 2.5253125000e+02 3.9195312500e+02 1.8124217987e+01
5.4081601775e-06 2.5103125000e+02 3.9212500000e+02 1.8114843369e+01
5.4177598940e-06 2.4756250000e+02 3.9239062500e+02 1.7943750381e+01
5.4273600654e-06 2.4712500000e+02 3.9207812500e+02 1.8053905487e+01
5.4369597819e-06 2.5006250000e+02 3.9264062500e+02 1.8064844131e+01
5.4465599533e-06 2.4800000000e+02 3.9239062500e+02 1.8096094131e+01
5.4561601246e-06 2.4906250000e+02 3.9071875000e+02 1.8166406631e+01
5.4657598412e-06 2.4837500000e+02 3.9446875000e+02 1.8051563263e+01
5.4753600125e-06 2.4978125000e+02 3.9203125000e+02 1.8184375763e+01
5.4849601838e-06 2.4665625000e+02 3.9376562500e+02 1.8157032013e+01
5.4945599004e-06 2.4956250000e+02 3.9146875000e+02 1.8058593750e+01
5.5041600717e-06 2.4787500000e+02 3.9140625000e+02 1.8030467987e+01
5.5137597883e-06 2.4665625000e+02 3.9173437500e+02 1.8201562881e+01
5.5233599596e-06 2.5012500000e+02 3.9223437500e+02 1.8023437500e+01
5.5329601309e-06 2.4640625000e+02 3.9084375000e+02 1.8059375763e+01
5.5425598475e-06 2.4571875000e+02 3.9301562500e+02 1.8046875000e+01
5.5521600189e-06 2.4546875000e+02 3.9309375000e+02 1.7882812500e+01
5.5617601902e-06 2.4934375000e+02 3.9234375000e+02 1.8066406250e+01
5.5713599068e-06 2.4600000000e+02 3.9198437500e+02 1.8084375381e+01
5.5809600781e-06 2.4490625000e+02 3.9342187500e+02 1.8154687881e+01
5.5905597947e-06 2.4437500000e+02 3.9250000000e+02 1.8125000000e+01
5.6001599660e-06 2.4731250000e+02 3.9235937500e+02 1.8092967987e+01
5.6097601373e-06 2.4603125000e+02 3.9320312500e+02 1.8127344131e+01
5.6193598539e-06 2.4362500000e+02 3.9189062500e+02 1.8128906250e+01
5.6289600252e-06 2.4550000000e+02 3.9348437500e+02 1.8185937881e+01
5.6385601965e-06 2.4728125000e+02 3.9187500000e+02 1.7904687881e+01
5.6481599131e-06 2.4575000000e+02 3.9117187500e+02 1.7928905487e+01
5.6577600844e-06 2.4543750000e+02 3.9467187500e+02 1.8025781631e+01
5.6673598010e-06 2.4765625000e+02 3.9284375000e+02 1.8013280869e+01
5.6769599723e-06 2.4656250000e+02 3.9250000000e+02 1.8108592987e+01
5.6865601437e-06 2.4475000000e+02 3.9145312500e+02 1.8071874619e+01
5.6961598602e-06 2.4893750000e+02 3.9206250000e+02 1.8049219131e+01
5.7057600316e-06 2.4193750000e+02 3.9243750000e+02 1.8028125763e+01
5.7153602029e-06 2.4440625000e+02 3.9075000000e+02 1.8016407013e+01
5.7249599195e-06 2.4218750000e+02 3.9175000000e+02 1.8082813263e+01
5.7345600908e-06 2.4728125000e+02 3.9075000000e+02 1.8032812119e+01
5.7441598074e-06 2.4415625000e+02 3.9417187500e+02 1.8013280869e+01
5.7537599787e-06 2.4315625000e+02 3.9220312500e+02 1.8047657013e+01
5.7633601500e-06 2.4396875000e+02 3.9351562500e+02 1.8081249237e+01
5.7729598666e-06 2.4746875000e+02 3.9220312500e+02 1.7985157013e+01
5.7825600379e-06 2.4381250000e+02 3.9376562500e+02 1.7908594131e+01
5.7921602092e-06 2.4450000000e+02 3.9170312500e+02 1.7978124619e+01
5.8017599258e-06 2.4406250000e+02 3.9220312500e+02 1.7988281250e+01
5.8113600971e-06 2.4381250000e+02 3.9243750000e+02 1.7995311737e+01
5.8209598137e-06 2.4071875000e+02 3.9284375000e+02 1.8059375763e+01
5.8305599850e-06 2.4384375000e+02 3.9245312500e+02 1.7957031250e+01
5.8401601564e-06 2.4381250000e+02 3.9214062500e+02 1.8087499619e+01
5.8497598729e-06 2.4425000000e+02 3.9390625000e+02 1.8072656631e+01
5.8593600443e-06 2.4609375000e+02 3.9318750000e+02 1.7877344131e+01
5.8689602156e-06 2.4356250000e+02 3.9220312500e+02 1.7909374237e+01
5.8785599322e-06 2.4218750000e+02 3.9292187500e+02 1.8031250000e+01
5.8881601035e-06 2.4246875000e+02 3.9203125000e+02 1.7950000763e+01
5.8977598201e-06 2.4453125000e+02 3.9167187500e+02 1.8010936737e+01
5.9073599914e-06 2.4193750000e+02 3.9237500000e+02 1.7950000763e+01
5.9169601627e-06 2.4134375000e+02 3.9071875000e+02 1.7903905869e+01
5.9265598793e-06 2.4059375000e+02 3.9171875000e+02 1.8047657013e+01
5.9361600506e-06 2.4128125000e+02 3.9179687500e+02 1.8056249619e+01
5.9457602219e-06 2.4315625000e+02 3.9353125000e+02 1.7993749619e+01
5.9553599385e-06 2.4375000000e+02 3.9253125000e+02 1.8001562119e+01
5.9649601098e-06 2.3968750000e+02 3.9232812500e+02 1.8060155869e+01
5.9745598264e-06 2.4253125000e+02 3.9210937500e+02 1.8037500381e+01
5.9841599978e-06 2.4087500000e+02 3.9200000000e+02 1.7950000763e+01
5.9937601691e-06 2.3865625000e+02 3.9134375000e+02 1.8000000000e+01
6.0033598857e-06 2.3971875000e+02 3.9240625000e+02 1.7999217987e+01
6.0129600570e-06 2.4196875000e+02 3.9353125000e+02 1.7848438263e+01
6.0225597736e-06 2.4265625000e+02 3.9171875000e+02 1.7974218369e+01
6.0321599449e-06 2.3946875000e+02 3.9221875000e+02 1.8021093369e+01
6.0417601162e-06 2.3706250000e+02 3.9067187500e+02 1.8027343750e+01
6.0513598328e-06 2.3968750000e+02 3.9256250000e+02 1.7908594131e+01
6.0609600041e-06 2.3775000000e+02 3.9206250000e+02 1.7889842987e+01
6.0705601754e-06 2.3921875000e+02 3.9196875000e+02 1.7944530487e+01
6.0801598920e-06 2.4071875000e+02 3.9248437500e+02 1.7753124237e+01
6.0897600633e-06 2.4215625000e+02 3.9250000000e+02 1.7777343750e+01
6.0993597799e-06 2.3618750000e+02 3.9114062500e+02 1.7948436737e+01
6.1089599512e-06 2.3962500000e+02 3.9076562500e+02 1.7865625381e+01
6.1185601226e-06 2.3831250000e+02 3.9367187500e+02 1.7867969513e+01
6.1281598391e-06 2.3700000000e+02 3.9170312500e+02 1.7922657013e+01
6.1377600105e-06 2.3687500000e+02 3.9260937500e+02 1.7711719513e+01
6.1473601818e-06 2.4012500000e+02 3.9220312500e+02 1.7849218369e+01
6.1569598984e-06 2.3875000000e+02 3.9232812500e+02 1.7871875763e+01
6.1665600697e-06 2.3612500000e+02 3.9231250000e+02 1.7807811737e+01
6.1761597863e-06 2.3940625000e+02 3.9256250000e+02 1.7857030869e+01
6.1857599576e-06 2.3631250000e+02 3.9223437500e+02 1.7728124619e+01
6.1953601289e-06 2.3915625000e+02 3.9167187500e+02 1.7912500381e+01
6.2049598455e-06 2.3659375000e+02 3.9106250000e+02 1.7825000763e+01
6.2145600168e-06 2.3540625000e+02 3.9207812500e+02 1.7932811737e+01
6.2241601881e-06 2.3368750000e+02 3.9259375000e+02 1.7967187881e+01
6.2337599047e-06 2.3503125000e+02 3.9156250000e+02 1.7859375000e+01
6.2433600760e-06 2.3659375000e+02 3.9198437500e+02 1.7918750763e+01
6.2529597926e-06 2.3743750000e+02 3.9215625000e+02 1.7857812881e+01
6.2625599639e-06 2.3650000000e+02 3.9121875000e+02 1.7878906250e+01
6.2721601353e-06 2.3543750000e+02 3.9162500000e+02 1.7992187500e+01
6.2817598518e-06 2.3531250000e+02 3.9203125000e+02 1.7814062119e+01
6.2913600232e-06 2.3681250000e+02 3.9250000000e+02 1.7862499237e+01
6.3009601945e-06 2.3428125000e+02 3.9301562500e+02 1.7960937500e+01
6.3105599111e-06 2.3568750000e+02 3.9184375000e+02 1.7862499237e+01
6.3201600824e-06 2.3693750000e+02 3.9181250000e+02 1.7804687500e+01
6.3297597990e-06 2.3475000000e+02 3.9225000000e+02 1.7760156631e+01
6.3393599703e-06 2.3715625000e+02 3.9175000000e+02 1.7879688263e+01
6.3489601416e-06 2.3281250000e+02 3.9175000000e+02 1.7801563263e+01
6.3585598582e-06 2.3443750000e+02 3.9418750000e+02 1.7947656631e+01
6.3681600295e-06 2.3287500000e+02 3.9043750000e+02 1.7806249619e+01
6.3777602008e-06 2.3487500000e+02 3.9243750000e+02 1.7793750763e+01
6.3873599174e-06 2.3471875000e+02 3.9226562500e+02 1.7873437881e+01
6.3969600888e-06 2.3237500000e+02 3.9026562500e+02 1.7750782013e+01
6.4065598053e-06 2.3475000000e+02 3.9154687500e+02 1.7761718750e+01
6.4161599767e-06 2.3318750000e+02 3.9181250000e+02 1.7810937881e+01
6.4257601480e-06 2.3121875000e+02 3.9057812500e+02 1.7839843750e+01
6.4353598646e-06 2.3384375000e+02 3.9010937500e+02 1.7853124619e+01
6.4449600359e-06 2.3331250000e+02 3.9270312500e+02 1.7667186737e+01
6.4545602072e-06 2.3187500000e+02 3.9226562500e+02 1.7767969131e+01
6.4641599238e-06 2.3015625000e+02 3.9107812500e+02 1.7794530869e+01
6.4737600951e-06 2.3075000000e+02 3.9331250000e+02 1.7778905869e+01
6.4833598117e-06 2.3312500000e+02 3.9220312500e+02 1.7810937881e+01
6.4929599830e-06 2.3078125000e+02 3.9242187500e+02 1.7857812881e+01
6.5025601543e-06 2.3181250000e+02 3.9095312500e+02 1.7781250000e+01
6.5121598709e-06 2.3375000000e+02 3.9014062500e+02 1.7716405869e+01
6.5217600422e-06 2.3218750000e+02 3.9081250000e+02 1.7795312881e+01
6.5313602136e-06 2.3137500000e+02 3.9029687500e+02 1.7784374237e+01
6.5409599301e-06 2.3278125000e+02 3.9226562500e+02 1.7789062500e+01
6.5505601015e-06 2.3318750000e+02 3.9000000000e+02 1.7629688263e+01
6.5601598180e-06 2.3115625000e+02 3.9129687500e+02 1.7700000763e+01
6.5697599894e-06 2.3084375000e+02 3.9164062500e+02 1.7611719131e+01
6.5793601607e-06 2.3040625000e+02 3.9000000000e+02 1.7730468750e+01
6.5889598773e-06 2.3387500000e+02 3.9037500000e+02 1.7745311737e+01
6.5985600486e-06 2.3246875000e+02 3.9150000000e+02 1.7710155487e+01
6.6081602199e-06 2.3178125000e+02 3.9104687500e+02 1.7749217987e+01
6.6177599365e-06 2.3125000000e+02 3.9198437500e+02 1.7858592987e+01
6.6273601078e-06 2.3284375000e+02 3.9110937500e+02 1.7736719131e+01
6.6369598244e-06 2.2896875000e+02 3.9092187500e+02 1.7646875381e+01
6.6465599957e-06 2.2987500000e+02 3.9217187500e+02 1.7859375000e+01
6.6561601670e-06 2.2896875000e+02 3.9165625000e+02 1.7766407013e+01
6.6657598836e-06 2.3175000000e+02 3.9179687500e+02 1.7761718750e+01
6.6753600549e-06 2.3290625000e+02 3.9104687500e+02 1.7548437119e+01
6.6849602263e-06 2.3193750000e+02 3.9162500000e+02 1.7761718750e+01
6.6945599428e-06 2.2762500000e+02 3.9057812500e+02 1.7649219513e+01
6.7041601142e-06 2.3093750000e+02 3.9193750000e+02 1.7589061737e+01
6.7137598307e-06 2.2696875000e+02 3.9184375000e+02 1.7718750000e+01
6.7233600021e-06 2.2850000000e+02 3.9201562500e+02 1.7652343750e+01
6.7329601734e-06 2.2765625000e+02 3.9034375000e+02 1.7646093369e+01
6.7425598900e-06 2.3028125000e+02 3.9204687500e+02 1.7632030487e+01
6.7521600613e-06 2.2643750000e+02 3.9106250000e+02 1.7679687500e+01
6.7617597779e-06 2.2834375000e+02 3.9160937500e+02 1.7663280487e+01
6.7713599492e-06 2.2946875000e+02 3.9379687500e+02 1.7680469513e+01
6.7809601205e-06 2.2825000000e+02 3.9214062500e+02 1.7603906631e+01
6.7905598371e-06 2.3059375000e+02 3.9154687500e+02 1.7578907013e+01
6.8001600084e-06 2.2818750000e+02 3.9085937500e+02 1.7618749619e+01
6.8097601797e-06 2.2815625000e+02 3.9101562500e+02 1.7628124237e+01
6.8193598963e-06 2.2725000000e+02 3.9125000000e+02 1.7592967987e+01
6.8289600677e-06 2.2790625000e+02 3.9110937500e+02 1.7609375000e+01
6.8385597842e-06 2.2921875000e+02 3.9210937500e+02 1.7635936737e+01
6.8481599556e-06 2.2671875000e+02 3.9068750000e+02 1.7667186737e+01
6.8577601269e-06 2.2690625000e+02 3.9200000000e+02 1.7497655869e+01
6.8673598435e-06 2.2587500000e+02 3.9196875000e+02 1.7678905487e+01
6.8769600148e-06 2.2709375000e+02 3.9065625000e+02 1.7583593369e+01
6.8865601861e-06 2.2506250000e+02 3.9112500000e+02 1.7532032013e+01
6.8961599027e-06 2.2515625000e+02 3.9104687500e+02 1.7585937500e+01
6.9057600740e-06 2.2531250000e+02 3.9059375000e+02 1.7533594131e+01
6.9153597906e-06 2.2290625000e+02 3.8968750000e+02 1.7488281250e+01
6.9249599619e-06 2.2618750000e+02 3.9014062500e+02 1.7463281631e+01
6.9345601332e-06 2.3003125000e+02 3.8956250000e+02 1.7452342987e+01
6.9441598498e-06 2.2668750000e+02 3.9193750000e+02 1.7663280487e+01
6.9537600211e-06 2.2321875000e+02 3.8995312500e+02 1.7592187881e+01
6.9633601925e-06 2.2518750000e+02 3.9171875000e+02 1.7557811737e+01
6.9729599090e-06 2.2309375000e+02 3.9112500000e+02 1.7555469513e+01
6.9825600804e-06 2.2618750000e+02 3.9215625000e+02 1.7528125763e+01
6.9921597969e-06 2.2556250000e+02 3.9218750000e+02 1.7578907013e+01
7.0017599683e-06 2.2390625000e+02 3.9029687500e+02 1.7573436737e+01
7.0113601396e-06 2.2709375000e+02 3.9167187500e+02 1.7439844131e+01
7.0209598562e-06 2.2540625000e+02 3.9154687500e+02 1.7515625000e+01
7.0305600275e-06 2.2537500000e+02 3.9171875000e+02 1.7537500381e+01
7.0401601988e-06 2.2331250000e+02 3.8962500000e+02 1.7502344131e+01
7.0497599154e-06 2.2806250000e+02 3.9098437500e+02 1.7539062500e+01
7.0593600867e-06 2.2371875000e+02 3.9167187500e+02 1.7435937881e+01
7.0689598033e-06 2.2228125000e+02 3.9104687500e+02 1.7382030487e+01
7.0785599746e-06 2.2312500000e+02 3.9129687500e+02 1.7399999619e+01
7.0881601459e-06 2.2259375000e+02 3.9046875000e+02 1.7260936737e+01
7.0977598625e-06 2.2387500000e+02 3.9160937500e+02 1.7462499619e+01
7.1073600338e-06 2.2181250000e+02 3.9142187500e+02 1.7445312500e+01
7.1169602052e-06 2.2065625000e+02 3.9212500000e+02 1.7526561737e+01
7.1265599217e-06 2.2003125000e+02 3.8962500000e+02 1.2158594131e+01
7.1361600931e-06 2.2237500000e+02 3.9701562500e+02 1.2358593941e+01
7.1457598096e-06 2.2225000000e+02 4.0156250000e+02 1.2776562691e+01
7.1553599810e-06 2.1718750000e+02 4.0304687500e+02 1.2345312119e+01
7.1649601523e-06 2.1262500000e+02 4.0889062500e+02 1.1617187500e+01
7.1745598689e-06 2.0331250000e+02 4.1546875000e+02 1.1042968750e+01
7.1841600402e-06 1.9653125000e+02 4.2053125000e+02 1.0214062691e+01
7.1937602115e-06 1.8296875000e+02 4.2845312500e+02 9.5257816315e+00
7.2033599281e-06 1.7106250000e+02 4.3446875000e+02 8.5992183685e+00
7.2129600994e-06 1.5378125000e+02 4.4143750000e+02 7.8710937500e+00
7.2225598160e-06 1.3209375000e+02 4.4170312500e+02 7.1273436546e+00
7.2321599873e-06 1.1556250000e+02 4.4010937500e+02 6.4882812500e+00
7.2417601586e-06 9.9031250000e+01 4.3571875000e+02 5.9710936546e+00
7.2513598752e-06 8.6687500000e+01 4.3162500000e+02 5.3984375000e+00
7.2609600466e-06 7.3343750000e+01 4.2545312500e+02 4.8101563454e+00
7.2705602179e-06 6.0781250000e+01 4.1717187500e+02 4.4203124046e+00
7.2801599345e-06 4.6625000000e+01 4.0932812500e+02 3.8781249523e+00
7.2897601058e-06 3.8562500000e+01 4.0553125000e+02 3.5374999046e+00
7.2993598224e-06 3.1000000000e+01 4.0175000000e+02 3.2687499523e+00
7.3089599937e-06 2.4718750000e+01 3.9746875000e+02 2.9085936546e+00
7.3185601650e-06 1.9968750000e+01 3.9804687500e+02 2.6367187500e+00
7.3281598816e-06 1.4812500000e+01 3.9714062500e+02 2.2867188454e+00
7.3377600529e-06 1.4968750000e+01 3.9762500000e+02 1.9968750477e+00
7.3518399404e-06 1.1031250000e+01 3.9876562500e+02 1.6937500238e+00
