# time_s Ids_true_A Ids_pred_A Ids_physics_A T_mean_K
3.8879989006e-08 1.0500000000e+01 1.8984710693e+01 3.1341222763e+01 3.4505453491e+02
5.0720245781e-08 2.3593750000e+01 2.5000854492e+01 5.5888988495e+01 3.4604284668e+02
6.0319962358e-08 4.1156250000e+01 5.6822753906e+01 7.6736145020e+01 3.4611840820e+02
6.9920133683e-08 5.9968750000e+01 8.1893218994e+01 9.6523521423e+01 3.4735900879e+02
7.9520305007e-08 8.4718750000e+01 1.0602708435e+02 1.2000765228e+02 3.4771859741e+02
8.9120021585e-08 1.0609375000e+02 1.2851759338e+02 1.4243223572e+02 3.4924737549e+02
9.8720192909e-08 1.2690625000e+02 1.4619902039e+02 1.6193415833e+02 3.4983361816e+02
1.0832036423e-07 1.5171875000e+02 1.6579421997e+02 1.8305227661e+02 3.5166003418e+02
1.1792008081e-07 1.7646875000e+02 1.8479293823e+02 2.0312348938e+02 3.5254241943e+02
1.2752025214e-07 1.9553125000e+02 2.0658499146e+02 2.2198094177e+02 3.5468362427e+02
1.3711996871e-07 2.1921875000e+02 2.2527299500e+02 2.3576187134e+02 3.5579345703e+02
1.4672014004e-07 2.3543750000e+02 2.5283239746e+02 2.5344320679e+02 3.5825064087e+02
1.5632031136e-07 2.5393750000e+02 2.7672549438e+02 2.6935931396e+02 3.5959298706e+02
1.6592002794e-07 2.6828125000e+02 3.0440576172e+02 2.8571191406e+02 3.6232672119e+02
1.7552019926e-07 2.8287500000e+02 3.0279235840e+02 2.9115695190e+02 3.6369277954e+02
1.8512037059e-07 2.9718750000e+02 3.2563519287e+02 3.1061752319e+02 3.6672262573e+02
1.9472008717e-07 3.0737500000e+02 3.1508605957e+02 3.0771652222e+02 3.6798834229e+02
2.0432025849e-07 3.2403125000e+02 3.1954727173e+02 3.2164916992e+02 3.7119934082e+02
2.1391997507e-07 3.2975000000e+02 3.1908746338e+02 3.3272665405e+02 3.7253405762e+02
2.2352014639e-07 3.4290625000e+02 3.2832992554e+02 3.4731109619e+02 3.7594769287e+02
2.3312031772e-07 3.5406250000e+02 3.3125103760e+02 3.5197183228e+02 3.7730249023e+02
2.4272003429e-07 3.5956250000e+02 3.5311315918e+02 3.6442947388e+02 3.8095156860e+02
2.5232020562e-07 3.7175000000e+02 3.6318914795e+02 3.7775286865e+02 3.8243319702e+02
2.6192037694e-07 3.8343750000e+02 3.8566290283e+02 3.8581134033e+02 3.8626095581e+02
2.7152009352e-07 3.8709375000e+02 4.0851885986e+02 3.9618127441e+02 3.8786029053e+02
2.8112026484e-07 3.9837500000e+02 4.3080245972e+02 4.0314926147e+02 3.9183581543e+02
2.9071998142e-07 4.0940625000e+02 4.5390484619e+02 4.2166799927e+02 3.9364511108e+02
3.0032015275e-07 4.1115625000e+02 4.5517880249e+02 4.1730120850e+02 3.9758020020e+02
3.0992032407e-07 4.1878125000e+02 4.4533459473e+02 4.1981695557e+02 3.9934616089e+02
3.1952004065e-07 4.2596875000e+02 4.4010693359e+02 4.3593667603e+02 4.0348062134e+02
3.2912021197e-07 4.3506250000e+02 4.2734918213e+02 4.3670806885e+02 4.0517166138e+02
3.3872038330e-07 4.3890625000e+02 4.1686853027e+02 4.4150000000e+02 4.0935089111e+02
3.4832009987e-07 4.4343750000e+02 4.2244622803e+02 4.4326095581e+02 4.1102136230e+02
3.5792027120e-07 4.4831250000e+02 4.2452200317e+02 4.4680960083e+02 4.1525729370e+02
3.6751998778e-07 4.5306250000e+02 4.2945584106e+02 4.5789102173e+02 4.1701531982e+02
3.7712015910e-07 4.6162500000e+02 4.5490826416e+02 4.6570230103e+02 4.2140423584e+02
3.8672033043e-07 4.6453125000e+02 4.6162313843e+02 4.7572695923e+02 4.2324240112e+02
3.9632004700e-07 4.6918750000e+02 4.8145355225e+02 4.7977172852e+02 4.2772174072e+02
4.0592021833e-07 4.7396875000e+02 5.0552822876e+02 4.9148886108e+02 4.2969830322e+02
4.1551993490e-07 4.8025000000e+02 4.9878836060e+02 4.8247473145e+02 4.3404986572e+02
4.2512010623e-07 4.8240625000e+02 5.0875842285e+02 4.8682830811e+02 4.3605239868e+02
4.3472027755e-07 4.8656250000e+02 5.1327758789e+02 4.8482101440e+02 4.4038125610e+02
4.4431999413e-07 4.8959375000e+02 4.9862103271e+02 5.0283279419e+02 4.4253524780e+02
4.5392016546e-07 4.9125000000e+02 4.7678503418e+02 4.9869534302e+02 4.4676144409e+02
4.6352033678e-07 4.9646875000e+02 4.7633230591e+02 5.0364425659e+02 4.4893643188e+02
4.7312005336e-07 4.9871875000e+02 4.7475537109e+02 5.0564099121e+02 4.5317044067e+02
4.8272022468e-07 5.0556250000e+02 4.7842175293e+02 5.1318756104e+02 4.5540798950e+02
4.9231994126e-07 5.0653125000e+02 4.9145611572e+02 5.0799969482e+02 4.5959173584e+02
5.0192011258e-07 5.0765625000e+02 4.9896124268e+02 5.0829296875e+02 4.6181668091e+02
5.1152028391e-07 5.1068750000e+02 5.1685473633e+02 5.1089239502e+02 4.6605084229e+02
5.2112000049e-07 5.1593750000e+02 5.2154187012e+02 5.1806622314e+02 4.6834362793e+02
5.3072017181e-07 5.1528125000e+02 5.2408166504e+02 5.2562017822e+02 4.7265704346e+02
5.4032034313e-07 5.1690625000e+02 5.3105432129e+02 5.3153863525e+02 4.7501193237e+02
5.4992005971e-07 5.1562500000e+02 5.2827331543e+02 5.2856298828e+02 4.7926116943e+02
5.5952023104e-07 5.2134375000e+02 5.1868084717e+02 5.1991723633e+02 4.8146585083e+02
5.6911994761e-07 5.2256250000e+02 5.1921105957e+02 5.2653576660e+02 4.8577444458e+02
5.7872011894e-07 5.2253125000e+02 5.3833496094e+02 5.2152844238e+02 4.8794580078e+02
5.8832029026e-07 5.2787500000e+02 5.2044201660e+02 5.1891241455e+02 4.9215695190e+02
5.9792000684e-07 5.2496875000e+02 5.1661492920e+02 5.2192614746e+02 4.9433706665e+02
6.0752017816e-07 5.2950000000e+02 5.2391711426e+02 5.2544543457e+02 4.9858453369e+02
6.1712034949e-07 5.2962500000e+02 5.1428393555e+02 5.2022064209e+02 5.0066494751e+02
6.2672006607e-07 5.3321875000e+02 5.2628344727e+02 5.2312805176e+02 5.0495080566e+02
6.3632023739e-07 5.3584375000e+02 5.3337744141e+02 5.2834790039e+02 5.0709957886e+02
6.4591995397e-07 5.3168750000e+02 5.3235302734e+02 5.3404364014e+02 5.1142590332e+02
6.5552012529e-07 5.3418750000e+02 5.3459729004e+02 5.2148870850e+02 5.1342089844e+02
6.6512029662e-07 5.3537500000e+02 5.3523443604e+02 5.2485369873e+02 5.1776495361e+02
6.7472001319e-07 5.3550000000e+02 5.3309863281e+02 5.2519995117e+02 5.1974847412e+02
6.8432018452e-07 5.3790625000e+02 5.3542370605e+02 5.1746673584e+02 5.2398382568e+02
6.9392035584e-07 5.3106250000e+02 5.3163391113e+02 5.3448602295e+02 5.2614947510e+02
7.0352007242e-07 5.3696875000e+02 5.3024481201e+02 5.2224462891e+02 5.3021075439e+02
7.1312024374e-07 5.3403125000e+02 5.2790905762e+02 5.2935363770e+02 5.3244598389e+02
7.2271996032e-07 5.3637500000e+02 5.2596185303e+02 5.2730090332e+02 5.3645288086e+02
7.3232013165e-07 5.3553125000e+02 5.2873376465e+02 5.2221795654e+02 5.3863201904e+02
7.4192030297e-07 5.3790625000e+02 5.3277746582e+02 5.2488842773e+02 5.4266204834e+02
7.5152001955e-07 5.3806250000e+02 5.2986621094e+02 5.2378326416e+02 5.4481292725e+02
7.6112019087e-07 5.3893750000e+02 5.2312182617e+02 5.3498760986e+02 5.4892535400e+02
7.7072036220e-07 5.3631250000e+02 5.3076263428e+02 5.2386071777e+02 5.5097387695e+02
7.8032007877e-07 5.3834375000e+02 5.2630206299e+02 5.2835736084e+02 5.5509558105e+02
7.8992025010e-07 5.3718750000e+02 5.2820550537e+02 5.4406610107e+02 5.5733758545e+02
7.9952019405e-07 5.3490625000e+02 5.2432702637e+02 5.3093920898e+02 5.6126385498e+02
8.0912013800e-07 5.3468750000e+02 5.2802923584e+02 5.1809271240e+02 5.6337188721e+02
8.1872008195e-07 5.3787500000e+02 5.2405059814e+02 5.2852954102e+02 5.6737915039e+02
8.2832025328e-07 5.3378125000e+02 5.2490911865e+02 5.1652838135e+02 5.6935394287e+02
8.3792019723e-07 5.3700000000e+02 5.2825213623e+02 5.2447344971e+02 5.7344995117e+02
8.4752014118e-07 5.3362500000e+02 5.2095507812e+02 5.3142932129e+02 5.7547082520e+02
8.5712008513e-07 5.3481250000e+02 5.2487921143e+02 5.1704132080e+02 5.7939605713e+02
8.6672002908e-07 5.3396875000e+02 5.1726519775e+02 5.1162658691e+02 5.8132568359e+02
8.7632020040e-07 5.3418750000e+02 5.2172180176e+02 5.1679180908e+02 5.8530554199e+02
8.8592014436e-07 5.3359375000e+02 5.2213159180e+02 5.2631048584e+02 5.8735546875e+02
8.9552008831e-07 5.3281250000e+02 5.2019787598e+02 5.0844094849e+02 5.9109588623e+02
9.0512003226e-07 5.3409375000e+02 5.2257476807e+02 5.1207464600e+02 5.9320843506e+02
9.1471997621e-07 5.3231250000e+02 5.1740673828e+02 5.1394024658e+02 5.9692053223e+02
9.2432014753e-07 5.3165625000e+02 5.1684729004e+02 5.2655548096e+02 5.9918041992e+02
9.3392009148e-07 5.3215625000e+02 5.1952392578e+02 5.2078759766e+02 6.0283007812e+02
9.4352003543e-07 5.2706250000e+02 5.1644006348e+02 5.1514556885e+02 6.0500518799e+02
9.5312043413e-07 5.2737500000e+02 5.1462969971e+02 5.0483230591e+02 6.0850976562e+02
9.6271992334e-07 5.2403125000e+02 5.1328820801e+02 5.1003567505e+02 6.1074035645e+02
9.7232009466e-07 5.2475000000e+02 5.1680328369e+02 5.1017147827e+02 6.1426202393e+02
9.8192026599e-07 5.2193750000e+02 5.1576507568e+02 5.0120654297e+02 6.1638385010e+02
9.9152020994e-07 5.2250000000e+02 5.1488555908e+02 5.0421463013e+02 6.1992193604e+02
1.0011203813e-06 5.2381250000e+02 5.1039639282e+02 5.0417807007e+02 6.2201635742e+02
1.0107198705e-06 5.2121875000e+02 5.1199380493e+02 5.1002709961e+02 6.2562158203e+02
1.0203202692e-06 5.2350000000e+02 5.1190032959e+02 4.9632098389e+02 6.2756500244e+02
1.0299202131e-06 5.1753125000e+02 5.0911700439e+02 5.0625238037e+02 6.3124835205e+02
1.0395201571e-06 5.1840625000e+02 5.0683386230e+02 5.0694070435e+02 6.3319372559e+02
1.0491203284e-06 5.1862500000e+02 5.0554537964e+02 5.0574188232e+02 6.3683856201e+02
1.0587202723e-06 5.1950000000e+02 5.0751983643e+02 4.9815255737e+02 6.3872424316e+02
1.0683202163e-06 5.1656250000e+02 5.0696759033e+02 4.9963912964e+02 6.4237017822e+02
1.0779201602e-06 5.1512500000e+02 5.0392681885e+02 4.9361276245e+02 6.4417120361e+02
1.0875201042e-06 5.1028125000e+02 5.0463012695e+02 4.9538739014e+02 6.4783013916e+02
1.0971202755e-06 5.0971875000e+02 5.0320928955e+02 4.9997119141e+02 6.4968786621e+02
1.1067202195e-06 5.1228125000e+02 5.0162823486e+02 4.9812130737e+02 6.5329681396e+02
1.1163201634e-06 5.0865625000e+02 5.0227108765e+02 4.9702450562e+02 6.5516784668e+02
1.1259201074e-06 5.0581250000e+02 4.9878039551e+02 5.0119506836e+02 6.5877612305e+02
1.1355202787e-06 5.0828125000e+02 4.9871960449e+02 4.9455511475e+02 6.6058428955e+02
1.1451202226e-06 5.0462500000e+02 4.9865087891e+02 4.8324865723e+02 6.6404840088e+02
1.1547201666e-06 5.0781250000e+02 4.9453863525e+02 5.0294180298e+02 6.6606280518e+02
1.1643201105e-06 5.0153125000e+02 4.9452755737e+02 4.9763745117e+02 6.6945568848e+02
1.1739205092e-06 5.0159375000e+02 4.9453829956e+02 5.0514065552e+02 6.7157592773e+02
1.1835202258e-06 5.0009375000e+02 4.9489245605e+02 4.9043786621e+02 6.7479058838e+02
1.1931201698e-06 4.9775000000e+02 4.9344171143e+02 4.8455215454e+02 6.7683752441e+02
1.2027201137e-06 4.9675000000e+02 4.8812353516e+02 4.9399398804e+02 6.8010772705e+02
1.2123200577e-06 4.9740625000e+02 4.9089324951e+02 4.8217108154e+02 6.8205364990e+02
1.2219200016e-06 4.9721875000e+02 4.8981878662e+02 4.8772100830e+02 6.8537188721e+02
1.2315201730e-06 4.9281250000e+02 4.8936297607e+02 4.8205642700e+02 6.8726141357e+02
1.2411201169e-06 4.9228125000e+02 4.8777755737e+02 4.8145397949e+02 6.9055004883e+02
1.2507200609e-06 4.9037500000e+02 4.8527459717e+02 4.7862121582e+02 6.9239843750e+02
1.2603204596e-06 4.9475000000e+02 4.8321469116e+02 4.7602255249e+02 6.9563378906e+02
1.2699199488e-06 4.9143750000e+02 4.8530810547e+02 4.7544171143e+02 6.9750457764e+02
1.2795201201e-06 4.8806250000e+02 4.8467791748e+02 4.8333795166e+02 7.0082159424e+02
1.2891200640e-06 4.8503125000e+02 4.8201336670e+02 4.7138699341e+02 7.0254241943e+02
1.2987202354e-06 4.8650000000e+02 4.8125628662e+02 4.6740713501e+02 7.0579980469e+02
1.3083204067e-06 4.8321875000e+02 4.8078842163e+02 4.7618939209e+02 7.0763128662e+02
1.3179198959e-06 4.8390625000e+02 4.7767843628e+02 4.8036804199e+02 7.1090063477e+02
1.3275200672e-06 4.8606250000e+02 4.7694360352e+02 4.7581417847e+02 7.1268811035e+02
1.3371202385e-06 4.8278125000e+02 4.7813131714e+02 4.6771774292e+02 7.1586920166e+02
1.3467201825e-06 4.7825000000e+02 4.7708834839e+02 4.6833496094e+02 7.1766815186e+02
1.3563203538e-06 4.7925000000e+02 4.7580322266e+02 4.7222985840e+02 7.2087677002e+02
1.3659198430e-06 4.8090625000e+02 4.7692367554e+02 4.7342703247e+02 7.2271618652e+02
1.3755202417e-06 4.7806250000e+02 4.7196807861e+02 4.6737225342e+02 7.2580297852e+02
1.3851201857e-06 4.7371875000e+02 4.7255023193e+02 4.6174545288e+02 7.2759625244e+02
1.3947201296e-06 4.7309375000e+02 4.7131515503e+02 4.6403662109e+02 7.3069335938e+02
1.4043203009e-06 4.7453125000e+02 4.7152801514e+02 4.6852142334e+02 7.3255352783e+02
1.4139202449e-06 4.7218750000e+02 4.6800598145e+02 4.6111633301e+02 7.3553070068e+02
1.4235201888e-06 4.7050000000e+02 4.6824539185e+02 4.6457357788e+02 7.3744378662e+02
1.4331201328e-06 4.6875000000e+02 4.6887045288e+02 4.6201406860e+02 7.4039477539e+02
1.4427200767e-06 4.6687500000e+02 4.6773181152e+02 4.6886074829e+02 7.4238702393e+02
1.4523202481e-06 4.6812500000e+02 4.6632406616e+02 4.5581912231e+02 7.4517572021e+02
1.4619201920e-06 4.6443750000e+02 4.6601019287e+02 4.5435186768e+02 7.4715820312e+02
1.4715201360e-06 4.5906250000e+02 4.6229199219e+02 4.6556372070e+02 7.5003942871e+02
1.4811200799e-06 4.6350000000e+02 4.6069021606e+02 4.6320864868e+02 7.5199114990e+02
1.4907200239e-06 4.6453125000e+02 4.5934246826e+02 4.5041317749e+02 7.5471728516e+02
1.5003201952e-06 4.6165625000e+02 4.5965460205e+02 4.5188562012e+02 7.5669750977e+02
1.5099201391e-06 4.6025000000e+02 4.6055938721e+02 4.5597485352e+02 7.5947637939e+02
1.5195200831e-06 4.5915625000e+02 4.5823126221e+02 4.5442083740e+02 7.6142907715e+02
1.5291204818e-06 4.5956250000e+02 4.5672686768e+02 4.5728692627e+02 7.6422613525e+02
1.5387199710e-06 4.5768750000e+02 4.5643057251e+02 4.5421340942e+02 7.6615173340e+02
1.5483201423e-06 4.5284375000e+02 4.5500708008e+02 4.5966870117e+02 7.6899633789e+02
1.5579200863e-06 4.5371875000e+02 4.5383627319e+02 4.5816629028e+02 7.7090539551e+02
1.5675202576e-06 4.5331250000e+02 4.5326873779e+02 4.4031204224e+02 7.7354693604e+02
1.5771204289e-06 4.4953125000e+02 4.5103234863e+02 4.4335461426e+02 7.7547894287e+02
1.5867199181e-06 4.4753125000e+02 4.5075231934e+02 4.4540933228e+02 7.7814099121e+02
1.5963200894e-06 4.5062500000e+02 4.5113958740e+02 4.3722592163e+02 7.7999597168e+02
1.6059202608e-06 4.4831250000e+02 4.4891867065e+02 4.4018112183e+02 7.8267163086e+02
1.6155202047e-06 4.4565625000e+02 4.4713598633e+02 4.5010494995e+02 7.8462866211e+02
1.6251203760e-06 4.4628125000e+02 4.4643017578e+02 4.4272467041e+02 7.8721832275e+02
1.6347198653e-06 4.4450000000e+02 4.4497821045e+02 4.4854083252e+02 7.8923364258e+02
1.6443202639e-06 4.4221875000e+02 4.4327230835e+02 4.3977810669e+02 7.9171228027e+02
1.6539202079e-06 4.4365625000e+02 4.4377697754e+02 4.4199057007e+02 7.9376708984e+02
1.6635201519e-06 4.4062500000e+02 4.4246563721e+02 4.3585815430e+02 7.9616992188e+02
1.6731203232e-06 4.3696875000e+02 4.4220794678e+02 4.3913015747e+02 7.9826550293e+02
1.6827202671e-06 4.3943750000e+02 4.4085498047e+02 4.4164501953e+02 8.0068652344e+02
1.6923202111e-06 4.4000000000e+02 4.4006597900e+02 4.3251858521e+02 8.0268371582e+02
1.7019201550e-06 4.3806250000e+02 4.3768688965e+02 4.4173788452e+02 8.0518054199e+02
1.7115200990e-06 4.3628125000e+02 4.3752075195e+02 4.3511007690e+02 8.0711694336e+02
1.7211202703e-06 4.3153125000e+02 4.3678607178e+02 4.2942077637e+02 8.0954888916e+02
1.7307202143e-06 4.3181250000e+02 4.3561471558e+02 4.3236306763e+02 8.1151354980e+02
1.7403201582e-06 4.3306250000e+02 4.3583496094e+02 4.3610351562e+02 8.1399108887e+02
1.7499201022e-06 4.3237500000e+02 4.3454278564e+02 4.3695016479e+02 8.1596130371e+02
1.7595200461e-06 4.3390625000e+02 4.3293511963e+02 4.3780374146e+02 8.1843475342e+02
1.7691202174e-06 4.3031250000e+02 4.3174725342e+02 4.4213537598e+02 8.2044750977e+02
1.7787201614e-06 4.3209375000e+02 4.3205236816e+02 4.3762228394e+02 8.2287976074e+02
1.7883201053e-06 4.2975000000e+02 4.2966125488e+02 4.3892465210e+02 8.2488830566e+02
1.7979205040e-06 4.3012500000e+02 4.3012460327e+02 4.3296221924e+02 8.2726837158e+02
1.8075199932e-06 4.2243750000e+02 4.2904724121e+02 4.2781634521e+02 8.2921966553e+02
1.8171201646e-06 4.2606250000e+02 4.2820010376e+02 4.2425994873e+02 8.3155786133e+02
1.8267201085e-06 4.2375000000e+02 4.2603302002e+02 4.2854736328e+02 8.3353698730e+02
1.8363202798e-06 4.1946875000e+02 4.2507659912e+02 4.2435675049e+02 8.3582531738e+02
1.8459204512e-06 4.1928125000e+02 4.2417486572e+02 4.2288790894e+02 8.3778759766e+02
1.8555199404e-06 4.1856250000e+02 4.2403341675e+02 4.2177520752e+02 8.4007135010e+02
1.8651201117e-06 4.1643750000e+02 4.2252624512e+02 4.2523239136e+02 8.4205883789e+02
1.8747202830e-06 4.1784375000e+02 4.2204071045e+02 4.2819036865e+02 8.4437579346e+02
1.8843202270e-06 4.1881250000e+02 4.2085260010e+02 4.1851638794e+02 8.4625701904e+02
1.8939203983e-06 4.1771875000e+02 4.1995031738e+02 4.2333718872e+02 8.4861749268e+02
1.9035198875e-06 4.1390625000e+02 4.1940771484e+02 4.1711322021e+02 8.5044012451e+02
1.9131202862e-06 4.1428125000e+02 4.1853326416e+02 4.1854598999e+02 8.5281011963e+02
1.9227202301e-06 4.1334375000e+02 4.1734979248e+02 4.1974273682e+02 8.5463854980e+02
1.9323201741e-06 4.1368750000e+02 4.1717407227e+02 4.1326699829e+02 8.5694781494e+02
1.9419203454e-06 4.1175000000e+02 4.1551147461e+02 4.1284957886e+02 8.5875891113e+02
1.9515202894e-06 4.1043750000e+02 4.1472143555e+02 4.1824575806e+02 8.6110955811e+02
1.9611202333e-06 4.1028125000e+02 4.1486044312e+02 4.1217733765e+02 8.6288305664e+02
1.9707201773e-06 4.0915625000e+02 4.1338879395e+02 4.1229388428e+02 8.6522210693e+02
1.9803201212e-06 4.0934375000e+02 4.1311242676e+02 4.1664294434e+02 8.6704675293e+02
1.9899202925e-06 4.0812500000e+02 4.1234332275e+02 4.0647406006e+02 8.6927850342e+02
1.9995202365e-06 4.0396875000e+02 4.1015490723e+02 4.0160299683e+02 8.7103179932e+02
2.0091201804e-06 4.0643750000e+02 4.0943890381e+02 4.0257583618e+02 8.7327197266e+02
2.0187201244e-06 4.0646875000e+02 4.0903021240e+02 4.0523355103e+02 8.7506079102e+02
2.0283202957e-06 4.0478125000e+02 4.0887902832e+02 4.1235421753e+02 8.7737634277e+02
2.0379202397e-06 4.0503125000e+02 4.0701593018e+02 4.0213079834e+02 8.7904504395e+02
2.0475201836e-06 3.9915625000e+02 4.0640386963e+02 4.0620361328e+02 8.8139068604e+02
2.0571201276e-06 4.0015625000e+02 4.0605380249e+02 4.0866830444e+02 8.8310302734e+02
2.0667202989e-06 3.9887500000e+02 4.0495822144e+02 4.0428057861e+02 8.8539575195e+02
2.0763202428e-06 3.9546875000e+02 4.0425915527e+02 4.1201614380e+02 8.8717553711e+02
2.0859201868e-06 3.9862500000e+02 4.0322912598e+02 4.0562026978e+02 8.8940020752e+02
2.0955201308e-06 3.9787500000e+02 4.0242669678e+02 4.0447149658e+02 8.9117163086e+02
2.1051203021e-06 4.0009375000e+02 4.0160702515e+02 4.0290853882e+02 8.9337701416e+02
2.1147202460e-06 3.9809375000e+02 4.0118505859e+02 3.9559597778e+02 8.9508593750e+02
2.1243201900e-06 3.9631250000e+02 4.0026327515e+02 4.0016873169e+02 8.9732928467e+02
2.1339201339e-06 3.9715625000e+02 3.9938800049e+02 4.0024868774e+02 8.9903717041e+02
2.1435203053e-06 3.9296875000e+02 3.9931689453e+02 4.1234512329e+02 9.0140167236e+02
2.1531202492e-06 3.9090625000e+02 3.9774780273e+02 3.9835852051e+02 9.0295159912e+02
2.1627201932e-06 3.9040625000e+02 3.9699243164e+02 3.9503369141e+02 9.0529260254e+02
2.1723201371e-06 3.9228125000e+02 3.9665969849e+02 4.0780465698e+02 9.0696142578e+02
2.1819203084e-06 3.9309375000e+02 3.9588671875e+02 4.0003915405e+02 9.0923309326e+02
2.1915202524e-06 3.8956250000e+02 3.9501547241e+02 3.9819302368e+02 9.1088305664e+02
2.2011201963e-06 3.8825000000e+02 3.9632543945e+02 3.9203808594e+02 9.1310632324e+02
2.2107201403e-06 3.8859375000e+02 3.9333978271e+02 3.9362255859e+02 9.1473339844e+02
2.2203203116e-06 3.8950000000e+02 3.9252566528e+02 3.9241949463e+02 9.1694055176e+02
2.2299202556e-06 3.8665625000e+02 3.9141876221e+02 3.9036352539e+02 9.1856201172e+02
2.2395201995e-06 3.8437500000e+02 3.9052621460e+02 3.8807122803e+02 9.2074011230e+02
2.2491201435e-06 3.8793750000e+02 3.9098559570e+02 3.9408389282e+02 9.2240466309e+02
2.2587203148e-06 3.8537500000e+02 3.8934216309e+02 3.9106423950e+02 9.2456890869e+02
2.2683202587e-06 3.8231250000e+02 3.8914904785e+02 3.9093722534e+02 9.2624090576e+02
2.2779202027e-06 3.8203125000e+02 3.8806805420e+02 3.8999890137e+02 9.2838757324e+02
2.2875201466e-06 3.8250000000e+02 3.8773431396e+02 3.9178567505e+02 9.3008099365e+02
2.2971203180e-06 3.7937500000e+02 3.8692727661e+02 3.9658459473e+02 9.3225848389e+02
2.3067202619e-06 3.8075000000e+02 3.8565173340e+02 3.8829315186e+02 9.3386981201e+02
2.3163202059e-06 3.7993750000e+02 3.8466748047e+02 3.8081314087e+02 9.3597747803e+02
2.3259201498e-06 3.7781250000e+02 3.8383471680e+02 3.8205007935e+02 9.3759252930e+02
2.3355203211e-06 3.7912500000e+02 3.8435662842e+02 3.8462884521e+02 9.3970605469e+02
2.3451202651e-06 3.7778125000e+02 3.8311578369e+02 3.8867623901e+02 9.4137384033e+02
2.3547202090e-06 3.7543750000e+02 3.8222872925e+02 3.8217773438e+02 9.4343493652e+02
2.3643201530e-06 3.7784375000e+02 3.8160675049e+02 3.8702130127e+02 9.4513708496e+02
2.3739203243e-06 3.7503125000e+02 3.8105154419e+02 3.8215631104e+02 9.4713763428e+02
2.3835202683e-06 3.7546875000e+02 3.8003765869e+02 3.8074594116e+02 9.4882849121e+02
2.3931202122e-06 3.7121875000e+02 3.7903585815e+02 3.7913543701e+02 9.5081427002e+02
2.4027201562e-06 3.7278125000e+02 3.7926696777e+02 3.8691143799e+02 9.5257891846e+02
2.4123203275e-06 3.7250000000e+02 3.7918957520e+02 3.8030050659e+02 9.5448492432e+02
2.4219202714e-06 3.7203125000e+02 3.7678500366e+02 3.7659176636e+02 9.5623101807e+02
2.4315202154e-06 3.7146875000e+02 3.7666531372e+02 3.7960269165e+02 9.5817346191e+02
2.4411201593e-06 3.7306250000e+02 3.7661267090e+02 3.7572503662e+02 9.5988946533e+02
2.4507203307e-06 3.6853125000e+02 3.7489312744e+02 3.7612792969e+02 9.6181268311e+02
2.4603202746e-06 3.6734375000e+02 3.7497427368e+02 3.7651077271e+02 9.6354888916e+02
2.4699202186e-06 3.6859375000e+02 3.7330020142e+02 3.7302536011e+02 9.6542340088e+02
2.4795201625e-06 3.6796875000e+02 3.7356005859e+02 3.7481631470e+02 9.6716137695e+02
2.4891203338e-06 3.6787500000e+02 3.7231219482e+02 3.7446060181e+02 9.6904931641e+02
2.4987202778e-06 3.6746875000e+02 3.7203854370e+02 3.7532949829e+02 9.7078033447e+02
2.5083202218e-06 3.6659375000e+02 3.7107568359e+02 3.7047286987e+02 9.7261608887e+02
2.5179201657e-06 3.6712500000e+02 3.7045956421e+02 3.7502685547e+02 9.7440252686e+02
2.5275203370e-06 3.6478125000e+02 3.6978546143e+02 3.7401434326e+02 9.7622955322e+02
2.5371202810e-06 3.6356250000e+02 3.6964178467e+02 3.7815069580e+02 9.7805242920e+02
2.5467202249e-06 3.6425000000e+02 3.6848461914e+02 3.7177551270e+02 9.7980926514e+02
2.5563201689e-06 3.6481250000e+02 3.6831399536e+02 3.7126846313e+02 9.8161920166e+02
2.5659203402e-06 3.6403125000e+02 3.6651492310e+02 3.6604656982e+02 9.8333435059e+02
2.5755202842e-06 3.6118750000e+02 3.6621633911e+02 3.6793316650e+02 9.8515832520e+02
2.5851202281e-06 3.6140625000e+02 3.6613430786e+02 3.7168792725e+02 9.8690863037e+02
2.5947201721e-06 3.5975000000e+02 3.6551739502e+02 3.6820062256e+02 9.8869091797e+02
2.6043201160e-06 3.6168750000e+02 3.6577737427e+02 3.7364514160e+02 9.9049224854e+02
2.6139202873e-06 3.5940625000e+02 3.6408157349e+02 3.6962576294e+02 9.9224578857e+02
2.6235202313e-06 3.5931250000e+02 3.6321398926e+02 3.6650332642e+02 9.9401055908e+02
2.6331201752e-06 3.6178125000e+02 3.6227029419e+02 3.6202709961e+02 9.9571520996e+02
2.6427201192e-06 3.6106250000e+02 3.6255435181e+02 3.6895349121e+02 9.9754772949e+02
2.6523202905e-06 3.5818750000e+02 3.6173355103e+02 3.6283163452e+02 9.9918511963e+02
2.6619202345e-06 3.5875000000e+02 3.6126470947e+02 3.6590759277e+02 1.0010493164e+03
2.6715201784e-06 3.5696875000e+02 3.6005877686e+02 3.6383013916e+02 1.0026778564e+03
2.6811201224e-06 3.5606250000e+02 3.5965420532e+02 3.6487396240e+02 1.0045498657e+03
2.6907202937e-06 3.5546875000e+02 3.5911779785e+02 3.6455133057e+02 1.0061696167e+03
2.7003202376e-06 3.5300000000e+02 3.5912521362e+02 3.6443182373e+02 1.0080298462e+03
2.7099199542e-06 3.5415625000e+02 3.5843795776e+02 3.6105297852e+02 1.0096131592e+03
2.7195201255e-06 3.5484375000e+02 3.5794949341e+02 3.6754342651e+02 1.0115479736e+03
2.7291202969e-06 3.4990625000e+02 3.5740039062e+02 3.6179663086e+02 1.0130629272e+03
2.7387200134e-06 3.5406250000e+02 3.5601098633e+02 3.6096838379e+02 1.0149963989e+03
2.7483201848e-06 3.4962500000e+02 3.5669003296e+02 3.6697955322e+02 1.0165659180e+03
2.7579199013e-06 3.4959375000e+02 3.5545974731e+02 3.6264874268e+02 1.0184552002e+03
2.7675200727e-06 3.4762500000e+02 3.5324758911e+02 3.5313558960e+02 1.0199380493e+03
2.7771202440e-06 3.4834375000e+02 3.5576330566e+02 3.6265567017e+02 1.0219004517e+03
2.7867199606e-06 3.4787500000e+02 3.5446557617e+02 3.6422894287e+02 1.0234072876e+03
2.7963201319e-06 3.4637500000e+02 3.5223153687e+02 3.5613870239e+02 1.0252950439e+03
2.8059203032e-06 3.4943750000e+02 3.5501748657e+02 3.6293594360e+02 1.0268494873e+03
2.8155200198e-06 3.4859375000e+02 3.5116400146e+02 3.5600894165e+02 1.0286900635e+03
2.8251201911e-06 3.4531250000e+02 3.5217254639e+02 3.6067803955e+02 1.0302770996e+03
2.8347199077e-06 3.4734375000e+02 3.5225241089e+02 3.6774035645e+02 1.0321932373e+03
2.8443203064e-06 3.4337500000e+02 3.4959637451e+02 3.5514630127e+02 1.0336629639e+03
2.8539202503e-06 3.4062500000e+02 3.4861804199e+02 3.5225708008e+02 1.0355455322e+03
2.8635199669e-06 3.4468750000e+02 3.5017059326e+02 3.5819647217e+02 1.0370594482e+03
2.8731201382e-06 3.4262500000e+02 3.4893640137e+02 3.5536724854e+02 1.0389145508e+03
2.8827203096e-06 3.4650000000e+02 3.5172644043e+02 3.5463711548e+02 1.0404033203e+03
2.8923202535e-06 3.4262500000e+02 3.4579748535e+02 3.4664651489e+02 1.0422120361e+03
2.9019201975e-06 3.4359375000e+02 3.4781140137e+02 3.5357824707e+02 1.0437484131e+03
2.9115199141e-06 3.4468750000e+02 3.4875427246e+02 3.5999887085e+02 1.0456159668e+03
2.9211200854e-06 3.4415625000e+02 3.4667510986e+02 3.5190628052e+02 1.0470749512e+03
2.9307202567e-06 3.3750000000e+02 3.4564514160e+02 3.5128991699e+02 1.0489373779e+03
2.9403202007e-06 3.4103125000e+02 3.4599249268e+02 3.4806842041e+02 1.0503569336e+03
2.9499201446e-06 3.4256250000e+02 3.4433355713e+02 3.4796029663e+02 1.0522229004e+03
2.9595200886e-06 3.4318750000e+02 3.4364309692e+02 3.4806423950e+02 1.0536458740e+03
2.9691200325e-06 3.3865625000e+02 3.4209704590e+02 3.4672509766e+02 1.0555100098e+03
2.9787202038e-06 3.4062500000e+02 3.4252798462e+02 3.4907028198e+02 1.0569465332e+03
2.9883201478e-06 3.3781250000e+02 3.4144219971e+02 3.4768664551e+02 1.0588013916e+03
2.9979200917e-06 3.4009375000e+02 3.4215661621e+02 3.5241159058e+02 1.0602795410e+03
3.0075200357e-06 3.3759375000e+02 3.4221884155e+02 3.4838439941e+02 1.0620823975e+03
3.0171199796e-06 3.3471875000e+02 3.4050918579e+02 3.4877185059e+02 1.0635765381e+03
3.0267201510e-06 3.3593750000e+02 3.4012744141e+02 3.4366253662e+02 1.0653179932e+03
3.0363203223e-06 3.3665625000e+02 3.3857025146e+02 3.4280389404e+02 1.0668123779e+03
3.0459200389e-06 3.3593750000e+02 3.4020559692e+02 3.5014456177e+02 1.0686168213e+03
3.0555199828e-06 3.3153125000e+02 3.3909222412e+02 3.4967712402e+02 1.0701134033e+03
3.0651199268e-06 3.3403125000e+02 3.3896203613e+02 3.4659884644e+02 1.0718774414e+03
3.0747200981e-06 3.3446875000e+02 3.3860269165e+02 3.4958642578e+02 1.0734074707e+03
3.0843202694e-06 3.3275000000e+02 3.3756436157e+02 3.4727157593e+02 1.0751491699e+03
3.0939199860e-06 3.3109375000e+02 3.3534127808e+02 3.3931384277e+02 1.0766041260e+03
3.1035201573e-06 3.3200000000e+02 3.3658850098e+02 3.4225689697e+02 1.0783631592e+03
3.1131203286e-06 3.3203125000e+02 3.3513589478e+02 3.3811837769e+02 1.0797794189e+03
3.1227200452e-06 3.2931250000e+02 3.3412042236e+02 3.3876214600e+02 1.0815491943e+03
3.1323202165e-06 3.3165625000e+02 3.3571139526e+02 3.4501742554e+02 1.0830201416e+03
3.1419201605e-06 3.3440625000e+02 3.3707876587e+02 3.4662951660e+02 1.0847952881e+03
3.1515201044e-06 3.2940625000e+02 3.3515466309e+02 3.4228976440e+02 1.0862275391e+03
3.1611200484e-06 3.2690625000e+02 3.3396444702e+02 3.4279592896e+02 1.0880115967e+03
3.1707199923e-06 3.3096875000e+02 3.3191271973e+02 3.3785314941e+02 1.0894022217e+03
3.1803201637e-06 3.3112500000e+02 3.3163796997e+02 3.3813018799e+02 1.0911862793e+03
3.1899203350e-06 3.3031250000e+02 3.3323901367e+02 3.4132366943e+02 1.0925980225e+03
3.1995200516e-06 3.2706250000e+02 3.3244415283e+02 3.4103359985e+02 1.0943792725e+03
3.2091199955e-06 3.2746875000e+02 3.3089718628e+02 3.3711300659e+02 1.0957557373e+03
3.2187199395e-06 3.2559375000e+02 3.3116317749e+02 3.3762835693e+02 1.0975363770e+03
3.2283201108e-06 3.2603125000e+02 3.3123083496e+02 3.3584030151e+02 1.0988916016e+03
3.2379202821e-06 3.2537500000e+02 3.2931677246e+02 3.3603036499e+02 1.1006816406e+03
3.2475199987e-06 3.2296875000e+02 3.2979205322e+02 3.4025122070e+02 1.1020791016e+03
3.2571199426e-06 3.2237500000e+02 3.2566726685e+02 3.2620632935e+02 1.1037391357e+03
3.2667198866e-06 3.2287500000e+02 3.2815042114e+02 3.3411447144e+02 1.1052015381e+03
3.2763200579e-06 3.2371875000e+02 3.2829220581e+02 3.3429620361e+02 1.1068591309e+03
3.2859202292e-06 3.2328125000e+02 3.2693682861e+02 3.3517285156e+02 1.1083392334e+03
3.2955199458e-06 3.2271875000e+02 3.2590969849e+02 3.3317349243e+02 1.1099790039e+03
3.3051201171e-06 3.2159375000e+02 3.2532678223e+02 3.3178280640e+02 1.1114439697e+03
3.3147202885e-06 3.2065625000e+02 3.2603463745e+02 3.3324862671e+02 1.1130895996e+03
3.3243200050e-06 3.2050000000e+02 3.2739453125e+02 3.3963531494e+02 1.1146142578e+03
3.3339201764e-06 3.2143750000e+02 3.2679327393e+02 3.3367831421e+02 1.1161949463e+03
3.3435198930e-06 3.1915625000e+02 3.2625546265e+02 3.3131039429e+02 1.1176944580e+03
3.3531200643e-06 3.2084375000e+02 3.2509527588e+02 3.3032031250e+02 1.1192675781e+03
3.3627202356e-06 3.1906250000e+02 3.2181008911e+02 3.2687350464e+02 1.1207535400e+03
3.3723199522e-06 3.1937500000e+02 3.2441271973e+02 3.3292358398e+02 1.1223669434e+03
3.3819201235e-06 3.2015625000e+02 3.2250967407e+02 3.3144827271e+02 1.1238488770e+03
3.3915202948e-06 3.1600000000e+02 3.2359109497e+02 3.2921389771e+02 1.1254252930e+03
3.4011200114e-06 3.1581250000e+02 3.2273229980e+02 3.3220227051e+02 1.1269427490e+03
3.4107201827e-06 3.1490625000e+02 3.2317919922e+02 3.3080413818e+02 1.1284981689e+03
3.4203198993e-06 3.1593750000e+02 3.2238143921e+02 3.3249533081e+02 1.1300362549e+03
3.4299200706e-06 3.1781250000e+02 3.2004479980e+02 3.2581375122e+02 1.1315294189e+03
3.4395202420e-06 3.1590625000e+02 3.2046987915e+02 3.2361248779e+02 1.1330375977e+03
3.4491199585e-06 3.1684375000e+02 3.2201281738e+02 3.2865850830e+02 1.1345754395e+03
3.4587201299e-06 3.1615625000e+02 3.2230804443e+02 3.2895559692e+02 1.1360836182e+03
3.4683203012e-06 3.1675000000e+02 3.1864880371e+02 3.2605206299e+02 1.1376074219e+03
3.4779200178e-06 3.1409375000e+02 3.2091534424e+02 3.2499139404e+02 1.1390891113e+03
3.4875201891e-06 3.1543750000e+02 3.1888192749e+02 3.2458352661e+02 1.1406156006e+03
3.4971199057e-06 3.1328125000e+02 3.1794479370e+02 3.2488336182e+02 1.1421035156e+03
3.5067200770e-06 3.1565625000e+02 3.2045861816e+02 3.3159188843e+02 1.1436875000e+03
3.5163202483e-06 3.1409375000e+02 3.1742456055e+02 3.2031930542e+02 1.1450662842e+03
3.5259199649e-06 3.1168750000e+02 3.1735394287e+02 3.2549523926e+02 1.1467042236e+03
3.5355201362e-06 3.1640625000e+02 3.1535894775e+02 3.2320300293e+02 1.1480705566e+03
3.5451203075e-06 3.1231250000e+02 3.1514102173e+02 3.2293176270e+02 1.1497025146e+03
3.5547200241e-06 3.1687500000e+02 3.1378915405e+02 3.2040951538e+02 1.1510505371e+03
3.5643201954e-06 3.1175000000e+02 3.1376647949e+02 3.2144485474e+02 1.1526912842e+03
3.5739199120e-06 3.0975000000e+02 3.1266625977e+02 3.1813934326e+02 1.1540052490e+03
3.5835200833e-06 3.0640625000e+02 3.1389801025e+02 3.1814761353e+02 1.1556319580e+03
3.5931202547e-06 3.1053125000e+02 3.1481536865e+02 3.1836788940e+02 1.1569425049e+03
3.6027199712e-06 3.0662500000e+02 3.1567538452e+02 3.2350427246e+02 1.1586175537e+03
3.6123201426e-06 3.0934375000e+02 3.1404663086e+02 3.2034555054e+02 1.1599007568e+03
3.6219203139e-06 3.0753125000e+02 3.1407754517e+02 3.1947875977e+02 1.1615632324e+03
3.6315200305e-06 3.0987500000e+02 3.1301806641e+02 3.2250305176e+02 1.1628843994e+03
3.6411202018e-06 3.0837500000e+02 3.1251489258e+02 3.2238421631e+02 1.1645457764e+03
3.6507199184e-06 3.0968750000e+02 3.1205767822e+02 3.1752453613e+02 1.1658133545e+03
3.6603203171e-06 3.0425000000e+02 3.1176251221e+02 3.1828482056e+02 1.1674816895e+03
3.6699202610e-06 3.0484375000e+02 3.0910171509e+02 3.1593667603e+02 1.1687423096e+03
3.6795202050e-06 3.0740625000e+02 3.1251281738e+02 3.2134332275e+02 1.1704429932e+03
3.6891201489e-06 3.0909375000e+02 3.0942324829e+02 3.1715725708e+02 1.1716746826e+03
3.6987203202e-06 3.0606250000e+02 3.1207415771e+02 3.2320172119e+02 1.1734229736e+03
3.7083202642e-06 3.0368750000e+02 3.1194515991e+02 3.2286831665e+02 1.1746507568e+03
3.7179202081e-06 3.0584375000e+02 3.0851409912e+02 3.1470254517e+02 1.1763242188e+03
3.7275201521e-06 3.0500000000e+02 3.0781561279e+02 3.1619766235e+02 1.1775740967e+03
3.7371203234e-06 3.0293750000e+02 3.0999493408e+02 3.1739227295e+02 1.1792431641e+03
3.7467202674e-06 3.0212500000e+02 3.0941445923e+02 3.1805377197e+02 1.1805021973e+03
3.7563202113e-06 3.0256250000e+02 3.0887261963e+02 3.1826507568e+02 1.1821735840e+03
3.7659201553e-06 3.0268750000e+02 3.1028018188e+02 3.2299850464e+02 1.1834764404e+03
3.7755203266e-06 3.0256250000e+02 3.0764569092e+02 3.1784494019e+02 1.1851027832e+03
3.7851202705e-06 3.0100000000e+02 3.0916180420e+02 3.2061437988e+02 1.1864261475e+03
3.7947202145e-06 3.0171875000e+02 3.0587164307e+02 3.1551925659e+02 1.1880139160e+03
3.8043201585e-06 3.0178125000e+02 3.0884631348e+02 3.1354412842e+02 1.1892976074e+03
3.8139203298e-06 2.9896875000e+02 3.0656295776e+02 3.1403384399e+02 1.1908980713e+03
3.8235202737e-06 3.0012500000e+02 3.0694287109e+02 3.1610769653e+02 1.1922014160e+03
3.8331199903e-06 3.0034375000e+02 3.0511529541e+02 3.1301022339e+02 1.1937747803e+03
3.8427201616e-06 3.0181250000e+02 3.0724862671e+02 3.1587026978e+02 1.1950976562e+03
3.8523198782e-06 2.9831250000e+02 3.0730853271e+02 3.1363247681e+02 1.1966445312e+03
3.8619200495e-06 2.9940625000e+02 3.0422921753e+02 3.1340957642e+02 1.1979788818e+03
3.8715202209e-06 2.9793750000e+02 3.0676473999e+02 3.1388946533e+02 1.1995161133e+03
3.8811199374e-06 3.0015625000e+02 3.0349877930e+02 3.1413641357e+02 1.2008696289e+03
3.8907201088e-06 2.9971875000e+02 3.0608523560e+02 3.1246426392e+02 1.2023721924e+03
3.9003198253e-06 2.9525000000e+02 3.0291531372e+02 3.1276147461e+02 1.2037434082e+03
3.9099199967e-06 2.9600000000e+02 3.0413909912e+02 3.0976272583e+02 1.2052042236e+03
3.9195201680e-06 2.9568750000e+02 3.0284664917e+02 3.1022058105e+02 1.2065848389e+03
3.9291198846e-06 2.9581250000e+02 3.0105926514e+02 3.0746551514e+02 1.2080224609e+03
3.9387200559e-06 2.9600000000e+02 3.0336538696e+02 3.1269671631e+02 1.2094473877e+03
3.9483202272e-06 2.9550000000e+02 3.0374468994e+02 3.1107330322e+02 1.2108641357e+03
3.9579199438e-06 2.9337500000e+02 3.0120297241e+02 3.1172140503e+02 1.2123078613e+03
3.9675201151e-06 2.9209375000e+02 2.9906906128e+02 3.0465213013e+02 1.2136549072e+03
3.9771198317e-06 2.9384375000e+02 3.0240530396e+02 3.1047579956e+02 1.2151437988e+03
3.9867200030e-06 2.9231250000e+02 3.0185580444e+02 3.0645306396e+02 1.2164489746e+03
3.9963201743e-06 2.9512500000e+02 3.0090463257e+02 3.0783154297e+02 1.2179547119e+03
4.0059198909e-06 2.9393750000e+02 3.0193106079e+02 3.1470913696e+02 1.2193294678e+03
4.0155200622e-06 2.9287500000e+02 3.0072079468e+02 3.1309368896e+02 1.2208221436e+03
4.0251197788e-06 2.9128125000e+02 2.9974917603e+02 3.0914151001e+02 1.2221558838e+03
4.0347199501e-06 2.9193750000e+02 2.9670214844e+02 3.0364981079e+02 1.2236027832e+03
4.0443201215e-06 2.9184375000e+02 2.9993664551e+02 3.0626287842e+02 1.2249467773e+03
4.0539198380e-06 2.9296875000e+02 2.9832183838e+02 3.0644558716e+02 1.2264013672e+03
4.0635200094e-06 2.9106250000e+02 2.9868829346e+02 3.1205718994e+02 1.2278071289e+03
4.0731201807e-06 2.9081250000e+02 2.9857318115e+02 3.0654550171e+02 1.2291967773e+03
4.0827198973e-06 2.9075000000e+02 2.9757791138e+02 3.0527011108e+02 1.2305916748e+03
4.0923200686e-06 2.9078125000e+02 2.9833590698e+02 3.0355889893e+02 1.2319580078e+03
4.1019197852e-06 2.8918750000e+02 3.0108190918e+02 3.0615304565e+02 1.2333690186e+03
4.1115199565e-06 2.9250000000e+02 2.9702005005e+02 3.0399496460e+02 1.2347268066e+03
4.1211201278e-06 2.8881250000e+02 2.9387472534e+02 3.0220956421e+02 1.2361358643e+03
4.1307198444e-06 2.8959375000e+02 2.9606942749e+02 3.0555706787e+02 1.2375146484e+03
4.1403200157e-06 2.8600000000e+02 2.9660711670e+02 3.0782977295e+02 1.2389448242e+03
4.1499201870e-06 2.8646875000e+02 2.9616720581e+02 3.0557318115e+02 1.2402989502e+03
4.1595199036e-06 2.8803125000e+02 2.9426208496e+02 3.0428964233e+02 1.2417244873e+03
4.1691200749e-06 2.9100000000e+02 2.9588934326e+02 3.0556307983e+02 1.2430815430e+03
4.1787197915e-06 2.8968750000e+02 2.9536688232e+02 2.9984313965e+02 1.2444454346e+03
4.1883199629e-06 2.8512500000e+02 2.9249249268e+02 3.0056423950e+02 1.2458238525e+03
4.1979201342e-06 2.8718750000e+02 2.9389916992e+02 3.0157272339e+02 1.2471890869e+03
4.2075198508e-06 2.8750000000e+02 2.9507797241e+02 3.0540713501e+02 1.2486026611e+03
4.2171200221e-06 2.8421875000e+02 2.9191687012e+02 3.0056292725e+02 1.2499300537e+03
4.2267201934e-06 2.8787500000e+02 2.9481869507e+02 3.0076901245e+02 1.2513293457e+03
4.2363199100e-06 2.8506250000e+02 2.9636746216e+02 3.0419744873e+02 1.2526861572e+03
4.2459200813e-06 2.8590625000e+02 2.9110418701e+02 2.9918231201e+02 1.2540539551e+03
4.2555197979e-06 2.9009375000e+02 2.9270092773e+02 3.0253652954e+02 1.2554378662e+03
4.2651199692e-06 2.8628125000e+02 2.8929492188e+02 2.9492581177e+02 1.2567371826e+03
4.2747201405e-06 2.8462500000e+02 2.9168804932e+02 3.0034536743e+02 1.2581673584e+03
4.2843198571e-06 2.8403125000e+02 2.9041772461e+02 2.9759011841e+02 1.2594410400e+03
4.2939200284e-06 2.8431250000e+02 2.9254498291e+02 3.0126763916e+02 1.2608999023e+03
4.3035201998e-06 2.8281250000e+02 2.9099441528e+02 2.9863552856e+02 1.2621508789e+03
4.3131199163e-06 2.8290625000e+02 2.8870300293e+02 2.9438986206e+02 1.2635721436e+03
4.3227200877e-06 2.8437500000e+02 2.8927108765e+02 2.9665866089e+02 1.2648447266e+03
4.3323198042e-06 2.8446875000e+02 2.8843621826e+02 2.9766891479e+02 1.2662818604e+03
4.3419199756e-06 2.8284375000e+02 2.8924615479e+02 2.9831042480e+02 1.2675546875e+03
4.3515201469e-06 2.8540625000e+02 2.8808666992e+02 2.9423944092e+02 1.2689500732e+03
4.3611198635e-06 2.8121875000e+02 2.8711926270e+02 2.9439868164e+02 1.2702293701e+03
4.3707200348e-06 2.8171875000e+02 2.9023724365e+02 2.9548196411e+02 1.2716196289e+03
4.3803202061e-06 2.8228125000e+02 2.8669128418e+02 2.9054901123e+02 1.2728594971e+03
4.3899199227e-06 2.8200000000e+02 2.8811618042e+02 2.9422897339e+02 1.2742819824e+03
4.3995200940e-06 2.8171875000e+02 2.8621902466e+02 2.8980487061e+02 1.2754809570e+03
4.4091198106e-06 2.8381250000e+02 2.8771813965e+02 2.9196804810e+02 1.2769187012e+03
4.4187199819e-06 2.7912500000e+02 2.8788400269e+02 2.9112835693e+02 1.2781074219e+03
4.4283201532e-06 2.8115625000e+02 2.8559808350e+02 2.9354528809e+02 1.2795819092e+03
4.4379198698e-06 2.8296875000e+02 2.8572528076e+02 2.9133114624e+02 1.2807431641e+03
4.4475200411e-06 2.7806250000e+02 2.8692175293e+02 2.9114538574e+02 1.2822083740e+03
4.4571202125e-06 2.7562500000e+02 2.8838351440e+02 2.9132733154e+02 1.2833654785e+03
4.4667199290e-06 2.8012500000e+02 2.8376290894e+02 2.9004412842e+02 1.2848359375e+03
4.4763201004e-06 2.7912500000e+02 2.8586322021e+02 2.9347937012e+02 1.2860195312e+03
4.4859198169e-06 2.8143750000e+02 2.8431954956e+02 2.8971997070e+02 1.2874536133e+03
4.4955199883e-06 2.7753125000e+02 2.8514428711e+02 2.9291018677e+02 1.2886682129e+03
4.5051201596e-06 2.7625000000e+02 2.8459600830e+02 2.9013955688e+02 1.2900722656e+03
4.5147198762e-06 2.7775000000e+02 2.8294750977e+02 2.8652822876e+02 1.2912536621e+03
4.5243200475e-06 2.7643750000e+02 2.8581323242e+02 2.9122674561e+02 1.2926950684e+03
4.5339202188e-06 2.7443750000e+02 2.8006967163e+02 2.8327377319e+02 1.2938155518e+03
4.5435199354e-06 2.7925000000e+02 2.8461401367e+02 2.9088482666e+02 1.2953168945e+03
4.5531201067e-06 2.8025000000e+02 2.8317785645e+02 2.9120419312e+02 1.2964479980e+03
4.5627198233e-06 2.7431250000e+02 2.8268579102e+02 2.8772927856e+02 1.2979104004e+03
4.5723199946e-06 2.7571875000e+02 2.8411486816e+02 2.9128659058e+02 1.2990738525e+03
4.5819201659e-06 2.7487500000e+02 2.8112554932e+02 2.8775711060e+02 1.3005104980e+03
4.5915198825e-06 2.7578125000e+02 2.8293252563e+02 2.9091744995e+02 1.3016988525e+03
4.6011200538e-06 2.7728125000e+02 2.8034356689e+02 2.8366082764e+02 1.3030654297e+03
4.6107202252e-06 2.7250000000e+02 2.7962359619e+02 2.8407275391e+02 1.3042613525e+03
4.6203199418e-06 2.7346875000e+02 2.8284777832e+02 2.9327111816e+02 1.3057138672e+03
4.6299201131e-06 2.7512500000e+02 2.8231445312e+02 2.8849432373e+02 1.3068576660e+03
4.6395198297e-06 2.7693750000e+02 2.8219943237e+02 2.8874301147e+02 1.3083116455e+03
4.6491200010e-06 2.7471875000e+02 2.7710534668e+02 2.7865820312e+02 1.3093670654e+03
4.6587201723e-06 2.6962500000e+02 2.7972915649e+02 2.8584036255e+02 1.3108869629e+03
4.6683198889e-06 2.7337500000e+02 2.8055795288e+02 2.8775842285e+02 1.3119592285e+03
4.6779200602e-06 2.7531250000e+02 2.8080679321e+02 2.8905551147e+02 1.3134907227e+03
4.6875197768e-06 2.7178125000e+02 2.7917132568e+02 2.8304272461e+02 1.3145029297e+03
4.6971199481e-06 2.7156250000e+02 2.7958334351e+02 2.8747845459e+02 1.3160808105e+03
4.7067201194e-06 2.7384375000e+02 2.7863656616e+02 2.8616818237e+02 1.3170832520e+03
4.7163198360e-06 2.7353125000e+02 2.7931375122e+02 2.8738504028e+02 1.3186687012e+03
4.7259200073e-06 2.6915625000e+02 2.7866271973e+02 2.8617718506e+02 1.3196608887e+03
4.7355201787e-06 2.7318750000e+02 2.7565084839e+02 2.8178210449e+02 1.3212127686e+03
4.7451198952e-06 2.7390625000e+02 2.7796655273e+02 2.8302499390e+02 1.3222036133e+03
4.7547200666e-06 2.6928125000e+02 2.7585580444e+02 2.8276931763e+02 1.3237642822e+03
4.7643197831e-06 2.6950000000e+02 2.7548410034e+02 2.7716003418e+02 1.3246904297e+03
4.7739199545e-06 2.7100000000e+02 2.7469381714e+02 2.7784857178e+02 1.3262611084e+03
4.7835201258e-06 2.7050000000e+02 2.7805679321e+02 2.8550125122e+02 1.3272564697e+03
4.7931198424e-06 2.7443750000e+02 2.7805529785e+02 2.8338436890e+02 1.3288010254e+03
4.8027200137e-06 2.6787500000e+02 2.7625848389e+02 2.8031964111e+02 1.3297707520e+03
4.8123201850e-06 2.6612500000e+02 2.7618969727e+02 2.8055886841e+02 1.3313162842e+03
4.8219199016e-06 2.6868750000e+02 2.7714569092e+02 2.8525344849e+02 1.3323343506e+03
4.8315200729e-06 2.6946875000e+02 2.7721804810e+02 2.8383621216e+02 1.3338613281e+03
4.8411197895e-06 2.6831250000e+02 2.7490447998e+02 2.8029754639e+02 1.3348509521e+03
4.8507199608e-06 2.6800000000e+02 2.7419055176e+02 2.7637765503e+02 1.3363350830e+03
4.8603201321e-06 2.6918750000e+02 2.7566787720e+02 2.8184957886e+02 1.3373790283e+03
4.8699198487e-06 2.6659375000e+02 2.7367703247e+02 2.7966259766e+02 1.3388475342e+03
4.8795200200e-06 2.7140625000e+02 2.7279217529e+02 2.7508682251e+02 1.3398427734e+03
4.8891201914e-06 2.6425000000e+02 2.7216488647e+02 2.7194497681e+02 1.3412770996e+03
4.8987199079e-06 2.6665625000e+02 2.7519827271e+02 2.8277331543e+02 1.3423795166e+03
4.9083200793e-06 2.6453125000e+02 2.7518350220e+02 2.7959384155e+02 1.3437762451e+03
4.9179197958e-06 2.6706250000e+02 2.7283523560e+02 2.7931024170e+02 1.3448878174e+03
4.9275199672e-06 2.6628125000e+02 2.7368560791e+02 2.7821377563e+02 1.3462651367e+03
4.9371201385e-06 2.6771875000e+02 2.7486364746e+02 2.7795175171e+02 1.3473677979e+03
4.9467198551e-06 2.6643750000e+02 2.7184561157e+02 2.7575952148e+02 1.3487333984e+03
4.9563200264e-06 2.6387500000e+02 2.6961795044e+02 2.7450888062e+02 1.3498366699e+03
4.9659201977e-06 2.6862500000e+02 2.7388732910e+02 2.7913681030e+02 1.3512276611e+03
4.9755199143e-06 2.6640625000e+02 2.7156039429e+02 2.7857437134e+02 1.3523376465e+03
4.9851200856e-06 2.6837500000e+02 2.7369812012e+02 2.8057553101e+02 1.3537371826e+03
4.9947198022e-06 2.6578125000e+02 2.7124749756e+02 2.7856213379e+02 1.3548383789e+03
5.0043199735e-06 2.6806250000e+02 2.6990921021e+02 2.7461505127e+02 1.3561972656e+03
5.0139201448e-06 2.6450000000e+02 2.7065936279e+02 2.7533068848e+02 1.3573013916e+03
5.0235198614e-06 2.6525000000e+02 2.7172943115e+02 2.7632550049e+02 1.3586643066e+03
5.0331200327e-06 2.6600000000e+02 2.6815191650e+02 2.7328027344e+02 1.3597557373e+03
5.0427202041e-06 2.6181250000e+02 2.7021871948e+02 2.7525772095e+02 1.3611254883e+03
5.0523199207e-06 2.6528125000e+02 2.6989474487e+02 2.7237313843e+02 1.3621846924e+03
5.0619200920e-06 2.6306250000e+02 2.6988552856e+02 2.7506329346e+02 1.3635841064e+03
5.0715198086e-06 2.6418750000e+02 2.6743487549e+02 2.7184686279e+02 1.3646207275e+03
5.0811199799e-06 2.5928125000e+02 2.6865039062e+02 2.7295993042e+02 1.3660231934e+03
5.0907201512e-06 2.6365625000e+02 2.7018096924e+02 2.7596197510e+02 1.3670855713e+03
5.1003198678e-06 2.6434375000e+02 2.6948089600e+02 2.7620388794e+02 1.3684936523e+03
5.1099200391e-06 2.6446875000e+02 2.7046072388e+02 2.7788485718e+02 1.3695693359e+03
5.1195202104e-06 2.6381250000e+02 2.6931832886e+02 2.7409509277e+02 1.3709381104e+03
5.1291199270e-06 2.6065625000e+02 2.6396066284e+02 2.6359204102e+02 1.3719208984e+03
5.1387200983e-06 2.6259375000e+02 2.6848284912e+02 2.7328317261e+02 1.3733756104e+03
5.1483198149e-06 2.6153125000e+02 2.6892758179e+02 2.7630993652e+02 1.3743914795e+03
5.1579199862e-06 2.6225000000e+02 2.6763729858e+02 2.7408663940e+02 1.3758264160e+03
5.1675201576e-06 2.6146875000e+02 2.6632244873e+02 2.6980816650e+02 1.3767985840e+03
5.1771198741e-06 2.6450000000e+02 2.6606317139e+02 2.6847656250e+02 1.3782174072e+03
5.1867200455e-06 2.6356250000e+02 2.6542340088e+02 2.6908700562e+02 1.3792006836e+03
5.1963202168e-06 2.6112500000e+02 2.6494241333e+02 2.6916165161e+02 1.3806223145e+03
5.2059199334e-06 2.6037500000e+02 2.6503085327e+02 2.6816921997e+02 1.3815919189e+03
5.2155201047e-06 2.6109375000e+02 2.6622363281e+02 2.7148864746e+02 1.3830443115e+03
5.2251198213e-06 2.6118750000e+02 2.6669860840e+02 2.7097549438e+02 1.3840043945e+03
5.2347199926e-06 2.6075000000e+02 2.6561895752e+02 2.6970989990e+02 1.3854466553e+03
5.2443201639e-06 2.6078125000e+02 2.6554260254e+02 2.6946557617e+02 1.3864039307e+03
5.2539198805e-06 2.5796875000e+02 2.6441247559e+02 2.6685571289e+02 1.3878201904e+03
5.2635200518e-06 2.6006250000e+02 2.6348806763e+02 2.6791452026e+02 1.3887971191e+03
5.2731202231e-06 2.5765625000e+02 2.6341888428e+02 2.6641705322e+02 1.3901928711e+03
5.2827199397e-06 2.5903125000e+02 2.6376000977e+02 2.6664639282e+02 1.3911697998e+03
5.2923201110e-06 2.5943750000e+02 2.6203149414e+02 2.6629394531e+02 1.3925744629e+03
5.3019198276e-06 2.5631250000e+02 2.6521560669e+02 2.6953381348e+02 1.3935660400e+03
5.3115199989e-06 2.5700000000e+02 2.6311437988e+02 2.6714840698e+02 1.3949541016e+03
5.3211201703e-06 2.5646875000e+02 2.6593606567e+02 2.6996386719e+02 1.3959615479e+03
5.3307203416e-06 2.5865625000e+02 2.6247717285e+02 2.6657736206e+02 1.3973293457e+03
5.3403200582e-06 2.5965625000e+02 2.6296643066e+02 2.6671884155e+02 1.3983342285e+03
5.3499197747e-06 2.5650000000e+02 2.6271392822e+02 2.6578735352e+02 1.3996907959e+03
5.3595199461e-06 2.5484375000e+02 2.6277163696e+02 2.6974252319e+02 1.4007475586e+03
5.3691201174e-06 2.5884375000e+02 2.6090673828e+02 2.6296118164e+02 1.4020279541e+03
5.3787198340e-06 2.5959375000e+02 2.6343435669e+02 2.6794177246e+02 1.4031278076e+03
5.3883200053e-06 2.5687500000e+02 2.6083868408e+02 2.6497940063e+02 1.4043896484e+03
5.3979201766e-06 2.5868750000e+02 2.6022875977e+02 2.6231655884e+02 1.4054589844e+03
5.4075198932e-06 2.5684375000e+02 2.6038552856e+02 2.6486669922e+02 1.4067518311e+03
5.4171200645e-06 2.5778125000e+02 2.5914291382e+02 2.6311984253e+02 1.4078112793e+03
5.4267202358e-06 2.5578125000e+02 2.5724041748e+02 2.5837426758e+02 1.4090537109e+03
5.4363199524e-06 2.5521875000e+02 2.5764300537e+02 2.5890972900e+02 1.4101151123e+03
5.4459201237e-06 2.5831250000e+02 2.5963058472e+02 2.6292303467e+02 1.4113916016e+03
5.4555198403e-06 2.5800000000e+02 2.5784387207e+02 2.5890359497e+02 1.4124146729e+03
5.4651200116e-06 2.5703125000e+02 2.5804650879e+02 2.5970715332e+02 1.4136984863e+03
5.4747201830e-06 2.5540625000e+02 2.5831802368e+02 2.5928646851e+02 1.4147135010e+03
5.4843198996e-06 2.5581250000e+02 2.5905490112e+02 2.6176733398e+02 1.4160214844e+03
5.4939200709e-06 2.5875000000e+02 2.5844613647e+02 2.6213626099e+02 1.4170463867e+03
5.5035197875e-06 2.5175000000e+02 2.5745281982e+02 2.6041223145e+02 1.4183388672e+03
5.5131199588e-06 2.5400000000e+02 2.5814938354e+02 2.5967642212e+02 1.4193472900e+03
5.5227201301e-06 2.5440625000e+02 2.5702899170e+02 2.5948541260e+02 1.4206450195e+03
5.5323198467e-06 2.5596875000e+02 2.5862457275e+02 2.6165502930e+02 1.4216673584e+03
5.5419200180e-06 2.5525000000e+02 2.5798699951e+02 2.6180160522e+02 1.4229711914e+03
5.5515201893e-06 2.5484375000e+02 2.5741958618e+02 2.5929425049e+02 1.4239647217e+03
5.5611199059e-06 2.5534375000e+02 2.5748416138e+02 2.6089538574e+02 1.4252872314e+03
5.5707200772e-06 2.5618750000e+02 2.5626223755e+02 2.5751528931e+02 1.4262462158e+03
5.5803197938e-06 2.5368750000e+02 2.5547448730e+02 2.5693194580e+02 1.4275660400e+03
5.5899199651e-06 2.5528125000e+02 2.5850851440e+02 2.6324142456e+02 1.4285815430e+03
5.5995201365e-06 2.5346875000e+02 2.5634283447e+02 2.5819213867e+02 1.4298520508e+03
5.6091198530e-06 2.5653125000e+02 2.5677062988e+02 2.5962704468e+02 1.4308819580e+03
5.6187200244e-06 2.5321875000e+02 2.5474577332e+02 2.5625393677e+02 1.4321241455e+03
5.6283201957e-06 2.5375000000e+02 2.5667849731e+02 2.5870697021e+02 1.4331693115e+03
5.6379199123e-06 2.5512500000e+02 2.5703244019e+02 2.6062515259e+02 1.4344318848e+03
5.6475200836e-06 2.5271875000e+02 2.5344229126e+02 2.5249201965e+02 1.4353999023e+03
5.6571198002e-06 2.4787500000e+02 2.5708914185e+02 2.6070214844e+02 1.4367380371e+03
5.6667199715e-06 2.5218750000e+02 2.5250418091e+02 2.5264532471e+02 1.4376387939e+03
5.6763201428e-06 2.5193750000e+02 2.5694931030e+02 2.6177264404e+02 1.4390573730e+03
5.6859198594e-06 2.5237500000e+02 2.5653558350e+02 2.6070938110e+02 1.4399471436e+03
5.6955200307e-06 2.5075000000e+02 2.5578572083e+02 2.5904025269e+02 1.4413483887e+03
5.7051202020e-06 2.5150000000e+02 2.5485917664e+02 2.5690466309e+02 1.4422176514e+03
5.7147199186e-06 2.5337500000e+02 2.5455603027e+02 2.5714187622e+02 1.4436226807e+03
5.7243200899e-06 2.4956250000e+02 2.5243995667e+02 2.5446423340e+02 1.4444774170e+03
5.7339198065e-06 2.5206250000e+02 2.5352706909e+02 2.5359426880e+02 1.4458572998e+03
5.7435199778e-06 2.5187500000e+02 2.5498242188e+02 2.5731323242e+02 1.4467482910e+03
5.7531201492e-06 2.4903125000e+02 2.5399851990e+02 2.5664880371e+02 1.4481258545e+03
5.7627198657e-06 2.5243750000e+02 2.5217771912e+02 2.5230274963e+02 1.4489742432e+03
5.7723200371e-06 2.4787500000e+02 2.5544766235e+02 2.6030371094e+02 1.4504283447e+03
5.7819202084e-06 2.5190625000e+02 2.5704199219e+02 2.6392163086e+02 1.4513106689e+03
5.7915199250e-06 2.5196875000e+02 2.5252282715e+02 2.5523481750e+02 1.4526877441e+03
5.8011200963e-06 2.5253125000e+02 2.5085568237e+02 2.5191912842e+02 1.4535401611e+03
5.8107198129e-06 2.4728125000e+02 2.5077822876e+02 2.5196398926e+02 1.4549166260e+03
5.8203199842e-06 2.4884375000e+02 2.5216596985e+02 2.5417588806e+02 1.4557854004e+03
5.8299201555e-06 2.4915625000e+02 2.5104774475e+02 2.5160916138e+02 1.4571352539e+03
5.8395198721e-06 2.4837500000e+02 2.5041931152e+02 2.5072891235e+02 1.4579974365e+03
5.8491200434e-06 2.4846875000e+02 2.5310777283e+02 2.5720324707e+02 1.4594094238e+03
5.8587202147e-06 2.5087500000e+02 2.5229055786e+02 2.5477554321e+02 1.4602453613e+03
5.8683199313e-06 2.5031250000e+02 2.5136566162e+02 2.5395292664e+02 1.4616534424e+03
5.8779201026e-06 2.4675000000e+02 2.4956736755e+02 2.5017424011e+02 1.4624539795e+03
5.8875198192e-06 2.4884375000e+02 2.5358073425e+02 2.5669628906e+02 1.4639119873e+03
5.8971199905e-06 2.4778125000e+02 2.4994126892e+02 2.5155120850e+02 1.4646763916e+03
5.9067201619e-06 2.4968750000e+02 2.5091998291e+02 2.5334161377e+02 1.4661472168e+03
5.9163198785e-06 2.4562500000e+02 2.5142031860e+02 2.5190373230e+02 1.4668880615e+03
5.9259200498e-06 2.4718750000e+02 2.4877969360e+02 2.4930879211e+02 1.4683450928e+03
5.9355202211e-06 2.4465625000e+02 2.4917597961e+02 2.5029006958e+02 1.4690957031e+03
5.9451199377e-06 2.4778125000e+02 2.4938641357e+02 2.5079003906e+02 1.4705554199e+03
5.9547201090e-06 2.4934375000e+02 2.4756192017e+02 2.4727767944e+02 1.4712749023e+03
5.9643198256e-06 2.4771875000e+02 2.4860922241e+02 2.4989959717e+02 1.4727592773e+03
5.9739199969e-06 2.4975000000e+02 2.4816122437e+02 2.4960429382e+02 1.4734804688e+03
5.9835201682e-06 2.4759375000e+02 2.4841165161e+02 2.5005207825e+02 1.4749656982e+03
5.9931198848e-06 2.4571875000e+02 2.5011026001e+02 2.5156277466e+02 1.4756903076e+03
6.0027200561e-06 2.4765625000e+02 2.4712034607e+02 2.4810528564e+02 1.4771569824e+03
6.0123197727e-06 2.4737500000e+02 2.4733558655e+02 2.4788543701e+02 1.4778740234e+03
6.0219199440e-06 2.4521875000e+02 2.4839834595e+02 2.4954614258e+02 1.4793510742e+03
6.0315201154e-06 2.4590625000e+02 2.4816528320e+02 2.4943370056e+02 1.4800688477e+03
6.0411198319e-06 2.4325000000e+02 2.4724855042e+02 2.4877105713e+02 1.4815454102e+03
6.0507200033e-06 2.4684375000e+02 2.4871554565e+02 2.5108833313e+02 1.4822796631e+03
6.0603206293e-06 2.4328125000e+02 2.4704119873e+02 2.4766293335e+02 1.4837224121e+03
6.0699198912e-06 2.4356250000e+02 2.4802307129e+02 2.4960981750e+02 1.4844738770e+03
6.0795200625e-06 2.4518750000e+02 2.4762850952e+02 2.4876521301e+02 1.4859068604e+03
6.0891197791e-06 2.4421875000e+02 2.4707583618e+02 2.4874548340e+02 1.4866643066e+03
6.0987199504e-06 2.4300000000e+02 2.4676705933e+02 2.4711898804e+02 1.4880744629e+03
6.1083201217e-06 2.4409375000e+02 2.4579397583e+02 2.4577763367e+02 1.4888225098e+03
6.1179198383e-06 2.4731250000e+02 2.4602182007e+02 2.4645713806e+02 1.4902380371e+03
6.1275200096e-06 2.4559375000e+02 2.4748490906e+02 2.4826895142e+02 1.4909971924e+03
6.1371201809e-06 2.4340625000e+02 2.4459338379e+02 2.4447073364e+02 1.4923865967e+03
6.1467198975e-06 2.4284375000e+02 2.4429187012e+02 2.4335188293e+02 1.4931315918e+03
6.1563205236e-06 2.4493750000e+02 2.4569583130e+02 2.4688854980e+02 1.4945563965e+03
6.1659197854e-06 2.4425000000e+02 2.4474017334e+02 2.4511393738e+02 1.4952854004e+03
6.1755199567e-06 2.4396875000e+02 2.4594169617e+02 2.4786058044e+02 1.4967359619e+03
6.1851201281e-06 2.4446875000e+02 2.4318327332e+02 2.4275465393e+02 1.4974208984e+03
6.1947198446e-06 2.4250000000e+02 2.4468937683e+02 2.4573756409e+02 1.4988959961e+03
6.2043200160e-06 2.4481250000e+02 2.4316088867e+02 2.4329707336e+02 1.4995650635e+03
6.2139201873e-06 2.4315625000e+02 2.4620127869e+02 2.4695010376e+02 1.5010543213e+03
6.2235199039e-06 2.4590625000e+02 2.4431469727e+02 2.4475852966e+02 1.5017114258e+03
6.2331200752e-06 2.4146875000e+02 2.4470567322e+02 2.4581477356e+02 1.5032100830e+03
6.2427197918e-06 2.4125000000e+02 2.4448153687e+02 2.4594891357e+02 1.5038726807e+03
6.2523204178e-06 2.4468750000e+02 2.4356059265e+02 2.4428727722e+02 1.5053548584e+03
6.2619201344e-06 2.4421875000e+02 2.4244680786e+02 2.4229441833e+02 1.5060004883e+03
6.2715198510e-06 2.4109375000e+02 2.4291287231e+02 2.4238525391e+02 1.5074747314e+03
6.2811200223e-06 2.4046875000e+02 2.4535185242e+02 2.4580499268e+02 1.5081448975e+03
6.2907201936e-06 2.3943750000e+02 2.4098593140e+02 2.4005696106e+02 1.5095822754e+03
6.3003199102e-06 2.4281250000e+02 2.4143699646e+02 2.4111042786e+02 1.5102635498e+03
6.3099200815e-06 2.4215625000e+02 2.4141876221e+02 2.4115242004e+02 1.5116990967e+03
6.3195197981e-06 2.3756250000e+02 2.4419102478e+02 2.4567950439e+02 1.5124139404e+03
6.3291199695e-06 2.3831250000e+02 2.4277023315e+02 2.4346673584e+02 1.5138310547e+03
6.3387201408e-06 2.4112500000e+02 2.4068040466e+02 2.4039326477e+02 1.5145319824e+03
6.3483203121e-06 2.4146875000e+02 2.4054183960e+02 2.4000775146e+02 1.5159367676e+03
6.3579200287e-06 2.4200000000e+02 2.4224320984e+02 2.4333282471e+02 1.5166676025e+03
6.3675202000e-06 2.3884375000e+02 2.4062747192e+02 2.4030465698e+02 1.5180429688e+03
6.3771199166e-06 2.4181250000e+02 2.3930572510e+02 2.3753710938e+02 1.5187449951e+03
6.3867200879e-06 2.3746875000e+02 2.4164642334e+02 2.4212292480e+02 1.5201611328e+03
6.3963198045e-06 2.4012500000e+02 2.4163873291e+02 2.4246304321e+02 1.5208690186e+03
6.4059199758e-06 2.4203125000e+02 2.3914492798e+02 2.3670654297e+02 1.5222221680e+03
6.4155201471e-06 2.3996875000e+02 2.3887753296e+02 2.3767185974e+02 1.5229516602e+03
6.4251198637e-06 2.3759375000e+02 2.3954408264e+02 2.3935227966e+02 1.5243258057e+03
6.4347200350e-06 2.3912500000e+02 2.3901669312e+02 2.3827490234e+02 1.5250407715e+03
6.4443202064e-06 2.3965625000e+02 2.3896011353e+02 2.3826208496e+02 1.5264127197e+03
6.4539199229e-06 2.4000000000e+02 2.3755868530e+02 2.3577735901e+02 1.5271066895e+03
6.4635200943e-06 2.3862500000e+02 2.3815786743e+02 2.3700373840e+02 1.5284876709e+03
6.4731198108e-06 2.4103125000e+02 2.4029801941e+02 2.4052244568e+02 1.5292066650e+03
6.4827199822e-06 2.3900000000e+02 2.3789926147e+02 2.3669044495e+02 1.5305579834e+03
6.4923201535e-06 2.3909375000e+02 2.3752560425e+02 2.3624441528e+02 1.5312766113e+03
6.5019198701e-06 2.3850000000e+02 2.3602740479e+02 2.3342311096e+02 1.5325972900e+03
6.5115200414e-06 2.3606250000e+02 2.3774584961e+02 2.3657763672e+02 1.5333431396e+03
6.5211206675e-06 2.3862500000e+02 2.3713870239e+02 2.3586283875e+02 1.5346610107e+03
6.5307203840e-06 2.4009375000e+02 2.3732197571e+02 2.3642007446e+02 1.5354169922e+03
6.5403201006e-06 2.3962500000e+02 2.3662634277e+02 2.3523481750e+02 1.5367213135e+03
6.5499198172e-06 2.3775000000e+02 2.3833578491e+02 2.3822901917e+02 1.5374979248e+03
6.5595204433e-06 2.3900000000e+02 2.3630445862e+02 2.3473733521e+02 1.5387723389e+03
6.5691201598e-06 2.3968750000e+02 2.3653318787e+02 2.3525180054e+02 1.5395534668e+03
6.5787198764e-06 2.3906250000e+02 2.3775723267e+02 2.3766223145e+02 1.5408487549e+03
6.5883205025e-06 2.3715625000e+02 2.3853024292e+02 2.3944018555e+02 1.5416545410e+03
6.5979202191e-06 2.3503125000e+02 2.3439627075e+02 2.3179844666e+02 1.5428779297e+03
6.6075199356e-06 2.3665625000e+02 2.3505526733e+02 2.3302857971e+02 1.5436892090e+03
6.6171205617e-06 2.3521875000e+02 2.3596096802e+02 2.3490028381e+02 1.5449310303e+03
6.6267202783e-06 2.3640625000e+02 2.3550906372e+02 2.3405979919e+02 1.5457316895e+03
6.6363199949e-06 2.3787500000e+02 2.3695046997e+02 2.3686247253e+02 1.5469981689e+03
6.6459206209e-06 2.3706250000e+02 2.3503022766e+02 2.3335884094e+02 1.5477659912e+03
6.6555203375e-06 2.3975000000e+02 2.3519323730e+02 2.3396972656e+02 1.5490467529e+03
6.6651200541e-06 2.3737500000e+02 2.3647204590e+02 2.3639436340e+02 1.5498305664e+03
6.6747206802e-06 2.3518750000e+02 2.3640682983e+02 2.3646197510e+02 1.5511134033e+03
6.6843203967e-06 2.3759375000e+02 2.3304656982e+02 2.3034930420e+02 1.5518441162e+03
6.6939201133e-06 2.3600000000e+02 2.3514462280e+02 2.3424703979e+02 1.5531550293e+03
6.7035198299e-06 2.3431250000e+02 2.3589344788e+02 2.3577870178e+02 1.5539017334e+03
6.7131204560e-06 2.3612500000e+02 2.3385314941e+02 2.3220637512e+02 1.5551822510e+03
6.7227201725e-06 2.3718750000e+02 2.3483401489e+02 2.3408280945e+02 1.5559495850e+03
6.7323198891e-06 2.3471875000e+02 2.3381671143e+02 2.3230377197e+02 1.5572054443e+03
6.7419205152e-06 2.3578125000e+02 2.3388973999e+02 2.3253620911e+02 1.5579840088e+03
6.7515202318e-06 2.3800000000e+02 2.3498355103e+02 2.3474879456e+02 1.5592554932e+03
6.7611199484e-06 2.3800000000e+02 2.3320393372e+02 2.3145202637e+02 1.5599968262e+03
6.7707205744e-06 2.3753125000e+02 2.3323925781e+02 2.3177288818e+02 1.5612773438e+03
6.7803202910e-06 2.3453125000e+02 2.3411605835e+02 2.3336433411e+02 1.5620386963e+03
6.7899200076e-06 2.3859375000e+02 2.3473951721e+02 2.3469873047e+02 1.5633210449e+03
6.7995206336e-06 2.3709375000e+02 2.3215483093e+02 2.3010198975e+02 1.5640462646e+03
6.8091203502e-06 2.3378125000e+02 2.3462527466e+02 2.3475793457e+02 1.5653666992e+03
6.8187200668e-06 2.3284375000e+02 2.3204127502e+02 2.3014274597e+02 1.5660517578e+03
6.8283197834e-06 2.3637500000e+02 2.3095565796e+02 2.2834384155e+02 1.5673541260e+03
6.8379204095e-06 2.3225000000e+02 2.3233343506e+02 2.3089721680e+02 1.5680607910e+03
6.8475201260e-06 2.3334375000e+02 2.3116006470e+02 2.2893792725e+02 1.5693463135e+03
6.8571198426e-06 2.3200000000e+02 2.3089170837e+02 2.2853314209e+02 1.5700506592e+03
6.8667204687e-06 2.3234375000e+02 2.3056770325e+02 2.2811755371e+02 1.5713297119e+03
6.8763201853e-06 2.3315625000e+02 2.3003530884e+02 2.2693650818e+02 1.5720325928e+03
6.8859199018e-06 2.3271875000e+02 2.3034793091e+02 2.2789968872e+02 1.5733138428e+03
6.8955205279e-06 2.3131250000e+02 2.3013279724e+02 2.2757186890e+02 1.5740151367e+03
6.9051202445e-06 2.3306250000e+02 2.3072171021e+02 2.2822003174e+02 1.5753101807e+03
6.9147199611e-06 2.2896875000e+02 2.2940100098e+02 2.2655596924e+02 1.5759857178e+03
6.9243205871e-06 2.3000000000e+02 2.2900125122e+02 2.2601429749e+02 1.5772742920e+03
6.9339203037e-06 2.3206250000e+02 2.2992997742e+02 2.2773489380e+02 1.5779656982e+03
6.9435200203e-06 2.3240625000e+02 2.2974394226e+02 2.2759170532e+02 1.5792479248e+03
6.9531206464e-06 2.3418750000e+02 2.2963455200e+02 2.2722401428e+02 1.5799461670e+03
6.9627203629e-06 2.3168750000e+02 2.2959991455e+02 2.2707116699e+02 1.5812294922e+03
6.9723200795e-06 2.2821875000e+02 2.3091477966e+02 2.2995140076e+02 1.5819442139e+03
6.9819197961e-06 2.2925000000e+02 2.2973922729e+02 2.2795533752e+02 1.5832105713e+03
6.9915204222e-06 2.3003125000e+02 2.3006289673e+02 2.2847865295e+02 1.5839339600e+03
7.0011201387e-06 2.2881250000e+02 2.2830818176e+02 2.2574214172e+02 1.5851680908e+03
7.0107198553e-06 2.3256250000e+02 2.2943957520e+02 2.2778834534e+02 1.5859112549e+03
7.0203204814e-06 2.3109375000e+02 2.2827244568e+02 2.2582530212e+02 1.5871286621e+03
7.0299201980e-06 2.3178125000e+02 2.2753311157e+02 2.2427828979e+02 1.5878638916e+03
7.0395199145e-06 2.3271875000e+02 2.2769902039e+02 2.2498980713e+02 1.5890822754e+03
7.0491205406e-06 2.3246875000e+02 2.2767355347e+02 2.2512512207e+02 1.5898168945e+03
7.0587202572e-06 2.3343750000e+02 2.2607925415e+02 2.2232830811e+02 1.5910124512e+03
7.0683199738e-06 2.3059375000e+02 2.2727796936e+02 2.2431292725e+02 1.5917680664e+03
7.0779205998e-06 2.3325000000e+02 2.2506860352e+02 2.2060115051e+02 1.5929293213e+03
7.0875203164e-06 2.2746875000e+02 2.2781190491e+02 2.2524620056e+02 1.5937299805e+03
7.0971200330e-06 2.2896875000e+02 2.2709808350e+02 2.2435453796e+02 1.5948795166e+03
7.1067206591e-06 2.3309375000e+02 2.2682870483e+02 2.2407691956e+02 1.5956763916e+03
7.1163203756e-06 2.2937500000e+02 2.2620831299e+02 2.2319967651e+02 1.5968160400e+03
7.1259200922e-06 2.2796875000e+02 2.2623457336e+02 2.2298802185e+02 1.5976156006e+03
7.1355198088e-06 2.2515625000e+02 2.2386779785e+02 2.1926812744e+02 1.5987181396e+03
7.1451204349e-06 2.2953125000e+02 2.2601139832e+02 2.2288722229e+02 1.5995527344e+03
7.1547201514e-06 2.2662500000e+02 2.2630001831e+02 2.2410031128e+02 1.6006558838e+03
7.1643198680e-06 2.2890625000e+02 2.2653178406e+02 2.2382478333e+02 1.6014996338e+03
7.1739204941e-06 2.2853125000e+02 2.2441769409e+02 2.2070912170e+02 1.6025693359e+03
7.1835202107e-06 2.2821875000e+02 2.2343676758e+02 2.1914302063e+02 1.6033985596e+03
7.1931199273e-06 2.2781250000e+02 2.2485392761e+02 2.2120167542e+02 1.6044916992e+03
7.2027205533e-06 2.2853125000e+02 2.2283764648e+02 2.1833908081e+02 1.6052900391e+03
7.2123202699e-06 2.2531250000e+02 2.2469744873e+02 2.2141865540e+02 1.6064127197e+03
7.2219199865e-06 2.2862500000e+02 2.2374156189e+02 2.1981013489e+02 1.6071971436e+03
7.2315206125e-06 2.2250000000e+02 2.2392736816e+02 2.2024572754e+02 1.6083234863e+03
7.2411203291e-06 2.2906250000e+02 2.2409387207e+02 2.2039517212e+02 1.6091112061e+03
7.2507200457e-06 2.2459375000e+02 2.2078271484e+02 2.1521325684e+02 1.6101872559e+03
7.2603206718e-06 2.2690625000e+02 2.2117214966e+02 2.1581788635e+02 1.6109818115e+03
7.2699199336e-06 2.3059375000e+02 2.2371820068e+02 2.2068379211e+02 1.6120966797e+03
7.2795201049e-06 2.3025000000e+02 2.2184161377e+02 2.1754640198e+02 1.6128637695e+03
7.2891198215e-06 2.2615625000e+02 2.2331149292e+02 2.1976815796e+02 1.6140019531e+03
7.2987204476e-06 2.2578125000e+02 2.2159111023e+02 2.1713539124e+02 1.6147436523e+03
7.3083201642e-06 2.2687500000e+02 2.2253175354e+02 2.1870982361e+02 1.6158966064e+03
7.3179198807e-06 2.2625000000e+02 2.2296638489e+02 2.1943096924e+02 1.6166458740e+03
7.3275205068e-06 2.2646875000e+02 2.2021224976e+02 2.1492063904e+02 1.6177574463e+03
7.3371206781e-06 2.2475000000e+02 2.2094352722e+02 2.1606405640e+02 1.6185184326e+03
7.3467199400e-06 2.2518750000e+02 2.2099411011e+02 2.1579804993e+02 1.6196302490e+03
7.3563205660e-06 2.2415625000e+02 2.1820465088e+02 2.1128477478e+02 1.6203502197e+03
7.3659198279e-06 2.2528125000e+02 2.1897952271e+02 2.1379467773e+02 1.6214755859e+03
7.3755199992e-06 2.2675000000e+02 2.2159625244e+02 2.1742037964e+02 1.6222353516e+03
7.3851206253e-06 2.2600000000e+02 2.1996420288e+02 2.1573466492e+02 1.6233372803e+03
7.3947203418e-06 2.2484375000e+02 2.1962121582e+02 2.1534085083e+02 1.6240925293e+03
7.4043200584e-06 2.2312500000e+02 2.1850671387e+02 2.1273481750e+02 1.6251777344e+03
7.4139197750e-06 2.2496875000e+02 2.1957812500e+02 2.1393104553e+02 1.6259483643e+03
7.4235204011e-06 2.2578125000e+02 2.1946769714e+02 2.1469114685e+02 1.6270344238e+03
7.4331205724e-06 2.2159375000e+02 2.2167190552e+02 2.1814369202e+02 1.6278387451e+03
7.4427198342e-06 2.2593750000e+02 2.1814328003e+02 2.1267477417e+02 1.6288724365e+03
7.4523204603e-06 2.2234375000e+02 2.1855688477e+02 2.1338307190e+02 1.6296838379e+03
7.4619201769e-06 2.2218750000e+02 2.1919183350e+02 2.1481784058e+02 1.6307279053e+03
7.4715198934e-06 2.2021875000e+02 2.1894714355e+02 2.1299967957e+02 1.6315324707e+03
7.4811205195e-06 2.2421875000e+02 2.1625437927e+02 2.1036630249e+02 1.6325418701e+03
7.4907202361e-06 2.2446875000e+02 2.1755160522e+02 2.1118334961e+02 1.6333624268e+03
7.5003199527e-06 2.2337500000e+02 2.1952459717e+02 2.1478594971e+02 1.6344028320e+03
7.5099205787e-06 2.2553125000e+02 2.1788537598e+02 2.1267480469e+02 1.6352011719e+03
7.5195202953e-06 2.2143750000e+02 2.1604267883e+02 2.0961886597e+02 1.6362143555e+03
7.5291204666e-06 2.2225000000e+02 2.1541389465e+02 2.1016998291e+02 1.6370076904e+03
7.5387206380e-06 2.2487500000e+02 2.1770878601e+02 2.1088346863e+02 1.6380458984e+03
7.5483203545e-06 2.2262500000e+02 2.1725732422e+02 2.1173640442e+02 1.6388387451e+03
7.5579200711e-06 2.2040625000e+02 2.1466999817e+02 2.0700097656e+02 1.6398371582e+03
7.5675197877e-06 2.2253125000e+02 2.1602572632e+02 2.0972521973e+02 1.6406522217e+03
7.5771204138e-06 2.2381250000e+02 2.1715928650e+02 2.1159747314e+02 1.6416679688e+03
7.5867201303e-06 2.2065625000e+02 2.1584982300e+02 2.1013523865e+02 1.6424661865e+03
7.5963198469e-06 2.1846875000e+02 2.1645449829e+02 2.0970622253e+02 1.6434858398e+03
7.6059204730e-06 2.2237500000e+02 2.1491833496e+02 2.0766287231e+02 1.6442637939e+03
7.6155201896e-06 2.2084375000e+02 2.1500720215e+02 2.0957662964e+02 1.6452908936e+03
7.6251203609e-06 2.1981250000e+02 2.1557296753e+02 2.0806329346e+02 1.6460686035e+03
7.6347196227e-06 2.2162500000e+02 2.1411645508e+02 2.0839143372e+02 1.6470845947e+03
7.6443202488e-06 2.1965625000e+02 2.1547781372e+02 2.0953903198e+02 1.6478792725e+03
7.6539199654e-06 2.1871875000e+02 2.1489318848e+02 2.1002740479e+02 1.6488914795e+03
7.6635196820e-06 2.1818750000e+02 2.1468234253e+02 2.0875592041e+02 1.6496806641e+03
7.6731203080e-06 2.1862500000e+02 2.1362574768e+02 2.0734904480e+02 1.6506789551e+03
7.6827200246e-06 2.1828125000e+02 2.1537730408e+02 2.1044905090e+02 1.6514947510e+03
7.6923197412e-06 2.1859375000e+02 2.1487777710e+02 2.0887959290e+02 1.6524832764e+03
7.7019203673e-06 2.2203125000e+02 2.1450512695e+02 2.0848759460e+02 1.6532949219e+03
7.7115200838e-06 2.2056250000e+02 2.1388540649e+02 2.0555502319e+02 1.6542657471e+03
7.7211207099e-06 2.2190625000e+02 2.1316491699e+02 2.0597372437e+02 1.6550745850e+03
7.7307213360e-06 2.1812500000e+02 2.1113180542e+02 2.0206977844e+02 1.6560131836e+03
7.7403201431e-06 2.1903125000e+02 2.1458361816e+02 2.0869247437e+02 1.6568769531e+03
7.7499198596e-06 2.1703125000e+02 2.1377096558e+02 2.0677487183e+02 1.6578013916e+03
7.7595195762e-06 2.1731250000e+02 2.1062574768e+02 2.0318760681e+02 1.6586263428e+03
7.7691202023e-06 2.2053125000e+02 2.1341079712e+02 2.0654345703e+02 1.6595865479e+03
7.7787199189e-06 2.1996875000e+02 2.1382974243e+02 2.0621386719e+02 1.6604129639e+03
7.7883196354e-06 2.1793750000e+02 2.1096951294e+02 2.0386358643e+02 1.6613421631e+03
7.7979202615e-06 2.1915625000e+02 2.0960186768e+02 2.0177801514e+02 1.6621499023e+03
7.8075199781e-06 2.1775000000e+02 2.1159823608e+02 2.0464582825e+02 1.6631063232e+03
7.8171196947e-06 2.1862500000e+02 2.1068301392e+02 2.0357388306e+02 1.6639029541e+03
7.8267203207e-06 2.1221875000e+02 2.0982867432e+02 2.0091970825e+02 1.6648413086e+03
7.8363200373e-06 2.1753125000e+02 2.1013995361e+02 2.0116090393e+02 1.6656412354e+03
7.8459197539e-06 2.1528125000e+02 2.1038681030e+02 2.0301530457e+02 1.6665903320e+03
7.8555203800e-06 2.1725000000e+02 2.1183990479e+02 2.0561845398e+02 1.6674128418e+03
7.8651200965e-06 2.1568750000e+02 2.0992163086e+02 2.0037332153e+02 1.6683236084e+03
7.8747198131e-06 2.1653125000e+02 2.1073910522e+02 2.0245848083e+02 1.6691621094e+03
7.8843204392e-06 2.1490625000e+02 2.1048226929e+02 2.0345878601e+02 1.6700764160e+03
7.8939201558e-06 2.1715625000e+02 2.0931692505e+02 2.0140536499e+02 1.6708973389e+03
7.9035198723e-06 2.1806250000e+02 2.0975028992e+02 2.0102436829e+02 1.6718126221e+03
7.9131195889e-06 2.1743750000e+02 2.0644937134e+02 1.9716079712e+02 1.6725938721e+03
7.9227211245e-06 2.1509375000e+02 2.1104420471e+02 2.0281878662e+02 1.6735667725e+03
7.9323199316e-06 2.1693750000e+02 2.0849407959e+02 1.9999200439e+02 1.6743175049e+03
7.9419196481e-06 2.1900000000e+02 2.0985514832e+02 2.0357713318e+02 1.6753168945e+03
7.9515202742e-06 2.1584375000e+02 2.0854797363e+02 2.0041702271e+02 1.6760443115e+03
7.9611199908e-06 2.1615625000e+02 2.0695736694e+02 1.9867079163e+02 1.6770249023e+03
7.9707197074e-06 2.1650000000e+02 2.0663902283e+02 1.9834999084e+02 1.6777490234e+03
7.9803203334e-06 2.1496875000e+02 2.0829187012e+02 1.9833697510e+02 1.6787395020e+03
7.9899200500e-06 2.1490625000e+02 2.0647720337e+02 1.9771336365e+02 1.6794499512e+03
7.9995197666e-06 2.1665625000e+02 2.0921578979e+02 2.0185530090e+02 1.6804782715e+03
8.0091203927e-06 2.1243750000e+02 2.0687896729e+02 1.9838635254e+02 1.6811572266e+03
8.0187201092e-06 2.1393750000e+02 2.0777639771e+02 1.9782600403e+02 1.6821873779e+03
8.0283207353e-06 2.1621875000e+02 2.0677215576e+02 1.9745709229e+02 1.6828592529e+03
8.0379204519e-06 2.1700000000e+02 2.0542364502e+02 1.9776919556e+02 1.6838829346e+03
8.0475201685e-06 2.1687500000e+02 2.0756765747e+02 1.9987651062e+02 1.6845788574e+03
8.0571198851e-06 2.1425000000e+02 2.0655192566e+02 1.9820252991e+02 1.6855877686e+03
8.0667196016e-06 2.1787500000e+02 2.0676754761e+02 1.9723522949e+02 1.6862800293e+03
8.0763202277e-06 2.1246875000e+02 2.0648608398e+02 1.9719374084e+02 1.6872872314e+03
8.0859199443e-06 2.1281250000e+02 2.0487503052e+02 1.9463540649e+02 1.6879567871e+03
8.0955196609e-06 2.1590625000e+02 2.0465881348e+02 1.9449757385e+02 1.6889620361e+03
8.1051202869e-06 2.1440625000e+02 2.0502066040e+02 1.9525933838e+02 1.6896381836e+03
8.1147200035e-06 2.1637500000e+02 2.0494073486e+02 1.9466960144e+02 1.6906395264e+03
8.1243197201e-06 2.1450000000e+02 2.0424244690e+02 1.9514016724e+02 1.6913148193e+03
8.1339203462e-06 2.1212500000e+02 2.0445661926e+02 1.9466453552e+02 1.6923148193e+03
8.1435200627e-06 2.1296875000e+02 2.0314361572e+02 1.9410853577e+02 1.6929802246e+03
8.1531197793e-06 2.1378125000e+02 2.0384393311e+02 1.9317703247e+02 1.6939786377e+03
8.1627204054e-06 2.1168750000e+02 2.0272085571e+02 1.9201811218e+02 1.6946322021e+03
8.1723201220e-06 2.1431250000e+02 2.0609194946e+02 1.9394216919e+02 1.6956579590e+03
8.1819198385e-06 2.1503125000e+02 2.0227056885e+02 1.9229006958e+02 1.6962834473e+03
8.1915195551e-06 2.0962500000e+02 2.0507289124e+02 1.9598692322e+02 1.6973444824e+03
8.2011201812e-06 2.1237500000e+02 2.0090388489e+02 1.8983618164e+02 1.6979143066e+03
8.2107198978e-06 2.1368750000e+02 2.0506150818e+02 1.9577528381e+02 1.6990299072e+03
8.2203205238e-06 2.1368750000e+02 2.0038981628e+02 1.9151249695e+02 1.6995523682e+03
8.2299211499e-06 2.1353125000e+02 2.0198875427e+02 1.9117594910e+02 1.7006739502e+03
8.2395199570e-06 2.1256250000e+02 2.0278955078e+02 1.9267134094e+02 1.7012089844e+03
8.2491196736e-06 2.1278125000e+02 2.0041033936e+02 1.8964793396e+02 1.7023015137e+03
8.2587202996e-06 2.1393750000e+02 2.0042845154e+02 1.8866276550e+02 1.7028314209e+03
8.2683200162e-06 2.1162500000e+02 2.0154791260e+02 1.8964439392e+02 1.7039345703e+03
8.2779197328e-06 2.1087500000e+02 2.0036677551e+02 1.8930255127e+02 1.7044573975e+03
8.2875203589e-06 2.1250000000e+02 2.0194999695e+02 1.8905673218e+02 1.7055661621e+03
8.2971200754e-06 2.1050000000e+02 2.0170227051e+02 1.9033139038e+02 1.7060958252e+03
8.3067197920e-06 2.1171875000e+02 2.0206246948e+02 1.9173364258e+02 1.7072143555e+03
8.3163204181e-06 2.1050000000e+02 2.0071575928e+02 1.9099745178e+02 1.7077338867e+03
8.3259201347e-06 2.1359375000e+02 2.0016511536e+02 1.8811083984e+02 1.7088323975e+03
8.3355198512e-06 2.1206250000e+02 2.0105422974e+02 1.9065666199e+02 1.7093715820e+03
8.3451195678e-06 2.1118750000e+02 2.0062797546e+02 1.8885466003e+02 1.7104571533e+03
8.3547201939e-06 2.1162500000e+02 1.9954919434e+02 1.8714494324e+02 1.7109816895e+03
8.3643199105e-06 2.1115625000e+02 1.9942010498e+02 1.8836840820e+02 1.7120737305e+03
8.3739196270e-06 2.0921875000e+02 1.9975665283e+02 1.8722790527e+02 1.7125931396e+03
8.3835202531e-06 2.1021875000e+02 1.9917807007e+02 1.8855998230e+02 1.7136906738e+03
8.3931199697e-06 2.0981250000e+02 1.9996353149e+02 1.8706349182e+02 1.7142047119e+03
8.4027196863e-06 2.1096875000e+02 1.9790759277e+02 1.8732997131e+02 1.7152946777e+03
8.4123203123e-06 2.1093750000e+02 1.9742256165e+02 1.8480293274e+02 1.7157917480e+03
8.4219200289e-06 2.1375000000e+02 1.9907211304e+02 1.8726591492e+02 1.7169035645e+03
8.4315197455e-06 2.0812500000e+02 2.0069299316e+02 1.8958970642e+02 1.7174222412e+03
8.4411203716e-06 2.0734375000e+02 1.9870666504e+02 1.8615354919e+02 1.7185042725e+03
8.4507200881e-06 2.0843750000e+02 1.9678816223e+02 1.8407571411e+02 1.7190023193e+03
8.4603198047e-06 2.0771875000e+02 1.9628994751e+02 1.8424053955e+02 1.7200830078e+03
8.4699204308e-06 2.0859375000e+02 1.9824435425e+02 1.8517269897e+02 1.7205954590e+03
8.4795201474e-06 2.0881250000e+02 1.9562969971e+02 1.8249478149e+02 1.7216484375e+03
8.4891198640e-06 2.0862500000e+02 1.9600567627e+02 1.8216941833e+02 1.7221606445e+03
8.4987195805e-06 2.0940625000e+02 1.9790496826e+02 1.8642224121e+02 1.7232478027e+03
8.5083202066e-06 2.0853125000e+02 1.9783993530e+02 1.8575057983e+02 1.7237559814e+03
8.5179199232e-06 2.0737500000e+02 1.9613644409e+02 1.8443736267e+02 1.7248276367e+03
8.5275196398e-06 2.1221875000e+02 1.9435552979e+02 1.8103895569e+02 1.7253077393e+03
8.5371202658e-06 2.1009375000e+02 1.9567575073e+02 1.8345887756e+02 1.7263997803e+03
8.5467199824e-06 2.0893750000e+02 1.9420074463e+02 1.8275169373e+02 1.7268697510e+03
8.5563196990e-06 2.0603125000e+02 1.9501097107e+02 1.8001049805e+02 1.7279473877e+03
8.5659203251e-06 2.1243750000e+02 1.9688441467e+02 1.8541915894e+02 1.7284594727e+03
8.5755200416e-06 2.0556250000e+02 1.9584497070e+02 1.8088224792e+02 1.7295039062e+03
8.5851197582e-06 2.0596875000e+02 1.9597723389e+02 1.8290348816e+02 1.7300297852e+03
8.5947203843e-06 2.0931250000e+02 1.9691815186e+02 1.8512316895e+02 1.7310919189e+03
8.6043201009e-06 2.0996875000e+02 1.9288442993e+02 1.8015466309e+02 1.7315708008e+03
8.6139198174e-06 2.1000000000e+02 1.9502416992e+02 1.8351133728e+02 1.7326621094e+03
8.6235204435e-06 2.1015625000e+02 1.9417492676e+02 1.7889410400e+02 1.7331087646e+03
8.6331201601e-06 2.0775000000e+02 1.9307110596e+02 1.8066227722e+02 1.7342069092e+03
8.6427198767e-06 2.0775000000e+02 1.9601597595e+02 1.8180390930e+02 1.7346724854e+03
8.6523195932e-06 2.0459375000e+02 1.9085433960e+02 1.7810385132e+02 1.7357272949e+03
8.6619202193e-06 2.0731250000e+02 1.9539569092e+02 1.8082687378e+02 1.7362277832e+03
8.6715199359e-06 2.0596875000e+02 1.9482701111e+02 1.8100834656e+02 1.7372812500e+03
8.6811196525e-06 2.0765625000e+02 1.9360707092e+02 1.8089559937e+02 1.7377767334e+03
8.6907202785e-06 2.0553125000e+02 1.8993315125e+02 1.7585075378e+02 1.7387841797e+03
8.7003199951e-06 2.0725000000e+02 1.9494552612e+02 1.8041970825e+02 1.7393276367e+03
8.7099197117e-06 2.0765625000e+02 1.9369317627e+02 1.8147526550e+02 1.7403370361e+03
8.7195203378e-06 2.0718750000e+02 1.9190550232e+02 1.7928417969e+02 1.7408602295e+03
8.7291200543e-06 2.0553125000e+02 1.9237664795e+02 1.8153585815e+02 1.7418853760e+03
8.7387197709e-06 2.0565625000e+02 1.9471881104e+02 1.8161289978e+02 1.7424182129e+03
8.7483203970e-06 2.0715625000e+02 1.9298686218e+02 1.7831201172e+02 1.7434155273e+03
8.7579201136e-06 2.0471875000e+02 1.9081448364e+02 1.7846076965e+02 1.7439415283e+03
8.7675198301e-06 2.0318750000e+02 1.9181541443e+02 1.7806953430e+02 1.7449398193e+03
8.7771195467e-06 2.0428125000e+02 1.9360473633e+02 1.8033860779e+02 1.7454873047e+03
8.7867201728e-06 2.0690625000e+02 1.8979739380e+02 1.7624812317e+02 1.7464453125e+03
8.7963198894e-06 2.0759375000e+02 1.8880484009e+02 1.7547325134e+02 1.7469843750e+03
8.8059196059e-06 2.0703125000e+02 1.8997453308e+02 1.7726344299e+02 1.7479580078e+03
8.8155202320e-06 2.0512500000e+02 1.9009494019e+02 1.7740725708e+02 1.7484987793e+03
8.8251199486e-06 2.0246875000e+02 1.8697183228e+02 1.7491847229e+02 1.7494450684e+03
8.8347196652e-06 2.0653125000e+02 1.9037036133e+02 1.7623715210e+02 1.7500064697e+03
8.8443202912e-06 2.0418750000e+02 1.8889270020e+02 1.7494003296e+02 1.7509392090e+03
8.8539200078e-06 2.0515625000e+02 1.9197680664e+02 1.7835627747e+02 1.7515338135e+03
8.8635197244e-06 2.0637500000e+02 1.9086724854e+02 1.7521766663e+02 1.7524418945e+03
8.8731203505e-06 2.0053125000e+02 1.8740170288e+02 1.7380612183e+02 1.7530156250e+03
8.8827200670e-06 2.0459375000e+02 1.8990225220e+02 1.7478187561e+02 1.7539384766e+03
8.8923197836e-06 2.0840625000e+02 1.8942749023e+02 1.7646211243e+02 1.7545217285e+03
8.9019204097e-06 2.0443750000e+02 1.8829287720e+02 1.7555989075e+02 1.7554348145e+03
8.9115201263e-06 2.0681250000e+02 1.5028295898e+02 1.1247399902e+02 1.7554801025e+03
8.9211198429e-06 2.0346875000e+02 1.4878509521e+02 9.0022560120e+01 1.7562171631e+03
8.9307195594e-06 2.0203125000e+02 1.4827574158e+02 8.6647354126e+01 1.7562377930e+03
8.9403201855e-06 1.9821875000e+02 1.4077764893e+02 7.6762573242e+01 1.7568957520e+03
8.9499199021e-06 1.9112500000e+02 1.3292237854e+02 6.9567863464e+01 1.7568603516e+03
8.9595196187e-06 1.8459375000e+02 1.2012342834e+02 5.9795528412e+01 1.7574372559e+03
8.9691202447e-06 1.7409375000e+02 1.1118722534e+02 5.1654506683e+01 1.7573406982e+03
8.9787199613e-06 1.6328125000e+02 9.9443389893e+01 4.2836536407e+01 1.7578388672e+03
8.9883196779e-06 1.4628125000e+02 9.2244247437e+01 3.5709442139e+01 1.7576795654e+03
8.9979203040e-06 1.2815625000e+02 8.2130599976e+01 3.0183296204e+01 1.7581258545e+03
9.0075200205e-06 1.1637500000e+02 6.7983520508e+01 2.3670713425e+01 1.7579042969e+03
9.0171197371e-06 1.0103125000e+02 5.9397476196e+01 2.0774957657e+01 1.7583218994e+03
9.0267203632e-06 8.6531250000e+01 5.0792892456e+01 1.7581792831e+01 1.7580686035e+03
9.0363200798e-06 7.2843750000e+01 4.3678405762e+01 1.4561128616e+01 1.7584556885e+03
9.0459197963e-06 6.0375000000e+01 3.8677490234e+01 1.2456434250e+01 1.7581818848e+03
9.0555204224e-06 5.3656250000e+01 3.1323547363e+01 1.0187527657e+01 1.7585465088e+03
9.0651201390e-06 4.2843750000e+01 2.6714263916e+01 9.1225147247e+00 1.7582623291e+03
9.0747198556e-06 3.7718750000e+01 2.0644500732e+01 7.4850349426e+00 1.7586119385e+03
9.0843195721e-06 3.1218750000e+01 1.7539215088e+01 6.7190265656e+00 1.7583208008e+03
9.0939201982e-06 2.6406250000e+01 1.4064636230e+01 5.7278184891e+00 1.7586616211e+03
9.1035199148e-06 2.1687500000e+01 1.3729248047e+01 5.1297936440e+00 1.7583654785e+03
9.1131196314e-06 2.0625000000e+01 1.0987854004e+01 4.6309275627e+00 1.7587017822e+03
9.1227202574e-06 1.9437500000e+01 1.2321777344e+01 4.3523921967e+00 1.7584034424e+03
9.1323199740e-06 1.5531250000e+01 1.2009887695e+01 3.9433386326e+00 1.7587363281e+03
9.1419196906e-06 1.6562500000e+01 1.1505432129e+01 3.7338664532e+00 1.7584361572e+03
9.1515203167e-06 1.2812500000e+01 8.8353271484e+00 3.3221082687e+00 1.7587652588e+03
9.1620795502e-06 1.3156250000e+01 7.3143310547e+00 3.1345081329e+00 1.7584660645e+03
9.1739202617e-06 1.0968750000e+01 4.3977355957e+00 2.6352026463e+00 1.7587932129e+03
