# epoch total_loss data_loss physics_loss w_data w_physics lr
1.0000000000e+00 1.2605742216e+00 1.1619884968e+00 1.3576406240e+00 4.9611744175e-01 5.0388255785e-01 1.0000000000e-03
2.0000000000e+00 8.9548504353e-01 8.7365859747e-01 9.1690480709e-01 4.9529808272e-01 5.0470191636e-01 1.0000000000e-03
3.0000000000e+00 6.1859953403e-01 6.4421564341e-01 5.9320497513e-01 4.9782944335e-01 5.0217055502e-01 1.0000000000e-03
4.0000000000e+00 4.0454179049e-01 4.6219766140e-01 3.4566017985e-01 5.0525924513e-01 4.9474075217e-01 1.0000000000e-03
5.0000000000e+00 2.5682836771e-01 3.2716909051e-01 1.8089130521e-01 5.1912902766e-01 4.8087096793e-01 1.0000000000e-03
6.0000000000e+00 1.9529888034e-01 2.4654436111e-01 1.3716976345e-01 5.3146821751e-01 4.6853177592e-01 1.0000000000e-03
7.0000000000e+00 2.0833131671e-01 2.2744674981e-01 1.8649080396e-01 5.3326851091e-01 4.6673148076e-01 1.0000000000e-03
8.0000000000e+00 2.4794560671e-01 2.4272274971e-01 2.5380748510e-01 5.2882543926e-01 4.7117455123e-01 1.0000000000e-03
9.0000000000e+00 2.6078158617e-01 2.5295367837e-01 2.6941156387e-01 5.2436757084e-01 4.7563241869e-01 1.0000000000e-03
1.0000000000e+01 2.4095581472e-01 2.4694266915e-01 2.3438541591e-01 5.2323525073e-01 4.7676473777e-01 1.0000000000e-03
1.1000000000e+01 2.0264133811e-01 2.3072032630e-01 1.7119088769e-01 5.2831751891e-01 4.7168246825e-01 1.0000000000e-03
1.2000000000e+01 1.6444106400e-01 2.1712449193e-01 1.0169482231e-01 5.4358844318e-01 4.5641154213e-01 1.0000000000e-03
1.3000000000e+01 1.4907687902e-01 2.1892116964e-01 5.7034067810e-02 5.6856172668e-01 4.3143825647e-01 1.0000000000e-03
1.4000000000e+01 1.6025371850e-01 2.3632183671e-01 4.8672035336e-02 5.9462727676e-01 4.0537270457e-01 1.0000000000e-03
1.5000000000e+01 1.7922623456e-01 2.5468209386e-01 5.7846557349e-02 6.1665534512e-01 3.8334463488e-01 1.0000000000e-03
1.6000000000e+01 1.8843699992e-01 2.5942757726e-01 6.4950555563e-02 6.3496670887e-01 3.6503327005e-01 1.0000000000e-03
1.7000000000e+01 1.8304719031e-01 2.4826467037e-01 6.0994096100e-02 6.5174736210e-01 3.4825261568e-01 1.0000000000e-03
1.8000000000e+01 1.6888824105e-01 2.2847057879e-01 4.8416316509e-02 6.6908666842e-01 3.3091330798e-01 1.0000000000e-03
1.9000000000e+01 1.5588654578e-01 2.0983393490e-01 3.7461850792e-02 6.8702939758e-01 3.1297057713e-01 1.0000000000e-03
2.0000000000e+01 1.5060618520e-01 1.9915568829e-01 3.5600326955e-02 7.0316163429e-01 2.9683833869e-01 1.0000000000e-03
2.1000000000e+01 1.5297496319e-01 1.9694142044e-01 4.2648974806e-02 7.1504468090e-01 2.8495529061e-01 1.0000000000e-03
2.2000000000e+01 1.5741379559e-01 1.9764934480e-01 5.2654273808e-02 7.2250404801e-01 2.7749592235e-01 1.0000000000e-03
2.3000000000e+01 1.5709450841e-01 1.9443845749e-01 5.7418815792e-02 7.2745548346e-01 2.7254448590e-01 1.0000000000e-03
2.4000000000e+01 1.4949686825e-01 1.8474835157e-01 5.3009234369e-02 7.3241443530e-01 2.6758553292e-01 1.0000000000e-03
2.5000000000e+01 1.3794550300e-01 1.7133946717e-01 4.3414212763e-02 7.3895717020e-01 2.6104279654e-01 1.0000000000e-03
2.6000000000e+01 1.2772810459e-01 1.5903888643e-01 3.5339146852e-02 7.4688082112e-01 2.5311914380e-01 1.0000000000e-03
2.7000000000e+01 1.2186555564e-01 1.5101671219e-01 3.2222557813e-02 7.5460777152e-01 2.4539219145e-01 1.0000000000e-03
2.8000000000e+01 1.1998661608e-01 1.4712841809e-01 3.3822577447e-02 7.6045542239e-01 2.3954453876e-01 1.0000000000e-03
2.9000000000e+01 1.1944014579e-01 1.4471498132e-01 3.7743393332e-02 7.6372384623e-01 2.3627611332e-01 1.0000000000e-03
3.0000000000e+01 1.1723467708e-01 1.4077273011e-01 4.0630627424e-02 7.6495351058e-01 2.3504644750e-01 1.0000000000e-03
3.1000000000e+01 1.1194842309e-01 1.3389481604e-01 4.0393780917e-02 7.6528177891e-01 2.3471817763e-01 1.0000000000e-03
3.2000000000e+01 1.0447972268e-01 1.2486238778e-01 3.7966061383e-02 7.6543699434e-01 2.3456296040e-01 1.0000000000e-03
3.3000000000e+01 9.7036391497e-02 1.1579842120e-01 3.5878904164e-02 7.6523853193e-01 2.3476142074e-01 1.0000000000e-03
3.4000000000e+01 9.1433465481e-02 1.0863694549e-01 3.5755727440e-02 7.6395183293e-01 2.3604811756e-01 1.0000000000e-03
3.5000000000e+01 8.7983131409e-02 1.0382676125e-01 3.7534143776e-02 7.6100464707e-01 2.3899530129e-01 1.0000000000e-03
3.6000000000e+01 8.5323959589e-02 1.0004753619e-01 3.9564959705e-02 7.5656505225e-01 2.4343489411e-01 1.0000000000e-03
3.7000000000e+01 8.1501640379e-02 9.5380850136e-02 3.9501313120e-02 7.5162274730e-01 2.4837719701e-01 1.0000000000e-03
3.8000000000e+01 7.5833328068e-02 8.9101001620e-02 3.6586675793e-02 7.4735126821e-01 2.5264867372e-01 1.0000000000e-03
3.9000000000e+01 6.9485098124e-02 8.2190677524e-02 3.2506089658e-02 7.4427524075e-01 2.5572469827e-01 1.0000000000e-03
4.0000000000e+01 6.4143523574e-02 7.6177999377e-02 2.9551202431e-02 7.4189781340e-01 2.5810212225e-01 1.0000000000e-03
4.1000000000e+01 6.0590695590e-02 7.1799822152e-02 2.8845140710e-02 7.3904773250e-01 2.6095219965e-01 1.0000000000e-03
4.2000000000e+01 5.8201130480e-02 6.8548686802e-02 2.9492270201e-02 7.3506137081e-01 2.6493855793e-01 1.0000000000e-03
4.3000000000e+01 5.5557586253e-02 6.5212368965e-02 2.9389036819e-02 7.3048905298e-01 2.6951087232e-01 1.0000000000e-03
4.4000000000e+01 5.1973290741e-02 6.1135485768e-02 2.7661563829e-02 7.2628869519e-01 2.7371122631e-01 1.0000000000e-03
4.5000000000e+01 4.8086754978e-02 5.6944921613e-02 2.4942889810e-02 7.2319998516e-01 2.7679993198e-01 1.0000000000e-03
4.6000000000e+01 4.5082416385e-02 5.3840391338e-02 2.2392781451e-02 7.2150591274e-01 2.7849399957e-01 1.0000000000e-03
4.7000000000e+01 4.3540298939e-02 5.2188310772e-02 2.1256968379e-02 7.2041271858e-01 2.7958718889e-01 1.0000000000e-03
4.8000000000e+01 4.2694829404e-02 5.0974756479e-02 2.1544117481e-02 7.1866314689e-01 2.8133675604e-01 1.0000000000e-03
4.9000000000e+01 4.1367962956e-02 4.8909008503e-02 2.2414805368e-02 7.1537000432e-01 2.8462989430e-01 1.0000000000e-03
5.0000000000e+01 3.9312876761e-02 4.5648537576e-02 2.3836938664e-02 7.0952807209e-01 2.9047182227e-01 1.0000000000e-03
5.1000000000e+01 3.7309352309e-02 4.1949179024e-02 2.6489829645e-02 6.9986950877e-01 3.0013038154e-01 1.0000000000e-03
5.2000000000e+01 3.6219403148e-02 3.8858685642e-02 3.0454820022e-02 6.8594476347e-01 3.1405512338e-01 1.0000000000e-03
5.3000000000e+01 3.5887427628e-02 3.6568064243e-02 3.4513048828e-02 6.6879582240e-01 3.3120406170e-01 1.0000000000e-03
5.4000000000e+01 3.5501036793e-02 3.4614898264e-02 3.7147834897e-02 6.5015143399e-01 3.4984844776e-01 1.0000000000e-03
5.5000000000e+01 3.4603040665e-02 3.2986361533e-02 3.7379696965e-02 6.3201451221e-01 3.6798536716e-01 1.0000000000e-03
5.6000000000e+01 3.3660840243e-02 3.2200209796e-02 3.6004185677e-02 6.1602439517e-01 3.8397548160e-01 1.0000000000e-03
5.7000000000e+01 3.3267222345e-02 3.2422240824e-02 3.4549772739e-02 6.0283357457e-01 3.9716629960e-01 1.0000000000e-03
5.8000000000e+01 3.3302731812e-02 3.3131454140e-02 3.3551506698e-02 5.9223524722e-01 4.0776462453e-01 1.0000000000e-03
5.9000000000e+01 3.3113442361e-02 3.3278945833e-02 3.2881774008e-02 5.8331187172e-01 4.1668799774e-01 1.0000000000e-03
6.0000000000e+01 3.2423187047e-02 3.2255563885e-02 3.2649680972e-02 5.7467706730e-01 4.2532279980e-01 1.0000000000e-03
6.1000000000e+01 3.1619705260e-02 3.0547529459e-02 3.3013839275e-02 5.6526925176e-01 4.3473061290e-01 1.0000000000e-03
6.2000000000e+01 3.1165171415e-02 2.8993511572e-02 3.3872146159e-02 5.5486211282e-01 4.4513774947e-01 1.0000000000e-03
6.3000000000e+01 3.0916851014e-02 2.8164124116e-02 3.4207850695e-02 5.4453098872e-01 4.5546887131e-01 1.0000000000e-03
6.4000000000e+01 3.0485901982e-02 2.8158111498e-02 3.3174786717e-02 5.3598817246e-01 4.6401168526e-01 1.0000000000e-03
6.5000000000e+01 2.9780693352e-02 2.8823131695e-02 3.0863458291e-02 5.3068014695e-01 4.6931970824e-01 1.0000000000e-03
6.6000000000e+01 2.9105560854e-02 3.0150299892e-02 2.7929708362e-02 5.2952378931e-01 4.7047606315e-01 1.0000000000e-03
6.7000000000e+01 2.8694093227e-02 3.1632449478e-02 2.5352830067e-02 5.3208126166e-01 4.6791858800e-01 1.0000000000e-03
6.8000000000e+01 2.8394121677e-02 3.2388042659e-02 2.3770326748e-02 5.3654581587e-01 4.6345403102e-01 1.0000000000e-03
6.9000000000e+01 2.7929475531e-02 3.1929690391e-02 2.3218637332e-02 5.4078906350e-01 4.5921078057e-01 1.0000000000e-03
7.0000000000e+01 2.7291232720e-02 3.0395569280e-02 2.3602714762e-02 5.4300002671e-01 4.5699981444e-01 1.0000000000e-03
7.1000000000e+01 2.6742748916e-02 2.8566282243e-02 2.4580869824e-02 5.4244942689e-01 4.5755041133e-01 1.0000000000e-03
7.2000000000e+01 2.6400940493e-02 2.7157075703e-02 2.5514157489e-02 5.3976407166e-01 4.6023576374e-01 1.0000000000e-03
7.3000000000e+01 2.6089657098e-02 2.6475328952e-02 2.5643100962e-02 5.3658605562e-01 4.6341377706e-01 1.0000000000e-03
7.4000000000e+01 2.5646384805e-02 2.6421500370e-02 2.4756191298e-02 5.3455442725e-01 4.6544540262e-01 1.0000000000e-03
7.5000000000e+01 2.5154680014e-02 2.6690971106e-02 2.3391433060e-02 5.3439308296e-01 4.6560674395e-01 1.0000000000e-03
7.6000000000e+01 2.4799900129e-02 2.7140466496e-02 2.2095311433e-02 5.3607722783e-01 4.6392259609e-01 1.0000000000e-03
7.7000000000e+01 2.4595249444e-02 2.7447059751e-02 2.1263387054e-02 5.3881687181e-01 4.6118294918e-01 1.0000000000e-03
7.8000000000e+01 2.4375608191e-02 2.7244947851e-02 2.0987927914e-02 5.4142143342e-01 4.5857838474e-01 1.0000000000e-03
7.9000000000e+01 2.4049818516e-02 2.6518499479e-02 2.1117188036e-02 5.4294867430e-01 4.5705114105e-01 1.0000000000e-03
8.0000000000e+01 2.3728117347e-02 2.5628482923e-02 2.1469516680e-02 5.4306902131e-01 4.5693079127e-01 1.0000000000e-03
8.1000000000e+01 2.3536443710e-02 2.5024810806e-02 2.1773437038e-02 5.4223592774e-01 4.5776388222e-01 1.0000000000e-03
8.2000000000e+01 2.3404231295e-02 2.4822887033e-02 2.1729892120e-02 5.4133435387e-01 4.5866545361e-01 1.0000000000e-03
8.3000000000e+01 2.3191019893e-02 2.4959756061e-02 2.1103054285e-02 5.4138725765e-01 4.5861254738e-01 1.0000000000e-03
8.4000000000e+01 2.2921971977e-02 2.5281710550e-02 2.0118921995e-02 5.4293433088e-01 4.5706547162e-01 1.0000000000e-03
8.5000000000e+01 2.2726099938e-02 2.5672463700e-02 1.9184503704e-02 5.4587271586e-01 4.5412708409e-01 1.0000000000e-03
8.6000000000e+01 2.2621937096e-02 2.5969451293e-02 1.8536550924e-02 5.4963587829e-01 4.5036391920e-01 1.0000000000e-03
8.7000000000e+01 2.2495560348e-02 2.5883806869e-02 1.8299516290e-02 5.5325502974e-01 4.4674476537e-01 1.0000000000e-03
8.8000000000e+01 2.2289559245e-02 2.5354467332e-02 1.8454566598e-02 5.5580448832e-01 4.4419530445e-01 1.0000000000e-03
8.9000000000e+01 2.2083794698e-02 2.4611650035e-02 1.8908314407e-02 5.5677657738e-01 4.4322321314e-01 1.0000000000e-03
9.0000000000e+01 2.1940436214e-02 2.3943832144e-02 1.9428594038e-02 5.5630410121e-01 4.4369568720e-01 1.0000000000e-03
9.1000000000e+01 2.1801808849e-02 2.3441812024e-02 1.9756928086e-02 5.5493871487e-01 4.4506107154e-01 1.0000000000e-03
9.2000000000e+01 2.1603181958e-02 2.3145802319e-02 1.9691068679e-02 5.5347726073e-01 4.4652252370e-01 1.0000000000e-03
9.3000000000e+01 2.1390050650e-02 2.3072605953e-02 1.9312165678e-02 5.5256559653e-01 4.4743418586e-01 1.0000000000e-03
9.4000000000e+01 2.1236402914e-02 2.3136006668e-02 1.8892440945e-02 5.5235746830e-01 4.4764231206e-01 1.0000000000e-03
9.5000000000e+01 2.1119855344e-02 2.3156262934e-02 1.8604919314e-02 5.5257095960e-01 4.4742881878e-01 1.0000000000e-03
9.6000000000e+01 2.0975809544e-02 2.2945532575e-02 1.8542742357e-02 5.5261991597e-01 4.4737986047e-01 1.0000000000e-03
9.7000000000e+01 2.0810987800e-02 2.2507900372e-02 1.8720572814e-02 5.5195100816e-01 4.4804876638e-01 1.0000000000e-03
9.8000000000e+01 2.0674213767e-02 2.2016707808e-02 1.9030790776e-02 5.5039304287e-01 4.4960672985e-01 1.0000000000e-03
9.9000000000e+01 2.0562993363e-02 2.1646039560e-02 1.9248416647e-02 5.4828520234e-01 4.5171456865e-01 1.0000000000e-03
1.0000000000e+02 2.0436137915e-02 2.1464696154e-02 1.9197946414e-02 5.4624393232e-01 4.5375583699e-01 1.0000000000e-03
1.0100000000e+02 2.0289607346e-02 2.1515764296e-02 1.8821161240e-02 5.4495964540e-01 4.5504012219e-01 1.0000000000e-03
1.0200000000e+02 2.0164070651e-02 2.1729296073e-02 1.8291069195e-02 5.4475926386e-01 4.5524050198e-01 1.0000000000e-03
1.0300000000e+02 2.0072054118e-02 2.1913688630e-02 1.7862804234e-02 5.4537538191e-01 4.5462438221e-01 1.0000000000e-03
1.0400000000e+02 1.9978612661e-02 2.1875858307e-02 1.7695812508e-02 5.4611944373e-01 4.5388031870e-01 1.0000000000e-03
1.0500000000e+02 1.9868496805e-02 2.1549254656e-02 1.7845451832e-02 5.4620837444e-01 4.5379138637e-01 1.0000000000e-03
1.0600000000e+02 1.9763186574e-02 2.1042363718e-02 1.8229955807e-02 5.4516817245e-01 4.5483158681e-01 1.0000000000e-03
1.0700000000e+02 1.9671063870e-02 2.0556291565e-02 1.8618734553e-02 5.4312429104e-01 4.5687546677e-01 1.0000000000e-03
1.0800000000e+02 1.9574452192e-02 2.0229924470e-02 1.8803009763e-02 5.4063968294e-01 4.5936007347e-01 1.0000000000e-03
1.0900000000e+02 1.9464908168e-02 2.0127037540e-02 1.8692549318e-02 5.3842333587e-01 4.6157641914e-01 1.0000000000e-03
1.1000000000e+02 1.9361529499e-02 2.0211055875e-02 1.8376402557e-02 5.3695825505e-01 4.6304149855e-01 1.0000000000e-03
1.1100000000e+02 1.9278276712e-02 2.0324602723e-02 1.8068622798e-02 5.3620040793e-01 4.6379934425e-01 1.0000000000e-03
1.1200000000e+02 1.9197691232e-02 2.0309418440e-02 1.7914948985e-02 5.3571247761e-01 4.6428727320e-01 1.0000000000e-03
1.1300000000e+02 1.9107714295e-02 2.0101463422e-02 1.7964616418e-02 5.3494797597e-01 4.6505177348e-01 1.0000000000e-03
1.1400000000e+02 1.9020540640e-02 1.9778491929e-02 1.8153410405e-02 5.3359526854e-01 4.6640447961e-01 1.0000000000e-03
1.1500000000e+02 1.8942620605e-02 1.9506594166e-02 1.8301974982e-02 5.3182877852e-01 4.6817096837e-01 1.0000000000e-03
1.1600000000e+02 1.8863860518e-02 1.9396770746e-02 1.8262561411e-02 5.3015176783e-01 4.6984797781e-01 1.0000000000e-03
1.1700000000e+02 1.8778054044e-02 1.9484160468e-02 1.7984567210e-02 5.2913770364e-01 4.7086204075e-01 1.0000000000e-03
1.1800000000e+02 1.8697941676e-02 1.9694190472e-02 1.7578745261e-02 5.2906169559e-01 4.7093804753e-01 1.0000000000e-03
1.1900000000e+02 1.8630530685e-02 1.9868245348e-02 1.7236489803e-02 5.2970189932e-01 4.7029784253e-01 1.0000000000e-03
1.2000000000e+02 1.8562687561e-02 1.9874235615e-02 1.7080677673e-02 5.3051137891e-01 4.6948836170e-01 1.0000000000e-03
1.2100000000e+02 1.8489416689e-02 1.9674168900e-02 1.7148649320e-02 5.3088951262e-01 4.6911022678e-01 1.0000000000e-03
1.2200000000e+02 1.8418498337e-02 1.9372409210e-02 1.7340362072e-02 5.3056804051e-01 4.6943169771e-01 1.0000000000e-03
1.2300000000e+02 1.8352769315e-02 1.9113853574e-02 1.7495494336e-02 5.2972153094e-01 4.7027820614e-01 1.0000000000e-03
1.2400000000e+02 1.8284335732e-02 1.8996611238e-02 1.7484929413e-02 5.2882120840e-01 4.7117852756e-01 1.0000000000e-03
1.2500000000e+02 1.8212316558e-02 1.9036382437e-02 1.7289217561e-02 5.2834394033e-01 4.7165579451e-01 1.0000000000e-03
1.2600000000e+02 1.8146706745e-02 1.9142957404e-02 1.7030341551e-02 5.2842966325e-01 4.7157007046e-01 1.0000000000e-03
1.2700000000e+02 1.8085874617e-02 1.9199427217e-02 1.6835879534e-02 5.2886617092e-01 4.7113356167e-01 1.0000000000e-03
1.2800000000e+02 1.8022876233e-02 1.9113922492e-02 1.6796465963e-02 5.2920626061e-01 4.7079347087e-01 1.0000000000e-03
1.2900000000e+02 1.7957706004e-02 1.8911458552e-02 1.6886020079e-02 5.2911464372e-01 4.7088508667e-01 1.0000000000e-03
1.3000000000e+02 1.7896607518e-02 1.8690569326e-02 1.7006449401e-02 5.2856207305e-01 4.7143765629e-01 1.0000000000e-03
1.3100000000e+02 1.7837051302e-02 1.8557360396e-02 1.7031779513e-02 5.2784917471e-01 4.7215055360e-01 1.0000000000e-03
1.3200000000e+02 1.7774429172e-02 1.8554374576e-02 1.6904085875e-02 5.2739131574e-01 4.7260841154e-01 1.0000000000e-03
1.3300000000e+02 1.7712749541e-02 1.8637318164e-02 1.6680894420e-02 5.2742187868e-01 4.7257784756e-01 1.0000000000e-03
1.3400000000e+02 1.7655272037e-02 1.8710821867e-02 1.6475178301e-02 5.2785656929e-01 4.7214315591e-01 1.0000000000e-03
1.3500000000e+02 1.7598856241e-02 1.8673259765e-02 1.6395455226e-02 5.2831852763e-01 4.7168119653e-01 1.0000000000e-03
1.3600000000e+02 1.7539709806e-02 1.8509406596e-02 1.6453111544e-02 5.2842737333e-01 4.7157234981e-01 1.0000000000e-03
1.3700000000e+02 1.7482548952e-02 1.8275499344e-02 1.6595551744e-02 5.2799342074e-01 4.7200630141e-01 1.0000000000e-03
1.3800000000e+02 1.7426798120e-02 1.8083164468e-02 1.6694949940e-02 5.2718987998e-01 4.7280984120e-01 1.0000000000e-03
1.3900000000e+02 1.7370795831e-02 1.7983991653e-02 1.6689417884e-02 5.2633768762e-01 4.7366203260e-01 1.0000000000e-03
1.4000000000e+02 1.7312254757e-02 1.7996067181e-02 1.6554072499e-02 5.2579071833e-01 4.7420900092e-01 1.0000000000e-03
1.4100000000e+02 1.7258008942e-02 1.8028073013e-02 1.6404952854e-02 5.2556855480e-01 4.7443116349e-01 1.0000000000e-03
1.4200000000e+02 1.7203357071e-02 1.8032748252e-02 1.6284612939e-02 5.2555869702e-01 4.7444102030e-01 1.0000000000e-03
1.4300000000e+02 1.7151949927e-02 1.7922200263e-02 1.6299353912e-02 5.2537390005e-01 4.7462581632e-01 1.0000000000e-03
1.4400000000e+02 1.7097685486e-02 1.7794573680e-02 1.6327492893e-02 5.2498624847e-01 4.7501346695e-01 1.0000000000e-03
1.4500000000e+02 1.7057940364e-02 1.7619498074e-02 1.6439216211e-02 5.2422032485e-01 4.7577938967e-01 1.0000000000e-03
1.4600000000e+02 1.7016787082e-02 1.7630450428e-02 1.6342079267e-02 5.2369447259e-01 4.7630524104e-01 1.0000000000e-03
1.4700000000e+02 1.7027553171e-02 1.7555141822e-02 1.6449205577e-02 5.2295117905e-01 4.7704853381e-01 1.0000000000e-03
1.4800000000e+02 1.7095550895e-02 1.7819117755e-02 1.6302604228e-02 5.2287825714e-01 4.7712145513e-01 1.0000000000e-03
1.4900000000e+02 1.7463512719e-02 1.7691884190e-02 1.7214851454e-02 5.2127371302e-01 4.7872599937e-01 1.0000000000e-03
1.5000000000e+02 1.8255032599e-02 1.8351471052e-02 1.8150808290e-02 5.1942119128e-01 4.8057852248e-01 1.0000000000e-03
1.5100000000e+02 1.9970089197e-02 1.8118282780e-02 2.1918689832e-02 5.1273293895e-01 4.8726677846e-01 1.0000000000e-03
1.5200000000e+02 2.0425073802e-02 1.9550325349e-02 2.1332917735e-02 5.0927953186e-01 4.9072018934e-01 1.0000000000e-03
1.5300000000e+02 1.8654808402e-02 1.7818430439e-02 1.9511798397e-02 5.0608347377e-01 4.9391624853e-01 1.0000000000e-03
1.5400000000e+02 1.6599804163e-02 1.7919538543e-02 1.5228773467e-02 5.0953378594e-01 4.9046593396e-01 1.0000000000e-03
1.5500000000e+02 1.7855238169e-02 1.8771668896e-02 1.6896788031e-02 5.1120859833e-01 4.8879112154e-01 1.0000000000e-03
1.5600000000e+02 1.8898893148e-02 1.8343312666e-02 1.9473912194e-02 5.0859290482e-01 4.9140681662e-01 1.0000000000e-03
1.5700000000e+02 1.6955817118e-02 1.7968706787e-02 1.5898255631e-02 5.1079034041e-01 4.8920937936e-01 1.0000000000e-03
1.5800000000e+02 1.6703210771e-02 1.7698571086e-02 1.5655668452e-02 5.1277372370e-01 4.8722599411e-01 1.0000000000e-03
1.5900000000e+02 1.8017213792e-02 1.7695467919e-02 1.8352888525e-02 5.1058447838e-01 4.8941523991e-01 1.0000000000e-03
1.6000000000e+02 1.7007391900e-02 1.7884742469e-02 1.6086265445e-02 5.1217309138e-01 4.8782662565e-01 1.0000000000e-03
1.6100000000e+02 1.6350094229e-02 1.7541220412e-02 1.5086729079e-02 5.1471709826e-01 4.8528261642e-01 1.0000000000e-03
1.6200000000e+02 1.7306562513e-02 1.7503481358e-02 1.7098447308e-02 5.1383065051e-01 4.8616906380e-01 1.0000000000e-03
1.6300000000e+02 1.6789378598e-02 1.7842000350e-02 1.5668559819e-02 5.1569048840e-01 4.8430922464e-01 1.0000000000e-03
1.6400000000e+02 1.6173195094e-02 1.7293259501e-02 1.4970829710e-02 5.1772051694e-01 4.8227919380e-01 1.0000000000e-03
1.6500000000e+02 1.6823505983e-02 1.7174951732e-02 1.6447283328e-02 5.1703057383e-01 4.8296913609e-01 1.0000000000e-03
1.6600000000e+02 1.6534499824e-02 1.7197920009e-02 1.5823224559e-02 5.1740903884e-01 4.8259066981e-01 1.0000000000e-03
1.6700000000e+02 1.6031527892e-02 1.6785573214e-02 1.5220806003e-02 5.1811258003e-01 4.8188712650e-01 1.0000000000e-03
1.6800000000e+02 1.6464732587e-02 1.6728134826e-02 1.6182653606e-02 5.1713003365e-01 4.8286967185e-01 1.0000000000e-03
1.6900000000e+02 1.6305085272e-02 1.7023433000e-02 1.5534008853e-02 5.1770439318e-01 4.8229531106e-01 1.0000000000e-03
1.7000000000e+02 1.5904905275e-02 1.6720373183e-02 1.5026423149e-02 5.1860184432e-01 4.8139785799e-01 1.0000000000e-03
1.7100000000e+02 1.6184980050e-02 1.6664383933e-02 1.5669198707e-02 5.1828057831e-01 4.8171912284e-01 1.0000000000e-03
1.7200000000e+02 1.6099620610e-02 1.6844708472e-02 1.5296125785e-02 5.1886156219e-01 4.8113813774e-01 1.0000000000e-03
1.7300000000e+02 1.5781486407e-02 1.6504950821e-02 1.4999737963e-02 5.1936426051e-01 4.8063543768e-01 1.0000000000e-03
1.7400000000e+02 1.5948785469e-02 1.6379103065e-02 1.5484794974e-02 5.1883114332e-01 4.8116855366e-01 1.0000000000e-03
1.7500000000e+02 1.5918662772e-02 1.6475440934e-02 1.5318468213e-02 5.1876750069e-01 4.8123219515e-01 1.0000000000e-03
1.7600000000e+02 1.5664355829e-02 1.6189649701e-02 1.5098401345e-02 5.1863460805e-01 4.8136508624e-01 1.0000000000e-03
1.7700000000e+02 1.5743743628e-02 1.6120543703e-02 1.5338788740e-02 5.1801361594e-01 4.8198607713e-01 1.0000000000e-03
1.7800000000e+02 1.5752756968e-02 1.6306063160e-02 1.5158046968e-02 5.1803656437e-01 4.8196312762e-01 1.0000000000e-03
1.7900000000e+02 1.5552585945e-02 1.6108823940e-02 1.4954595827e-02 5.1809074868e-01 4.8190894191e-01 1.0000000000e-03
1.8000000000e+02 1.5561245382e-02 1.6092298552e-02 1.4990414493e-02 5.1805416018e-01 4.8194552918e-01 1.0000000000e-03
1.8100000000e+02 1.5594461933e-02 1.6224199906e-02 1.4916753396e-02 5.1834796714e-01 4.8165172118e-01 1.0000000000e-03
1.8200000000e+02 1.5447777696e-02 1.5999529511e-02 1.4853948727e-02 5.1836963925e-01 4.8163004782e-01 1.0000000000e-03
1.8300000000e+02 1.5399792232e-02 1.5916574746e-02 1.4843806624e-02 5.1827640822e-01 4.8172327764e-01 1.0000000000e-03
1.8400000000e+02 1.5437411144e-02 1.5970529988e-02 1.4863925986e-02 5.1824317824e-01 4.8175650660e-01 1.0000000000e-03
1.8500000000e+02 1.5344187617e-02 1.5776598826e-02 1.4879710972e-02 5.1788165481e-01 4.8211802893e-01 1.0000000000e-03
1.8600000000e+02 1.5258280560e-02 1.5775684267e-02 1.4702566899e-02 5.1785393649e-01 4.8214574606e-01 1.0000000000e-03
1.8700000000e+02 1.5279440209e-02 1.5872674063e-02 1.4641688205e-02 5.1808558557e-01 4.8191409595e-01 1.0000000000e-03
1.8800000000e+02 1.5234893188e-02 1.5770180151e-02 1.4659401029e-02 5.1810217333e-01 4.8189750718e-01 1.0000000000e-03
1.8900000000e+02 1.5136152506e-02 1.5769997612e-02 1.4453691430e-02 5.1846954547e-01 4.8153013390e-01 1.0000000000e-03
1.9000000000e+02 1.5126517043e-02 1.5735266730e-02 1.4470431022e-02 5.1871627752e-01 4.8128340081e-01 1.0000000000e-03
1.9100000000e+02 1.5113539994e-02 1.5550888143e-02 1.4642880298e-02 5.1834826722e-01 4.8165141015e-01 1.0000000000e-03
1.9200000000e+02 1.5025811270e-02 1.5502182767e-02 1.4513541013e-02 5.1816029638e-01 4.8183937994e-01 1.0000000000e-03
1.9300000000e+02 1.4982746914e-02 1.5431517735e-02 1.4500663616e-02 5.1789918818e-01 4.8210048710e-01 1.0000000000e-03
1.9400000000e+02 1.4977697283e-02 1.5365321189e-02 1.4562047087e-02 5.1745129153e-01 4.8254838281e-01 1.0000000000e-03
1.9500000000e+02 1.4918629080e-02 1.5428910963e-02 1.4371383004e-02 5.1748050327e-01 4.8251917008e-01 1.0000000000e-03
1.9600000000e+02 1.4856558293e-02 1.5385717154e-02 1.4288839884e-02 5.1758061347e-01 4.8241905884e-01 1.0000000000e-03
1.9700000000e+02 1.4836234972e-02 1.5332647599e-02 1.4303695410e-02 5.1755849816e-01 4.8244117318e-01 1.0000000000e-03
1.9800000000e+02 1.4804863371e-02 1.5324711800e-02 1.4247036539e-02 5.1762476735e-01 4.8237490304e-01 1.0000000000e-03
1.9900000000e+02 1.4747285284e-02 1.5184126794e-02 1.4278956689e-02 5.1739838204e-01 4.8260128737e-01 1.0000000000e-03
2.0000000000e+02 1.4702199027e-02 1.5120326541e-02 1.4254408889e-02 5.1713244198e-01 4.8286722645e-01 1.0000000000e-03
2.0100000000e+02 1.4677645639e-02 1.5119295567e-02 1.4204956591e-02 5.1697819519e-01 4.8302147229e-01 1.0000000000e-03
2.0200000000e+02 1.4639592730e-02 1.5056462027e-02 1.4193826355e-02 5.1675493443e-01 4.8324473212e-01 1.0000000000e-03
2.0300000000e+02 1.4584735036e-02 1.5073418617e-02 1.4062048867e-02 5.1681505653e-01 4.8318460904e-01 1.0000000000e-03
2.0400000000e+02 1.4548061416e-02 1.5054958872e-02 1.4005622827e-02 5.1693896154e-01 4.8306070306e-01 1.0000000000e-03
2.0500000000e+02 1.4521472156e-02 1.4982639812e-02 1.4028068632e-02 5.1689025246e-01 4.8310941121e-01 1.0000000000e-03
2.0600000000e+02 1.4477788471e-02 1.4958857559e-02 1.3963025063e-02 5.1692279936e-01 4.8307686337e-01 1.0000000000e-03
2.0700000000e+02 1.4431243762e-02 1.4872711152e-02 1.3959060423e-02 5.1681495278e-01 4.8318470899e-01 1.0000000000e-03
2.0800000000e+02 1.4396000654e-02 1.4820779674e-02 1.3941947371e-02 5.1666116730e-01 4.8333849353e-01 1.0000000000e-03
2.0900000000e+02 1.4363620430e-02 1.4819107018e-02 1.3876791112e-02 5.1663693258e-01 4.8336272732e-01 1.0000000000e-03
2.1000000000e+02 1.4323869720e-02 1.4764740132e-02 1.3852792792e-02 5.1656655805e-01 4.8343310092e-01 1.0000000000e-03
2.1100000000e+02 1.4279365540e-02 1.4754556119e-02 1.3771480881e-02 5.1663300331e-01 4.8336665471e-01 1.0000000000e-03
2.1200000000e+02 1.4243155718e-02 1.4724140055e-02 1.3728902675e-02 5.1671859683e-01 4.8328106024e-01 1.0000000000e-03
2.1300000000e+02 1.4211061411e-02 1.4662574977e-02 1.3728369959e-02 5.1669197067e-01 4.8330768546e-01 1.0000000000e-03
2.1400000000e+02 1.4171932824e-02 1.4638607390e-02 1.3672960922e-02 5.1672814739e-01 4.8327150781e-01 1.0000000000e-03
2.1500000000e+02 1.4130819589e-02 1.4571025036e-02 1.3660262339e-02 5.1666835221e-01 4.8333130205e-01 1.0000000000e-03
2.1600000000e+02 1.4093122445e-02 1.4526074752e-02 1.3630460016e-02 5.1659191940e-01 4.8340773391e-01 1.0000000000e-03
2.1700000000e+02 1.4058696106e-02 1.4496992342e-02 1.3590407558e-02 5.1654657293e-01 4.8345307945e-01 1.0000000000e-03
2.1800000000e+02 1.4022933319e-02 1.4436779544e-02 1.3580992818e-02 5.1641911846e-01 4.8358053299e-01 1.0000000000e-03
2.1900000000e+02 1.3983055949e-02 1.4412190765e-02 1.3524889015e-02 5.1636522412e-01 4.8363442640e-01 1.0000000000e-03
2.2000000000e+02 1.3944777660e-02 1.4366487041e-02 1.3494667597e-02 5.1629326201e-01 4.8370638756e-01 1.0000000000e-03
2.2100000000e+02 1.3909554109e-02 1.4322277158e-02 1.3469204307e-02 5.1619869124e-01 4.8380095739e-01 1.0000000000e-03
2.2200000000e+02 1.3874609023e-02 1.4294911176e-02 1.3426265679e-02 5.1614555788e-01 4.8385408981e-01 1.0000000000e-03
2.2300000000e+02 1.3838076964e-02 1.4234807342e-02 1.3415103778e-02 5.1601327317e-01 4.8398637359e-01 1.0000000000e-03
2.2400000000e+02 1.3799947686e-02 1.4201709069e-02 1.3371775858e-02 5.1591687515e-01 4.8408277066e-01 1.0000000000e-03
2.2500000000e+02 1.3763340190e-02 1.4157806523e-02 1.3343127444e-02 5.1580635330e-01 4.8419329157e-01 1.0000000000e-03
2.2600000000e+02 1.3728519902e-02 1.4117334969e-02 1.3314525597e-02 5.1568897833e-01 4.8431066560e-01 1.0000000000e-03
2.2700000000e+02 1.3693653047e-02 1.4095919207e-02 1.3265422545e-02 5.1563770775e-01 4.8436193524e-01 1.0000000000e-03
2.2800000000e+02 1.3657911681e-02 1.4052066021e-02 1.3238438405e-02 5.1556459706e-01 4.8443504498e-01 1.0000000000e-03
2.2900000000e+02 1.3621442020e-02 1.4024058357e-02 1.3193014078e-02 5.1553481510e-01 4.8446482600e-01 1.0000000000e-03
2.3000000000e+02 1.3585745357e-02 1.3979612850e-02 1.3166722842e-02 5.1547855170e-01 4.8452108845e-01 1.0000000000e-03
2.3100000000e+02 1.3551070355e-02 1.3933973387e-02 1.3143858872e-02 5.1538964682e-01 4.8460999239e-01 1.0000000000e-03
2.3200000000e+02 1.3516776264e-02 1.3901161961e-02 1.3108102605e-02 5.1531878776e-01 4.8468085051e-01 1.0000000000e-03
2.3300000000e+02 1.3482116163e-02 1.3856821693e-02 1.3083890080e-02 5.1522139470e-01 4.8477824262e-01 1.0000000000e-03
2.3400000000e+02 1.3446990401e-02 1.3832653873e-02 1.3037187047e-02 5.1517945850e-01 4.8482017787e-01 1.0000000000e-03
2.3500000000e+02 1.3411948457e-02 1.3795431703e-02 1.3004531153e-02 5.1513705622e-01 4.8486257920e-01 1.0000000000e-03
2.3600000000e+02 1.3377498835e-02 1.3760891743e-02 1.2970235199e-02 5.1510223746e-01 4.8489739701e-01 1.0000000000e-03
2.3700000000e+02 1.3343613595e-02 1.3724767603e-02 1.2938785367e-02 5.1506588320e-01 4.8493375032e-01 1.0000000000e-03
2.3800000000e+02 1.3309882954e-02 1.3679726049e-02 1.2917184271e-02 5.1499279125e-01 4.8500684131e-01 1.0000000000e-03
2.3900000000e+02 1.3276137412e-02 1.3649265282e-02 1.2880029157e-02 5.1494327898e-01 4.8505635263e-01 1.0000000000e-03
2.4000000000e+02 1.3242110610e-02 1.3608603738e-02 1.2853149325e-02 5.1487637754e-01 4.8512325312e-01 1.0000000000e-03
2.4100000000e+02 1.3208284043e-02 1.3579669409e-02 1.2814191170e-02 5.1483882691e-01 4.8516080280e-01 1.0000000000e-03
2.4200000000e+02 1.3174599037e-02 1.3541907072e-02 1.2784905732e-02 5.1479262500e-01 4.8520700376e-01 1.0000000000e-03
2.4300000000e+02 1.3141330332e-02 1.3503617607e-02 1.2757049873e-02 5.1473479904e-01 4.8526482876e-01 1.0000000000e-03
2.4400000000e+02 1.3108408079e-02 1.3466596603e-02 1.2728576548e-02 5.1466999426e-01 4.8532963259e-01 1.0000000000e-03
2.4500000000e+02 1.3075510040e-02 1.3425157405e-02 1.2704866938e-02 5.1458125645e-01 4.8541836944e-01 1.0000000000e-03
2.4600000000e+02 1.3042926788e-02 1.3395274989e-02 1.2669517659e-02 5.1451532882e-01 4.8548429612e-01 1.0000000000e-03
2.4700000000e+02 1.3010127470e-02 1.3357877731e-02 1.2641702779e-02 5.1444105792e-01 4.8555856606e-01 1.0000000000e-03
2.4800000000e+02 1.2977736071e-02 1.3329069130e-02 1.2605586089e-02 5.1439175140e-01 4.8560787163e-01 1.0000000000e-03
2.4900000000e+02 1.2945238501e-02 1.3290861621e-02 1.2579232454e-02 5.1432794600e-01 4.8567167607e-01 1.0000000000e-03
2.5000000000e+02 1.2913115323e-02 1.3256808743e-02 1.2549242936e-02 5.1426606149e-01 4.8573355962e-01 1.0000000000e-03
2.5100000000e+02 1.2881126255e-02 1.3220431283e-02 1.2522002682e-02 5.1419600603e-01 4.8580361412e-01 1.0000000000e-03
2.5200000000e+02 1.2849386781e-02 1.3187221251e-02 1.2491912581e-02 5.1413022523e-01 4.8586939396e-01 1.0000000000e-03
2.5300000000e+02 1.2817941606e-02 1.3157351874e-02 1.2458872050e-02 5.1408053704e-01 4.8591908120e-01 1.0000000000e-03
2.5400000000e+02 1.2786565349e-02 1.3124424964e-02 1.2429201975e-02 5.1403278479e-01 4.8596683249e-01 1.0000000000e-03
2.5500000000e+02 1.2755595148e-02 1.3094417751e-02 1.2397266924e-02 5.1399689446e-01 4.8600272186e-01 1.0000000000e-03
2.5600000000e+02 1.2724498287e-02 1.3056892902e-02 1.2373045087e-02 5.1394175715e-01 4.8605785822e-01 1.0000000000e-03
2.5700000000e+02 1.2693921104e-02 1.3025283813e-02 1.2343630195e-02 5.1389104326e-01 4.8610857115e-01 1.0000000000e-03
2.5800000000e+02 1.2663092464e-02 1.2987966649e-02 1.2319754809e-02 5.1382209250e-01 4.8617752096e-01 1.0000000000e-03
2.5900000000e+02 1.2632872909e-02 1.2960121967e-02 1.2287095189e-02 5.1377273611e-01 4.8622687639e-01 1.0000000000e-03
2.6000000000e+02 1.2602388859e-02 1.2925325893e-02 1.2261247262e-02 5.1371376087e-01 4.8628585068e-01 1.0000000000e-03
2.6100000000e+02 1.2572672218e-02 1.2898934074e-02 1.2228068896e-02 5.1367731301e-01 4.8632229759e-01 1.0000000000e-03
2.6200000000e+02 1.2542545795e-02 1.2862124480e-02 1.2205079198e-02 5.1362012881e-01 4.8637948084e-01 1.0000000000e-03
2.6300000000e+02 1.2513409369e-02 1.2834738009e-02 1.2174150907e-02 5.1357880002e-01 4.8642080867e-01 1.0000000000e-03
2.6400000000e+02 1.2483740225e-02 1.2795912102e-02 1.2154245749e-02 5.1350679585e-01 4.8649281190e-01 1.0000000000e-03
2.6500000000e+02 1.2455504388e-02 1.2771330774e-02 1.2122212909e-02 5.1345988324e-01 4.8653972356e-01 1.0000000000e-03
2.6600000000e+02 1.2426607311e-02 1.2731604278e-02 1.2104853056e-02 5.1337563076e-01 4.8662397510e-01 1.0000000000e-03
2.6700000000e+02 1.2400289997e-02 1.2712543830e-02 1.2070938013e-02 5.1333246926e-01 4.8666713566e-01 1.0000000000e-03
2.6800000000e+02 1.2373484671e-02 1.2669021264e-02 1.2061899528e-02 5.1322665639e-01 4.8677294760e-01 1.0000000000e-03
2.6900000000e+02 1.2352545746e-02 1.2658722699e-02 1.2029802427e-02 5.1317767967e-01 4.8682192342e-01 1.0000000000e-03
2.7000000000e+02 1.2333452702e-02 1.2608683668e-02 1.2043529190e-02 5.1300614602e-01 4.8699345619e-01 1.0000000000e-03
2.7100000000e+02 1.2330892496e-02 1.2619231828e-02 1.2027284130e-02 5.1290638565e-01 4.8709321577e-01 1.0000000000e-03
2.7200000000e+02 1.2344218791e-02 1.2562773190e-02 1.2114444748e-02 5.1252411176e-01 4.8747548900e-01 1.0000000000e-03
2.7300000000e+02 1.2414590456e-02 1.2632207945e-02 1.2186124921e-02 5.1217037667e-01 4.8782922372e-01 1.0000000000e-03
2.7400000000e+02 1.2573141605e-02 1.2590463273e-02 1.2555047870e-02 5.1102374001e-01 4.8897586057e-01 1.0000000000e-03
2.7500000000e+02 1.2945564464e-02 1.2851182371e-02 1.3043631800e-02 5.0954974845e-01 4.9044985345e-01 1.0000000000e-03
2.7600000000e+02 1.3714851812e-02 1.2938197702e-02 1.4509531669e-02 5.0573234485e-01 4.9426726043e-01 1.0000000000e-03
2.7700000000e+02 1.5047369525e-02 1.3804035261e-02 1.6295799986e-02 5.0101992842e-01 4.9897968311e-01 1.0000000000e-03
2.7800000000e+02 1.7093239352e-02 1.4064492658e-02 2.0028615370e-02 4.9217110768e-01 5.0782851336e-01 1.0000000000e-03
2.7900000000e+02 1.7867684364e-02 1.5538274311e-02 2.0075369626e-02 4.8658410108e-01 5.1341552978e-01 1.0000000000e-03
2.8000000000e+02 1.6336929053e-02 1.4003870077e-02 1.8499270082e-02 4.8101034587e-01 5.1898929114e-01 1.0000000000e-03
2.8100000000e+02 1.2871963903e-02 1.3855937868e-02 1.1939271353e-02 4.8662445032e-01 5.1337518422e-01 1.0000000000e-03
2.8200000000e+02 1.2257352471e-02 1.3448480517e-02 1.1100306176e-02 4.9274465181e-01 5.0725497855e-01 1.0000000000e-03
2.8300000000e+02 1.4406521805e-02 1.3986067846e-02 1.4813797548e-02 4.9203313231e-01 5.0796650028e-01 1.0000000000e-03
2.8400000000e+02 1.4714038000e-02 1.3879306614e-02 1.5516188927e-02 4.9004556298e-01 5.0995407233e-01 1.0000000000e-03
2.8500000000e+02 1.2692354620e-02 1.3159684837e-02 1.2238199823e-02 4.9285508424e-01 5.0714454817e-01 1.0000000000e-03
2.8600000000e+02 1.2003930286e-02 1.2884938158e-02 1.1132682674e-02 4.9721740748e-01 5.0278222005e-01 1.0000000000e-03
2.8700000000e+02 1.3410552405e-02 1.3708939776e-02 1.3113835827e-02 4.9860497350e-01 5.0139465400e-01 1.0000000000e-03
2.8800000000e+02 1.3417918235e-02 1.3217904605e-02 1.3616348617e-02 4.9800204098e-01 5.0199758650e-01 1.0000000000e-03
2.8900000000e+02 1.1991795152e-02 1.2919718400e-02 1.1056095362e-02 5.0208827903e-01 4.9791134400e-01 1.0000000000e-03
2.9000000000e+02 1.2245428748e-02 1.2918469496e-02 1.1559747159e-02 5.0465479992e-01 4.9534481995e-01 1.0000000000e-03
2.9100000000e+02 1.3078019954e-02 1.3010413386e-02 1.3146706857e-02 5.0392877248e-01 4.9607084717e-01 1.0000000000e-03
2.9200000000e+02 1.2313514948e-02 1.2646687217e-02 1.1973754503e-02 5.0490248818e-01 4.9509712889e-01 1.0000000000e-03
2.9300000000e+02 1.1763907969e-02 1.2358613312e-02 1.1152377352e-02 5.0697747675e-01 4.9302213608e-01 1.0000000000e-03
2.9400000000e+02 1.2409940362e-02 1.2528038584e-02 1.2288614176e-02 5.0676209532e-01 4.9323751593e-01 1.0000000000e-03
2.9500000000e+02 1.2378259562e-02 1.2589208782e-02 1.2161373161e-02 5.0695015930e-01 4.9304945042e-01 1.0000000000e-03
2.9600000000e+02 1.1706920341e-02 1.2230316177e-02 1.1165362783e-02 5.0853108275e-01 4.9146852326e-01 1.0000000000e-03
2.9700000000e+02 1.1895816773e-02 1.2267928571e-02 1.1509652250e-02 5.0927247226e-01 4.9072713109e-01 1.0000000000e-03
2.9800000000e+02 1.2210026383e-02 1.2504231185e-02 1.1904343963e-02 5.0957404928e-01 4.9042555277e-01 1.0000000000e-03
2.9900000000e+02 1.1773599312e-02 1.2104773894e-02 1.1428843252e-02 5.1005271843e-01 4.8994688092e-01 1.0000000000e-03
3.0000000000e+02 1.1619065888e-02 1.1921487749e-02 1.1303834617e-02 5.1037712214e-01 4.8962247422e-01 1.0000000000e-03
3.0100000000e+02 1.1949019507e-02 1.1936136521e-02 1.1962400749e-02 5.0928443958e-01 4.9071515530e-01 1.0000000000e-03
3.0200000000e+02 1.1817611754e-02 1.1821858585e-02 1.1813230813e-02 5.0837422650e-01 4.9162536658e-01 1.0000000000e-03
3.0300000000e+02 1.1519191787e-02 1.1759109795e-02 1.1270889081e-02 5.0859674854e-01 4.9140284181e-01 1.0000000000e-03
3.0400000000e+02 1.1672230437e-02 1.1940928176e-02 1.1393793859e-02 5.0890941267e-01 4.9109017579e-01 1.0000000000e-03
3.0500000000e+02 1.1755190790e-02 1.1942600831e-02 1.1561052874e-02 5.0883012775e-01 4.9116945932e-01 1.0000000000e-03
3.0600000000e+02 1.1516986415e-02 1.1913405731e-02 1.1104884557e-02 5.0970335059e-01 4.9029623433e-01 1.0000000000e-03
3.0700000000e+02 1.1477259919e-02 1.1815806851e-02 1.1124567129e-02 5.1023959389e-01 4.8975998895e-01 1.0000000000e-03
3.0800000000e+02 1.1615971103e-02 1.1757208966e-02 1.1469075456e-02 5.0983588736e-01 4.9016369414e-01 1.0000000000e-03
3.0900000000e+02 1.1522509158e-02 1.1716744862e-02 1.1320588179e-02 5.0971209110e-01 4.9028748884e-01 1.0000000000e-03
3.1000000000e+02 1.1377386749e-02 1.1676800437e-02 1.1065655388e-02 5.1008448090e-01 4.8991509707e-01 1.0000000000e-03
3.1100000000e+02 1.1448805220e-02 1.1739231646e-02 1.1146084405e-02 5.1037192268e-01 4.8962765381e-01 1.0000000000e-03
3.1200000000e+02 1.1477157474e-02 1.1803757399e-02 1.1136161163e-02 5.1078980520e-01 4.8920977004e-01 1.0000000000e-03
3.1300000000e+02 1.1340867728e-02 1.1680817232e-02 1.0985284112e-02 5.1124510444e-01 4.8875446915e-01 1.0000000000e-03
3.1400000000e+02 1.1315504089e-02 1.1600062251e-02 1.1017668992e-02 5.1140804188e-01 4.8859153015e-01 1.0000000000e-03
3.1500000000e+02 1.1379469186e-02 1.1584497988e-02 1.1165064760e-02 5.1118906430e-01 4.8881050657e-01 1.0000000000e-03
3.1600000000e+02 1.1317298748e-02 1.1478215456e-02 1.1149289086e-02 5.1079696409e-01 4.8920260549e-01 1.0000000000e-03
3.1700000000e+02 1.1239022017e-02 1.1451409198e-02 1.1017370969e-02 5.1068311459e-01 4.8931645353e-01 1.0000000000e-03
3.1800000000e+02 1.1262221262e-02 1.1476241052e-02 1.1038952507e-02 5.1058587706e-01 4.8941368983e-01 1.0000000000e-03
3.1900000000e+02 1.1266004294e-02 1.1474792846e-02 1.1048289947e-02 5.1047407962e-01 4.8952548619e-01 1.0000000000e-03
3.2000000000e+02 1.1202275753e-02 1.1464221403e-02 1.0928967968e-02 5.1062177430e-01 4.8937779027e-01 1.0000000000e-03
3.2100000000e+02 1.1164098978e-02 1.1431774125e-02 1.0884631425e-02 5.1078544942e-01 4.8921411388e-01 1.0000000000e-03
3.2200000000e+02 1.1179729365e-02 1.1392137967e-02 1.0958060622e-02 5.1067796330e-01 4.8932159893e-01 1.0000000000e-03
3.2300000000e+02 1.1165375821e-02 1.1378736235e-02 1.0942794383e-02 5.1058664942e-01 4.8941291179e-01 1.0000000000e-03
3.2400000000e+02 1.1106850579e-02 1.1303153820e-02 1.0902191512e-02 5.1043081243e-01 4.8956874762e-01 1.0000000000e-03
3.2500000000e+02 1.1092588305e-02 1.1272724718e-02 1.0904947296e-02 5.1021686973e-01 4.8978268922e-01 1.0000000000e-03
3.2600000000e+02 1.1103312485e-02 1.1277265847e-02 1.0922273621e-02 5.0999470850e-01 4.9000484951e-01 1.0000000000e-03
3.2700000000e+02 1.1068905704e-02 1.1262290180e-02 1.0867729783e-02 5.0988667431e-01 4.9011288272e-01 1.0000000000e-03
3.2800000000e+02 1.1031694710e-02 1.1263159104e-02 1.0790821165e-02 5.0996885150e-01 4.9003070448e-01 1.0000000000e-03
3.2900000000e+02 1.1024108157e-02 1.1263074353e-02 1.0775318369e-02 5.1007854833e-01 4.8992100668e-01 1.0000000000e-03
3.3000000000e+02 1.1016296223e-02 1.1227307841e-02 1.0796639137e-02 5.1004839860e-01 4.8995115550e-01 1.0000000000e-03
3.3100000000e+02 1.0991591960e-02 1.1207559146e-02 1.0766779073e-02 5.1004647830e-01 4.8995307488e-01 1.0000000000e-03
3.3200000000e+02 1.0960621759e-02 1.1172886938e-02 1.0739674792e-02 5.1003030903e-01 4.8996924320e-01 1.0000000000e-03
3.3300000000e+02 1.0950928554e-02 1.1169097386e-02 1.0723825544e-02 5.1004418583e-01 4.8995536550e-01 1.0000000000e-03
3.3400000000e+02 1.0945336893e-02 1.1188435368e-02 1.0692150332e-02 5.1017382009e-01 4.8982573040e-01 1.0000000000e-03
3.3500000000e+02 1.0916575789e-02 1.1179803871e-02 1.0642186739e-02 5.1038823883e-01 4.8961131079e-01 1.0000000000e-03
3.3600000000e+02 1.0893408209e-02 1.1160537601e-02 1.0614714585e-02 5.1060270184e-01 4.8939684689e-01 1.0000000000e-03
3.3700000000e+02 1.0883353651e-02 1.1125920340e-02 1.0630208068e-02 5.1068165559e-01 4.8931789230e-01 1.0000000000e-03
3.3800000000e+02 1.0868821293e-02 1.1071241461e-02 1.0657671839e-02 5.1056512398e-01 4.8943442310e-01 1.0000000000e-03
3.3900000000e+02 1.0849455371e-02 1.1043700390e-02 1.0646950454e-02 5.1042315250e-01 4.8957639378e-01 1.0000000000e-03
3.4000000000e+02 1.0826493613e-02 1.1020755395e-02 1.0624072514e-02 5.1029715938e-01 4.8970238606e-01 1.0000000000e-03
3.4100000000e+02 1.0812809691e-02 1.1014425196e-02 1.0602790862e-02 5.1021951827e-01 4.8978002638e-01 1.0000000000e-03
3.4200000000e+02 1.0802961886e-02 1.1012858711e-02 1.0584341362e-02 5.1018960974e-01 4.8980993414e-01 1.0000000000e-03
3.4300000000e+02 1.0781397112e-02 1.0987154208e-02 1.0567127727e-02 5.1014497091e-01 4.8985457218e-01 1.0000000000e-03
3.4400000000e+02 1.0762443766e-02 1.0960342363e-02 1.0556421243e-02 5.1006906974e-01 4.8993047256e-01 1.0000000000e-03
3.4500000000e+02 1.0748051107e-02 1.0934070684e-02 1.0554491542e-02 5.0994535114e-01 4.9005419040e-01 1.0000000000e-03
3.4600000000e+02 1.0733576491e-02 1.0908991098e-02 1.0551170446e-02 5.0978447817e-01 4.9021506262e-01 1.0000000000e-03
3.4700000000e+02 1.0719293728e-02 1.0901379399e-02 1.0530035011e-02 5.0967236191e-01 4.9032717814e-01 1.0000000000e-03
3.4800000000e+02 1.0699462146e-02 1.0884591378e-02 1.0507103056e-02 5.0958742644e-01 4.9041211286e-01 1.0000000000e-03
3.4900000000e+02 1.0684171692e-02 1.0870737024e-02 1.0490373708e-02 5.0951897724e-01 4.9048056131e-01 1.0000000000e-03
3.5000000000e+02 1.0672418401e-02 1.0855493136e-02 1.0482305661e-02 5.0944153077e-01 4.9055800706e-01 1.0000000000e-03
3.5100000000e+02 1.0656122118e-02 1.0831302032e-02 1.0474284180e-02 5.0933520417e-01 4.9066433294e-01 1.0000000000e-03
3.5200000000e+02 1.0640798137e-02 1.0813766159e-02 1.0461332276e-02 5.0922993778e-01 4.9076959862e-01 1.0000000000e-03
3.5300000000e+02 1.0624011979e-02 1.0794411413e-02 1.0447287932e-02 5.0912400038e-01 4.9087553531e-01 1.0000000000e-03
3.5400000000e+02 1.0609691963e-02 1.0779740289e-02 1.0433399118e-02 5.0902791282e-01 4.9097162216e-01 1.0000000000e-03
3.5500000000e+02 1.0597617365e-02 1.0773587972e-02 1.0415227152e-02 5.0897073430e-01 4.9102879998e-01 1.0000000000e-03
3.5600000000e+02 1.0581453331e-02 1.0762729682e-02 1.0393582284e-02 5.0894606534e-01 4.9105346825e-01 1.0000000000e-03
3.5700000000e+02 1.0567041114e-02 1.0756995529e-02 1.0370160453e-02 5.0896692725e-01 4.9103260564e-01 1.0000000000e-03
3.5800000000e+02 1.0552396998e-02 1.0744792409e-02 1.0352957994e-02 5.0899882696e-01 4.9100070524e-01 1.0000000000e-03
3.5900000000e+02 1.0538322851e-02 1.0725812055e-02 1.0343966074e-02 5.0900506629e-01 4.9099446523e-01 1.0000000000e-03
3.6000000000e+02 1.0525766760e-02 1.0706347413e-02 1.0338592343e-02 5.0897827301e-01 4.9102125785e-01 1.0000000000e-03
3.6100000000e+02 1.0510087013e-02 1.0682286695e-02 1.0331646539e-02 5.0891472548e-01 4.9108480470e-01 1.0000000000e-03
3.6200000000e+02 1.0496147908e-02 1.0667389259e-02 1.0318742134e-02 5.0885388949e-01 4.9114564002e-01 1.0000000000e-03
3.6300000000e+02 1.0482290760e-02 1.0655797087e-02 1.0302569717e-02 5.0881116449e-01 4.9118836436e-01 1.0000000000e-03
3.6400000000e+02 1.0468539782e-02 1.0643688962e-02 1.0287138633e-02 5.0878175865e-01 4.9121776954e-01 1.0000000000e-03
3.6500000000e+02 1.0456166230e-02 1.0630420409e-02 1.0275714099e-02 5.0875188915e-01 4.9124763839e-01 1.0000000000e-03
3.6600000000e+02 1.0441433638e-02 1.0608492419e-02 1.0268474929e-02 5.0869101230e-01 4.9130851459e-01 1.0000000000e-03
3.6700000000e+02 1.0428115726e-02 1.0588577949e-02 1.0262043215e-02 5.0860492030e-01 4.9139460594e-01 1.0000000000e-03
3.6800000000e+02 1.0414609686e-02 1.0571782477e-02 1.0252004489e-02 5.0851222289e-01 4.9148730270e-01 1.0000000000e-03
3.6900000000e+02 1.0401222855e-02 1.0560312308e-02 1.0236681439e-02 5.0843904746e-01 4.9156047748e-01 1.0000000000e-03
3.7000000000e+02 1.0389029980e-02 1.0554159060e-02 1.0218265466e-02 5.0840362666e-01 4.9159589765e-01 1.0000000000e-03
3.7100000000e+02 1.0375235230e-02 1.0542642325e-02 1.0202129371e-02 5.0838395943e-01 4.9161556425e-01 1.0000000000e-03
3.7200000000e+02 1.0362731293e-02 1.0528638959e-02 1.0191190057e-02 5.0835985288e-01 4.9163967017e-01 1.0000000000e-03
3.7300000000e+02 1.0349666700e-02 1.0509356856e-02 1.0184590705e-02 5.0830853179e-01 4.9169099063e-01 1.0000000000e-03
3.7400000000e+02 1.0336894542e-02 1.0490323417e-02 1.0178337805e-02 5.0823238511e-01 4.9176713668e-01 1.0000000000e-03
3.7500000000e+02 1.0324919596e-02 1.0476002470e-02 1.0168838315e-02 5.0815304676e-01 4.9184647442e-01 1.0000000000e-03
3.7600000000e+02 1.0311828926e-02 1.0463473387e-02 1.0155209340e-02 5.0808525321e-01 4.9191426734e-01 1.0000000000e-03
3.7700000000e+02 1.0299885646e-02 1.0455007665e-02 1.0139700025e-02 5.0804220971e-01 4.9195731023e-01 1.0000000000e-03
3.7800000000e+02 1.0287156329e-02 1.0444129817e-02 1.0125077330e-02 5.0801352260e-01 4.9198599673e-01 1.0000000000e-03
3.7900000000e+02 1.0275060311e-02 1.0432193056e-02 1.0112836026e-02 5.0798935803e-01 4.9201016069e-01 1.0000000000e-03
3.8000000000e+02 1.0263280012e-02 1.0418893769e-02 1.0102640837e-02 5.0796093668e-01 4.9203858145e-01 1.0000000000e-03
3.8100000000e+02 1.0250986554e-02 1.0403988883e-02 1.0093067773e-02 5.0792327131e-01 4.9207624621e-01 1.0000000000e-03
3.8200000000e+02 1.0239538737e-02 1.0391097516e-02 1.0083134286e-02 5.0788299457e-01 4.9211652236e-01 1.0000000000e-03
3.8300000000e+02 1.0227190331e-02 1.0377520695e-02 1.0072079487e-02 5.0784148492e-01 4.9215803142e-01 1.0000000000e-03
3.8400000000e+02 1.0215629824e-02 1.0366080329e-02 1.0060416535e-02 5.0780551573e-01 4.9219400002e-01 1.0000000000e-03
3.8500000000e+02 1.0203843936e-02 1.0354054160e-02 1.0048900731e-02 5.0777275604e-01 4.9222675912e-01 1.0000000000e-03
3.8600000000e+02 1.0192194954e-02 1.0341047309e-02 1.0038671084e-02 5.0773731129e-01 4.9226220329e-01 1.0000000000e-03
3.8700000000e+02 1.0181009769e-02 1.0327088647e-02 1.0030374862e-02 5.0769231446e-01 4.9230719954e-01 1.0000000000e-03
3.8800000000e+02 1.0169262998e-02 1.0310948826e-02 1.0023195297e-02 5.0763062051e-01 4.9236889291e-01 1.0000000000e-03
3.8900000000e+02 1.0158266872e-02 1.0296551511e-02 1.0015746579e-02 5.0755875251e-01 4.9244076033e-01 1.0000000000e-03
3.9000000000e+02 1.0146660730e-02 1.0283211246e-02 1.0005967692e-02 5.0748608238e-01 4.9251342989e-01 1.0000000000e-03
3.9100000000e+02 1.0135632940e-02 1.0273230262e-02 9.9938968197e-03 5.0742657848e-01 4.9257293322e-01 1.0000000000e-03
3.9200000000e+02 1.0124491528e-02 1.0263960809e-02 9.9808527157e-03 5.0738310700e-01 4.9261640414e-01 1.0000000000e-03
3.9300000000e+02 1.0113419965e-02 1.0253527202e-02 9.9691450596e-03 5.0734789824e-01 4.9265161233e-01 1.0000000000e-03
3.9400000000e+02 1.0102731176e-02 1.0241318494e-02 9.9600423127e-03 5.0730926459e-01 4.9269024542e-01 1.0000000000e-03
3.9500000000e+02 1.0091662407e-02 1.0226777755e-02 9.9525777623e-03 5.0725772023e-01 4.9274178923e-01 1.0000000000e-03
3.9600000000e+02 1.0081200860e-02 1.0213579051e-02 9.9449651316e-03 5.0719817634e-01 4.9280133256e-01 1.0000000000e-03
3.9700000000e+02 1.0070264339e-02 1.0201410390e-02 9.9353287369e-03 5.0713902060e-01 4.9286048776e-01 1.0000000000e-03
3.9800000000e+02 1.0059841909e-02 1.0191797279e-02 9.9240997806e-03 5.0709048127e-01 4.9290902654e-01 1.0000000000e-03
3.9900000000e+02 1.0049194098e-02 1.0182009079e-02 9.9125886336e-03 5.0705178822e-01 4.9294771905e-01 1.0000000000e-03
4.0000000000e+02 1.0038787499e-02 1.0171380825e-02 9.9024288356e-03 5.0701649184e-01 4.9298301488e-01 1.0000000000e-03
4.0100000000e+02 1.0028501973e-02 1.0159518570e-02 9.8937861621e-03 5.0697738252e-01 4.9302212366e-01 1.0000000000e-03
4.0200000000e+02 1.0018110275e-02 1.0147051886e-02 9.8855514079e-03 5.0693230619e-01 4.9306719945e-01 1.0000000000e-03
4.0300000000e+02 1.0008091107e-02 1.0135972872e-02 9.8766479641e-03 5.0688695368e-01 4.9311255143e-01 1.0000000000e-03
4.0400000000e+02 9.9977664649e-03 1.0125514120e-02 9.8664807156e-03 5.0684607579e-01 4.9315342879e-01 1.0000000000e-03
4.0500000000e+02 9.9879093468e-03 1.0116349906e-02 9.8559297621e-03 5.0681339683e-01 4.9318610722e-01 1.0000000000e-03
4.0600000000e+02 9.9777132273e-03 1.0106180795e-02 9.8457224667e-03 5.0678474726e-01 4.9321475627e-01 1.0000000000e-03
4.0700000000e+02 9.9679352716e-03 1.0095616803e-02 9.8367659375e-03 5.0675556955e-01 4.9324393345e-01 1.0000000000e-03
4.0800000000e+02 9.9579486996e-03 1.0083678178e-02 9.8288021982e-03 5.0671997770e-01 4.9327952478e-01 1.0000000000e-03
4.0900000000e+02 9.9482340738e-03 1.0071733035e-02 9.8214019090e-03 5.0667714422e-01 4.9332235775e-01 1.0000000000e-03
4.1000000000e+02 9.9384794012e-03 1.0059963912e-02 9.8137399182e-03 5.0662887615e-01 4.9337062530e-01 1.0000000000e-03
4.1100000000e+02 9.9288402125e-03 1.0049026459e-02 9.8054585978e-03 5.0657934552e-01 4.9342015542e-01 1.0000000000e-03
4.1200000000e+02 9.9193137139e-03 1.0039002635e-02 9.7964676097e-03 5.0653275241e-01 4.9346674802e-01 1.0000000000e-03
4.1300000000e+02 9.9097434431e-03 1.0029229335e-02 9.7871245816e-03 5.0649032272e-01 4.9350917720e-01 1.0000000000e-03
4.1400000000e+02 9.9004115909e-03 1.0019627400e-02 9.7780888900e-03 5.0645128098e-01 4.9354821845e-01 1.0000000000e-03
4.1500000000e+02 9.8909176886e-03 1.0009146295e-02 9.7696268931e-03 5.0641162340e-01 4.9358787552e-01 1.0000000000e-03
4.1600000000e+02 9.8817581311e-03 9.9986344576e-03 9.7618745640e-03 5.0636950882e-01 4.9362998960e-01 1.0000000000e-03
4.1700000000e+02 9.8723871633e-03 9.9877119064e-03 9.7541166469e-03 5.0632415750e-01 4.9367534043e-01 1.0000000000e-03
4.1800000000e+02 9.8633952439e-03 9.9779013544e-03 9.7459871322e-03 5.0627961798e-01 4.9371987946e-01 1.0000000000e-03
4.1900000000e+02 9.8541388288e-03 9.9682547152e-03 9.7371488810e-03 5.0623803269e-01 4.9376146425e-01 1.0000000000e-03
4.2000000000e+02 9.8452949896e-03 9.9593419582e-03 9.7283944488e-03 5.0620073004e-01 4.9379876641e-01 1.0000000000e-03
4.2100000000e+02 9.8361503333e-03 9.9494475871e-03 9.7200348973e-03 5.0616380043e-01 4.9383569554e-01 1.0000000000e-03
4.2200000000e+02 9.8274247721e-03 9.9395159632e-03 9.7125647590e-03 5.0612481749e-01 4.9387467800e-01 1.0000000000e-03
4.2300000000e+02 9.8184123635e-03 9.9287992343e-03 9.7053172067e-03 5.0608142657e-01 4.9391806844e-01 1.0000000000e-03
4.2400000000e+02 9.8098553717e-03 9.9192420021e-03 9.6978051588e-03 5.0603765716e-01 4.9396183737e-01 1.0000000000e-03
4.2500000000e+02 9.8009118810e-03 9.9097881466e-03 9.6894027665e-03 5.0599609645e-01 4.9400339760e-01 1.0000000000e-03
4.2600000000e+02 9.7925439477e-03 9.9016334862e-03 9.6808318049e-03 5.0596023495e-01 4.9403925863e-01 1.0000000000e-03
4.2700000000e+02 9.7836796194e-03 9.8924813792e-03 9.6722757444e-03 5.0592694658e-01 4.9407254653e-01 1.0000000000e-03
4.2800000000e+02 9.7755268216e-03 9.8837921396e-03 9.6646863967e-03 5.0589464242e-01 4.9410485023e-01 1.0000000000e-03
4.2900000000e+02 9.7666755319e-03 9.8734376952e-03 9.6573922783e-03 5.0585824046e-01 4.9414125173e-01 1.0000000000e-03
4.3000000000e+02 9.7588291392e-03 9.8644467071e-03 9.6507333219e-03 5.0581994729e-01 4.9417954443e-01 1.0000000000e-03
4.3100000000e+02 9.7499499097e-03 9.8540699109e-03 9.6434047446e-03 5.0577816370e-01 4.9422132756e-01 1.0000000000e-03
4.3200000000e+02 9.7425766289e-03 9.8462747410e-03 9.6364794299e-03 5.0573873426e-01 4.9426075655e-01 1.0000000000e-03
4.3300000000e+02 9.7336396575e-03 9.8360702395e-03 9.6288565546e-03 5.0569710938e-01 4.9430238098e-01 1.0000000000e-03
4.3400000000e+02 9.7271371633e-03 9.8292967305e-03 9.6226492897e-03 5.0565854667e-01 4.9434094324e-01 1.0000000000e-03
4.3500000000e+02 9.7182001919e-03 9.8181935027e-03 9.6159456298e-03 5.0561300774e-01 4.9438648172e-01 1.0000000000e-03
4.3600000000e+02 9.7135649994e-03 9.8129389808e-03 9.6119623631e-03 5.0556899792e-01 4.9443049112e-01 1.0000000000e-03
4.3700000000e+02 9.7053386271e-03 9.8008159548e-03 9.6077434719e-03 5.0550946215e-01 4.9449002646e-01 1.0000000000e-03
4.3800000000e+02 9.7055807710e-03 9.7997533157e-03 9.6093434840e-03 5.0544900690e-01 4.9455048132e-01 1.0000000000e-03
4.3900000000e+02 9.7014065832e-03 9.7872912884e-03 9.6136722714e-03 5.0535152968e-01 4.9464795818e-01 1.0000000000e-03
4.4000000000e+02 9.7164809704e-03 9.7963530570e-03 9.6349306405e-03 5.0523171812e-01 4.9476776949e-01 1.0000000000e-03
4.4100000000e+02 9.7314100713e-03 9.7868349403e-03 9.6748759970e-03 5.0499615947e-01 4.9500332800e-01 1.0000000000e-03
4.4200000000e+02 9.7979111597e-03 9.8245730624e-03 9.7707603127e-03 5.0463382805e-01 4.9536565963e-01 1.0000000000e-03
4.4300000000e+02 9.8979631439e-03 9.8378052935e-03 9.9590690807e-03 5.0386415011e-01 4.9613533829e-01 1.0000000000e-03
4.4400000000e+02 1.0159609839e-02 9.9756019190e-03 1.0345526971e-02 5.0256751286e-01 4.9743197750e-01 1.0000000000e-03
4.4500000000e+02 1.0632678866e-02 1.0103203356e-02 1.1161786504e-02 4.9982171113e-01 5.0017778317e-01 1.0000000000e-03
4.4600000000e+02 1.1644355953e-02 1.0619867593e-02 1.2650486082e-02 4.9547641850e-01 5.0452308339e-01 1.0000000000e-03
4.4700000000e+02 1.3597499579e-02 1.1157022789e-02 1.5915602446e-02 4.8714021651e-01 5.1285929825e-01 1.0000000000e-03
4.4800000000e+02 1.6656246036e-02 1.2901340611e-02 2.0088242367e-02 4.7753349946e-01 5.2246603352e-01 1.0000000000e-03
4.4900000000e+02 2.0917642862e-02 1.3501590118e-02 2.7308275923e-02 4.6286427382e-01 5.3713528136e-01 1.0000000000e-03
4.5000000000e+02 1.1811544187e-02 1.1846889742e-02 1.1780620553e-02 4.6671806256e-01 5.3328149477e-01 1.0000000000e-03
4.5100000000e+02 9.8665123805e-03 1.0881592520e-02 8.9484062046e-03 4.7492062712e-01 5.2507892405e-01 1.0000000000e-03
4.5200000000e+02 1.4120876789e-02 1.2044553645e-02 1.5965336934e-02 4.7042962259e-01 5.2956993776e-01 1.0000000000e-03
4.5300000000e+02 1.8176890910e-02 1.3492356054e-02 2.2186798975e-02 4.6120244454e-01 5.3879713175e-01 1.0000000000e-03
4.5400000000e+02 1.5320356004e-02 1.2731919065e-02 1.7500570044e-02 4.5719555307e-01 5.4280403251e-01 1.0000000000e-03
4.5500000000e+02 1.0207185522e-02 1.1100356467e-02 9.4291800633e-03 4.6554614710e-01 5.3445343122e-01 1.0000000000e-03
4.5600000000e+02 1.0640678927e-02 1.1466836557e-02 9.9001992494e-03 4.7265752188e-01 5.2734205180e-01 1.0000000000e-03
4.5700000000e+02 1.3985188678e-02 1.2056801468e-02 1.5687394887e-02 4.6884877586e-01 5.3115080441e-01 1.0000000000e-03
4.5800000000e+02 1.2639600784e-02 1.2098873965e-02 1.3119012117e-02 4.6994123122e-01 5.3005835137e-01 1.0000000000e-03
4.5900000000e+02 9.6628908068e-03 1.0577827692e-02 8.8268993422e-03 4.7745868264e-01 5.2254089016e-01 1.0000000000e-03
4.6000000000e+02 1.0745963082e-02 1.0966882110e-02 1.0541473515e-02 4.8070172864e-01 5.1929784038e-01 1.0000000000e-03
4.6100000000e+02 1.2285554782e-02 1.1533295736e-02 1.2979074381e-02 4.7968245692e-01 5.2031711441e-01 1.0000000000e-03
4.6200000000e+02 1.0518675670e-02 1.0834467597e-02 1.0223465040e-02 4.8316495256e-01 5.1683461414e-01 1.0000000000e-03
4.6300000000e+02 9.6227182075e-03 1.0418065824e-02 8.8619729504e-03 4.8888393173e-01 5.1111562644e-01 1.0000000000e-03
4.6400000000e+02 1.1169994250e-02 1.1077188887e-02 1.1259022169e-02 4.8958847936e-01 5.1041107822e-01 1.0000000000e-03
4.6500000000e+02 1.0806066915e-02 1.0696257465e-02 1.0911634192e-02 4.9013123336e-01 5.0986832218e-01 1.0000000000e-03
4.6600000000e+02 9.5150573179e-03 1.0245931335e-02 8.7989019230e-03 4.9491708960e-01 5.0508245788e-01 1.0000000000e-03
4.6700000000e+02 1.0405780748e-02 1.0559117422e-02 1.0254791938e-02 4.9615641904e-01 5.0384312565e-01 1.0000000000e-03
4.6800000000e+02 1.0669408366e-02 1.0424601845e-02 1.0909766890e-02 4.9540370384e-01 5.0459583950e-01 1.0000000000e-03
4.6900000000e+02 9.5819216222e-03 9.9139567465e-03 9.2530827969e-03 4.9758729193e-01 5.0241224491e-01 1.0000000000e-03
4.7000000000e+02 9.9602490664e-03 1.0011501610e-02 9.9093969911e-03 4.9808481264e-01 5.0191472031e-01 1.0000000000e-03
4.7100000000e+02 1.0420320556e-02 1.0222147219e-02 1.0616398416e-02 4.9733034164e-01 5.0266919004e-01 1.0000000000e-03
4.7200000000e+02 9.6380515024e-03 9.9185230210e-03 9.3586528674e-03 4.9904943891e-01 5.0095008772e-01 1.0000000000e-03
4.7300000000e+02 9.6993269399e-03 9.9266758189e-03 9.4716977328e-03 5.0031719089e-01 4.9968233152e-01 1.0000000000e-03
4.7400000000e+02 1.0154449381e-02 9.9541228265e-03 1.0354225524e-02 4.9930037815e-01 5.0069914278e-01 1.0000000000e-03
4.7500000000e+02 9.6492366865e-03 9.7739649937e-03 9.5245093107e-03 5.0001662343e-01 4.9998289359e-01 1.0000000000e-03
4.7600000000e+02 9.5590632409e-03 9.7142821178e-03 9.4033367932e-03 5.0082817732e-01 4.9917133569e-01 1.0000000000e-03
4.7700000000e+02 9.9399089813e-03 9.8721617833e-03 1.0007775389e-02 5.0040425304e-01 4.9959525837e-01 1.0000000000e-03
4.7800000000e+02 9.6412524581e-03 9.7995670512e-03 9.4821946695e-03 5.0118678733e-01 4.9881272107e-01 1.0000000000e-03
4.7900000000e+02 9.4800572842e-03 9.7333732992e-03 9.2242937535e-03 5.0241075608e-01 4.9758874874e-01 1.0000000000e-03
4.8000000000e+02 9.7678005695e-03 9.7961667925e-03 9.7391782328e-03 5.0231551493e-01 4.9768398822e-01 1.0000000000e-03
4.8100000000e+02 9.6126552671e-03 9.7016040236e-03 9.5228049904e-03 5.0254896847e-01 4.9745053234e-01 1.0000000000e-03
4.8200000000e+02 9.4335125759e-03 9.5851868391e-03 9.2799533159e-03 5.0310303291e-01 4.9689646481e-01 1.0000000000e-03
4.8300000000e+02 9.6357641742e-03 9.6265124157e-03 9.6451276913e-03 5.0274440663e-01 4.9725508943e-01 1.0000000000e-03
4.8400000000e+02 9.5767918974e-03 9.6556302160e-03 9.4970501959e-03 5.0288392875e-01 4.9711556549e-01 1.0000000000e-03
4.8500000000e+02 9.4068590552e-03 9.5717543736e-03 9.2396652326e-03 5.0347818846e-01 4.9652130320e-01 1.0000000000e-03
4.8600000000e+02 9.5371305943e-03 9.6110180020e-03 9.4622056931e-03 5.0352045111e-01 4.9647903896e-01 1.0000000000e-03
4.8700000000e+02 9.5390249044e-03 9.6097122878e-03 9.4673382118e-03 5.0354153496e-01 4.9645795368e-01 1.0000000000e-03
4.8800000000e+02 9.3903830275e-03 9.5350556076e-03 9.2434082180e-03 5.0396390194e-01 4.9603558458e-01 1.0000000000e-03
4.8900000000e+02 9.4602117315e-03 9.5411399379e-03 9.3779880553e-03 5.0399866745e-01 4.9600081757e-01 1.0000000000e-03
4.9000000000e+02 9.4966273755e-03 9.5545900986e-03 9.4377622008e-03 5.0390633985e-01 4.9609314401e-01 1.0000000000e-03
4.9100000000e+02 9.3776583672e-03 9.4633754343e-03 9.2905769125e-03 5.0397637790e-01 4.9602310425e-01 1.0000000000e-03
4.9200000000e+02 9.4037503004e-03 9.4523299485e-03 9.3544283882e-03 5.0383899631e-01 4.9616048445e-01 1.0000000000e-03
4.9300000000e+02 9.4555187970e-03 9.4898017123e-03 9.4207432121e-03 5.0363766271e-01 4.9636181709e-01 1.0000000000e-03
4.9400000000e+02 9.3694608659e-03 9.4481483102e-03 9.2896101996e-03 5.0369691402e-01 4.9630256443e-01 1.0000000000e-03
4.9500000000e+02 9.3645527959e-03 9.4470679760e-03 9.2807933688e-03 5.0377111879e-01 4.9622835843e-01 1.0000000000e-03
4.9600000000e+02 9.4162002206e-03 9.4598289579e-03 9.3719437718e-03 5.0362732308e-01 4.9637215332e-01 1.0000000000e-03
4.9700000000e+02 9.3608796597e-03 9.4115911052e-03 9.3094557524e-03 5.0353734608e-01 4.9646212926e-01 1.0000000000e-03
4.9800000000e+02 9.3368524686e-03 9.3963779509e-03 9.2764971778e-03 5.0350458697e-01 4.9649488728e-01 1.0000000000e-03
4.9900000000e+02 9.3772122636e-03 9.4343824312e-03 9.3192541972e-03 5.0346105054e-01 4.9653842296e-01 1.0000000000e-03
5.0000000000e+02 9.3489531428e-03 9.4314292073e-03 9.2653054744e-03 5.0355917718e-01 4.9644029548e-01 1.0000000000e-03
