# epoch total_loss data_loss physics_loss w_data w_physics lr
1.0000000000e+00 1.4354667664e+00 9.2338126898e-01 1.9130229950e+00 4.8255464242e-01 5.1744535723e-01 1.0000000000e-03
2.0000000000e+00 1.0383371115e+00 8.3098202944e-01 1.2257206440e+00 4.7470278324e-01 5.2529721596e-01 1.0000000000e-03
3.0000000000e+00 7.3639202118e-01 7.6290130615e-01 7.1202385426e-01 4.7895725146e-01 5.2104274714e-01 1.0000000000e-03
4.0000000000e+00 5.4294067621e-01 7.2232514620e-01 3.6536189914e-01 4.9747080669e-01 5.0252919113e-01 1.0000000000e-03
5.0000000000e+00 4.4503420591e-01 6.6577631235e-01 2.0155951381e-01 5.2448480110e-01 4.7551519579e-01 1.0000000000e-03
6.0000000000e+00 3.7945255637e-01 5.5622553825e-01 1.6404047608e-01 5.4926133500e-01 4.5073866080e-01 1.0000000000e-03
7.0000000000e+00 3.0933636427e-01 4.1544380784e-01 1.7145015299e-01 5.6512206054e-01 4.3487793398e-01 1.0000000000e-03
8.0000000000e+00 2.3040229082e-01 2.7168747783e-01 1.7582695186e-01 5.6932018107e-01 4.3067981177e-01 1.0000000000e-03
9.0000000000e+00 1.5085209906e-01 1.5093325078e-01 1.5074779093e-01 5.6241889904e-01 4.3758109120e-01 1.0000000000e-03
1.0000000000e+01 8.3138197660e-02 7.5414344668e-02 9.2618890107e-02 5.5105761879e-01 4.4894236648e-01 1.0000000000e-03
1.1000000000e+01 5.1663711667e-02 6.2387604266e-02 3.8124207407e-02 5.5802177389e-01 4.4197820290e-01 1.0000000000e-03
1.2000000000e+01 7.3825567961e-02 1.0732264072e-01 2.7184331790e-02 5.8200923917e-01 4.1799073250e-01 1.0000000000e-03
1.3000000000e+01 1.0731207579e-01 1.5658946335e-01 3.1129840761e-02 6.0722512513e-01 3.9277484405e-01 1.0000000000e-03
1.4000000000e+01 1.2906143069e-01 1.7856474221e-01 4.6224500984e-02 6.2593912467e-01 3.7406084314e-01 1.0000000000e-03
1.5000000000e+01 1.3210040331e-01 1.6823808849e-01 6.9468714297e-02 6.3412067148e-01 3.6587929534e-01 1.0000000000e-03
1.6000000000e+01 1.1143760383e-01 1.3634838164e-01 6.7618176341e-02 6.3755700159e-01 3.6244296364e-01 1.0000000000e-03
1.7000000000e+01 7.5754657388e-02 9.7573943436e-02 3.5766866058e-02 6.4697765044e-01 3.5302231078e-01 1.0000000000e-03
1.8000000000e+01 4.7837786376e-02 6.5924987197e-02 1.1547978036e-02 6.6737405791e-01 3.3262589428e-01 1.0000000000e-03
1.9000000000e+01 3.6572813988e-02 4.8436485231e-02 1.1135967448e-02 6.8194348929e-01 3.1805645089e-01 1.0000000000e-03
2.0000000000e+01 3.8003854454e-02 4.5136168599e-02 2.2837102413e-02 6.8015195030e-01 3.1984798115e-01 1.0000000000e-03
2.1000000000e+01 4.5130126178e-02 5.1365494728e-02 3.2264590263e-02 6.7355662420e-01 3.2644330215e-01 1.0000000000e-03
2.2000000000e+01 5.2389804274e-02 6.1154007912e-02 3.4589912742e-02 6.7007342606e-01 3.2992649721e-01 1.0000000000e-03
2.3000000000e+01 5.7157814503e-02 6.9395840168e-02 3.2152481377e-02 6.7140382876e-01 3.2859609234e-01 1.0000000000e-03
2.4000000000e+01 5.8354839683e-02 7.2559826076e-02 2.8731001541e-02 6.7589857872e-01 3.2410134040e-01 1.0000000000e-03
2.5000000000e+01 5.5620752275e-02 6.9200254977e-02 2.6702506468e-02 6.8046539988e-01 3.1953451690e-01 1.0000000000e-03
2.6000000000e+01 4.9621734768e-02 6.0295604169e-02 2.6764087379e-02 6.8167662565e-01 3.1832328796e-01 1.0000000000e-03
2.7000000000e+01 4.2092759162e-02 4.8768110573e-02 2.8104664758e-02 6.7694898333e-01 3.2305092592e-01 1.0000000000e-03
2.8000000000e+01 3.5022322088e-02 3.8197677583e-02 2.8680101037e-02 6.6636972588e-01 3.3363017748e-01 1.0000000000e-03
2.9000000000e+01 2.9686175287e-02 3.1321480870e-02 2.6597755030e-02 6.5381059976e-01 3.4618929601e-01 1.0000000000e-03
3.0000000000e+01 2.6766093448e-02 2.9056459665e-02 2.2610772401e-02 6.4466722250e-01 3.5533266433e-01 1.0000000000e-03
3.1000000000e+01 2.7050668374e-02 3.0588248745e-02 2.0768158138e-02 6.3976121457e-01 3.6023866410e-01 1.0000000000e-03
3.2000000000e+01 3.0426420271e-02 3.4273605794e-02 2.3737229407e-02 6.3486646950e-01 3.6513340407e-01 1.0000000000e-03
3.3000000000e+01 3.4352518618e-02 3.8440071046e-02 2.7399677783e-02 6.2976410543e-01 3.7023576559e-01 1.0000000000e-03
3.4000000000e+01 3.5828702152e-02 4.1546594352e-02 2.6170087978e-02 6.2814124439e-01 3.7185862476e-01 1.0000000000e-03
3.5000000000e+01 3.4743435681e-02 4.2123112828e-02 2.2130226716e-02 6.3088496733e-01 3.6911489935e-01 1.0000000000e-03
3.6000000000e+01 3.2318156213e-02 3.9434030652e-02 1.9983001053e-02 6.3416468672e-01 3.6583517646e-01 1.0000000000e-03
3.7000000000e+01 2.9084630311e-02 3.4466426820e-02 1.9749162719e-02 6.3432111425e-01 3.6567874417e-01 1.0000000000e-03
3.8000000000e+01 2.5893770158e-02 2.9605366290e-02 1.9543437287e-02 6.3112517972e-01 3.6887467251e-01 1.0000000000e-03
3.9000000000e+01 2.4024419487e-02 2.6922581717e-02 1.9164582714e-02 6.2642930814e-01 3.7357053717e-01 1.0000000000e-03
4.0000000000e+01 2.3799479008e-02 2.6768222451e-02 1.8906243145e-02 6.2239290121e-01 3.7760693767e-01 1.0000000000e-03
4.1000000000e+01 2.4285284802e-02 2.7959095314e-02 1.8275221810e-02 6.2062620159e-01 3.7937363177e-01 1.0000000000e-03
4.2000000000e+01 2.4639304727e-02 2.9139304534e-02 1.7254279926e-02 6.2137247752e-01 3.7862735096e-01 1.0000000000e-03
4.3000000000e+01 2.4900451303e-02 2.9767470434e-02 1.6854751855e-02 6.2308346048e-01 3.7691636370e-01 1.0000000000e-03
4.4000000000e+01 2.5275131688e-02 2.9976563528e-02 1.7474470660e-02 6.2394877908e-01 3.7605104161e-01 1.0000000000e-03
4.5000000000e+01 2.5454439223e-02 2.9931541532e-02 1.8025401980e-02 6.2396725177e-01 3.7603256600e-01 1.0000000000e-03
4.6000000000e+01 2.4978350848e-02 2.9544128105e-02 1.7384085804e-02 6.2452651692e-01 3.7547329776e-01 1.0000000000e-03
4.7000000000e+01 2.3924933746e-02 2.8698543087e-02 1.5921518207e-02 6.2639142962e-01 3.7360838118e-01 1.0000000000e-03
4.8000000000e+01 2.2806890309e-02 2.7525959536e-02 1.4814202674e-02 6.2876373583e-01 3.7123607027e-01 1.0000000000e-03
4.9000000000e+01 2.1935235709e-02 2.6380728930e-02 1.4344250783e-02 6.3066510465e-01 3.6933469628e-01 1.0000000000e-03
5.0000000000e+01 2.1341990680e-02 2.5625072420e-02 1.3976596296e-02 6.3230562998e-01 3.6769416561e-01 1.0000000000e-03
5.1000000000e+01 2.1147873253e-02 2.5431526825e-02 1.3726922683e-02 6.3402023373e-01 3.6597955676e-01 1.0000000000e-03
5.2000000000e+01 2.1424829960e-02 2.5673329830e-02 1.4024345204e-02 6.3529031859e-01 3.6470946767e-01 1.0000000000e-03
5.3000000000e+01 2.1824862808e-02 2.5966661051e-02 1.4595004730e-02 6.3577900925e-01 3.6422077373e-01 1.0000000000e-03
5.4000000000e+01 2.1878790110e-02 2.5906918570e-02 1.4847658575e-02 6.3576921289e-01 3.6423056725e-01 1.0000000000e-03
5.5000000000e+01 2.1541751921e-02 2.5335295126e-02 1.4939227141e-02 6.3509878287e-01 3.6490099443e-01 1.0000000000e-03
5.6000000000e+01 2.1074527875e-02 2.4393456057e-02 1.5350934118e-02 6.3296473602e-01 3.6703503839e-01 1.0000000000e-03
5.7000000000e+01 2.0588541403e-02 2.3356186226e-02 1.5892691910e-02 6.2917615509e-01 3.7082361640e-01 1.0000000000e-03
5.8000000000e+01 2.0079025999e-02 2.2436557338e-02 1.6160035506e-02 6.2438945185e-01 3.7561031658e-01 1.0000000000e-03
5.9000000000e+01 1.9679995254e-02 2.1707853302e-02 1.6386307776e-02 6.1893521768e-01 3.8106454766e-01 1.0000000000e-03
6.0000000000e+01 1.9501106814e-02 2.1155849099e-02 1.6883827746e-02 6.1265689901e-01 3.8734286350e-01 1.0000000000e-03
6.1000000000e+01 1.9436633214e-02 2.0787680522e-02 1.7359640449e-02 6.0588435448e-01 3.9411540556e-01 1.0000000000e-03
6.2000000000e+01 1.9376315176e-02 2.0656738430e-02 1.7459768802e-02 5.9948958606e-01 4.0051017175e-01 1.0000000000e-03
6.3000000000e+01 1.9346226007e-02 2.0742531866e-02 1.7302846536e-02 5.9406111663e-01 4.0593863911e-01 1.0000000000e-03
6.4000000000e+01 1.9314859062e-02 2.0858814940e-02 1.7096651718e-02 5.8961101337e-01 4.1038874046e-01 1.0000000000e-03
6.5000000000e+01 1.9147548825e-02 2.0787566900e-02 1.6826998442e-02 5.8591457130e-01 4.1408518055e-01 1.0000000000e-03
6.6000000000e+01 1.8839165568e-02 2.0506504923e-02 1.6510780901e-02 5.8272020482e-01 4.1727954483e-01 1.0000000000e-03
6.7000000000e+01 1.8526142463e-02 2.0201347768e-02 1.6213497147e-02 5.7992375280e-01 4.2007599443e-01 1.0000000000e-03
6.8000000000e+01 1.8273454159e-02 2.0056001842e-02 1.5833830461e-02 5.7781348944e-01 4.2218625521e-01 1.0000000000e-03
6.9000000000e+01 1.8080715090e-02 2.0104452968e-02 1.5322690830e-02 5.7678085105e-01 4.2321889090e-01 1.0000000000e-03
7.0000000000e+01 1.7988590524e-02 2.0275758579e-02 1.4871424064e-02 5.7679089707e-01 4.2320884223e-01 1.0000000000e-03
7.1000000000e+01 1.7982814461e-02 2.0492814481e-02 1.4550730586e-02 5.7758993392e-01 4.2240980292e-01 1.0000000000e-03
7.2000000000e+01 1.7964785919e-02 2.0699340850e-02 1.4201816171e-02 5.7913938955e-01 4.2086034496e-01 1.0000000000e-03
7.3000000000e+01 1.7907127738e-02 2.0839845762e-02 1.3835079037e-02 5.8132605607e-01 4.1867367615e-01 1.0000000000e-03
7.4000000000e+01 1.7838481814e-02 2.0858706906e-02 1.3603445143e-02 5.8371985294e-01 4.1627987703e-01 1.0000000000e-03
7.5000000000e+01 1.7736451700e-02 2.0735867321e-02 1.3492147438e-02 5.8592941586e-01 4.1407031190e-01 1.0000000000e-03
7.6000000000e+01 1.7595130950e-02 2.0506797358e-02 1.3444155455e-02 5.8773769904e-01 4.1226202649e-01 1.0000000000e-03
7.7000000000e+01 1.7462521791e-02 2.0221304148e-02 1.3510394841e-02 5.8891139327e-01 4.1108833006e-01 1.0000000000e-03
7.8000000000e+01 1.7355958000e-02 1.9897468388e-02 1.3710368425e-02 5.8922508339e-01 4.1077463785e-01 1.0000000000e-03
7.9000000000e+01 1.7264353111e-02 1.9538076594e-02 1.4012125321e-02 5.8853790497e-01 4.1146181435e-01 1.0000000000e-03
8.0000000000e+01 1.7197007313e-02 1.9164854661e-02 1.4402665198e-02 5.8677754595e-01 4.1322217164e-01 1.0000000000e-03
8.1000000000e+01 1.7143329605e-02 1.8810793757e-02 1.4801867306e-02 5.8406319195e-01 4.1593652413e-01 1.0000000000e-03
8.2000000000e+01 1.7064498737e-02 1.8499290571e-02 1.5076994896e-02 5.8075315516e-01 4.1924655953e-01 1.0000000000e-03
8.3000000000e+01 1.6959454864e-02 1.8241398036e-02 1.5209304169e-02 5.7721000603e-01 4.2278970730e-01 1.0000000000e-03
8.4000000000e+01 1.6856286675e-02 1.8035562709e-02 1.5269649215e-02 5.7364136252e-01 4.2635834945e-01 1.0000000000e-03
8.5000000000e+01 1.6760174185e-02 1.7872771248e-02 1.5284258872e-02 5.7018062411e-01 4.2981908650e-01 1.0000000000e-03
8.6000000000e+01 1.6673250124e-02 1.7753921449e-02 1.5258486383e-02 5.6694208654e-01 4.3305762272e-01 1.0000000000e-03
8.7000000000e+01 1.6604486853e-02 1.7688700929e-02 1.5201820992e-02 5.6402840346e-01 4.3597130447e-01 1.0000000000e-03
8.8000000000e+01 1.6540490091e-02 1.7673667520e-02 1.5089054592e-02 5.6156998832e-01 4.3842971830e-01 1.0000000000e-03
8.9000000000e+01 1.6469307244e-02 1.7690049484e-02 1.4917762019e-02 5.5966392889e-01 4.4033577640e-01 1.0000000000e-03
9.0000000000e+01 1.6399502754e-02 1.7722563818e-02 1.4727101661e-02 5.5831307084e-01 4.4168663309e-01 1.0000000000e-03
9.1000000000e+01 1.6328867525e-02 1.7766864970e-02 1.4517055824e-02 5.5751491658e-01 4.4248478599e-01 1.0000000000e-03
9.2000000000e+01 1.6252622008e-02 1.7822677270e-02 1.4276240021e-02 5.5728763951e-01 4.4271206165e-01 1.0000000000e-03
9.3000000000e+01 1.6182491556e-02 1.7888644710e-02 1.4032070525e-02 5.5759972231e-01 4.4239997741e-01 1.0000000000e-03
9.4000000000e+01 1.6123579815e-02 1.7963690683e-02 1.3796785846e-02 5.5839962257e-01 4.4160007569e-01 1.0000000000e-03
9.5000000000e+01 1.6074731946e-02 1.8044205382e-02 1.3571874239e-02 5.5963251656e-01 4.4036718024e-01 1.0000000000e-03
9.6000000000e+01 1.6038257629e-02 1.8109314144e-02 1.3389929198e-02 5.6116051382e-01 4.3883918156e-01 1.0000000000e-03
9.7000000000e+01 1.6004368663e-02 1.8119756132e-02 1.3281852938e-02 5.6274771682e-01 4.3725197717e-01 1.0000000000e-03
9.8000000000e+01 1.5960510820e-02 1.8049031496e-02 1.3257473707e-02 5.6412558191e-01 4.3587411074e-01 1.0000000000e-03
9.9000000000e+01 1.5907218680e-02 1.7907105386e-02 1.3308848254e-02 5.6507824106e-01 4.3492145030e-01 1.0000000000e-03
1.0000000000e+02 1.5846261755e-02 1.7724025995e-02 1.3402245007e-02 5.6551273522e-01 4.3448695487e-01 1.0000000000e-03
1.0100000000e+02 1.5779383481e-02 1.7523497343e-02 1.3510103337e-02 5.6542765097e-01 4.3457203789e-01 1.0000000000e-03
1.0200000000e+02 1.5714365989e-02 1.7317406833e-02 1.3633657247e-02 5.6483579338e-01 4.3516389428e-01 1.0000000000e-03
1.0300000000e+02 1.5654193237e-02 1.7113188282e-02 1.3768663630e-02 5.6376722863e-01 4.3623245789e-01 1.0000000000e-03
1.0400000000e+02 1.5597989783e-02 1.6918785870e-02 1.3901311904e-02 5.6228579034e-01 4.3771389507e-01 1.0000000000e-03
1.0500000000e+02 1.5546873212e-02 1.6741180792e-02 1.4023930766e-02 5.6047331612e-01 4.3952636825e-01 1.0000000000e-03
1.0600000000e+02 1.5496999025e-02 1.6584036872e-02 1.4122266322e-02 5.5843454219e-01 4.4156514118e-01 1.0000000000e-03
1.0700000000e+02 1.5443919227e-02 1.6450023279e-02 1.4182540588e-02 5.5629216888e-01 4.4370751350e-01 1.0000000000e-03
1.0800000000e+02 1.5389190987e-02 1.6343230382e-02 1.4203345403e-02 5.5416559382e-01 4.4583408759e-01 1.0000000000e-03
1.0900000000e+02 1.5333794989e-02 1.6269005835e-02 1.4180660248e-02 5.5217819339e-01 4.4782148704e-01 1.0000000000e-03
1.1000000000e+02 1.5278710984e-02 1.6234459355e-02 1.4108393341e-02 5.5046376138e-01 4.4953591805e-01 1.0000000000e-03
1.1100000000e+02 1.5225928277e-02 1.6246514395e-02 1.3982772827e-02 5.4916165285e-01 4.5083802556e-01 1.0000000000e-03
1.1200000000e+02 1.5174426138e-02 1.6305858269e-02 1.3800447807e-02 5.4840640924e-01 4.5159326811e-01 1.0000000000e-03
1.1300000000e+02 1.5124521218e-02 1.6402123496e-02 1.3573806733e-02 5.4828339642e-01 4.5171627983e-01 1.0000000000e-03
1.1400000000e+02 1.5078578144e-02 1.6513912007e-02 1.3332886621e-02 5.4878396049e-01 4.5121571463e-01 1.0000000000e-03
1.1500000000e+02 1.5036512166e-02 1.6616499051e-02 1.3106914237e-02 5.4980928351e-01 4.5019039046e-01 1.0000000000e-03
1.1600000000e+02 1.4997994527e-02 1.6692247242e-02 1.2917158194e-02 5.5120315012e-01 4.4879652268e-01 1.0000000000e-03
1.1700000000e+02 1.4961941168e-02 1.6732061282e-02 1.2773926370e-02 5.5279015773e-01 4.4720951390e-01 1.0000000000e-03
1.1800000000e+02 1.4925796539e-02 1.6729874536e-02 1.2681291439e-02 5.5439385400e-01 4.4560581647e-01 1.0000000000e-03
1.1900000000e+02 1.4888468198e-02 1.6680900007e-02 1.2645403855e-02 5.5583478464e-01 4.4416488468e-01 1.0000000000e-03
1.2000000000e+02 1.4848790132e-02 1.6584524885e-02 1.2666859664e-02 5.5694783343e-01 4.4305183477e-01 1.0000000000e-03
1.2100000000e+02 1.4805708081e-02 1.6446674243e-02 1.2737381272e-02 5.5760802995e-01 4.4239163717e-01 1.0000000000e-03
1.2200000000e+02 1.4760334045e-02 1.6278833151e-02 1.2845329009e-02 5.5774180504e-01 4.4225786102e-01 1.0000000000e-03
1.2300000000e+02 1.4714203775e-02 1.6094975173e-02 1.2975779362e-02 5.5733244012e-01 4.4266722494e-01 1.0000000000e-03
1.2400000000e+02 1.4668943360e-02 1.5908474103e-02 1.3114145957e-02 5.5641322940e-01 4.4358643470e-01 1.0000000000e-03
1.2500000000e+02 1.4625849202e-02 1.5730105340e-02 1.3248338364e-02 5.5505397927e-01 4.4494568391e-01 1.0000000000e-03
1.2600000000e+02 1.4584445395e-02 1.5569297597e-02 1.3364287093e-02 5.5335903167e-01 4.4664063063e-01 1.0000000000e-03
1.2700000000e+02 1.4543691650e-02 1.5437240712e-02 1.3445069082e-02 5.5147188477e-01 4.4852777668e-01 1.0000000000e-03
1.2800000000e+02 1.4502590522e-02 1.5345755965e-02 1.3473846018e-02 5.4957231106e-01 4.5042734955e-01 1.0000000000e-03
1.2900000000e+02 1.4460217208e-02 1.5302167274e-02 1.3440054841e-02 5.4785439419e-01 4.5214526557e-01 1.0000000000e-03
1.3000000000e+02 1.4416995458e-02 1.5306125395e-02 1.3345582411e-02 5.4649027316e-01 4.5350938571e-01 1.0000000000e-03
1.3100000000e+02 1.4374189079e-02 1.5350552276e-02 1.3201858848e-02 5.4560394502e-01 4.5439571294e-01 1.0000000000e-03
1.3200000000e+02 1.4333264902e-02 1.5424419194e-02 1.3024913147e-02 5.4526068851e-01 4.5473896851e-01 1.0000000000e-03
1.3300000000e+02 1.4295526780e-02 1.5514345840e-02 1.2832895853e-02 5.4546424921e-01 4.5453540683e-01 1.0000000000e-03
1.3400000000e+02 1.4261225238e-02 1.5605032444e-02 1.2644080445e-02 5.4615859231e-01 4.5384106272e-01 1.0000000000e-03
1.3500000000e+02 1.4229964465e-02 1.5680447221e-02 1.2476869859e-02 5.4723142532e-01 4.5276822869e-01 1.0000000000e-03
1.3600000000e+02 1.4200799167e-02 1.5726439655e-02 1.2347200885e-02 5.4852678894e-01 4.5147286405e-01 1.0000000000e-03
1.3700000000e+02 1.4172166586e-02 1.5733538195e-02 1.2264847755e-02 5.4986853713e-01 4.5013111485e-01 1.0000000000e-03
1.3800000000e+02 1.4142574742e-02 1.5698295087e-02 1.2232791632e-02 5.5108533071e-01 4.4891432027e-01 1.0000000000e-03
1.3900000000e+02 1.4110901393e-02 1.5622315928e-02 1.2248409912e-02 5.5202955498e-01 4.4797009502e-01 1.0000000000e-03
1.4000000000e+02 1.4076896012e-02 1.5510480851e-02 1.2306332588e-02 5.5258595275e-01 4.4741369630e-01 1.0000000000e-03
1.4100000000e+02 1.4041374438e-02 1.5370089561e-02 1.2399739586e-02 5.5267549788e-01 4.4732415025e-01 1.0000000000e-03
1.4200000000e+02 1.4005413279e-02 1.5211535618e-02 1.2517711148e-02 5.5226529875e-01 4.4773434851e-01 1.0000000000e-03
1.4300000000e+02 1.3970009983e-02 1.5048682690e-02 1.2644270435e-02 5.5137994797e-01 4.4861969845e-01 1.0000000000e-03
1.4400000000e+02 1.3935690746e-02 1.4896830544e-02 1.2760479003e-02 5.5010411620e-01 4.4989552942e-01 1.0000000000e-03
1.4500000000e+02 1.3902347535e-02 1.4769470319e-02 1.2848637998e-02 5.4857117234e-01 4.5142847251e-01 1.0000000000e-03
1.4600000000e+02 1.3869478367e-02 1.4676348306e-02 1.2895410880e-02 5.4694367635e-01 4.5305596775e-01 1.0000000000e-03
1.4700000000e+02 1.3836444356e-02 1.4623111114e-02 1.2892685831e-02 5.4539371092e-01 4.5460593242e-01 1.0000000000e-03
1.4800000000e+02 1.3802933507e-02 1.4611277729e-02 1.2838276103e-02 5.4408388409e-01 4.5591575849e-01 1.0000000000e-03
1.4900000000e+02 1.3769321144e-02 1.4637797140e-02 1.2736805715e-02 5.4314765698e-01 4.5685198482e-01 1.0000000000e-03
1.5000000000e+02 1.3736554421e-02 1.4694737270e-02 1.2599574402e-02 5.4267096590e-01 4.5732867507e-01 1.0000000000e-03
1.5100000000e+02 1.3705841266e-02 1.4769890346e-02 1.2443201616e-02 5.4267879308e-01 4.5732084705e-01 1.0000000000e-03
1.5200000000e+02 1.3677924871e-02 1.4848766848e-02 1.2286012992e-02 5.4313316125e-01 4.5686647801e-01 1.0000000000e-03
1.5300000000e+02 1.3652727939e-02 1.4917030931e-02 1.2144800276e-02 5.4394185555e-01 4.5605778284e-01 1.0000000000e-03
1.5400000000e+02 1.3629303314e-02 1.4962109737e-02 1.2033048086e-02 5.4497281065e-01 4.5502682685e-01 1.0000000000e-03
1.5500000000e+02 1.3606188819e-02 1.4973900281e-02 1.1960873380e-02 5.4606870037e-01 4.5393093625e-01 1.0000000000e-03
1.5600000000e+02 1.3582079671e-02 1.4945840463e-02 1.1934925802e-02 5.4706230971e-01 4.5293732605e-01 1.0000000000e-03
1.5700000000e+02 1.3556218706e-02 1.4876483008e-02 1.1956871487e-02 5.4779632370e-01 4.5220331122e-01 1.0000000000e-03
1.5800000000e+02 1.3528650627e-02 1.4770505950e-02 1.2022162788e-02 5.4814557969e-01 4.5185405441e-01 1.0000000000e-03
1.5900000000e+02 1.3500076719e-02 1.4637982473e-02 1.2120303698e-02 5.4803548564e-01 4.5196414768e-01 1.0000000000e-03
1.6000000000e+02 1.3471486978e-02 1.4492443763e-02 1.2236434966e-02 5.4745208782e-01 4.5254754475e-01 1.0000000000e-03
1.6100000000e+02 1.3443673961e-02 1.4348874800e-02 1.2353097089e-02 5.4644399436e-01 4.5355563751e-01 1.0000000000e-03
1.6200000000e+02 1.3416877016e-02 1.4222028665e-02 1.2452016585e-02 5.4511742955e-01 4.5488220165e-01 1.0000000000e-03
1.6300000000e+02 1.3390691020e-02 1.4124630950e-02 1.2516449206e-02 5.4362390344e-01 4.5637572709e-01 1.0000000000e-03
1.6400000000e+02 1.3364447281e-02 1.4065530151e-02 1.2534324080e-02 5.4213971589e-01 4.5785991400e-01 1.0000000000e-03
1.6500000000e+02 1.3337742537e-02 1.4048172161e-02 1.2500946410e-02 5.4083961725e-01 4.5916001198e-01 1.0000000000e-03
1.6600000000e+02 1.3310805894e-02 1.4070154168e-02 1.2419871055e-02 5.3987054967e-01 4.6012907889e-01 1.0000000000e-03
1.6700000000e+02 1.3284415938e-02 1.4123956673e-02 1.2301526032e-02 5.3933171923e-01 4.6066790863e-01 1.0000000000e-03
1.6800000000e+02 1.3259621337e-02 1.4198140241e-02 1.2161157094e-02 5.3926240671e-01 4.6073722043e-01 1.0000000000e-03
1.6900000000e+02 1.3237130828e-02 1.4278471470e-02 1.2016480789e-02 5.3963733342e-01 4.6036229297e-01 1.0000000000e-03
1.7000000000e+02 1.3216964900e-02 1.4349297620e-02 1.1885739863e-02 5.4036874645e-01 4.5963087919e-01 1.0000000000e-03
1.7100000000e+02 1.3198336586e-02 1.4395719394e-02 1.1785248294e-02 5.4131728742e-01 4.5868233746e-01 1.0000000000e-03
1.7200000000e+02 1.3179928064e-02 1.4406220056e-02 1.1726913974e-02 5.4231180005e-01 4.5768782408e-01 1.0000000000e-03
1.7300000000e+02 1.3160495088e-02 1.4374789782e-02 1.1716684327e-02 5.4317441893e-01 4.5682520446e-01 1.0000000000e-03
1.7400000000e+02 1.3139436021e-02 1.4301876538e-02 1.1754094623e-02 5.4374601173e-01 4.5625361094e-01 1.0000000000e-03
1.7500000000e+02 1.3116957620e-02 1.4194300398e-02 1.1832184158e-02 5.4390929835e-01 4.5609032363e-01 1.0000000000e-03
1.7600000000e+02 1.3093918562e-02 1.4064298011e-02 1.1938117445e-02 5.4360677667e-01 4.5639284465e-01 1.0000000000e-03
1.7700000000e+02 1.3071237132e-02 1.3927718624e-02 1.2054198422e-02 5.4285150941e-01 4.5714811129e-01 1.0000000000e-03
1.7800000000e+02 1.3049395755e-02 1.3801350258e-02 1.2160517275e-02 5.4172642072e-01 4.5827319939e-01 1.0000000000e-03
1.7900000000e+02 1.3028252870e-02 1.3700083829e-02 1.2238412164e-02 5.4037133041e-01 4.5962828914e-01 1.0000000000e-03
1.8000000000e+02 1.3007254340e-02 1.3634662144e-02 1.2273816392e-02 5.3896043269e-01 4.6103918631e-01 1.0000000000e-03
1.8100000000e+02 1.2985887006e-02 1.3610498980e-02 1.2259482406e-02 5.3767553558e-01 4.6232408287e-01 1.0000000000e-03
1.8200000000e+02 1.2964166701e-02 1.3627180830e-02 1.2196189724e-02 5.3667869034e-01 4.6332092754e-01 1.0000000000e-03
1.8300000000e+02 1.2942705303e-02 1.3678508811e-02 1.2092435732e-02 5.3608805128e-01 4.6391156600e-01 1.0000000000e-03
1.8400000000e+02 1.2922491878e-02 1.3753018342e-02 1.1963256635e-02 5.3595904837e-01 4.6404056830e-01 1.0000000000e-03
1.8500000000e+02 1.2904324569e-02 1.3835390098e-02 1.1827602051e-02 5.3627495797e-01 4.6372465807e-01 1.0000000000e-03
1.8600000000e+02 1.2888265774e-02 1.3908710331e-02 1.1704977602e-02 5.3694930632e-01 4.6305030907e-01 1.0000000000e-03
1.8700000000e+02 1.2873551808e-02 1.3957140967e-02 1.1612534523e-02 5.3783909466e-01 4.6216052008e-01 1.0000000000e-03
1.8800000000e+02 1.2858912349e-02 1.3968598098e-02 1.1562694795e-02 5.3876683918e-01 4.6123277492e-01 1.0000000000e-03
1.8900000000e+02 1.2843226083e-02 1.3936976902e-02 1.1561602354e-02 5.3954799049e-01 4.6045162298e-01 1.0000000000e-03
1.9000000000e+02 1.2826009654e-02 1.3863568194e-02 1.1607911438e-02 5.4002097873e-01 4.5997863414e-01 1.0000000000e-03
1.9100000000e+02 1.2807643041e-02 1.3757053763e-02 1.1692794040e-02 5.4007440395e-01 4.5992520834e-01 1.0000000000e-03
1.9200000000e+02 1.2788985856e-02 1.3631841168e-02 1.1800885201e-02 5.3966654864e-01 4.6033306310e-01 1.0000000000e-03
1.9300000000e+02 1.2770853937e-02 1.3505263254e-02 1.1912771501e-02 5.3883247491e-01 4.6116713631e-01 1.0000000000e-03
1.9400000000e+02 1.2753510848e-02 1.3394517824e-02 1.2008031830e-02 5.3767823586e-01 4.6232137487e-01 1.0000000000e-03
1.9500000000e+02 1.2736616656e-02 1.3313967735e-02 1.2068710290e-02 5.3636335864e-01 4.6363625163e-01 1.0000000000e-03
1.9600000000e+02 1.2719569728e-02 1.3273056597e-02 1.2082582340e-02 5.3507455539e-01 4.6492505441e-01 1.0000000000e-03
1.9700000000e+02 1.2702044100e-02 1.3274915516e-02 1.2045603245e-02 5.3399458129e-01 4.6600502804e-01 1.0000000000e-03
1.9800000000e+02 1.2684380636e-02 1.3315842487e-02 1.1962901801e-02 5.3327114641e-01 4.6672846242e-01 1.0000000000e-03
1.9900000000e+02 1.2667471543e-02 1.3385756873e-02 1.1847711168e-02 5.3299164118e-01 4.6700796714e-01 1.0000000000e-03
2.0000000000e+02 1.2652224861e-02 1.3469554484e-02 1.1718765832e-02 5.3316785362e-01 4.6683175417e-01 1.0000000000e-03
2.0100000000e+02 1.2638931163e-02 1.3549308293e-02 1.1596837081e-02 5.3373329435e-01 4.6626631289e-01 1.0000000000e-03
2.0200000000e+02 1.2627071701e-02 1.3607202098e-02 1.1501427740e-02 5.3455327123e-01 4.6544633546e-01 1.0000000000e-03
2.0300000000e+02 1.2615482323e-02 1.3628908433e-02 1.1447406374e-02 5.3544764861e-01 4.6455195753e-01 1.0000000000e-03
2.0400000000e+02 1.2602992356e-02 1.3606633991e-02 1.1442585848e-02 5.3622245396e-01 4.6377715164e-01 1.0000000000e-03
2.0500000000e+02 1.2589074671e-02 1.3540900312e-02 1.1486441828e-02 5.3670461496e-01 4.6329499013e-01 1.0000000000e-03
2.0600000000e+02 1.2574039400e-02 1.3440446928e-02 1.1570082977e-02 5.3677328496e-01 4.6322631963e-01 1.0000000000e-03
2.0700000000e+02 1.2558763847e-02 1.3320437633e-02 1.1677557603e-02 5.3638195872e-01 4.6361764541e-01 1.0000000000e-03
2.0800000000e+02 1.2544019148e-02 1.3199475594e-02 1.1788177304e-02 5.3556773301e-01 4.6443187069e-01 1.0000000000e-03
2.0900000000e+02 1.2530012056e-02 1.3096105307e-02 1.1880160309e-02 5.3444513968e-01 4.6555446361e-01 1.0000000000e-03
2.1000000000e+02 1.2516314164e-02 1.3025511056e-02 1.1934730224e-02 5.3318564144e-01 4.6681396146e-01 1.0000000000e-03
2.1100000000e+02 1.2502318248e-02 1.2996988371e-02 1.1940040626e-02 5.3198628990e-01 4.6801331261e-01 1.0000000000e-03
2.1200000000e+02 1.2487821281e-02 1.3012496755e-02 1.1893713847e-02 5.3103363176e-01 4.6896597035e-01 1.0000000000e-03
2.1300000000e+02 1.2473337352e-02 1.3066320680e-02 1.1803404428e-02 5.3046931101e-01 4.6953029068e-01 1.0000000000e-03
2.1400000000e+02 1.2459804304e-02 1.3145755976e-02 1.1685164645e-02 5.3036343225e-01 4.6963616900e-01 1.0000000000e-03
2.1500000000e+02 1.2448003516e-02 1.3232973404e-02 1.1560342275e-02 5.3070021684e-01 4.6929938395e-01 1.0000000000e-03
2.1600000000e+02 1.2437930331e-02 1.3308076188e-02 1.1451259255e-02 5.3137990440e-01 4.6861969592e-01 1.0000000000e-03
2.1700000000e+02 1.2428718619e-02 1.3353001326e-02 1.1377048679e-02 5.3223693591e-01 4.6776266395e-01 1.0000000000e-03
2.1800000000e+02 1.2419136241e-02 1.3355378993e-02 1.1350280605e-02 5.3307119423e-01 4.6692840516e-01 1.0000000000e-03
2.1900000000e+02 1.2408293784e-02 1.3311319053e-02 1.1374810711e-02 5.3368631288e-01 4.6631328606e-01 1.0000000000e-03
2.2000000000e+02 1.2396159582e-02 1.3226417825e-02 1.1445034295e-02 5.3392787202e-01 4.6607172649e-01 1.0000000000e-03
2.2100000000e+02 1.2383459136e-02 1.3114588335e-02 1.1546612717e-02 5.3371409662e-01 4.6628550150e-01 1.0000000000e-03
2.2200000000e+02 1.2371083722e-02 1.2995049357e-02 1.1658793315e-02 5.3305270161e-01 4.6694689613e-01 1.0000000000e-03
2.2300000000e+02 1.2359431945e-02 1.2888276018e-02 1.1758181266e-02 5.3204002117e-01 4.6795957622e-01 1.0000000000e-03
2.2400000000e+02 1.2348197401e-02 1.2811996043e-02 1.1823429726e-02 5.3084238973e-01 4.6915720733e-01 1.0000000000e-03
2.2500000000e+02 1.2336743064e-02 1.2777989730e-02 1.1839848012e-02 5.2966354015e-01 4.7033605659e-01 1.0000000000e-03
2.2600000000e+02 1.2324736454e-02 1.2790044770e-02 1.1802759022e-02 5.2870443052e-01 4.7129516588e-01 1.0000000000e-03
2.2700000000e+02 1.2312583625e-02 1.2843194418e-02 1.1718735099e-02 5.2812299506e-01 4.7187660099e-01 1.0000000000e-03
2.2800000000e+02 1.2301214971e-02 1.2924361043e-02 1.1604141444e-02 5.2800186893e-01 4.7199772674e-01 1.0000000000e-03
2.2900000000e+02 1.2291457504e-02 1.3014495373e-02 1.1481572874e-02 5.2833057574e-01 4.7166901954e-01 1.0000000000e-03
2.3000000000e+02 1.2283347547e-02 1.3092143461e-02 1.1374939233e-02 5.2900670957e-01 4.7099288531e-01 1.0000000000e-03
2.3100000000e+02 1.2276012450e-02 1.3137879781e-02 1.1304690503e-02 5.2985600948e-01 4.7014358500e-01 1.0000000000e-03
2.3200000000e+02 1.2268187478e-02 1.3138729148e-02 1.1283887550e-02 5.3066777157e-01 4.6933182252e-01 1.0000000000e-03
2.3300000000e+02 1.2259073555e-02 1.3091389090e-02 1.1315835640e-02 5.3123832463e-01 4.6876126907e-01 1.0000000000e-03
2.3400000000e+02 1.2248761952e-02 1.3003114611e-02 1.1393277906e-02 5.3141380383e-01 4.6858578952e-01 1.0000000000e-03
2.3500000000e+02 1.2238081545e-02 1.2890099548e-02 1.1499514803e-02 5.3112317409e-01 4.6887641893e-01 1.0000000000e-03
2.3600000000e+02 1.2227887288e-02 1.2773678638e-02 1.1611456983e-02 5.3039388869e-01 4.6960570401e-01 1.0000000000e-03
2.3700000000e+02 1.2218389660e-02 1.2675636448e-02 1.1704131030e-02 5.2934692043e-01 4.7065267199e-01 1.0000000000e-03
2.3800000000e+02 1.2209102511e-02 1.2613730505e-02 1.1756165884e-02 5.2817168246e-01 4.7182790968e-01 1.0000000000e-03
2.3900000000e+02 1.2199381366e-02 1.2598217465e-02 1.1754869483e-02 5.2708599416e-01 4.7291359770e-01 1.0000000000e-03
2.4000000000e+02 1.2189117260e-02 1.2629903853e-02 1.1699415743e-02 5.2628965070e-01 4.7370994087e-01 1.0000000000e-03
2.4100000000e+02 1.2179000303e-02 1.2699843384e-02 1.1601212434e-02 5.2592112342e-01 4.7407846784e-01 1.0000000000e-03
2.4200000000e+02 1.2170027941e-02 1.2790772133e-02 1.1481121182e-02 5.2602686492e-01 4.7397272602e-01 1.0000000000e-03
2.4300000000e+02 1.2162743136e-02 1.2880362570e-02 1.1364649050e-02 5.2654998203e-01 4.7344960857e-01 1.0000000000e-03
2.4400000000e+02 1.2156686746e-02 1.2945882976e-02 1.1276195757e-02 5.2734158424e-01 4.7265800602e-01 1.0000000000e-03
2.4500000000e+02 1.2150676921e-02 1.2969532982e-02 1.1233969592e-02 5.2819275952e-01 4.7180683039e-01 1.0000000000e-03
2.4600000000e+02 1.2143601663e-02 1.2942965142e-02 1.1246242560e-02 5.2888065070e-01 4.7111893889e-01 1.0000000000e-03
2.4700000000e+02 1.2135181576e-02 1.2869518250e-02 1.1309705675e-02 5.2921808603e-01 4.7078150324e-01 1.0000000000e-03
2.4800000000e+02 1.2126102112e-02 1.2763487175e-02 1.1409962550e-02 5.2909586557e-01 4.7090372340e-01 1.0000000000e-03
2.4900000000e+02 1.2117296457e-02 1.2646587566e-02 1.1524008587e-02 5.2850845698e-01 4.7149113173e-01 1.0000000000e-03
2.5000000000e+02 1.2109223753e-02 1.2542775832e-02 1.1625105515e-02 5.2755612262e-01 4.7244346583e-01 1.0000000000e-03
2.5100000000e+02 1.2101504952e-02 1.2472798117e-02 1.1688791215e-02 5.2642291310e-01 4.7357667512e-01 1.0000000000e-03
2.5200000000e+02 1.2093436904e-02 1.2449848466e-02 1.1698989198e-02 5.2533524932e-01 4.7466433867e-01 1.0000000000e-03
2.5300000000e+02 1.2084724382e-02 1.2476833537e-02 1.1652200483e-02 5.2451050128e-01 4.7548908647e-01 1.0000000000e-03
2.5400000000e+02 1.2075964361e-02 1.2545702048e-02 1.1558645405e-02 5.2410689557e-01 4.7589269192e-01 1.0000000000e-03
2.5500000000e+02 1.2068221346e-02 1.2638751417e-02 1.1439699680e-02 5.2418606974e-01 4.7581351747e-01 1.0000000000e-03
2.5600000000e+02 1.2062111869e-02 1.2732152827e-02 1.1322446167e-02 5.2469766350e-01 4.7530192341e-01 1.0000000000e-03
2.5700000000e+02 1.2057241052e-02 1.2801254168e-02 1.1233304627e-02 5.2548973961e-01 4.7450984700e-01 1.0000000000e-03
2.5800000000e+02 1.2052390724e-02 1.2826672755e-02 1.1191989295e-02 5.2634368788e-01 4.7365589844e-01 1.0000000000e-03
2.5900000000e+02 1.2046428397e-02 1.2799493037e-02 1.1207316071e-02 5.2702539141e-01 4.7297419462e-01 1.0000000000e-03
2.6000000000e+02 1.2039145455e-02 1.2723818421e-02 1.1275273748e-02 5.2734074574e-01 4.7265884002e-01 1.0000000000e-03
2.6100000000e+02 1.2031296268e-02 1.2615783140e-02 1.1379612610e-02 5.2718249869e-01 4.7281708683e-01 1.0000000000e-03
2.6200000000e+02 1.2023847550e-02 1.2499323115e-02 1.1495040730e-02 5.2655697354e-01 4.7344261175e-01 1.0000000000e-03
2.6300000000e+02 1.2017142959e-02 1.2400140986e-02 1.1592846364e-02 5.2558361001e-01 4.7441597506e-01 1.0000000000e-03
2.6400000000e+02 1.2010643259e-02 1.2339571491e-02 1.1647879146e-02 5.2446700718e-01 4.7553257770e-01 1.0000000000e-03
2.6500000000e+02 1.2003624812e-02 1.2329830788e-02 1.1645327322e-02 5.2344781150e-01 4.7655177318e-01 1.0000000000e-03
2.6600000000e+02 1.1995982379e-02 1.2371337973e-02 1.1584860273e-02 5.2274449984e-01 4.7725508463e-01 1.0000000000e-03
2.6700000000e+02 1.1988536455e-02 1.2452423573e-02 1.1480944231e-02 5.2249957814e-01 4.7750000611e-01 1.0000000000e-03
2.6800000000e+02 1.1982350610e-02 1.2551578693e-02 1.1358878575e-02 5.2274369562e-01 4.7725588837e-01 1.0000000000e-03
2.6900000000e+02 1.1977773160e-02 1.2642137706e-02 1.1248218827e-02 5.2338662931e-01 4.7661295442e-01 1.0000000000e-03
2.7000000000e+02 1.1974019930e-02 1.2698814273e-02 1.1175383814e-02 5.2423848155e-01 4.7576110193e-01 1.0000000000e-03
2.7100000000e+02 1.1969734915e-02 1.2704513036e-02 1.1157439090e-02 5.2505632814e-01 4.7494325508e-01 1.0000000000e-03
2.7200000000e+02 1.1964088306e-02 1.2655287050e-02 1.1198287830e-02 5.2560472101e-01 4.7439486196e-01 1.0000000000e-03
2.7300000000e+02 1.1957386509e-02 1.2561618350e-02 1.1287642643e-02 5.2571511820e-01 4.7428446455e-01 1.0000000000e-03
2.7400000000e+02 1.1950636283e-02 1.2445561588e-02 1.1402899399e-02 5.2532960017e-01 4.7466998238e-01 1.0000000000e-03
2.7500000000e+02 1.1944605038e-02 1.2334703468e-02 1.1514289305e-02 5.2451663694e-01 4.7548294542e-01 1.0000000000e-03
2.7600000000e+02 1.1939112097e-02 1.2254989706e-02 1.1592150666e-02 5.2345471799e-01 4.7654486420e-01 1.0000000000e-03
2.7700000000e+02 1.1933352798e-02 1.2224424630e-02 1.1615005322e-02 5.2238739977e-01 4.7761218225e-01 1.0000000000e-03
2.7800000000e+02 1.1926833540e-02 1.2248887680e-02 1.1575762182e-02 5.2156130430e-01 4.7843827755e-01 1.0000000000e-03
2.7900000000e+02 1.1920097284e-02 1.2320677750e-02 1.1484119110e-02 5.2116227412e-01 4.7883730754e-01 1.0000000000e-03
2.8000000000e+02 1.1914258823e-02 1.2419941835e-02 1.1363659054e-02 5.2126663631e-01 4.7873294514e-01 1.0000000000e-03
2.8100000000e+02 1.1910033412e-02 1.2519110925e-02 1.1245381087e-02 5.2181985176e-01 4.7817972946e-01 1.0000000000e-03
2.8200000000e+02 1.1906951666e-02 1.2589754537e-02 1.1159363203e-02 5.2264930631e-01 4.7735027468e-01 1.0000000000e-03
2.8300000000e+02 1.1903658509e-02 1.2610466219e-02 1.1127116159e-02 5.2350882916e-01 4.7649075161e-01 1.0000000000e-03
2.8400000000e+02 1.1899065226e-02 1.2573244050e-02 1.1156485416e-02 5.2414312152e-01 4.7585645902e-01 1.0000000000e-03
2.8500000000e+02 1.1893249117e-02 1.2486119755e-02 1.1239672080e-02 5.2435556501e-01 4.7564401533e-01 1.0000000000e-03
2.8600000000e+02 1.1887218803e-02 1.2370848097e-02 1.1354698800e-02 5.2406145307e-01 4.7593812709e-01 1.0000000000e-03
2.8700000000e+02 1.1881882325e-02 1.2256638147e-02 1.1470480822e-02 5.2331195010e-01 4.7668762990e-01 1.0000000000e-03
2.8800000000e+02 1.1877175421e-02 1.2172051705e-02 1.1554800905e-02 5.2228147657e-01 4.7771810328e-01 1.0000000000e-03
2.8900000000e+02 1.1872244067e-02 1.2137625366e-02 1.1583347805e-02 5.2122163539e-01 4.7877794433e-01 1.0000000000e-03
2.9000000000e+02 1.1866515502e-02 1.2160840444e-02 1.1547169648e-02 5.2039367692e-01 4.7960590264e-01 1.0000000000e-03
2.9100000000e+02 1.1860467494e-02 1.2234200723e-02 1.1455604807e-02 5.1999760171e-01 4.8000197768e-01 1.0000000000e-03
2.9200000000e+02 1.1855307966e-02 1.2336689048e-02 1.1333577335e-02 5.2011674733e-01 4.7988283188e-01 1.0000000000e-03
2.9300000000e+02 1.1851761490e-02 1.2438695878e-02 1.1214158498e-02 5.2069361190e-01 4.7930596711e-01 1.0000000000e-03
2.9400000000e+02 1.1849328876e-02 1.2509793974e-02 1.1129395105e-02 5.2154395383e-01 4.7845562497e-01 1.0000000000e-03
2.9500000000e+02 1.1846548878e-02 1.2527585030e-02 1.1101618409e-02 5.2240691792e-01 4.7759266068e-01 1.0000000000e-03
2.9600000000e+02 1.1842396110e-02 1.2484787963e-02 1.1138018221e-02 5.2301677480e-01 4.7698280361e-01 1.0000000000e-03
2.9700000000e+02 1.1837083846e-02 1.2391715311e-02 1.1228541844e-02 5.2317731220e-01 4.7682226603e-01 1.0000000000e-03
2.9800000000e+02 1.1831741780e-02 1.2273157015e-02 1.1348120868e-02 5.2281761594e-01 4.7718196214e-01 1.0000000000e-03
2.9900000000e+02 1.1827196926e-02 1.2160893530e-02 1.1462772265e-02 5.2201342132e-01 4.7798615662e-01 1.0000000000e-03
3.0000000000e+02 1.1823164299e-02 1.2084566057e-02 1.1538891122e-02 5.2096700054e-01 4.7903257727e-01 1.0000000000e-03
3.0100000000e+02 1.1818687432e-02 1.2063706294e-02 1.1553312652e-02 5.1995084208e-01 4.8004873561e-01 1.0000000000e-03
3.0200000000e+02 1.1813374236e-02 1.2102730572e-02 1.1500878260e-02 5.1923065203e-01 4.8076892553e-01 1.0000000000e-03
3.0300000000e+02 1.1807999574e-02 1.2189622968e-02 1.1396254413e-02 5.1898943696e-01 4.8101014044e-01 1.0000000000e-03
3.0400000000e+02 1.1803822592e-02 1.2298616581e-02 1.1269362643e-02 5.1927405658e-01 4.8072552065e-01 1.0000000000e-03
3.0500000000e+02 1.1801274493e-02 1.2396726757e-02 1.1156263761e-02 5.1997997358e-01 4.8001960347e-01 1.0000000000e-03
3.0600000000e+02 1.1799375527e-02 1.2453155592e-02 1.1088621803e-02 5.2088006498e-01 4.7911951189e-01 1.0000000000e-03
3.0700000000e+02 1.1796616949e-02 1.2448937632e-02 1.1085145175e-02 5.2168951977e-01 4.7831005692e-01 1.0000000000e-03
3.0800000000e+02 1.1792362668e-02 1.2383329682e-02 1.1146622710e-02 5.2214848736e-01 4.7785108916e-01 1.0000000000e-03
3.0900000000e+02 1.1787362397e-02 1.2274270877e-02 1.1255432852e-02 5.2209862039e-01 4.7790095597e-01 1.0000000000e-03
3.1000000000e+02 1.1782834306e-02 1.2152632698e-02 1.1379763484e-02 5.2153087521e-01 4.7846870103e-01 1.0000000000e-03
3.1100000000e+02 1.1779155582e-02 1.2052609585e-02 1.1482223868e-02 5.2058955635e-01 4.7941001977e-01 1.0000000000e-03
3.1200000000e+02 1.1775525287e-02 1.2001761235e-02 1.1530905962e-02 5.1953100808e-01 4.8046856793e-01 1.0000000000e-03
3.1300000000e+02 1.1771061458e-02 1.2013429776e-02 1.1509925127e-02 5.1864810844e-01 4.8135146747e-01 1.0000000000e-03
3.1400000000e+02 1.1765999720e-02 1.2083165348e-02 1.1424903758e-02 5.1818335156e-01 4.8181622421e-01 1.0000000000e-03
3.1500000000e+02 1.1761586182e-02 1.2189532630e-02 1.1301215738e-02 5.1825577463e-01 4.8174380100e-01 1.0000000000e-03
3.1600000000e+02 1.1758822948e-02 1.2299517170e-02 1.1175835505e-02 5.1882349707e-01 4.8117607839e-01 1.0000000000e-03
3.1700000000e+02 1.1757259257e-02 1.2377894484e-02 1.1085734703e-02 5.1969466265e-01 4.8030491266e-01 1.0000000000e-03
3.1800000000e+02 1.1755343527e-02 1.2398358434e-02 1.1057122611e-02 5.2058428345e-01 4.7941529168e-01 1.0000000000e-03
3.1900000000e+02 1.1751946062e-02 1.2352499180e-02 1.1098220013e-02 5.2120011985e-01 4.7879945513e-01 1.0000000000e-03
3.2000000000e+02 1.1747414246e-02 1.2252980843e-02 1.1196794920e-02 5.2133210269e-01 4.7866747215e-01 1.0000000000e-03
3.2100000000e+02 1.1743035167e-02 1.2129317038e-02 1.1323033832e-02 5.2091785200e-01 4.7908172272e-01 1.0000000000e-03
3.2200000000e+02 1.1739581823e-02 1.2018165551e-02 1.1437714100e-02 5.2006337107e-01 4.7993620354e-01 1.0000000000e-03
3.2300000000e+02 1.1736461893e-02 1.1951902881e-02 1.1504000053e-02 5.1901178859e-01 4.8098778592e-01 1.0000000000e-03
3.2400000000e+02 1.1732613668e-02 1.1949248612e-02 1.1499743909e-02 5.1806906139e-01 4.8193051303e-01 1.0000000000e-03
3.2500000000e+02 1.1727941222e-02 1.2009997852e-02 1.1425423436e-02 5.1750933608e-01 4.8249023822e-01 1.0000000000e-03
3.2600000000e+02 1.1723621748e-02 1.2114793062e-02 1.1304104701e-02 5.1748922265e-01 4.8251035152e-01 1.0000000000e-03
3.2700000000e+02 1.1720897630e-02 1.2230060995e-02 1.1173721403e-02 5.1799704915e-01 4.8200252488e-01 1.0000000000e-03
3.2800000000e+02 1.1719577014e-02 1.2317777611e-02 1.1074501090e-02 5.1885477237e-01 4.8114480151e-01 1.0000000000e-03
3.2900000000e+02 1.1718112044e-02 1.2347738259e-02 1.1036648415e-02 5.1977261707e-01 4.8022695666e-01 1.0000000000e-03
3.3000000000e+02 1.1715164408e-02 1.2308244593e-02 1.1071535759e-02 5.2044015845e-01 4.7955941513e-01 1.0000000000e-03
3.3100000000e+02 1.1710956693e-02 1.2210532092e-02 1.1168403551e-02 5.2062489697e-01 4.7937467648e-01 1.0000000000e-03
3.3200000000e+02 1.1706845835e-02 1.2084928341e-02 1.1296860874e-02 5.2024760151e-01 4.7975197183e-01 1.0000000000e-03
3.3300000000e+02 1.1703690514e-02 1.1970415711e-02 1.1415429413e-02 5.1940940541e-01 4.8059016784e-01 1.0000000000e-03
3.3400000000e+02 1.1700926349e-02 1.1901951395e-02 1.1484583840e-02 5.1836076758e-01 4.8163880558e-01 1.0000000000e-03
3.3500000000e+02 1.1697385460e-02 1.1899853125e-02 1.1480309069e-02 5.1742189135e-01 4.8257768172e-01 1.0000000000e-03
3.3600000000e+02 1.1692976579e-02 1.1963902973e-02 1.1403128505e-02 5.1687960693e-01 4.8311996603e-01 1.0000000000e-03
3.3700000000e+02 1.1688974686e-02 1.2073039077e-02 1.1278059334e-02 5.1689385611e-01 4.8310571674e-01 1.0000000000e-03
3.3800000000e+02 1.1686624959e-02 1.2191026472e-02 1.1145766824e-02 5.1744395813e-01 4.8255561458e-01 1.0000000000e-03
3.3900000000e+02 1.1685637757e-02 1.2277481146e-02 1.1048749089e-02 5.1833333880e-01 4.8166623378e-01 1.0000000000e-03
3.4000000000e+02 1.1684312485e-02 1.2301496230e-02 1.1017706245e-02 5.1925262786e-01 4.8074694457e-01 1.0000000000e-03
3.4100000000e+02 1.1681393720e-02 1.2253063731e-02 1.1062389240e-02 5.1988074455e-01 4.8011882775e-01 1.0000000000e-03
3.4200000000e+02 1.1677328497e-02 1.2147067115e-02 1.1168473400e-02 5.1999123455e-01 4.8000833762e-01 1.0000000000e-03
3.4300000000e+02 1.1673601344e-02 1.2017946690e-02 1.1301272549e-02 5.1952874881e-01 4.8047082327e-01 1.0000000000e-03
3.4400000000e+02 1.1670885608e-02 1.1907426640e-02 1.1416046880e-02 5.1862925380e-01 4.8137031820e-01 1.0000000000e-03
3.4500000000e+02 1.1668323539e-02 1.1850581504e-02 1.1472795159e-02 5.1757619439e-01 4.8242337753e-01 1.0000000000e-03
3.4600000000e+02 1.1664784513e-02 1.1864908971e-02 1.1450834572e-02 5.1670652481e-01 4.8329304703e-01 1.0000000000e-03
3.4700000000e+02 1.1660529301e-02 1.1945001781e-02 1.1356898583e-02 5.1629777143e-01 4.8370180031e-01 1.0000000000e-03
3.4800000000e+02 1.1657088995e-02 1.2063700706e-02 1.1222780682e-02 5.1647356905e-01 4.8352600257e-01 1.0000000000e-03
3.4900000000e+02 1.1655470356e-02 1.2179975398e-02 1.1093693785e-02 5.1715990336e-01 4.8283966813e-01 1.0000000000e-03
3.5000000000e+02 1.1654809117e-02 1.2252205983e-02 1.1012525298e-02 5.1810818225e-01 4.8189138911e-01 1.0000000000e-03
3.5100000000e+02 1.1653237045e-02 1.2253240682e-02 1.1005896144e-02 5.1897874901e-01 4.8102082222e-01 1.0000000000e-03
3.5200000000e+02 1.1649962515e-02 1.2180972844e-02 1.1075962335e-02 5.1945650964e-01 4.8054306147e-01 1.0000000000e-03
3.5300000000e+02 1.1646036059e-02 1.2059447356e-02 1.1199332774e-02 5.1935984691e-01 4.8063972410e-01 1.0000000000e-03
3.5400000000e+02 1.1642917991e-02 1.1929797009e-02 1.1333750561e-02 5.1870491402e-01 4.8129465690e-01 1.0000000000e-03
3.5500000000e+02 1.1640667915e-02 1.1835375801e-02 1.1431678198e-02 5.1770193130e-01 4.8229763954e-01 1.0000000000e-03
3.5600000000e+02 1.1638009921e-02 1.1807122268e-02 1.1457232758e-02 5.1668370262e-01 4.8331586815e-01 1.0000000000e-03
3.5700000000e+02 1.1634200811e-02 1.1853747070e-02 1.1400158517e-02 5.1599060586e-01 4.8400896484e-01 1.0000000000e-03
3.5800000000e+02 1.1630268767e-02 1.1958821677e-02 1.1280210689e-02 5.1585159035e-01 4.8414798024e-01 1.0000000000e-03
3.5900000000e+02 1.1627851985e-02 1.2085336260e-02 1.1139539070e-02 5.1630258171e-01 4.8369698876e-01 1.0000000000e-03
3.6000000000e+02 1.1627122760e-02 1.2187398039e-02 1.1027004570e-02 5.1717159735e-01 4.8282797300e-01 1.0000000000e-03
3.6100000000e+02 1.1626392603e-02 1.2226493098e-02 1.0981126688e-02 5.1813751301e-01 4.8186205722e-01 1.0000000000e-03
3.6200000000e+02 1.1624038219e-02 1.2186541222e-02 1.1017487384e-02 5.1884281423e-01 4.8115675588e-01 1.0000000000e-03
3.6300000000e+02 1.1620327830e-02 1.2080621906e-02 1.1123636737e-02 5.1902059988e-01 4.8097897012e-01 1.0000000000e-03
3.6400000000e+02 1.1616909876e-02 1.1945981532e-02 1.1262430809e-02 5.1859115340e-01 4.8140841652e-01 1.0000000000e-03
3.6500000000e+02 1.1614616029e-02 1.1829711497e-02 1.1383750476e-02 5.1769258162e-01 4.8230698822e-01 1.0000000000e-03
3.6600000000e+02 1.1612487957e-02 1.1771750636e-02 1.1442272924e-02 5.1663295393e-01 4.8336661585e-01 1.0000000000e-03
3.6700000000e+02 1.1609252542e-02 1.1791475117e-02 1.1415164918e-02 5.1578041795e-01 4.8421915176e-01 1.0000000000e-03
3.6800000000e+02 1.1605286971e-02 1.1881415732e-02 1.1311583221e-02 5.1543081209e-01 4.8456875754e-01 1.0000000000e-03
3.6900000000e+02 1.1602362618e-02 1.2009089813e-02 1.1169275269e-02 5.1569934309e-01 4.8430022644e-01 1.0000000000e-03
3.7000000000e+02 1.1601374485e-02 1.2127210386e-02 1.1039710604e-02 5.1647648225e-01 4.8352308716e-01 1.0000000000e-03
3.7100000000e+02 1.1601043865e-02 1.2190415524e-02 1.0969015770e-02 5.1746574944e-01 4.8253381985e-01 1.0000000000e-03
3.7200000000e+02 1.1599363759e-02 1.2173069641e-02 1.0982099921e-02 5.1829086632e-01 4.8170870285e-01 1.0000000000e-03
3.7300000000e+02 1.1595988646e-02 1.2080129236e-02 1.1074374430e-02 5.1863359124e-01 4.8136597782e-01 1.0000000000e-03
3.7400000000e+02 1.1592471972e-02 1.1945373379e-02 1.1212687008e-02 5.1835213501e-01 4.8164743397e-01 1.0000000000e-03
3.7500000000e+02 1.1590110138e-02 1.1817837134e-02 1.1345839128e-02 5.1753573173e-01 4.8246383718e-01 1.0000000000e-03
3.7600000000e+02 1.1588271707e-02 1.1743152514e-02 1.1422846466e-02 5.1647346462e-01 4.8352610423e-01 1.0000000000e-03
3.7700000000e+02 1.1585434899e-02 1.1747464538e-02 1.1413015425e-02 5.1554812169e-01 4.8445144710e-01 1.0000000000e-03
3.7800000000e+02 1.1581588537e-02 1.1828653514e-02 1.1319152080e-02 5.1509382683e-01 4.8490574188e-01 1.0000000000e-03
3.7900000000e+02 1.1578489095e-02 1.1956570670e-02 1.1176597327e-02 5.1527025520e-01 4.8472931341e-01 1.0000000000e-03
3.8000000000e+02 1.1577397585e-02 1.2082601897e-02 1.1038800701e-02 5.1600042567e-01 4.8399914283e-01 1.0000000000e-03
3.8100000000e+02 1.1577267200e-02 1.2157113291e-02 1.0956619866e-02 5.1699728707e-01 4.8300228132e-01 1.0000000000e-03
3.8200000000e+02 1.1575923301e-02 1.2149315327e-02 1.0960034095e-02 5.1787069596e-01 4.8212887231e-01 1.0000000000e-03
3.8300000000e+02 1.1572739109e-02 1.2060622685e-02 1.1047849432e-02 5.1827494998e-01 4.8172461819e-01 1.0000000000e-03
3.8400000000e+02 1.1569267139e-02 1.1924372055e-02 1.1187587865e-02 5.1804137838e-01 4.8195818971e-01 1.0000000000e-03
3.8500000000e+02 1.1566985399e-02 1.1791928671e-02 1.1325980537e-02 5.1724498291e-01 4.8275458511e-01 1.0000000000e-03
3.8600000000e+02 1.1565321125e-02 1.1712417938e-02 1.1408396065e-02 5.1617792631e-01 4.8382164166e-01 1.0000000000e-03
3.8700000000e+02 1.1562660336e-02 1.1714709923e-02 1.1401060969e-02 5.1523854242e-01 4.8476102550e-01 1.0000000000e-03
3.8800000000e+02 1.1558895931e-02 1.1797452345e-02 1.1305818334e-02 5.1477865831e-01 4.8522090953e-01 1.0000000000e-03
3.8900000000e+02 1.1555897072e-02 1.1928997934e-02 1.1159780435e-02 5.1496655225e-01 4.8503301549e-01 1.0000000000e-03
3.9000000000e+02 1.1554976925e-02 1.2057810090e-02 1.1019510217e-02 5.1571948539e-01 4.8428008225e-01 1.0000000000e-03
3.9100000000e+02 1.1554988101e-02 1.2131557800e-02 1.0938500054e-02 5.1673324174e-01 4.8326632579e-01 1.0000000000e-03
3.9200000000e+02 1.1553641409e-02 1.2118793093e-02 1.0947261937e-02 5.1759940827e-01 4.8240015915e-01 1.0000000000e-03
3.9300000000e+02 1.1550432071e-02 1.2023068033e-02 1.1042576283e-02 5.1796488244e-01 4.8203468489e-01 1.0000000000e-03
3.9400000000e+02 1.1547111906e-02 1.1881692335e-02 1.1188024655e-02 5.1767178797e-01 4.8232777927e-01 1.0000000000e-03
3.9500000000e+02 1.1545103043e-02 1.1749720201e-02 1.1326248758e-02 5.1682214651e-01 4.8317742068e-01 1.0000000000e-03
3.9600000000e+02 1.1543549597e-02 1.1677630246e-02 1.1400762014e-02 5.1573975291e-01 4.8425981423e-01 1.0000000000e-03
3.9700000000e+02 1.1540781707e-02 1.1692446657e-02 1.1379848234e-02 5.1484318810e-01 4.8515637898e-01 1.0000000000e-03
3.9800000000e+02 1.1537063867e-02 1.1788049713e-02 1.1271116324e-02 5.1447973195e-01 4.8551983505e-01 1.0000000000e-03
3.9900000000e+02 1.1534463614e-02 1.1926717125e-02 1.1118314229e-02 5.1478569984e-01 4.8521386707e-01 1.0000000000e-03
4.0000000000e+02 1.1534010991e-02 1.2052170932e-02 1.0982422158e-02 5.1562915548e-01 4.8437041132e-01 1.0000000000e-03
4.0100000000e+02 1.1534046382e-02 1.2111537158e-02 1.0916751809e-02 5.1666038584e-01 4.8333918086e-01 1.0000000000e-03
4.0200000000e+02 1.1532312259e-02 1.2078333646e-02 1.0946806520e-02 5.1745148025e-01 4.8254808635e-01 1.0000000000e-03
4.0300000000e+02 1.1528929695e-02 1.1964891106e-02 1.1061036959e-02 5.1766899743e-01 4.8233056908e-01 1.0000000000e-03
4.0400000000e+02 1.1525973678e-02 1.1817041785e-02 1.1214164086e-02 5.1721090331e-01 4.8278866313e-01 1.0000000000e-03
4.0500000000e+02 1.1524384841e-02 1.1694008484e-02 1.1343374848e-02 5.1625080107e-01 4.8374876532e-01 1.0000000000e-03
4.0600000000e+02 1.1522746645e-02 1.1644133367e-02 1.1393774301e-02 5.1516906231e-01 4.8483050403e-01 1.0000000000e-03
4.0700000000e+02 1.1519623920e-02 1.1686570011e-02 1.1342789046e-02 5.1439853120e-01 4.8560103508e-01 1.0000000000e-03
4.0800000000e+02 1.1516067199e-02 1.1804126203e-02 1.1211121455e-02 5.1424694250e-01 4.8575262371e-01 1.0000000000e-03
4.0900000000e+02 1.1514293030e-02 1.1948749423e-02 1.1053401977e-02 5.1476845111e-01 4.8523111500e-01 1.0000000000e-03
4.1000000000e+02 1.1514434591e-02 1.2059289962e-02 1.0934174061e-02 5.1573818258e-01 4.8426138343e-01 1.0000000000e-03
4.1100000000e+02 1.1514110491e-02 1.2087113224e-02 1.0901411995e-02 5.1674323944e-01 4.8325632647e-01 1.0000000000e-03
4.1200000000e+02 1.1511638761e-02 1.2018498965e-02 1.0968339629e-02 5.1735315496e-01 4.8264641086e-01 1.0000000000e-03
4.1300000000e+02 1.1508205906e-02 1.1881554499e-02 1.1108105071e-02 5.1729998506e-01 4.8269958068e-01 1.0000000000e-03
4.1400000000e+02 1.1505951174e-02 1.1733323336e-02 1.1262980290e-02 5.1659261360e-01 4.8340695208e-01 1.0000000000e-03
4.1500000000e+02 1.1504739523e-02 1.1634587310e-02 1.1366585270e-02 5.1551591368e-01 4.8448365195e-01 1.0000000000e-03
4.1600000000e+02 1.1502598412e-02 1.1625043117e-02 1.1372843757e-02 5.1451261018e-01 4.8548695540e-01 1.0000000000e-03
4.1700000000e+02 1.1499039829e-02 1.1708172038e-02 1.1277871206e-02 5.1399733158e-01 4.8600223395e-01 1.0000000000e-03
4.1800000000e+02 1.1496162042e-02 1.1849441566e-02 1.1122270487e-02 5.1418032930e-01 4.8581923614e-01 1.0000000000e-03
4.1900000000e+02 1.1495614424e-02 1.1988581158e-02 1.0972215794e-02 5.1497553602e-01 4.8502402933e-01 1.0000000000e-03
4.2000000000e+02 1.1495998129e-02 1.2063956819e-02 1.0890414938e-02 5.1603420870e-01 4.8396535654e-01 1.0000000000e-03
4.2100000000e+02 1.1494662613e-02 1.2040522881e-02 1.0910639539e-02 5.1689225978e-01 4.8310730537e-01 1.0000000000e-03
4.2200000000e+02 1.1491412297e-02 1.1927081272e-02 1.1024768464e-02 5.1716867584e-01 4.8283088922e-01 1.0000000000e-03
4.2300000000e+02 1.1488521472e-02 1.1772371829e-02 1.1185024865e-02 5.1673099665e-01 4.8326856835e-01 1.0000000000e-03
4.2400000000e+02 1.1487171054e-02 1.1642317288e-02 1.1321940459e-02 5.1575543028e-01 4.8424413467e-01 1.0000000000e-03
4.2500000000e+02 1.1485754512e-02 1.1591252871e-02 1.1373896152e-02 5.1465309695e-01 4.8534646796e-01 1.0000000000e-03
4.2600000000e+02 1.1482695118e-02 1.1640083045e-02 1.1316319928e-02 5.1389293470e-01 4.8610663016e-01 1.0000000000e-03
4.2700000000e+02 1.1479269713e-02 1.1768002994e-02 1.1174160056e-02 5.1379783628e-01 4.8620172850e-01 1.0000000000e-03
4.2800000000e+02 1.1477918364e-02 1.1919631623e-02 1.1010014452e-02 5.1440152587e-01 4.8559803883e-01 1.0000000000e-03
4.2900000000e+02 1.1478412896e-02 1.2026932091e-02 1.0894968174e-02 5.1543052594e-01 4.8456903866e-01 1.0000000000e-03
4.3000000000e+02 1.1477965862e-02 1.2039739639e-02 1.0878047906e-02 5.1642192661e-01 4.8357763790e-01 1.0000000000e-03
4.3100000000e+02 1.1475196108e-02 1.1950472370e-02 1.0966624133e-02 5.1692624890e-01 4.8307331552e-01 1.0000000000e-03
4.3200000000e+02 1.1471963488e-02 1.1798392050e-02 1.1122976430e-02 5.1670693335e-01 4.8329263100e-01 1.0000000000e-03
4.3300000000e+02 1.1470308527e-02 1.1650572531e-02 1.1278253049e-02 5.1584812050e-01 4.8415144380e-01 1.0000000000e-03
4.3400000000e+02 1.1469282210e-02 1.1570974253e-02 1.1361431330e-02 5.1472015723e-01 4.8527940703e-01 1.0000000000e-03
4.3500000000e+02 1.1466742493e-02 1.1593391187e-02 1.1332904920e-02 5.1381621442e-01 4.8618334981e-01 1.0000000000e-03
4.3600000000e+02 1.1463170871e-02 1.1707899161e-02 1.1204836890e-02 5.1353234937e-01 4.8646721479e-01 1.0000000000e-03
4.3700000000e+02 1.1461243033e-02 1.1863965541e-02 1.1035349220e-02 5.1398835189e-01 4.8601121218e-01 1.0000000000e-03
4.3800000000e+02 1.1461637914e-02 1.1990324594e-02 1.0900325142e-02 5.1497037742e-01 4.8502918656e-01 1.0000000000e-03
4.3900000000e+02 1.1461723596e-02 1.2026930228e-02 1.0859098285e-02 5.1602472475e-01 4.8397483913e-01 1.0000000000e-03
4.4000000000e+02 1.1459384114e-02 1.1954807676e-02 1.0929814540e-02 5.1666170959e-01 4.8333785421e-01 1.0000000000e-03
4.4100000000e+02 1.1456049979e-02 1.1806319468e-02 1.1081766337e-02 5.1657833332e-01 4.8342123041e-01 1.0000000000e-03
4.4200000000e+02 1.1454185471e-02 1.1648995802e-02 1.1246672831e-02 5.1579907838e-01 4.8420048530e-01 1.0000000000e-03
4.4300000000e+02 1.1453343555e-02 1.1553118005e-02 1.1347549036e-02 5.1466797598e-01 4.8533158766e-01 1.0000000000e-03
4.4400000000e+02 1.1451145634e-02 1.1560675688e-02 1.1335458606e-02 5.1369297971e-01 4.8630658390e-01 1.0000000000e-03
4.4500000000e+02 1.1447581463e-02 1.1668078601e-02 1.1215030216e-02 5.1331357824e-01 4.8668598530e-01 1.0000000000e-03
4.4600000000e+02 1.1445396580e-02 1.1826834641e-02 1.1042480357e-02 5.1369705958e-01 4.8630250388e-01 1.0000000000e-03
4.4700000000e+02 1.1445749551e-02 1.1962858029e-02 1.0897416621e-02 5.1465766452e-01 4.8534189885e-01 1.0000000000e-03
4.4800000000e+02 1.1446086690e-02 1.2010078877e-02 1.0845441371e-02 5.1573970049e-01 4.8425986280e-01 1.0000000000e-03
4.4900000000e+02 1.1443951167e-02 1.1943909340e-02 1.0910034180e-02 5.1642762609e-01 4.8357193711e-01 1.0000000000e-03
4.5000000000e+02 1.1440603063e-02 1.1794740334e-02 1.1062476784e-02 5.1638666221e-01 4.8361290091e-01 1.0000000000e-03
4.5100000000e+02 1.1438734829e-02 1.1632366106e-02 1.1232622899e-02 5.1562211194e-01 4.8437745114e-01 1.0000000000e-03
4.5200000000e+02 1.1438017711e-02 1.1531419121e-02 1.1339056306e-02 5.1448042705e-01 4.8551913599e-01 1.0000000000e-03
4.5300000000e+02 1.1435925961e-02 1.1537372135e-02 1.1328863911e-02 5.1348829264e-01 4.8651127037e-01 1.0000000000e-03
4.5400000000e+02 1.1432368308e-02 1.1647287756e-02 1.1205889285e-02 5.1310516779e-01 4.8689439516e-01 1.0000000000e-03
4.5500000000e+02 1.1430255137e-02 1.1810278520e-02 1.1029143818e-02 5.1350468629e-01 4.8649487658e-01 1.0000000000e-03
4.5600000000e+02 1.1430760846e-02 1.1948276311e-02 1.0882369243e-02 5.1448857260e-01 4.8551099019e-01 1.0000000000e-03
4.5700000000e+02 1.1431125924e-02 1.1992449872e-02 1.0833711363e-02 5.1557787318e-01 4.8442168952e-01 1.0000000000e-03
4.5800000000e+02 1.1428877711e-02 1.1919070035e-02 1.0905784555e-02 5.1623976054e-01 4.8375980208e-01 1.0000000000e-03
4.5900000000e+02 1.1425572447e-02 1.1762943119e-02 1.1065699160e-02 5.1614288725e-01 4.8385667530e-01 1.0000000000e-03
4.6000000000e+02 1.1423937976e-02 1.1599077843e-02 1.1237736791e-02 5.1531971344e-01 4.8467984907e-01 1.0000000000e-03
4.6100000000e+02 1.1423312128e-02 1.1504692025e-02 1.1337199248e-02 5.1415435513e-01 4.8584520734e-01 1.0000000000e-03
4.6200000000e+02 1.1421049014e-02 1.1523390189e-02 1.1313167401e-02 5.1319917440e-01 4.8680038804e-01 1.0000000000e-03
4.6300000000e+02 1.1417489499e-02 1.1646269821e-02 1.1176595464e-02 5.1290819032e-01 4.8709137206e-01 1.0000000000e-03
4.6400000000e+02 1.1415803805e-02 1.1814829893e-02 1.0994787328e-02 5.1341492931e-01 4.8658463299e-01 1.0000000000e-03
4.6500000000e+02 1.1416636407e-02 1.1945839040e-02 1.0855915956e-02 5.1446341164e-01 4.8553615058e-01 1.0000000000e-03
4.6600000000e+02 1.1416736990e-02 1.1971862987e-02 1.0826030746e-02 5.1553006959e-01 4.8446949254e-01 1.0000000000e-03
4.6700000000e+02 1.1414097622e-02 1.1877795681e-02 1.0919595137e-02 5.1607859726e-01 4.8392096479e-01 1.0000000000e-03
4.6800000000e+02 1.1410968378e-02 1.1709905230e-02 1.1092500761e-02 5.1582452932e-01 4.8417503267e-01 1.0000000000e-03
4.6900000000e+02 1.1409815401e-02 1.1550782248e-02 1.1260210536e-02 5.1487896577e-01 4.8512059618e-01 1.0000000000e-03
4.7000000000e+02 1.1409131810e-02 1.1477026157e-02 1.1337423697e-02 5.1369699899e-01 4.8630256294e-01 1.0000000000e-03
4.7100000000e+02 1.1406401172e-02 1.1523490772e-02 1.1283140630e-02 5.1285420732e-01 4.8714535456e-01 1.0000000000e-03
4.7200000000e+02 1.1403021403e-02 1.1667830870e-02 1.1124351062e-02 5.1276101463e-01 4.8723854719e-01 1.0000000000e-03
4.7300000000e+02 1.1402174830e-02 1.1839063838e-02 1.0941131040e-02 5.1345575321e-01 4.8654380853e-01 1.0000000000e-03
4.7400000000e+02 1.1403312907e-02 1.1949635111e-02 1.0824180208e-02 5.1458109546e-01 4.8541846620e-01 1.0000000000e-03
4.7500000000e+02 1.1402703822e-02 1.1940481141e-02 1.0830388404e-02 5.1556049109e-01 4.8443907048e-01 1.0000000000e-03
4.7600000000e+02 1.1399541050e-02 1.1814596131e-02 1.0957255028e-02 5.1588687728e-01 4.8411268423e-01 1.0000000000e-03
4.7700000000e+02 1.1396946386e-02 1.1635872535e-02 1.1142864823e-02 5.1538033359e-01 4.8461922787e-01 1.0000000000e-03
4.7800000000e+02 1.1396392249e-02 1.1493952014e-02 1.1293104850e-02 5.1428298258e-01 4.8571657885e-01 1.0000000000e-03
4.7900000000e+02 1.1395255104e-02 1.1458446272e-02 1.1328662746e-02 5.1313943626e-01 4.8686012514e-01 1.0000000000e-03
4.8000000000e+02 1.1391924694e-02 1.1546473950e-02 1.1229447089e-02 5.1252143973e-01 4.8747812162e-01 1.0000000000e-03
4.8100000000e+02 1.1389201507e-02 1.1714515276e-02 1.1046891101e-02 5.1273584372e-01 4.8726371757e-01 1.0000000000e-03
4.8200000000e+02 1.1389531195e-02 1.1876789853e-02 1.0874901898e-02 5.1366402422e-01 4.8633553698e-01 1.0000000000e-03
4.8300000000e+02 1.1390504427e-02 1.1946985498e-02 1.0800040327e-02 5.1481868691e-01 4.8518087421e-01 1.0000000000e-03
4.8400000000e+02 1.1388698593e-02 1.1885711923e-02 1.0859699920e-02 5.1559222155e-01 4.8440733949e-01 1.0000000000e-03
4.8500000000e+02 1.1385326274e-02 1.1724086478e-02 1.1024801061e-02 5.1556994293e-01 4.8442961805e-01 1.0000000000e-03
4.8600000000e+02 1.1383770034e-02 1.1546102352e-02 1.1211582460e-02 5.1474788663e-01 4.8525167431e-01 1.0000000000e-03
4.8700000000e+02 1.1383490637e-02 1.1442406103e-02 1.1321307160e-02 5.1353906708e-01 4.8646049384e-01 1.0000000000e-03
4.8800000000e+02 1.1381322518e-02 1.1464727111e-02 1.1293631047e-02 5.1256103544e-01 4.8743852545e-01 1.0000000000e-03
4.8900000000e+02 1.1377770454e-02 1.1601780541e-02 1.1142455973e-02 5.1231466983e-01 4.8768489100e-01 1.0000000000e-03
4.9000000000e+02 1.1376515031e-02 1.1783338152e-02 1.0948118754e-02 5.1292032449e-01 4.8707923627e-01 1.0000000000e-03
4.9100000000e+02 1.1377820745e-02 1.1912683956e-02 1.0812040418e-02 5.1404995629e-01 4.8594960438e-01 1.0000000000e-03
4.9200000000e+02 1.1377658695e-02 1.1917874217e-02 1.0803815909e-02 5.1509646804e-01 4.8490309256e-01 1.0000000000e-03
4.9300000000e+02 1.1374577880e-02 1.1794161983e-02 1.0928171687e-02 5.1549239116e-01 4.8450716936e-01 1.0000000000e-03
4.9400000000e+02 1.1371916160e-02 1.1607547291e-02 1.1121707968e-02 5.1501188286e-01 4.8498767762e-01 1.0000000000e-03
4.9500000000e+02 1.1371534318e-02 1.1456483044e-02 1.1281740852e-02 5.1389492009e-01 4.8610464037e-01 1.0000000000e-03
4.9600000000e+02 1.1370565742e-02 1.1418825015e-02 1.1319795623e-02 5.1272316193e-01 4.8727639850e-01 1.0000000000e-03
4.9700000000e+02 1.1367211118e-02 1.1513685808e-02 1.1213472113e-02 5.1211129691e-01 4.8788826348e-01 1.0000000000e-03
4.9800000000e+02 1.1364620179e-02 1.1691932566e-02 1.1020700447e-02 5.1237780705e-01 4.8762175327e-01 1.0000000000e-03
4.9900000000e+02 1.1365316808e-02 1.1858087964e-02 1.0845478624e-02 5.1337007000e-01 4.8662949024e-01 1.0000000000e-03
5.0000000000e+02 1.1366313323e-02 1.1919309385e-02 1.0780195706e-02 5.1454215554e-01 4.8545740462e-01 1.0000000000e-03
