# time_s Ids_true_A Ids_pred_A Ids_physics_A T_mean_K
4.3120053306e-08 1.0781250000e+01 2.7111663818e+01 3.9550514221e+01 3.4299563599e+02
5.2719997257e-08 2.4375000000e+01 3.4108795166e+01 5.7962131500e+01 3.4382907104e+02
6.2320168581e-08 4.1968750000e+01 5.3039916992e+01 7.8488403320e+01 3.4408923340e+02
7.1920112532e-08 5.8187500000e+01 8.3552459717e+01 1.0536322784e+02 3.4526596069e+02
8.1520056483e-08 8.3031250000e+01 1.0419873047e+02 1.2246905518e+02 3.4572338867e+02
9.1120000434e-08 1.0781250000e+02 1.3027059937e+02 1.4409841919e+02 3.4716662598e+02
1.0072017176e-07 1.3190625000e+02 1.4306654358e+02 1.5834097290e+02 3.4781015015e+02
1.1032011571e-07 1.4853125000e+02 1.6530792236e+02 1.8097547913e+02 3.4959017944e+02
1.1992005966e-07 1.7115625000e+02 1.8807241821e+02 2.0363232422e+02 3.5055752563e+02
1.2952000361e-07 1.9196875000e+02 2.0388401794e+02 2.1795414734e+02 3.5258557129e+02
1.3912017494e-07 2.1437500000e+02 2.1974081421e+02 2.3205236816e+02 3.5379479980e+02
1.4872011889e-07 2.3012500000e+02 2.5254266357e+02 2.5579321289e+02 3.5622753906e+02
1.5832006284e-07 2.4784375000e+02 2.6718426514e+02 2.6731610107e+02 3.5761480713e+02
1.6792000679e-07 2.6296875000e+02 2.7751849365e+02 2.7508450317e+02 3.6017764282e+02
1.7752017811e-07 2.7437500000e+02 2.7209420776e+02 2.7429687500e+02 3.6152532959e+02
1.8712012206e-07 2.8715625000e+02 3.0225070190e+02 2.9880731201e+02 3.6441787720e+02
1.9672006601e-07 2.9818750000e+02 2.9594293213e+02 2.9912191772e+02 3.6571810913e+02
2.0632000997e-07 3.1434375000e+02 3.1673599243e+02 3.1678659058e+02 3.6884796143e+02
2.1592018129e-07 3.2671875000e+02 3.1359826660e+02 3.2081521606e+02 3.7012518311e+02
2.2552012524e-07 3.3290625000e+02 3.2534124756e+02 3.3203201294e+02 3.7340597534e+02
2.3512006919e-07 3.4303125000e+02 3.3570999146e+02 3.4342623901e+02 3.7480688477e+02
2.4472001314e-07 3.5775000000e+02 3.5427243042e+02 3.5601815796e+02 3.7831646729e+02
2.5432018447e-07 3.5987500000e+02 3.6854660034e+02 3.6757479858e+02 3.7986459351e+02
2.6392012842e-07 3.7181250000e+02 3.8174395752e+02 3.7313766479e+02 3.8350500488e+02
2.7352007237e-07 3.7990625000e+02 4.0099209595e+02 3.7944198608e+02 3.8513940430e+02
2.8312001632e-07 3.8768750000e+02 4.1491168213e+02 3.9105221558e+02 3.8895367432e+02
2.9271996027e-07 3.9490625000e+02 4.1700170898e+02 3.8579791260e+02 3.9048645020e+02
3.0232013160e-07 4.0318750000e+02 4.2589450073e+02 4.0419726562e+02 3.9454071045e+02
3.1192007555e-07 4.0684375000e+02 4.2138079834e+02 4.0584344482e+02 3.9602880859e+02
3.2152001950e-07 4.1425000000e+02 4.1028402710e+02 3.9766317749e+02 3.9998379517e+02
3.3111996345e-07 4.1693750000e+02 4.0382931519e+02 4.1147888184e+02 4.0155059814e+02
3.4072013477e-07 4.2600000000e+02 4.0242797852e+02 4.1685430908e+02 4.0556378174e+02
3.5032007872e-07 4.3050000000e+02 4.0616174316e+02 4.2644076538e+02 4.0719174194e+02
3.5992002267e-07 4.3578125000e+02 4.1277566528e+02 4.2990243530e+02 4.1127496338e+02
3.6951996663e-07 4.4031250000e+02 4.3372543335e+02 4.5032092285e+02 4.1312701416e+02
3.7912013795e-07 4.4650000000e+02 4.4002960205e+02 4.4469235229e+02 4.1718276978e+02
3.8872008190e-07 4.5081250000e+02 4.4926538086e+02 4.4686892700e+02 4.1903927612e+02
3.9832002585e-07 4.5556250000e+02 4.7147708130e+02 4.6683193970e+02 4.2336749268e+02
4.0791996980e-07 4.6231250000e+02 4.7653158569e+02 4.5875241089e+02 4.2509933472e+02
4.1752014113e-07 4.6503125000e+02 4.8352511597e+02 4.5510229492e+02 4.2940338135e+02
4.2712008508e-07 4.6696875000e+02 4.7090948486e+02 4.6466351318e+02 4.3117297363e+02
4.3672002903e-07 4.7496875000e+02 4.6976373291e+02 4.6726531982e+02 4.3550424194e+02
4.4632020035e-07 4.7515625000e+02 4.7563739014e+02 4.7558721924e+02 4.3733670044e+02
4.5592003062e-07 4.8093750000e+02 4.6958099365e+02 4.7234207153e+02 4.4161730957e+02
4.6552008826e-07 4.8168750000e+02 4.6360766602e+02 4.7634408569e+02 4.4344216919e+02
4.7512014589e-07 4.8453125000e+02 4.6682977295e+02 4.8172988892e+02 4.4778387451e+02
4.8472008984e-07 4.8428125000e+02 4.6834872437e+02 4.8716757202e+02 4.4963421631e+02
4.9432014748e-07 4.8943750000e+02 4.7224179077e+02 4.8396008301e+02 4.5394546509e+02
5.0392009143e-07 4.9087500000e+02 4.7971343994e+02 4.8529702759e+02 4.5579336548e+02
5.1352003538e-07 4.9615625000e+02 5.0630191040e+02 5.0325503540e+02 4.6035168457e+02
5.2312009302e-07 4.9515625000e+02 5.1022280884e+02 5.0484030151e+02 4.6219232178e+02
5.3272003697e-07 4.9993750000e+02 5.0048419189e+02 4.9968072510e+02 4.6666232300e+02
5.4232020830e-07 5.0040625000e+02 5.0042504883e+02 4.9769192505e+02 4.6845132446e+02
5.5192003856e-07 5.0384375000e+02 5.1354614258e+02 5.1202270508e+02 4.7309600830e+02
5.6152020989e-07 5.0768750000e+02 4.9641793823e+02 5.0688876343e+02 4.7476058960e+02
5.7112004015e-07 5.0662500000e+02 4.9212564087e+02 4.9563211060e+02 4.7926315308e+02
5.8072009779e-07 5.0887500000e+02 5.0574462891e+02 5.0507473755e+02 4.8103506470e+02
5.9032015542e-07 5.1303125000e+02 4.9251525879e+02 5.0520483398e+02 4.8549389648e+02
5.9992009938e-07 5.0984375000e+02 4.8461135864e+02 4.9691534424e+02 4.8713876343e+02
6.0952004333e-07 5.0887500000e+02 5.0254205322e+02 5.0408114624e+02 4.9169848633e+02
6.1912010096e-07 5.1290625000e+02 5.1680944824e+02 5.1172097778e+02 4.9343960571e+02
6.2872004492e-07 5.1506250000e+02 5.1117340088e+02 5.1457879639e+02 4.9799728394e+02
6.3832010255e-07 5.1925000000e+02 5.0431555176e+02 5.0618225098e+02 4.9961566162e+02
6.4792004650e-07 5.1525000000e+02 5.1077136230e+02 5.0998654175e+02 5.0421081543e+02
6.5752021783e-07 5.1809375000e+02 5.1851953125e+02 5.1143380737e+02 5.0585034180e+02
6.6712004809e-07 5.1809375000e+02 5.2466302490e+02 5.2835723877e+02 5.1061755371e+02
6.7672010573e-07 5.1990625000e+02 5.2609582520e+02 5.2338317871e+02 5.1219805908e+02
6.8632016337e-07 5.2187500000e+02 5.1763098145e+02 5.1649145508e+02 5.1684704590e+02
6.9592010732e-07 5.2031250000e+02 5.1641882324e+02 5.1459777832e+02 5.1839416504e+02
7.0552016496e-07 5.2031250000e+02 5.2061981201e+02 5.1923529053e+02 5.2308050537e+02
7.1512010891e-07 5.1900000000e+02 5.1012799072e+02 5.1536468506e+02 5.2454858398e+02
7.2472005286e-07 5.2015625000e+02 5.1727563477e+02 5.0952758789e+02 5.2917480469e+02
7.3432011050e-07 5.2093750000e+02 5.2444531250e+02 5.2698333740e+02 5.3083404541e+02
7.4392005445e-07 5.2240625000e+02 5.1662322998e+02 5.1885437012e+02 5.3532891846e+02
7.5352022577e-07 5.1843750000e+02 5.2940466309e+02 5.2987609863e+02 5.3713793945e+02
7.6312005604e-07 5.2137500000e+02 5.1917370605e+02 5.1159335327e+02 5.4139288330e+02
7.7272022736e-07 5.2025000000e+02 5.0983544922e+02 5.1685974121e+02 5.4321527100e+02
7.8232005762e-07 5.1731250000e+02 5.1856134033e+02 5.1793780518e+02 5.4748748779e+02
7.9192011526e-07 5.1921875000e+02 5.1839050293e+02 5.2024291992e+02 5.4932751465e+02
8.0152017290e-07 5.2490625000e+02 5.2160339355e+02 5.1656115723e+02 5.5355664062e+02
8.1112011685e-07 5.2128125000e+02 5.1813330078e+02 5.1087478638e+02 5.5532702637e+02
8.2072006080e-07 5.1993750000e+02 5.2044537354e+02 5.2707116699e+02 5.5968981934e+02
8.3032011844e-07 5.2103125000e+02 5.0688653564e+02 5.0399301147e+02 5.6119250488e+02
8.3992006239e-07 5.2075000000e+02 5.1369244385e+02 5.1811560059e+02 5.6568597412e+02
8.4952012003e-07 5.1918750000e+02 5.2221435547e+02 5.2288024902e+02 5.6727551270e+02
8.5912006398e-07 5.2121875000e+02 5.1295251465e+02 5.1038082886e+02 5.7158618164e+02
8.6872023530e-07 5.1637500000e+02 5.1589062500e+02 5.1259997559e+02 5.7321380615e+02
8.7832006557e-07 5.1650000000e+02 5.1372070312e+02 5.1687219238e+02 5.7752380371e+02
8.8792023689e-07 5.1612500000e+02 5.1303973389e+02 5.1677142334e+02 5.7915057373e+02
8.9751995347e-07 5.1800000000e+02 5.1783172607e+02 5.1479254150e+02 5.8345104980e+02
9.0712012479e-07 5.1081250000e+02 5.1977246094e+02 5.2577038574e+02 5.8517962646e+02
9.1672018243e-07 5.1287500000e+02 5.1703204346e+02 5.1608947754e+02 5.8936535645e+02
9.2632012638e-07 5.1084375000e+02 5.1704205322e+02 5.1741113281e+02 5.9110882568e+02
9.3592007033e-07 5.1421875000e+02 5.0880194092e+02 5.0736938477e+02 5.9513665771e+02
9.4552012797e-07 5.1253125000e+02 5.0699743652e+02 5.0814636230e+02 5.9687860107e+02
9.5512007192e-07 5.1159375000e+02 5.0164477539e+02 4.9774700928e+02 6.0077148438e+02
9.6472012956e-07 5.1146875000e+02 5.0818725586e+02 5.0909609985e+02 6.0264593506e+02
9.7432007351e-07 5.1031250000e+02 5.1115863037e+02 5.1021273804e+02 6.0655596924e+02
9.8392024483e-07 5.0946875000e+02 5.0527270508e+02 5.0482318115e+02 6.0834594727e+02
9.9352007510e-07 5.0728125000e+02 5.0476577759e+02 5.0227105713e+02 6.1221685791e+02
1.0031201327e-06 5.0609375000e+02 4.9953558350e+02 4.9454571533e+02 6.1391772461e+02
1.0127200767e-06 5.0946875000e+02 5.0223406982e+02 4.9961364746e+02 6.1782653809e+02
1.0223201343e-06 5.0500000000e+02 5.0242340088e+02 5.0168948364e+02 6.1954797363e+02
1.0319200783e-06 5.0387500000e+02 5.0324334717e+02 5.0209960938e+02 6.2345269775e+02
1.0415201359e-06 5.0271875000e+02 5.0219815063e+02 5.0146206665e+02 6.2516632080e+02
1.0511200799e-06 5.0312500000e+02 5.0307257080e+02 5.0435397339e+02 6.2907946777e+02
1.0607201375e-06 4.9928125000e+02 4.9937182617e+02 5.0064645386e+02 6.3073822021e+02
1.0703200815e-06 5.0290625000e+02 4.9783850098e+02 4.9824511719e+02 6.3460620117e+02
1.0799201391e-06 4.9709375000e+02 5.0065332031e+02 5.0344717407e+02 6.3633056641e+02
1.0895201967e-06 4.9650000000e+02 4.9552896118e+02 4.9478335571e+02 6.4008496094e+02
1.0991201407e-06 4.9678125000e+02 4.9240283203e+02 4.8804153442e+02 6.4175445557e+02
1.1087200846e-06 4.9168750000e+02 4.9808258057e+02 5.0210699463e+02 6.4561712646e+02
1.1183201423e-06 4.9509375000e+02 4.9299172974e+02 4.9130297852e+02 6.4719580078e+02
1.1279200862e-06 4.9331250000e+02 4.9152188110e+02 4.9129467773e+02 6.5102081299e+02
1.1375201439e-06 4.9400000000e+02 4.8843817139e+02 4.8539761353e+02 6.5255065918e+02
1.1471200878e-06 4.8987500000e+02 4.9399053955e+02 4.9790798950e+02 6.5647515869e+02
1.1567201454e-06 4.9240625000e+02 4.8737298584e+02 4.8612673950e+02 6.5788830566e+02
1.1663200894e-06 4.8903125000e+02 4.8885931396e+02 4.9100399780e+02 6.6182958984e+02
1.1759201470e-06 4.8931250000e+02 4.8585867310e+02 4.8603063965e+02 6.6319775391e+02
1.1855200910e-06 4.8706250000e+02 4.8733813477e+02 4.8985595703e+02 6.6715716553e+02
1.1951201486e-06 4.8281250000e+02 4.8793438721e+02 4.9101306152e+02 6.6854913330e+02
1.2047200926e-06 4.8618750000e+02 4.8564318848e+02 4.8863259888e+02 6.7245312500e+02
1.2143201502e-06 4.8325000000e+02 4.8563833618e+02 4.8909774780e+02 6.7385064697e+02
1.2239200942e-06 4.8112500000e+02 4.7950512695e+02 4.7893780518e+02 6.7764331055e+02
1.2335201518e-06 4.8112500000e+02 4.8389260864e+02 4.8654934692e+02 6.7914538574e+02
1.2431200958e-06 4.7940625000e+02 4.7598699951e+02 4.7581542969e+02 6.8275988770e+02
1.2527201534e-06 4.7671875000e+02 4.7696398926e+02 4.7711083984e+02 6.8429583740e+02
1.2623200973e-06 4.7750000000e+02 4.7499685669e+02 4.7459536743e+02 6.8787683105e+02
1.2719201550e-06 4.7825000000e+02 4.7927453613e+02 4.8239883423e+02 6.8950585938e+02
1.2815200989e-06 4.7656250000e+02 4.8053842163e+02 4.8610269165e+02 6.9309417725e+02
1.2911201566e-06 4.7303125000e+02 4.7614825439e+02 4.7862106323e+02 6.9466284180e+02
1.3007201005e-06 4.7131250000e+02 4.7092193604e+02 4.7076608276e+02 6.9815106201e+02
1.3103201582e-06 4.7371875000e+02 4.7778088379e+02 4.8314477539e+02 6.9983831787e+02
1.3199201021e-06 4.7178125000e+02 4.7079867554e+02 4.7253210449e+02 7.0318579102e+02
1.3295201597e-06 4.7106250000e+02 4.6694888306e+02 4.6650198364e+02 7.0481658936e+02
1.3391201037e-06 4.6609375000e+02 4.6886746216e+02 4.7066510010e+02 7.0818151855e+02
1.3487201613e-06 4.6753125000e+02 4.6598864746e+02 4.6591262817e+02 7.0981195068e+02
1.3583201053e-06 4.6484375000e+02 4.6664471436e+02 4.6875671387e+02 7.1315710449e+02
1.3679201629e-06 4.6643750000e+02 4.6618753052e+02 4.6765005493e+02 7.1476647949e+02
1.3775201069e-06 4.6259375000e+02 4.6226177979e+02 4.6317886353e+02 7.1806958008e+02
1.3871201645e-06 4.6218750000e+02 4.6595880127e+02 4.6948114014e+02 7.1974591064e+02
1.3967201085e-06 4.5881250000e+02 4.6304257202e+02 4.6559118652e+02 7.2298370361e+02
1.4063200524e-06 4.6071875000e+02 4.5706323242e+02 4.5649713135e+02 7.2459027100e+02
1.4159201100e-06 4.5775000000e+02 4.5859603882e+02 4.6029513550e+02 7.2784307861e+02
1.4255201677e-06 4.5993750000e+02 4.5726303101e+02 4.5794787598e+02 7.2941815186e+02
1.4351201116e-06 4.5456250000e+02 4.5758166504e+02 4.6035653687e+02 7.3270104980e+02
1.4447200556e-06 4.5650000000e+02 4.5343283081e+02 4.5341244507e+02 7.3419128418e+02
1.4543199995e-06 4.5162500000e+02 4.5262243652e+02 4.5326605225e+02 7.3745349121e+02
1.4639199435e-06 4.5121875000e+02 4.5884695435e+02 4.6416390991e+02 7.3907580566e+02
1.4735201148e-06 4.5196875000e+02 4.5488995361e+02 4.5893634033e+02 7.4226843262e+02
1.4831200588e-06 4.5271875000e+02 4.4492523193e+02 4.4244641113e+02 7.4370538330e+02
1.4927200027e-06 4.4734375000e+02 4.5029382324e+02 4.5206817627e+02 7.4698394775e+02
1.5023200604e-06 4.5046875000e+02 4.5032650757e+02 4.5296109009e+02 7.4844708252e+02
1.5119201180e-06 4.4912500000e+02 4.4943518066e+02 4.5286947632e+02 7.5170904541e+02
1.5215200619e-06 4.4143750000e+02 4.4699234009e+02 4.4899099731e+02 7.5313629150e+02
1.5311200059e-06 4.4215625000e+02 4.4827108765e+02 4.5070141602e+02 7.5638391113e+02
1.5407199498e-06 4.4190625000e+02 4.5003863525e+02 4.5498703003e+02 7.5787579346e+02
1.5503201212e-06 4.4281250000e+02 4.4489514160e+02 4.4506787109e+02 7.6098028564e+02
1.5599200651e-06 4.4140625000e+02 4.3785369873e+02 4.3651486206e+02 7.6240380859e+02
1.5695201228e-06 4.3750000000e+02 4.3539166260e+02 4.3392504883e+02 7.6546655273e+02
1.5791199530e-06 4.3671875000e+02 4.4029345703e+02 4.4294436646e+02 7.6700500488e+02
1.5887201243e-06 4.3671875000e+02 4.4530548096e+02 4.5020996094e+02 7.7011328125e+02
1.5983200683e-06 4.3590625000e+02 4.3558178711e+02 4.3698370361e+02 7.7153741455e+02
1.6079200122e-06 4.3465625000e+02 4.3071945190e+02 4.2915911865e+02 7.7453198242e+02
1.6175199562e-06 4.3550000000e+02 4.3510946655e+02 4.3784945679e+02 7.7607275391e+02
1.6271201275e-06 4.3506250000e+02 4.3943945312e+02 4.4280050659e+02 7.7908026123e+02
1.6367200715e-06 4.3168750000e+02 4.2988964844e+02 4.2939007568e+02 7.8049304199e+02
1.6463200154e-06 4.3187500000e+02 4.3396374512e+02 4.3838787842e+02 7.8359606934e+02
1.6559199594e-06 4.3131250000e+02 4.3295114136e+02 4.3468487549e+02 7.8495794678e+02
1.6655201307e-06 4.3028125000e+02 4.2672332764e+02 4.2838436890e+02 7.8799920654e+02
1.6751200747e-06 4.2812500000e+02 4.3286334229e+02 4.3767169189e+02 7.8945935059e+02
1.6847200186e-06 4.2534375000e+02 4.2643438721e+02 4.2960653687e+02 7.9241619873e+02
1.6943199626e-06 4.2593750000e+02 4.3211462402e+02 4.3707086182e+02 7.9394085693e+02
1.7039201339e-06 4.2975000000e+02 4.2689904785e+02 4.3050537109e+02 7.9682061768e+02
1.7135200778e-06 4.2450000000e+02 4.2351828003e+02 4.2405340576e+02 7.9827239990e+02
1.7231200218e-06 4.2421875000e+02 4.2489480591e+02 4.2893695068e+02 8.0120330811e+02
1.7327199657e-06 4.2446875000e+02 4.1872238159e+02 4.2020187378e+02 8.0257611084e+02
1.7423201371e-06 4.2350000000e+02 4.2686526489e+02 4.2894873047e+02 8.0555535889e+02
1.7519200810e-06 4.1696875000e+02 4.1601416016e+02 4.1534317017e+02 8.0680603027e+02
1.7615200250e-06 4.1753125000e+02 4.1937313843e+02 4.2248284912e+02 8.0985241699e+02
1.7711199689e-06 4.1662500000e+02 4.1754528809e+02 4.1962033081e+02 8.1107971191e+02
1.7807201402e-06 4.1571875000e+02 4.1831323242e+02 4.2190597534e+02 8.1413598633e+02
1.7903200842e-06 4.1240625000e+02 4.1331723022e+02 4.1269030762e+02 8.1526538086e+02
1.7999200281e-06 4.1196875000e+02 4.1723745728e+02 4.2138247681e+02 8.1840661621e+02
1.8095199721e-06 4.1371875000e+02 4.1276858521e+02 4.1400979614e+02 8.1946478271e+02
1.8191201434e-06 4.1081250000e+02 4.1704821777e+02 4.1790246582e+02 8.2261505127e+02
1.8287200874e-06 4.1337500000e+02 4.1490979004e+02 4.1918722534e+02 8.2371685791e+02
1.8383200313e-06 4.0828125000e+02 4.0544537354e+02 4.0602175903e+02 8.2671606445e+02
1.8479199753e-06 4.0968750000e+02 4.0686099243e+02 4.0872637939e+02 8.2785778809e+02
1.8575201466e-06 4.0962500000e+02 4.0881903076e+02 4.0965853882e+02 8.3083618164e+02
1.8671200905e-06 4.0771875000e+02 4.1034429932e+02 4.1556240845e+02 8.3206756592e+02
1.8767201482e-06 4.0678125000e+02 4.0730401611e+02 4.0985424805e+02 8.3495989990e+02
1.8863200921e-06 4.0550000000e+02 4.0821734619e+02 4.1191024780e+02 8.3622241211e+02
1.8959201498e-06 4.0606250000e+02 4.1002493286e+02 4.1506588745e+02 8.3913226318e+02
1.9055200937e-06 4.0596875000e+02 4.0276535034e+02 4.0313259888e+02 8.4027337646e+02
1.9151202650e-06 4.0371875000e+02 4.0594641113e+02 4.1171817017e+02 8.4327484131e+02
1.9247199816e-06 4.0225000000e+02 4.0734643555e+02 4.1280633545e+02 8.4442791748e+02
1.9343199256e-06 4.0300000000e+02 4.0198449707e+02 4.0527612305e+02 8.4733648682e+02
1.9439200969e-06 4.0087500000e+02 4.0401196289e+02 4.0670724487e+02 8.4850421143e+02
1.9535200408e-06 4.0231250000e+02 4.0071276855e+02 4.0136700439e+02 8.5134051514e+02
1.9631199848e-06 3.9921875000e+02 3.9857232666e+02 4.0132427979e+02 8.5252746582e+02
1.9727199287e-06 3.9728125000e+02 4.0691467285e+02 4.1292495728e+02 8.5546276855e+02
1.9823201001e-06 3.9262500000e+02 3.9812612915e+02 3.9952819824e+02 8.5651892090e+02
1.9919200440e-06 3.9515625000e+02 4.0576409912e+02 4.1328054810e+02 8.5958752441e+02
2.0015199880e-06 3.9287500000e+02 4.0050842285e+02 4.0426654053e+02 8.6055584717e+02
2.0111199319e-06 3.9643750000e+02 4.0164343262e+02 4.0762585449e+02 8.6364739990e+02
2.0207201032e-06 3.9262500000e+02 3.9620825195e+02 3.9745132446e+02 8.6451361084e+02
2.0303200472e-06 3.9331250000e+02 3.9621057129e+02 4.0017138672e+02 8.6762481689e+02
2.0399199911e-06 3.9009375000e+02 3.9778445435e+02 4.0122296143e+02 8.6850714111e+02
2.0495199351e-06 3.9009375000e+02 3.9088748169e+02 3.9400503540e+02 8.7153869629e+02
2.0591201064e-06 3.9050000000e+02 3.9537969971e+02 4.0157632446e+02 8.7251263428e+02
2.0687200504e-06 3.8940625000e+02 3.9441513062e+02 4.0150366211e+02 8.7553240967e+02
2.0783199943e-06 3.8681250000e+02 3.9020458984e+02 3.9049984741e+02 8.7638299561e+02
2.0879199383e-06 3.8740625000e+02 3.8512353516e+02 3.8801303101e+02 8.7938037109e+02
2.0975201096e-06 3.8709375000e+02 3.8786019897e+02 3.8813510132e+02 8.8022570801e+02
2.1071200536e-06 3.8543750000e+02 3.9283554077e+02 3.9829946899e+02 8.8331945801e+02
2.1167199975e-06 3.8059375000e+02 3.8669445801e+02 3.9034844971e+02 8.8409912109e+02
2.1263199415e-06 3.8446875000e+02 3.9015954590e+02 3.9517544556e+02 8.8722229004e+02
2.1359201128e-06 3.8421875000e+02 3.8592874146e+02 3.8848706055e+02 8.8794317627e+02
2.1455200567e-06 3.8118750000e+02 3.8402075195e+02 3.8784829712e+02 8.9105035400e+02
2.1551200007e-06 3.8278125000e+02 3.8523425293e+02 3.8855392456e+02 8.9178472900e+02
2.1647199446e-06 3.8378125000e+02 3.8124420166e+02 3.8586575317e+02 8.9486108398e+02
2.1743198886e-06 3.8387500000e+02 3.7858932495e+02 3.8219515991e+02 8.9557043457e+02
2.1839200599e-06 3.7765625000e+02 3.7833926392e+02 3.8220608521e+02 8.9862988281e+02
2.1935200039e-06 3.7965625000e+02 3.9234954834e+02 3.9288391113e+02 8.9942492676e+02
2.2031199478e-06 3.7587500000e+02 3.8115713501e+02 3.8633636475e+02 9.0243310547e+02
2.2127198918e-06 3.7350000000e+02 3.8159265137e+02 3.8209219360e+02 9.0317718506e+02
2.2223200631e-06 3.7740625000e+02 3.7453622437e+02 3.7929122925e+02 9.0617315674e+02
2.2319200070e-06 3.7675000000e+02 3.7712725830e+02 3.7794418335e+02 9.0688879395e+02
2.2415199510e-06 3.7446875000e+02 3.7177297974e+02 3.7273004150e+02 9.0982550049e+02
2.2511198949e-06 3.7359375000e+02 3.7518273926e+02 3.7948348999e+02 9.1062689209e+02
2.2607200663e-06 3.7521875000e+02 3.7404718018e+02 3.7757336426e+02 9.1352697754e+02
2.2703200102e-06 3.7396875000e+02 3.7407171631e+02 3.7733264160e+02 9.1433349609e+02
2.2799199542e-06 3.7134375000e+02 3.8043344116e+02 3.8307287598e+02 9.1726422119e+02
2.2895198981e-06 3.7100000000e+02 3.7400769043e+02 3.7776550293e+02 9.1804040527e+02
2.2991200694e-06 3.7256250000e+02 3.7595150757e+02 3.7827005005e+02 9.2095281982e+02
2.3087200134e-06 3.7090625000e+02 3.7251821899e+02 3.7233105469e+02 9.2167523193e+02
2.3183199573e-06 3.6987500000e+02 3.6683154297e+02 3.7039263916e+02 9.2457781982e+02
2.3279199013e-06 3.6925000000e+02 3.6605847168e+02 3.6715716553e+02 9.2526666260e+02
2.3375200726e-06 3.6928125000e+02 3.7067141724e+02 3.7464544678e+02 9.2823236084e+02
2.3471200166e-06 3.6593750000e+02 3.6895797729e+02 3.7114172363e+02 9.2889172363e+02
2.3567199605e-06 3.6806250000e+02 3.6847659302e+02 3.7187371826e+02 9.3185473633e+02
2.3663199045e-06 3.6512500000e+02 3.6991552734e+02 3.7446267700e+02 9.3255200195e+02
2.3759200758e-06 3.6681250000e+02 3.6821237183e+02 3.6962203979e+02 9.3544281006e+02
2.3855200197e-06 3.6381250000e+02 3.6307604980e+02 3.6761822510e+02 9.3615435791e+02
2.3951199637e-06 3.6656250000e+02 3.6952706909e+02 3.7456881714e+02 9.3908563232e+02
2.4047199076e-06 3.6543750000e+02 3.6375506592e+02 3.6752151489e+02 9.3974212646e+02
2.4143200790e-06 3.6071875000e+02 3.6398242188e+02 3.6639916992e+02 9.4264068604e+02
2.4239200229e-06 3.6125000000e+02 3.6177740479e+02 3.6273947144e+02 9.4326794434e+02
2.4335199669e-06 3.6446875000e+02 3.6442752075e+02 3.6650860596e+02 9.4618945312e+02
2.4431199108e-06 3.5971875000e+02 3.5999517822e+02 3.6205905151e+02 9.4678912354e+02
2.4527200821e-06 3.5881250000e+02 3.6649530029e+02 3.6784033203e+02 9.4974127197e+02
2.4623200261e-06 3.5559375000e+02 3.6208694458e+02 3.6305987549e+02 9.5030767822e+02
2.4719199700e-06 3.5871875000e+02 3.5820358276e+02 3.6322540283e+02 9.5327252197e+02
2.4815199140e-06 3.5740625000e+02 3.5820059204e+02 3.5455532837e+02 9.5372833252e+02
2.4911200853e-06 3.6053125000e+02 3.5525915527e+02 3.5787750244e+02 9.5673736572e+02
2.5007200293e-06 3.5834375000e+02 3.5569546509e+02 3.5741284180e+02 9.5719403076e+02
2.5103199732e-06 3.5425000000e+02 3.5964431763e+02 3.6176217651e+02 9.6022558594e+02
2.5199199172e-06 3.5696875000e+02 3.5959869385e+02 3.6138977051e+02 9.6068804932e+02
2.5295200885e-06 3.5590625000e+02 3.5702648926e+02 3.6234564209e+02 9.6373370361e+02
2.5391200325e-06 3.5415625000e+02 3.5669912720e+02 3.5544055176e+02 9.6411267090e+02
2.5487199764e-06 3.5437500000e+02 3.5421710205e+02 3.5601046753e+02 9.6716241455e+02
2.5583199204e-06 3.5415625000e+02 3.5119796753e+02 3.5436706543e+02 9.6754949951e+02
2.5679200917e-06 3.5100000000e+02 3.5516653442e+02 3.5820516968e+02 9.7061138916e+02
2.5775200356e-06 3.5440625000e+02 3.4931665039e+02 3.5099948120e+02 9.7094354248e+02
2.5871199796e-06 3.5134375000e+02 3.5213775635e+02 3.5662142944e+02 9.7405261230e+02
2.5967199235e-06 3.5206250000e+02 3.5048733521e+02 3.5286737061e+02 9.7435205078e+02
2.6063200949e-06 3.4950000000e+02 3.5095581055e+02 3.5299545288e+02 9.7744348145e+02
2.6159200388e-06 3.4943750000e+02 3.4847744751e+02 3.5110241699e+02 9.7774359131e+02
2.6255199828e-06 3.4925000000e+02 3.5316482544e+02 3.5413879395e+02 9.8083367920e+02
2.6351199267e-06 3.5081250000e+02 3.4856213379e+02 3.5147381592e+02 9.8113488770e+02
2.6447200980e-06 3.4990625000e+02 3.4608898926e+02 3.4844805908e+02 9.8418115234e+02
2.6543200420e-06 3.4650000000e+02 3.5003186035e+02 3.5003952026e+02 9.8449237061e+02
2.6639199859e-06 3.4659375000e+02 3.4807321167e+02 3.5121795654e+02 9.8755053711e+02
2.6735199299e-06 3.4556250000e+02 3.4774197388e+02 3.4970028687e+02 9.8785321045e+02
2.6831201012e-06 3.4356250000e+02 3.4936016846e+02 3.5309643555e+02 9.9093389893e+02
2.6927200452e-06 3.4471875000e+02 3.4137640381e+02 3.4247482300e+02 9.9114721680e+02
2.7023199891e-06 3.4768750000e+02 3.4638479614e+02 3.4870919800e+02 9.9426843262e+02
2.7119199331e-06 3.4578125000e+02 3.4514898682e+02 3.4767129517e+02 9.9448675537e+02
2.7215201044e-06 3.4559375000e+02 3.4907928467e+02 3.5283938599e+02 9.9764038086e+02
2.7311200483e-06 3.4193750000e+02 3.3972747803e+02 3.3961672974e+02 9.9774078369e+02
2.7407199923e-06 3.4475000000e+02 3.4589172363e+02 3.4833251953e+02 1.0009631958e+03
2.7503199362e-06 3.4325000000e+02 3.4153665161e+02 3.4499020386e+02 1.0010593262e+03
2.7599201076e-06 3.4159375000e+02 3.4326361084e+02 3.4682440186e+02 1.0042772827e+03
2.7695200515e-06 3.3946875000e+02 3.4030374146e+02 3.4370608521e+02 1.0043634033e+03
2.7791199955e-06 3.4384375000e+02 3.3849713135e+02 3.4058819580e+02 1.0075286255e+03
2.7887199394e-06 3.4121875000e+02 3.3805657959e+02 3.3915884399e+02 1.0076087036e+03
2.7983201107e-06 3.4146875000e+02 3.3658795166e+02 3.3743164062e+02 1.0107421265e+03
2.8079200547e-06 3.3875000000e+02 3.3845962524e+02 3.3894369507e+02 1.0108433838e+03
2.8175199986e-06 3.3753125000e+02 3.4145043945e+02 3.4335867310e+02 1.0140046997e+03
2.8271199426e-06 3.3759375000e+02 3.4355786133e+02 3.4476593018e+02 1.0141254272e+03
2.8367198865e-06 3.3484375000e+02 3.3839822388e+02 3.4274777222e+02 1.0172775879e+03
2.8463200579e-06 3.3928125000e+02 3.3570056152e+02 3.3789523315e+02 1.0173564453e+03
2.8559200018e-06 3.4093750000e+02 3.3696334839e+02 3.3769412231e+02 1.0204794312e+03
2.8655199458e-06 3.3743750000e+02 3.3775610352e+02 3.3997430420e+02 1.0205978394e+03
2.8751198897e-06 3.3593750000e+02 3.3775482178e+02 3.4053442383e+02 1.0237129517e+03
2.8847200610e-06 3.3268750000e+02 3.3157528687e+02 3.3132769775e+02 1.0237508545e+03
2.8943200050e-06 3.3412500000e+02 3.3625515747e+02 3.3915954590e+02 1.0269323730e+03
2.9039199489e-06 3.3346875000e+02 3.3608789062e+02 3.3798867798e+02 1.0269661865e+03
2.9135198929e-06 3.3218750000e+02 3.3567419434e+02 3.3998022461e+02 1.0301656494e+03
2.9231200642e-06 3.3200000000e+02 3.3470599365e+02 3.3749926758e+02 1.0301809082e+03
2.9327200082e-06 3.3259375000e+02 3.3531250000e+02 3.3621157837e+02 1.0333402100e+03
2.9423199521e-06 3.3459375000e+02 3.3040142822e+02 3.3242382812e+02 1.0333483887e+03
2.9519198961e-06 3.3209375000e+02 3.3236294556e+02 3.3506256104e+02 1.0365146484e+03
2.9615200674e-06 3.3268750000e+02 3.3256625366e+02 3.3471511841e+02 1.0365280762e+03
2.9711200114e-06 3.3175000000e+02 3.3124810791e+02 3.3458831787e+02 1.0396876221e+03
2.9807199553e-06 3.2609375000e+02 3.3021588135e+02 3.3227709961e+02 1.0396850586e+03
2.9903198993e-06 3.2725000000e+02 3.3480157471e+02 3.3958120728e+02 1.0429035645e+03
2.9999200706e-06 3.2828125000e+02 3.2950564575e+02 3.3006063843e+02 1.0428090820e+03
3.0095200145e-06 3.2950000000e+02 3.2711895752e+02 3.2870513916e+02 1.0460092773e+03
3.0191199585e-06 3.2743750000e+02 3.2780099487e+02 3.2810800171e+02 1.0459121094e+03
3.0287199024e-06 3.3012500000e+02 3.2739581299e+02 3.3029690552e+02 1.0491348877e+03
3.0383200738e-06 3.2409375000e+02 3.2542333984e+02 3.2751364136e+02 1.0490258789e+03
3.0479200177e-06 3.2706250000e+02 3.2710061646e+02 3.2932693481e+02 1.0522416992e+03
3.0575199617e-06 3.2803125000e+02 3.2331524658e+02 3.2468255615e+02 1.0521080322e+03
3.0671199056e-06 3.2656250000e+02 3.2211639404e+02 3.2253479004e+02 1.0552801514e+03
3.0767200769e-06 3.2284375000e+02 3.2628942871e+02 3.2919128418e+02 1.0552305908e+03
3.0863200209e-06 3.2575000000e+02 3.2227706909e+02 3.2331185913e+02 1.0583258057e+03
3.0959199648e-06 3.2146875000e+02 3.1970904541e+02 3.1769073486e+02 1.0582204590e+03
3.1055199088e-06 3.2578125000e+02 3.1927438354e+02 3.1924392700e+02 1.0613286133e+03
3.1151200801e-06 3.2121875000e+02 3.2231378174e+02 3.2406906128e+02 1.0612872314e+03
3.1247200241e-06 3.2112500000e+02 3.2420742798e+02 3.2688848877e+02 1.0644056396e+03
3.1343199680e-06 3.2275000000e+02 3.2380401611e+02 3.2491571045e+02 1.0643470459e+03
3.1439199120e-06 3.2037500000e+02 3.2138348389e+02 3.2282348633e+02 1.0674381104e+03
3.1535200833e-06 3.2421875000e+02 3.2206262207e+02 3.2383535767e+02 1.0674019775e+03
3.1631200272e-06 3.1940625000e+02 3.1851599121e+02 3.1950573730e+02 1.0704401855e+03
3.1727199712e-06 3.1843750000e+02 3.2046194458e+02 3.2217904663e+02 1.0704410400e+03
3.1823199151e-06 3.1781250000e+02 3.1594104004e+02 3.1680401611e+02 1.0734222412e+03
3.1919200865e-06 3.1765625000e+02 3.1655603027e+02 3.1645001221e+02 1.0734174805e+03
3.2015200304e-06 3.2096875000e+02 3.2142309570e+02 3.2511694336e+02 1.0764837646e+03
3.2111199744e-06 3.1681250000e+02 3.1716763306e+02 3.1781857300e+02 1.0764068604e+03
3.2207199183e-06 3.1831250000e+02 3.1659698486e+02 3.1811810303e+02 1.0794698486e+03
3.2303200896e-06 3.1850000000e+02 3.1625564575e+02 3.1752767944e+02 1.0793996582e+03
3.2399200336e-06 3.1784375000e+02 3.1999264526e+02 3.2240322876e+02 1.0824863281e+03
3.2495199775e-06 3.1465625000e+02 3.1881481934e+02 3.2108380127e+02 1.0824191895e+03
3.2591199215e-06 3.1440625000e+02 3.1792968750e+02 3.2034469604e+02 1.0854860840e+03
3.2687200928e-06 3.1025000000e+02 3.1795800781e+02 3.1908154297e+02 1.0854071045e+03
3.2783200368e-06 3.1443750000e+02 3.1412155151e+02 3.1550610352e+02 1.0884405518e+03
3.2879199807e-06 3.1243750000e+02 3.1819238281e+02 3.2111206055e+02 1.0884259033e+03
3.2975199247e-06 3.1375000000e+02 3.1252651978e+02 3.1394982910e+02 1.0913874512e+03
3.3071200960e-06 3.1415625000e+02 3.1182366943e+02 3.1225592041e+02 1.0913558350e+03
3.3167202673e-06 3.1356250000e+02 3.1411511230e+02 3.1641723633e+02 1.0943518066e+03
3.3263199839e-06 3.1312500000e+02 3.1234320068e+02 3.1330767822e+02 1.0942935791e+03
3.3359201552e-06 3.1187500000e+02 3.1280664062e+02 3.1503317261e+02 1.0973074951e+03
3.3455203265e-06 3.0875000000e+02 3.1049572754e+02 3.1099700928e+02 1.0972075195e+03
3.3551200431e-06 3.1221875000e+02 3.1338525391e+02 3.1611709595e+02 1.1002677002e+03
3.3647202144e-06 3.1115625000e+02 3.0814190674e+02 3.0809887695e+02 1.1000953369e+03
3.3743199310e-06 3.0865625000e+02 3.0648471069e+02 3.0624884033e+02 1.1031242676e+03
3.3839201024e-06 3.0856250000e+02 3.0894274902e+02 3.0969708252e+02 1.1030004883e+03
3.3935202737e-06 3.1128125000e+02 3.0769232178e+02 3.0847918701e+02 1.1060057373e+03
3.4031199903e-06 3.1196875000e+02 3.0894030762e+02 3.0904132080e+02 1.1058790283e+03
3.4127201616e-06 3.0996875000e+02 3.1074322510e+02 3.1241479492e+02 1.1089082031e+03
3.4223203329e-06 3.0284375000e+02 3.0669073486e+02 3.0678945923e+02 1.1087425537e+03
3.4319200495e-06 3.0890625000e+02 3.0489154053e+02 3.0499945068e+02 1.1117482910e+03
3.4415202208e-06 3.0525000000e+02 3.0586404419e+02 3.0610327148e+02 1.1116013184e+03
3.4511199374e-06 3.0875000000e+02 3.0675402832e+02 3.0794561768e+02 1.1146124268e+03
3.4607201087e-06 3.0525000000e+02 3.0673889160e+02 3.0754895020e+02 1.1144681396e+03
3.4703202800e-06 3.0278125000e+02 3.0941497803e+02 3.1225286865e+02 1.1175209961e+03
3.4799199966e-06 3.0412500000e+02 3.0592022705e+02 3.0690295410e+02 1.1173338623e+03
3.4895201679e-06 3.0112500000e+02 3.0240707397e+02 3.0217947388e+02 1.1203210449e+03
3.4991203393e-06 3.0350000000e+02 3.0354348755e+02 3.0355010986e+02 1.1201553955e+03
3.5087200558e-06 3.0475000000e+02 3.0477902222e+02 3.0622106934e+02 1.1231685791e+03
3.5183202272e-06 3.0521875000e+02 3.0447619629e+02 3.0549227905e+02 1.1230036621e+03
3.5279199437e-06 3.0134375000e+02 3.0326300049e+02 3.0426196289e+02 1.1259887695e+03
3.5375201151e-06 3.0346875000e+02 3.0578982544e+02 3.0758197021e+02 1.1258630371e+03
3.5471202864e-06 3.0250000000e+02 3.0408349609e+02 3.0585556030e+02 1.1288314209e+03
3.5567200030e-06 3.0518750000e+02 3.0100704956e+02 3.0111630249e+02 1.1286682129e+03
3.5663201743e-06 3.0237500000e+02 3.0246182251e+02 3.0382849121e+02 1.1316530762e+03
3.5759198909e-06 3.0278125000e+02 2.9749310303e+02 2.9641888428e+02 1.1314194336e+03
3.5855200622e-06 2.9990625000e+02 3.0146755981e+02 3.0276190186e+02 1.1344604492e+03
3.5951202335e-06 3.0043750000e+02 3.0399804688e+02 3.0613879395e+02 1.1342637939e+03
3.6047199501e-06 2.9606250000e+02 3.0215328979e+02 3.0409719849e+02 1.1372731934e+03
3.6143201214e-06 2.9712500000e+02 2.9924023438e+02 2.9960769653e+02 1.1370462646e+03
3.6239202927e-06 3.0100000000e+02 3.0002005005e+02 3.0082937622e+02 1.1400366211e+03
3.6335200093e-06 2.9765625000e+02 2.9921295166e+02 2.9994973755e+02 1.1398281250e+03
3.6431201806e-06 2.9925000000e+02 2.9679730225e+02 2.9648031616e+02 1.1427891846e+03
3.6527198972e-06 2.9859375000e+02 2.9770788574e+02 2.9785452271e+02 1.1425965576e+03
3.6623200685e-06 2.9781250000e+02 2.9795300293e+02 2.9884393311e+02 1.1455567627e+03
3.6719202399e-06 2.9640625000e+02 2.9635775757e+02 2.9577374268e+02 1.1453500977e+03
3.6815199564e-06 2.9490625000e+02 2.9427261353e+02 2.9397332764e+02 1.1482724609e+03
3.6911199004e-06 2.9743750000e+02 2.9335275269e+02 2.9234478760e+02 1.1480590820e+03
3.7007202991e-06 2.9853125000e+02 2.9662322998e+02 2.9791430664e+02 1.1510197754e+03
3.7103200157e-06 2.9418750000e+02 2.9896234131e+02 3.0102465820e+02 1.1508444824e+03
3.7199201870e-06 2.9543750000e+02 2.9530386353e+02 2.9566461182e+02 1.1537567139e+03
3.7295199036e-06 2.9618750000e+02 2.9578765869e+02 2.9645520020e+02 1.1535916748e+03
3.7391200749e-06 2.9428125000e+02 2.9475720215e+02 2.9461999512e+02 1.1564882812e+03
3.7487202462e-06 2.9293750000e+02 2.9179888916e+02 2.9100802612e+02 1.1562845459e+03
3.7583199628e-06 2.9431250000e+02 2.9558923340e+02 2.9721115112e+02 1.1592299805e+03
3.7679201341e-06 2.9193750000e+02 2.9221115112e+02 2.9230453491e+02 1.1589827881e+03
3.7775203054e-06 2.9434375000e+02 2.9413934326e+02 2.9583285522e+02 1.1619497070e+03
3.7871200220e-06 2.9315625000e+02 2.9291674805e+02 2.9397415161e+02 1.1616888428e+03
3.7967201933e-06 2.9171875000e+02 2.9652047729e+02 2.9932830811e+02 1.1647073975e+03
3.8063199099e-06 2.9459375000e+02 2.9405053711e+02 2.9525442505e+02 1.1644185791e+03
3.8159200813e-06 2.9556250000e+02 2.8792675781e+02 2.8698059082e+02 1.1673476562e+03
3.8255197978e-06 2.8987500000e+02 2.8966772461e+02 2.8987130737e+02 1.1670864258e+03
3.8351199692e-06 2.8925000000e+02 2.8816552734e+02 2.8806671143e+02 1.1699924316e+03
3.8447201405e-06 2.8765625000e+02 2.8910067749e+02 2.8873077393e+02 1.1697506104e+03
3.8543198571e-06 2.9093750000e+02 2.9045172119e+02 2.9123577881e+02 1.1726719971e+03
3.8639200284e-06 2.9062500000e+02 2.8813772583e+02 2.8781506348e+02 1.1724030762e+03
3.8735201997e-06 2.8818750000e+02 2.8861248779e+02 2.8807427979e+02 1.1753270264e+03
3.8831199163e-06 2.8859375000e+02 2.8961413574e+02 2.8976428223e+02 1.1750780029e+03
3.8927200876e-06 2.8953125000e+02 2.8801898193e+02 2.8859371948e+02 1.1779764404e+03
3.9023198042e-06 2.8934375000e+02 2.9040167236e+02 2.9154296875e+02 1.1777658691e+03
3.9119199755e-06 2.8718750000e+02 2.8730297852e+02 2.8911083984e+02 1.1806147461e+03
3.9215201468e-06 2.8728125000e+02 2.8960128784e+02 2.9004287720e+02 1.1804434814e+03
3.9311198634e-06 2.8668750000e+02 2.8480041504e+02 2.8418023682e+02 1.1832226562e+03
3.9407200347e-06 2.8700000000e+02 2.8622784424e+02 2.8615280151e+02 1.1830766602e+03
3.9503202061e-06 2.8696875000e+02 2.8816125488e+02 2.8945565796e+02 1.1858797607e+03
3.9599199226e-06 2.8912500000e+02 2.8786541748e+02 2.8849212646e+02 1.1857338867e+03
3.9695200940e-06 2.8559375000e+02 2.8679254150e+02 2.8701718140e+02 1.1885178223e+03
3.9791198105e-06 2.8678125000e+02 2.8598144531e+02 2.8600955200e+02 1.1883662109e+03
3.9887199819e-06 2.8418750000e+02 2.8702685547e+02 2.8864154053e+02 1.1911632080e+03
3.9983201532e-06 2.8534375000e+02 2.8504187012e+02 2.8563751221e+02 1.1909890137e+03
4.0079198698e-06 2.8487500000e+02 2.8946124268e+02 2.9227487183e+02 1.1938437500e+03
4.0175200411e-06 2.8528125000e+02 2.8549377441e+02 2.8608712769e+02 1.1936186523e+03
4.0271202124e-06 2.8259375000e+02 2.8428826904e+02 2.8545843506e+02 1.1964550781e+03
4.0367199290e-06 2.8590625000e+02 2.8485415649e+02 2.8725631714e+02 1.1962447510e+03
4.0463201003e-06 2.8590625000e+02 2.8445220947e+02 2.8596386719e+02 1.1990705566e+03
4.0559198169e-06 2.8315625000e+02 2.8278878784e+02 2.8300588989e+02 1.1988408203e+03
4.0655199882e-06 2.8046875000e+02 2.8294598389e+02 2.8477499390e+02 1.2016688232e+03
4.0751201595e-06 2.8218750000e+02 2.8227249146e+02 2.8176577759e+02 1.2014285889e+03
4.0847198761e-06 2.8293750000e+02 2.8396978760e+02 2.8369116211e+02 1.2042728271e+03
4.0943200474e-06 2.8100000000e+02 2.8073455811e+02 2.8074826050e+02 1.2040002441e+03
4.1039202188e-06 2.7928125000e+02 2.8072116089e+02 2.7979537964e+02 1.2068352051e+03
4.1135199353e-06 2.8075000000e+02 2.8009405518e+02 2.7812249756e+02 1.2065560303e+03
4.1231201067e-06 2.7928125000e+02 2.8341534424e+02 2.8436483765e+02 1.2094385986e+03
4.1327198232e-06 2.8159375000e+02 2.8289428711e+02 2.8288781738e+02 1.2091547852e+03
4.1423199946e-06 2.7915625000e+02 2.7944287109e+02 2.7805590820e+02 1.2119841309e+03
4.1519201659e-06 2.8037500000e+02 2.8094866943e+02 2.8029922485e+02 1.2117275391e+03
4.1615198825e-06 2.8162500000e+02 2.7627001953e+02 2.7523056030e+02 1.2144941406e+03
4.1711200538e-06 2.8140625000e+02 2.7864642334e+02 2.7760815430e+02 1.2142713623e+03
4.1807202251e-06 2.7934375000e+02 2.7688388062e+02 2.7598416138e+02 1.2170126953e+03
4.1903199417e-06 2.7981250000e+02 2.7804061890e+02 2.7705227661e+02 1.2168084717e+03
4.1999201130e-06 2.7746875000e+02 2.8104797363e+02 2.8067419434e+02 1.2195830078e+03
4.2095198296e-06 2.7703125000e+02 2.7480392456e+02 2.7403588867e+02 1.2193090820e+03
4.2191200009e-06 2.7675000000e+02 2.7511184692e+02 2.7281469727e+02 1.2220740967e+03
4.2287201723e-06 2.7843750000e+02 2.7471014404e+02 2.7331707764e+02 1.2218060303e+03
4.2383198888e-06 2.7803125000e+02 2.7555038452e+02 2.7493377686e+02 1.2245793457e+03
4.2479200602e-06 2.7721875000e+02 2.7302304077e+02 2.7105621338e+02 1.2242806396e+03
4.2575197767e-06 2.7862500000e+02 2.7554010010e+02 2.7575152588e+02 1.2270891113e+03
4.2671199481e-06 2.7553125000e+02 2.7514410400e+02 2.7683731079e+02 1.2267990723e+03
4.2767201194e-06 2.7793750000e+02 2.7389044189e+02 2.7324041748e+02 1.2295756836e+03
4.2863198360e-06 2.7378125000e+02 2.7375427246e+02 2.7131976318e+02 1.2292796631e+03
4.2959200073e-06 2.7668750000e+02 2.7575155640e+02 2.7749224854e+02 1.2320966797e+03
4.3055201786e-06 2.7531250000e+02 2.7429254150e+02 2.7050146484e+02 1.2317585449e+03
4.3151198952e-06 2.7540625000e+02 2.7058300781e+02 2.6885299683e+02 1.2345397949e+03
4.3247200665e-06 2.7568750000e+02 2.7002069092e+02 2.7064428711e+02 1.2342141113e+03
4.3343197831e-06 2.7306250000e+02 2.7583511353e+02 2.7661636353e+02 1.2370570068e+03
4.3439199544e-06 2.7656250000e+02 2.7270867920e+02 2.7192706299e+02 1.2366928711e+03
4.3535201257e-06 2.7243750000e+02 2.7239086914e+02 2.7074676514e+02 1.2395213623e+03
4.3631198423e-06 2.7465625000e+02 2.7261236572e+02 2.7333511353e+02 1.2391791992e+03
4.3727200136e-06 2.7243750000e+02 2.7219033813e+02 2.7417208862e+02 1.2420045166e+03
4.3823201850e-06 2.7662500000e+02 2.6975549316e+02 2.6648745728e+02 1.2416098633e+03
4.3919199015e-06 2.7228125000e+02 2.7048132324e+02 2.7215158081e+02 1.2444667969e+03
4.4015200729e-06 2.7209375000e+02 2.6972143555e+02 2.6753887939e+02 1.2440468750e+03
4.4111197894e-06 2.6950000000e+02 2.6819671631e+02 2.6861151123e+02 1.2468966064e+03
4.4207199608e-06 2.7225000000e+02 2.1289901733e+02 1.6047802734e+02 1.2455074463e+03
4.4303201321e-06 2.6918750000e+02 2.0098825073e+02 1.3164561462e+02 1.2481074219e+03
4.4399198487e-06 2.6800000000e+02 2.0113720703e+02 1.2699478149e+02 1.2466971436e+03
4.4495200200e-06 2.6193750000e+02 1.8860934448e+02 1.1016021729e+02 1.2491419678e+03
4.4591201913e-06 2.5690625000e+02 1.8087605286e+02 9.8451934814e+01 1.2476381836e+03
4.4687199079e-06 2.5196875000e+02 1.6907891846e+02 8.4542533875e+01 1.2499597168e+03
4.4783200792e-06 2.3884375000e+02 1.5659431458e+02 7.1144081116e+01 1.2483415527e+03
4.4879197958e-06 2.2871875000e+02 1.4540275574e+02 5.9315124512e+01 1.2505622559e+03
4.4975199671e-06 2.1009375000e+02 1.2814726257e+02 4.5112716675e+01 1.2488104248e+03
4.5071201384e-06 1.8865625000e+02 1.1361315918e+02 3.5784370422e+01 1.2509377441e+03
4.5167198550e-06 1.6840625000e+02 9.9287170410e+01 2.8831809998e+01 1.2491141357e+03
4.5263200263e-06 1.4265625000e+02 8.1798919678e+01 2.2233314514e+01 1.2511711426e+03
4.5359201977e-06 1.1950000000e+02 6.7531097412e+01 1.7858303070e+01 1.2492991943e+03
4.5455199142e-06 1.0384375000e+02 5.7454620361e+01 1.4630275726e+01 1.2513214111e+03
4.5551200856e-06 8.2750000000e+01 4.6085449219e+01 1.1260706902e+01 1.2494119873e+03
4.5647198021e-06 6.6156250000e+01 3.6729492188e+01 8.8920431137e+00 1.2514093018e+03
4.5743199735e-06 5.2750000000e+01 3.1109130859e+01 7.6367640495e+00 1.2494858398e+03
4.5839201448e-06 4.2625000000e+01 2.3259552002e+01 5.7909522057e+00 1.2514642334e+03
4.5935198614e-06 3.3312500000e+01 1.8702941895e+01 4.5410370827e+00 1.2495281982e+03
4.6031200327e-06 2.3531250000e+01 1.5821838379e+01 3.8032786846e+00 1.2514996338e+03
4.6127202040e-06 2.2500000000e+01 1.3100555420e+01 3.2296700478e+00 1.2495579834e+03
4.6223199206e-06 1.6093750000e+01 9.2754211426e+00 2.6198229790e+00 1.2515239258e+03
4.6319200919e-06 1.2406250000e+01 5.2507019043e+00 2.1047770977e+00 1.2495773926e+03
