# time_s Ids_true_A Ids_pred_A Ids_physics_A T_mean_K
4.2720103011e-08 1.0937500000e+01 1.9969665527e+01 3.5293338776e+01 3.4371969604e+02
5.2960103858e-08 2.6781250000e+01 3.4249633789e+01 5.7795608521e+01 3.4459469604e+02
6.2560047809e-08 4.3250000000e+01 5.8807525635e+01 7.9173706055e+01 3.4481359863e+02
7.2159991760e-08 6.5375000000e+01 8.6808761597e+01 1.0386804199e+02 3.4600628662e+02
8.1759935711e-08 8.5781250000e+01 1.0377192688e+02 1.1872711945e+02 3.4638931274e+02
9.1360107035e-08 1.0731250000e+02 1.2623742676e+02 1.4035760498e+02 3.4786898804e+02
1.0096005099e-07 1.2921875000e+02 1.4480770874e+02 1.5959855652e+02 3.4849246216e+02
1.1055999494e-07 1.5065625000e+02 1.6776785278e+02 1.8237886047e+02 3.5030023193e+02
1.2015993889e-07 1.7406250000e+02 1.7903222656e+02 1.9524229431e+02 3.5110964966e+02
1.2976011021e-07 1.9337500000e+02 2.0503173828e+02 2.1689753723e+02 3.5329092407e+02
1.3936005416e-07 2.1615625000e+02 2.2711303711e+02 2.3452453613e+02 3.5438037109e+02
1.4895999811e-07 2.2981250000e+02 2.5228912354e+02 2.5217837524e+02 3.5686669922e+02
1.5855994207e-07 2.4493750000e+02 2.6395425415e+02 2.6080538940e+02 3.5809005737e+02
1.6816011339e-07 2.6356250000e+02 2.7420059204e+02 2.6628588867e+02 3.6069345093e+02
1.7776005734e-07 2.7496875000e+02 2.9643548584e+02 2.8582138062e+02 3.6215698242e+02
1.8736022867e-07 2.8862500000e+02 2.9118276978e+02 2.8761978149e+02 3.6476492310e+02
1.9695994524e-07 2.9790625000e+02 3.0868792725e+02 3.0600811768e+02 3.6643753052e+02
2.0656034394e-07 3.1356250000e+02 3.1343756104e+02 3.1582119751e+02 3.6914749146e+02
2.1616006052e-07 3.2425000000e+02 3.1212130737e+02 3.2040521240e+02 3.7083331299e+02
2.2576023184e-07 3.3437500000e+02 3.2669296265e+02 3.3417294312e+02 3.7373953247e+02
2.3535994842e-07 3.4156250000e+02 3.2494842529e+02 3.3660028076e+02 3.7542550659e+02
2.4496034712e-07 3.5212500000e+02 3.4493865967e+02 3.5300164795e+02 3.7858209229e+02
2.5456006369e-07 3.6331250000e+02 3.6391787720e+02 3.6105688477e+02 3.8040655518e+02
2.6416023502e-07 3.6700000000e+02 3.6985961914e+02 3.6524636841e+02 3.8363711548e+02
2.7375995160e-07 3.8075000000e+02 4.0310092163e+02 3.8357620239e+02 3.8571221924e+02
2.8336035029e-07 3.8840625000e+02 4.1890155029e+02 3.8643466187e+02 3.8901031494e+02
2.9296006687e-07 3.9678125000e+02 4.2160501099e+02 3.9020986938e+02 3.9109613037e+02
3.0256023820e-07 4.0131250000e+02 4.1903021240e+02 4.0380908203e+02 3.9455151367e+02
3.1215995477e-07 4.0884375000e+02 4.1589550781e+02 3.9904293823e+02 3.9653558350e+02
3.2176035347e-07 4.1293750000e+02 4.1483258057e+02 4.0955224609e+02 4.0011526489e+02
3.3136007005e-07 4.1815625000e+02 3.9772451782e+02 4.1444384766e+02 4.0207205200e+02
3.4096024137e-07 4.2409375000e+02 4.0595373535e+02 4.2314932251e+02 4.0577355957e+02
3.5055995795e-07 4.3350000000e+02 4.0839410400e+02 4.2717050171e+02 4.0774151611e+02
3.6016012928e-07 4.3484375000e+02 4.0608187866e+02 4.3499816895e+02 4.1152447510e+02
3.6976007323e-07 4.4146875000e+02 4.2351007080e+02 4.3947802734e+02 4.1354800415e+02
3.7936024455e-07 4.4784375000e+02 4.3898004150e+02 4.4498236084e+02 4.1742871094e+02
3.8895996113e-07 4.5409375000e+02 4.6972760010e+02 4.5906573486e+02 4.1963241577e+02
3.9856013245e-07 4.5953125000e+02 4.7741162109e+02 4.6193209839e+02 4.2355865479e+02
4.0816007640e-07 4.5943750000e+02 4.7003948975e+02 4.6837600708e+02 4.2578317261e+02
4.1776024773e-07 4.6068750000e+02 4.9016140747e+02 4.6217956543e+02 4.2966638184e+02
4.2735996431e-07 4.7209375000e+02 4.8305966187e+02 4.7957153320e+02 4.3204699707e+02
4.3696013563e-07 4.7428125000e+02 4.7850299072e+02 4.5801052856e+02 4.3565649414e+02
4.4656007958e-07 4.7668750000e+02 4.6731146240e+02 4.7284469604e+02 4.3816186523e+02
4.5616025091e-07 4.7762500000e+02 4.6012246704e+02 4.8163064575e+02 4.4184689331e+02
4.6575996748e-07 4.8290625000e+02 4.6205798340e+02 4.7668353271e+02 4.4426904297e+02
4.7535991143e-07 4.8531250000e+02 4.6427923584e+02 4.8002752686e+02 4.4798464966e+02
4.8496008276e-07 4.8603125000e+02 4.8187756348e+02 4.9755752563e+02 4.5061267090e+02
4.9456002671e-07 4.8706250000e+02 4.9554122925e+02 4.9324963379e+02 4.5428881836e+02
5.0415997066e-07 4.9115625000e+02 4.9751257324e+02 4.9135659790e+02 4.5687084961e+02
5.1376036936e-07 4.9728125000e+02 4.9852740479e+02 5.0487829590e+02 4.6069125366e+02
5.2336008594e-07 4.9906250000e+02 5.0213476562e+02 4.9093927002e+02 4.6308987427e+02
5.3296002989e-07 4.9984375000e+02 5.1491668701e+02 4.9545626831e+02 4.6697363281e+02
5.4255997384e-07 5.0343750000e+02 4.9441796875e+02 4.9795272827e+02 4.6933563232e+02
5.5215991779e-07 5.0256250000e+02 5.1099563599e+02 5.0706698608e+02 4.7334213257e+02
5.6176008911e-07 5.0296875000e+02 5.0021624756e+02 4.9869323730e+02 4.7556106567e+02
5.7136003306e-07 5.0690625000e+02 5.0335150146e+02 5.0215289307e+02 4.7959738159e+02
5.8095997701e-07 5.0840625000e+02 4.9356362915e+02 5.1197653198e+02 4.8188662720e+02
5.9055992097e-07 5.0931250000e+02 5.0703982544e+02 5.0530981445e+02 4.8585662842e+02
6.0016009229e-07 5.1009375000e+02 5.0299554443e+02 5.0367895508e+02 4.8809902954e+02
6.0976003624e-07 5.1025000000e+02 5.0922766113e+02 5.1768395996e+02 4.9222329712e+02
6.1935998019e-07 5.1078125000e+02 5.2439868164e+02 5.2479412842e+02 4.9456546021e+02
6.2895992414e-07 5.1209375000e+02 5.1117489624e+02 5.0897357178e+02 4.9845690918e+02
6.3856009547e-07 5.1512500000e+02 5.2436688232e+02 5.1936663818e+02 5.0093383789e+02
6.4816003942e-07 5.1578125000e+02 5.2591241455e+02 5.1777691650e+02 5.0479202271e+02
6.5775998337e-07 5.1828125000e+02 5.1259576416e+02 5.2117895508e+02 5.0725653076e+02
6.6735992732e-07 5.1290625000e+02 5.1965863037e+02 5.1448352051e+02 5.1103750610e+02
6.7696009864e-07 5.1643750000e+02 4.9902276611e+02 5.1040267944e+02 5.1339422607e+02
6.8656004260e-07 5.2178125000e+02 5.1571350098e+02 5.2802203369e+02 5.1738989258e+02
6.9615998655e-07 5.2165625000e+02 5.2177301025e+02 5.2585766602e+02 5.1972802734e+02
7.0575993050e-07 5.1971875000e+02 5.1829296875e+02 5.1466723633e+02 5.2356762695e+02
7.1536010182e-07 5.1875000000e+02 5.2207586670e+02 5.2232824707e+02 5.2599218750e+02
7.2496004577e-07 5.2165625000e+02 5.0877786255e+02 5.0907879639e+02 5.2962762451e+02
7.3455998972e-07 5.2109375000e+02 5.0661956787e+02 5.1790655518e+02 5.3213323975e+02
7.4415993367e-07 5.2006250000e+02 5.0566867065e+02 5.1453717041e+02 5.3570996094e+02
7.5376010500e-07 5.2184375000e+02 5.1876910400e+02 5.1608422852e+02 5.3825970459e+02
7.6336004895e-07 5.1903125000e+02 5.2060455322e+02 5.1752111816e+02 5.4184014893e+02
7.7295999290e-07 5.1793750000e+02 5.2685607910e+02 5.3126000977e+02 5.4455895996e+02
7.8255993685e-07 5.1643750000e+02 5.2174072266e+02 5.1548291016e+02 5.4792718506e+02
7.9216010818e-07 5.1725000000e+02 5.1756542969e+02 5.1448657227e+02 5.5060986328e+02
8.0176005213e-07 5.2021875000e+02 5.0610650635e+02 5.1458038330e+02 5.5392645264e+02
8.1135999608e-07 5.1800000000e+02 5.1168603516e+02 5.1916729736e+02 5.5666552734e+02
8.2095994003e-07 5.1868750000e+02 5.0449722290e+02 5.0268084717e+02 5.5976861572e+02
8.3056011135e-07 5.1953125000e+02 5.1514831543e+02 5.1803198242e+02 5.6269659424e+02
8.4016005530e-07 5.1734375000e+02 5.1639129639e+02 5.1119894409e+02 5.6571997070e+02
8.4975999926e-07 5.1965625000e+02 5.1836242676e+02 5.2084454346e+02 5.6875030518e+02
8.5935994321e-07 5.1437500000e+02 5.1502154541e+02 5.0973739624e+02 5.7162969971e+02
8.6896011453e-07 5.1837500000e+02 5.1209552002e+02 5.1363104248e+02 5.7467724609e+02
8.7856005848e-07 5.1581250000e+02 5.1585351562e+02 5.1256756592e+02 5.7755554199e+02
8.8816000243e-07 5.1521875000e+02 5.0977227783e+02 5.1216442871e+02 5.8055859375e+02
8.9775994638e-07 5.1356250000e+02 5.1084844971e+02 5.0855569458e+02 5.8339538574e+02
9.0736011771e-07 5.1553125000e+02 5.1218005371e+02 5.0718423462e+02 5.8638189697e+02
9.1696006166e-07 5.1146875000e+02 5.1173974609e+02 5.1714337158e+02 5.8931201172e+02
9.2656000561e-07 5.1418750000e+02 5.1336614990e+02 5.0863436890e+02 5.9221691895e+02
9.3615994956e-07 5.1212500000e+02 5.0898944092e+02 5.1094635010e+02 5.9513305664e+02
9.4576012089e-07 5.1165625000e+02 5.1161889648e+02 5.2022857666e+02 5.9814434814e+02
9.5536006484e-07 5.1240625000e+02 4.9768194580e+02 4.9459863281e+02 6.0072082520e+02
9.6496000879e-07 5.0696875000e+02 4.9938519287e+02 4.9701757812e+02 6.0375177002e+02
9.7455995274e-07 5.1084375000e+02 5.0345855713e+02 4.9797650146e+02 6.0635198975e+02
9.8416012406e-07 5.0934375000e+02 5.0232324219e+02 5.0071887207e+02 6.0939514160e+02
9.9376006801e-07 5.0868750000e+02 5.0449163818e+02 5.0540722656e+02 6.1205285645e+02
1.0033600120e-06 5.0675000000e+02 4.9931405640e+02 4.9436392212e+02 6.1494586182e+02
1.0129599559e-06 5.0493750000e+02 5.0276458740e+02 5.0290307617e+02 6.1770642090e+02
1.0225601272e-06 5.0531250000e+02 5.0073413086e+02 4.9138616943e+02 6.2046594238e+02
1.0321600712e-06 5.0225000000e+02 4.9898706055e+02 5.0140667725e+02 6.2330889893e+02
1.0417602425e-06 4.9987500000e+02 5.0111508179e+02 5.0072335815e+02 6.2607684326e+02
1.0513599591e-06 4.9950000000e+02 4.9389434814e+02 4.8250451660e+02 6.2868438721e+02
1.0609603578e-06 5.0043750000e+02 4.9626995850e+02 4.9533489990e+02 6.3158770752e+02
1.0705600744e-06 5.0178125000e+02 4.9589898682e+02 4.9414892578e+02 6.3417938232e+02
1.0801602457e-06 4.9696875000e+02 4.9291619873e+02 4.9232196045e+02 6.3703875732e+02
1.0897599623e-06 4.9715625000e+02 4.9395440674e+02 4.9330111694e+02 6.3964550781e+02
1.0993603610e-06 4.9540625000e+02 4.9167251587e+02 4.8858633423e+02 6.4243817139e+02
1.1089600775e-06 4.9509375000e+02 4.9145898438e+02 4.9132189941e+02 6.4506787109e+02
1.1185602489e-06 4.9165625000e+02 4.9207733154e+02 4.9607238770e+02 6.4790875244e+02
1.1281599654e-06 4.9471875000e+02 4.8956372070e+02 4.8273986816e+02 6.5039038086e+02
1.1377603641e-06 4.9228125000e+02 4.8489569092e+02 4.8755108643e+02 6.5324005127e+02
1.1473600807e-06 4.9165625000e+02 4.8614651489e+02 4.8926644897e+02 6.5574432373e+02
1.1569602520e-06 4.8646875000e+02 4.8443029785e+02 4.7474618530e+02 6.5843994141e+02
1.1665599686e-06 4.8790625000e+02 4.8124188232e+02 4.7302761841e+02 6.6090618896e+02
1.1761603673e-06 4.8640625000e+02 4.8468643188e+02 4.7946093750e+02 6.6368518066e+02
1.1857600839e-06 4.8468750000e+02 4.8151135254e+02 4.7359423828e+02 6.6607092285e+02
1.1953602552e-06 4.8212500000e+02 4.8462094116e+02 4.9174743652e+02 6.6904553223e+02
1.2049599718e-06 4.8390625000e+02 4.7688104248e+02 4.6954672241e+02 6.7116424561e+02
1.2145603705e-06 4.8390625000e+02 4.7829507446e+02 4.7525161743e+02 6.7419348145e+02
1.2241600871e-06 4.8196875000e+02 4.7988323975e+02 4.7826678467e+02 6.7636096191e+02
1.2337600310e-06 4.8171875000e+02 4.7912054443e+02 4.7945504761e+02 6.7938909912e+02
1.2433599750e-06 4.7606250000e+02 4.7427661133e+02 4.7574661255e+02 6.8148608398e+02
1.2529603737e-06 4.7665625000e+02 4.7409899902e+02 4.7146343994e+02 6.8446649170e+02
1.2625600903e-06 4.7418750000e+02 4.7398852539e+02 4.7089071655e+02 6.8656329346e+02
1.2721600342e-06 4.7475000000e+02 4.7112359619e+02 4.6421691895e+02 6.8945434570e+02
1.2817599782e-06 4.7278125000e+02 4.7080432129e+02 4.6409045410e+02 6.9155285645e+02
1.2913601495e-06 4.7168750000e+02 4.6974966431e+02 4.6334954834e+02 6.9442382812e+02
1.3009600934e-06 4.7212500000e+02 4.6832763672e+02 4.6344763184e+02 6.9651702881e+02
1.3105600374e-06 4.7309375000e+02 4.6734881592e+02 4.5990734863e+02 6.9934393311e+02
1.3201599813e-06 4.6940625000e+02 4.6599969482e+02 4.5795294189e+02 7.0141430664e+02
1.3297600390e-06 4.6818750000e+02 4.6708200073e+02 4.6116363525e+02 7.0427764893e+02
1.3393598692e-06 4.6490625000e+02 4.6499224854e+02 4.6306472778e+02 7.0634973145e+02
1.3489599269e-06 4.6643750000e+02 4.6481680298e+02 4.6808316040e+02 7.0925048828e+02
1.3585599845e-06 4.6928125000e+02 4.6538500977e+02 4.6449734497e+02 7.1131402588e+02
1.3681600421e-06 4.6578125000e+02 4.6237634277e+02 4.5723522949e+02 7.1411285400e+02
1.3777599861e-06 4.6725000000e+02 4.6147778320e+02 4.5623971558e+02 7.1616687012e+02
1.3873600437e-06 4.6012500000e+02 4.6012362671e+02 4.6033602905e+02 7.1898266602e+02
1.3969599877e-06 4.5975000000e+02 4.5732733154e+02 4.5345687866e+02 7.2095953369e+02
1.4065600453e-06 4.5996875000e+02 4.5659963989e+02 4.5327557373e+02 7.2376361084e+02
1.4161601030e-06 4.5659375000e+02 4.5687271118e+02 4.5635995483e+02 7.2577636719e+02
1.4257601606e-06 4.5831250000e+02 4.5732962036e+02 4.5655093384e+02 7.2859075928e+02
1.4353601046e-06 4.5781250000e+02 4.5389892578e+02 4.5011093140e+02 7.3051751709e+02
1.4449601622e-06 4.5078125000e+02 4.5230587769e+02 4.3944097900e+02 7.3322698975e+02
1.4545601061e-06 4.5118750000e+02 4.5191632080e+02 4.4748074341e+02 7.3522302246e+02
1.4641601638e-06 4.5071875000e+02 4.5233404541e+02 4.5416955566e+02 7.3798962402e+02
1.4737601077e-06 4.5115625000e+02 4.4856329346e+02 4.4575024414e+02 7.3988647461e+02
1.4833601654e-06 4.5040625000e+02 4.4923138428e+02 4.4757824707e+02 7.4267291260e+02
1.4929601093e-06 4.4500000000e+02 4.4762246704e+02 4.4494909668e+02 7.4454034424e+02
1.5025601670e-06 4.4721875000e+02 4.4581533813e+02 4.4557608032e+02 7.4730926514e+02
1.5121601109e-06 4.4387500000e+02 4.4670281982e+02 4.4813119507e+02 7.4921582031e+02
1.5217601685e-06 4.4625000000e+02 4.4513229370e+02 4.4614804077e+02 7.5194982910e+02
1.5313601125e-06 4.4343750000e+02 4.4524481201e+02 4.4587960815e+02 7.5386993408e+02
1.5409601701e-06 4.4256250000e+02 4.4300537109e+02 4.4284622192e+02 7.5655035400e+02
1.5505601141e-06 4.4271875000e+02 4.4302108765e+02 4.4361984253e+02 7.5848913574e+02
1.5601600580e-06 4.3846875000e+02 4.4219711304e+02 4.4201669312e+02 7.6115228271e+02
1.5697601157e-06 4.4115625000e+02 4.4146093750e+02 4.4240151978e+02 7.6309539795e+02
1.5793600596e-06 4.3868750000e+02 4.4026800537e+02 4.4412643433e+02 7.6574792480e+02
1.5889601173e-06 4.3615625000e+02 4.3996838379e+02 4.4379913330e+02 7.6770422363e+02
1.5985599475e-06 4.3625000000e+02 4.3776168823e+02 4.3697064209e+02 7.7027886963e+02
1.6081600052e-06 4.3378125000e+02 4.3616311646e+02 4.3442755127e+02 7.7220263672e+02
1.6177599491e-06 4.3606250000e+02 4.3550466919e+02 4.3525839233e+02 7.7477740479e+02
1.6273600068e-06 4.3209375000e+02 4.3407836914e+02 4.3207031250e+02 7.7666998291e+02
1.6369599507e-06 4.3137500000e+02 4.3394592285e+02 4.3823437500e+02 7.7927484131e+02
1.6465600083e-06 4.3043750000e+02 4.3387533569e+02 4.3861160278e+02 7.8119451904e+02
1.6561599523e-06 4.2909375000e+02 4.3031854248e+02 4.2694558716e+02 7.8367047119e+02
1.6657600099e-06 4.2887500000e+02 4.2959780884e+02 4.2774652100e+02 7.8559399414e+02
1.6753599539e-06 4.2478125000e+02 4.2821829224e+02 4.2548437500e+02 7.8803955078e+02
1.6849600115e-06 4.2740625000e+02 4.2970428467e+02 4.3429165649e+02 7.9005468750e+02
1.6945599555e-06 4.2825000000e+02 4.2644949341e+02 4.2296447754e+02 7.9238543701e+02
1.7041600131e-06 4.2453125000e+02 4.2512390137e+02 4.2479217529e+02 7.9438867188e+02
1.7137599571e-06 4.2440625000e+02 4.2405642700e+02 4.2230642700e+02 7.9669915771e+02
1.7233600147e-06 4.2450000000e+02 4.2340292358e+02 4.2238116455e+02 7.9870178223e+02
1.7329599586e-06 4.2093750000e+02 4.2223455811e+02 4.1987570190e+02 8.0098956299e+02
1.7425600163e-06 4.1712500000e+02 4.2194894409e+02 4.2233871460e+02 8.0300573730e+02
1.7521599602e-06 4.1759375000e+02 4.2121725464e+02 4.2248669434e+02 8.0528558350e+02
1.7617600179e-06 4.1562500000e+02 4.2059020996e+02 4.2207333374e+02 8.0730822754e+02
1.7713599618e-06 4.2068750000e+02 4.2148431396e+02 4.2762036133e+02 8.0962469482e+02
1.7809600195e-06 4.1531250000e+02 4.1803433228e+02 4.1782254028e+02 8.1156262207e+02
1.7905599634e-06 4.1156250000e+02 4.1450588989e+02 4.0927850342e+02 8.1377691650e+02
1.8001600210e-06 4.1284375000e+02 4.1612188721e+02 4.1670791626e+02 8.1578210449e+02
1.8097599650e-06 4.1471875000e+02 4.1586013794e+02 4.1796228027e+02 8.1801550293e+02
1.8193600226e-06 4.0800000000e+02 4.1453143311e+02 4.1567974854e+02 8.1999536133e+02
1.8289599666e-06 4.0971875000e+02 4.1356756592e+02 4.1475192261e+02 8.2220489502e+02
1.8385600242e-06 4.0934375000e+02 4.1225512695e+02 4.1261309814e+02 8.2416784668e+02
1.8481599682e-06 4.0946875000e+02 4.1083300781e+02 4.0996697998e+02 8.2635491943e+02
1.8577600258e-06 4.0962500000e+02 4.1128759766e+02 4.1370980835e+02 8.2834362793e+02
1.8673599698e-06 4.0796875000e+02 4.1162536621e+02 4.1809252930e+02 8.3058282471e+02
1.8769600274e-06 4.0487500000e+02 4.0997586060e+02 4.1433139038e+02 8.3253027344e+02
1.8865599714e-06 4.0750000000e+02 4.0582843018e+02 4.0283804321e+02 8.3463537598e+02
1.8961600290e-06 4.0465625000e+02 4.0848672485e+02 4.1222750854e+02 8.3667169189e+02
1.9057599729e-06 4.0328125000e+02 4.0367987061e+02 3.9969961548e+02 8.3866265869e+02
1.9153599169e-06 4.0106250000e+02 4.0560931396e+02 4.0739764404e+02 8.4075897217e+02
1.9249600882e-06 4.0068750000e+02 4.0402444458e+02 4.0515170288e+02 8.4273675537e+02
1.9345600322e-06 4.0343750000e+02 4.0120764160e+02 3.9822167969e+02 8.4476086426e+02
1.9441599761e-06 4.0000000000e+02 4.0307495117e+02 4.0413827515e+02 8.4677331543e+02
1.9537599201e-06 3.9525000000e+02 4.0226379395e+02 4.0369232178e+02 8.4879266357e+02
1.9633600914e-06 4.0012500000e+02 4.0174066162e+02 4.0458773804e+02 8.5081805420e+02
1.9729600353e-06 3.9668750000e+02 4.0119952393e+02 4.0609735107e+02 8.5285961914e+02
1.9825599793e-06 3.9696875000e+02 3.9898770142e+02 4.0210485840e+02 8.5485571289e+02
1.9921599232e-06 3.9496875000e+02 3.9887121582e+02 4.0216741943e+02 8.5687835693e+02
2.0017600946e-06 3.9509375000e+02 3.9762329102e+02 4.0195492554e+02 8.5888616943e+02
2.0113600385e-06 3.9509375000e+02 3.9337585449e+02 3.8962493896e+02 8.6077880859e+02
2.0209599825e-06 3.9515625000e+02 3.9572418213e+02 3.9877072144e+02 8.6286816406e+02
2.0305599264e-06 3.9065625000e+02 3.9464587402e+02 3.9879849243e+02 8.6477642822e+02
2.0401600977e-06 3.9428125000e+02 3.9519735718e+02 3.9973974609e+02 8.6684832764e+02
2.0497600417e-06 3.9056250000e+02 3.9448883057e+02 3.9967840576e+02 8.6875628662e+02
2.0593599857e-06 3.8878125000e+02 3.9137033081e+02 3.9145495605e+02 8.7073663330e+02
2.0689599296e-06 3.9040625000e+02 3.9120025635e+02 3.9510385132e+02 8.7269873047e+02
2.0785601009e-06 3.8831250000e+02 3.9094073486e+02 3.9238589478e+02 8.7462530518e+02
2.0881600449e-06 3.8978125000e+02 3.9120596313e+02 3.9750869751e+02 8.7665039062e+02
2.0977599888e-06 3.8425000000e+02 3.8803189087e+02 3.8810250854e+02 8.7847058105e+02
2.1073599328e-06 3.8390625000e+02 3.8749169922e+02 3.8934426880e+02 8.8051275635e+02
2.1169601041e-06 3.8343750000e+02 3.8694281006e+02 3.8867742920e+02 8.8232135010e+02
2.1265600481e-06 3.8425000000e+02 3.8819598389e+02 3.8922729492e+02 8.8434661865e+02
2.1361599920e-06 3.8156250000e+02 3.8629891968e+02 3.8702517700e+02 8.8613763428e+02
2.1457599360e-06 3.7937500000e+02 3.8333471680e+02 3.8540490723e+02 8.8817382812e+02
2.1553601073e-06 3.8118750000e+02 3.8247033691e+02 3.8436605835e+02 8.8995245361e+02
2.1649600512e-06 3.7862500000e+02 3.8326663208e+02 3.8562814331e+02 8.9198052979e+02
2.1745599952e-06 3.7868750000e+02 3.8010250854e+02 3.7917788696e+02 8.9369836426e+02
2.1841599391e-06 3.7746875000e+02 3.8016720581e+02 3.7792706299e+02 8.9569323730e+02
2.1937601105e-06 3.7831250000e+02 3.7855123901e+02 3.7716244507e+02 8.9741534424e+02
2.2033600544e-06 3.8046875000e+02 3.7824871826e+02 3.7541253662e+02 8.9937585449e+02
2.2129599984e-06 3.7446875000e+02 3.7782443237e+02 3.7764630127e+02 9.0113171387e+02
2.2225599423e-06 3.7378125000e+02 3.7985339355e+02 3.8424102783e+02 9.0315490723e+02
2.2321601136e-06 3.7343750000e+02 3.7768777466e+02 3.8069131470e+02 9.0487884521e+02
2.2417600576e-06 3.7506250000e+02 3.7598675537e+02 3.7937612915e+02 9.0689514160e+02
2.2513600015e-06 3.7371875000e+02 3.7854876709e+02 3.8255780029e+02 9.0862994385e+02
2.2609601729e-06 3.7325000000e+02 3.7684405518e+02 3.8298959351e+02 9.1065966797e+02
2.2705598894e-06 3.7556250000e+02 3.7714468384e+02 3.8206872559e+02 9.1237475586e+02
2.2801600608e-06 3.7371875000e+02 3.7119769287e+02 3.7051791382e+02 9.1429705811e+02
2.2897600047e-06 3.7343750000e+02 3.7736483765e+02 3.8386398315e+02 9.1613012695e+02
2.2993599487e-06 3.7206250000e+02 3.7314144897e+02 3.7692929077e+02 9.1798974609e+02
2.3089598926e-06 3.6540625000e+02 3.7012103271e+02 3.7010485840e+02 9.1975207520e+02
2.3185600639e-06 3.7268750000e+02 3.7254925537e+02 3.7610568237e+02 9.2166479492e+02
2.3281600079e-06 3.7109375000e+02 3.6984991455e+02 3.6832781982e+02 9.2334002686e+02
2.3377599518e-06 3.6831250000e+02 3.6973678589e+02 3.7052447510e+02 9.2527746582e+02
2.3473598958e-06 3.6646875000e+02 3.6869989014e+02 3.7276000977e+02 9.2698815918e+02
2.3569600671e-06 3.6578125000e+02 3.6925134277e+02 3.7006497192e+02 9.2887823486e+02
2.3665600111e-06 3.6562500000e+02 3.6914367676e+02 3.7259533691e+02 9.3061895752e+02
2.3761599550e-06 3.6109375000e+02 3.6399899292e+02 3.6535018921e+02 9.3245336914e+02
2.3857598990e-06 3.6275000000e+02 3.6509313965e+02 3.6710153198e+02 9.3419982910e+02
2.3953600703e-06 3.6375000000e+02 3.6204031372e+02 3.6180847168e+02 9.3598571777e+02
2.4049600142e-06 3.6384375000e+02 3.6591784668e+02 3.6858163452e+02 9.3778295898e+02
2.4145599582e-06 3.6253125000e+02 3.6099243164e+02 3.5947656250e+02 9.3948266602e+02
2.4241599021e-06 3.5868750000e+02 3.6401272583e+02 3.6599255371e+02 9.4133685303e+02
2.4337600735e-06 3.6106250000e+02 3.6817987061e+02 3.7204724121e+02 9.4308410645e+02
2.4433600174e-06 3.5943750000e+02 3.6485607910e+02 3.7077716064e+02 9.4493750000e+02
2.4529599614e-06 3.5756250000e+02 3.6300408936e+02 3.6719168091e+02 9.4664813232e+02
2.4625599053e-06 3.5753125000e+02 3.5805911255e+02 3.5994476318e+02 9.4844189453e+02
2.4721600766e-06 3.5737500000e+02 3.6078326416e+02 3.6405761719e+02 9.5017877197e+02
2.4817600206e-06 3.5900000000e+02 3.5685119629e+02 3.5787103271e+02 9.5191784668e+02
2.4913599646e-06 3.5565625000e+02 3.6002526855e+02 3.6327966309e+02 9.5369592285e+02
2.5009599085e-06 3.5618750000e+02 3.5940112305e+02 3.5969299316e+02 9.5538958740e+02
2.5105600798e-06 3.5428125000e+02 3.5332543945e+02 3.5234155273e+02 9.5711303711e+02
2.5201600238e-06 3.5740625000e+02 3.5740252686e+02 3.6229721069e+02 9.5889990234e+02
2.5297599677e-06 3.5384375000e+02 3.5687399292e+02 3.6207986450e+02 9.6062036133e+02
2.5393599117e-06 3.5225000000e+02 3.5477853394e+02 3.5728628540e+02 9.6235626221e+02
2.5489600830e-06 3.5506250000e+02 3.5154699707e+02 3.5182760620e+02 9.6402661133e+02
2.5585600270e-06 3.5137500000e+02 3.5263272095e+02 3.5378912354e+02 9.6577435303e+02
2.5681599709e-06 3.5075000000e+02 3.5455450439e+02 3.5523526001e+02 9.6744653320e+02
2.5777599149e-06 3.5162500000e+02 3.5079748535e+02 3.5385052490e+02 9.6919970703e+02
2.5873600862e-06 3.5056250000e+02 3.5146389771e+02 3.4975543213e+02 9.7080853271e+02
2.5969600301e-06 3.5165625000e+02 3.4973953247e+02 3.5223468018e+02 9.7260278320e+02
2.6065599741e-06 3.4700000000e+02 3.5330059814e+02 3.5515365601e+02 9.7422161865e+02
2.6161599180e-06 3.5131250000e+02 3.5167965698e+02 3.4952069092e+02 9.7594989014e+02
2.6257600894e-06 3.4778125000e+02 3.5204589844e+02 3.5536581421e+02 9.7763781738e+02
2.6353600333e-06 3.4950000000e+02 3.4950997925e+02 3.5037594604e+02 9.7931506348e+02
2.6449599773e-06 3.4650000000e+02 3.4812890625e+02 3.5206402588e+02 9.8103033447e+02
2.6545599212e-06 3.4846875000e+02 3.4985464478e+02 3.5517611694e+02 9.8273175049e+02
2.6641600925e-06 3.4831250000e+02 3.4731103516e+02 3.5537252808e+02 9.8446405029e+02
2.6737600365e-06 3.4371875000e+02 3.4658322144e+02 3.5111935425e+02 9.8611193848e+02
2.6833599804e-06 3.4275000000e+02 3.4709844971e+02 3.4909710693e+02 9.8781121826e+02
2.6929599244e-06 3.4243750000e+02 3.4797189331e+02 3.5212585449e+02 9.8948876953e+02
2.7025600957e-06 3.4587500000e+02 3.4624853516e+02 3.5288058472e+02 9.9120471191e+02
2.7121600397e-06 3.4268750000e+02 3.4557687378e+02 3.4945321655e+02 9.9284027100e+02
2.7217599836e-06 3.4390625000e+02 3.4363278198e+02 3.4604699707e+02 9.9452197266e+02
2.7313599276e-06 3.4393750000e+02 3.4367675781e+02 3.4624545288e+02 9.9615661621e+02
2.7409600989e-06 3.4109375000e+02 3.4420248413e+02 3.4649935913e+02 9.9783508301e+02
2.7505600428e-06 3.3643750000e+02 3.4247259521e+02 3.4148440552e+02 9.9941369629e+02
2.7601599868e-06 3.3846875000e+02 3.4223559570e+02 3.4419241333e+02 1.0011245728e+03
2.7697599307e-06 3.3978125000e+02 3.4206396484e+02 3.4582803345e+02 1.0027222290e+03
2.7793601021e-06 3.3890625000e+02 3.4179498291e+02 3.4379623413e+02 1.0044058838e+03
2.7889600460e-06 3.3528125000e+02 3.3990051270e+02 3.4245315552e+02 1.0059953613e+03
2.7985599900e-06 3.3593750000e+02 3.4028149414e+02 3.3962228394e+02 1.0076375732e+03
2.8081599339e-06 3.3528125000e+02 3.3583477783e+02 3.4012023926e+02 1.0092620850e+03
2.8177601052e-06 3.3746875000e+02 3.3925445557e+02 3.4221173096e+02 1.0109024048e+03
2.8273600492e-06 3.3765625000e+02 3.4237106323e+02 3.4704269409e+02 1.0125665894e+03
2.8369599931e-06 3.3831250000e+02 3.3799978638e+02 3.4157058716e+02 1.0141609497e+03
2.8465599371e-06 3.3496875000e+02 3.3814273071e+02 3.4508181763e+02 1.0158648682e+03
2.8561601084e-06 3.3487500000e+02 3.3852093506e+02 3.4192416382e+02 1.0174155273e+03
2.8657600524e-06 3.3650000000e+02 3.3444436646e+02 3.3416571045e+02 1.0190422974e+03
2.8753599963e-06 3.3496875000e+02 3.3756478882e+02 3.4034616089e+02 1.0206501465e+03
2.8849599403e-06 3.3503125000e+02 3.3791485596e+02 3.4060070801e+02 1.0222755737e+03
2.8945601116e-06 3.3290625000e+02 3.3521200562e+02 3.3795516968e+02 1.0238629761e+03
2.9041600556e-06 3.3565625000e+02 3.3604879761e+02 3.3838031006e+02 1.0254862061e+03
2.9137599995e-06 3.2875000000e+02 3.3623599243e+02 3.4248703003e+02 1.0271206055e+03
2.9233599435e-06 3.3218750000e+02 3.3423541260e+02 3.3350460815e+02 1.0286409912e+03
2.9329598874e-06 3.2993750000e+02 3.3319384766e+02 3.3839447021e+02 1.0303394775e+03
2.9425600587e-06 3.2775000000e+02 3.3184832764e+02 3.3652651978e+02 1.0318427734e+03
2.9521600027e-06 3.3053125000e+02 3.3140469360e+02 3.3312908936e+02 1.0334975586e+03
2.9617599466e-06 3.2862500000e+02 3.3367120361e+02 3.3765582275e+02 1.0350424805e+03
2.9713598906e-06 3.2628125000e+02 3.3178112793e+02 3.3602215576e+02 1.0366845703e+03
2.9809600619e-06 3.2831250000e+02 3.2853765869e+02 3.3266790771e+02 1.0382054443e+03
2.9905600059e-06 3.2587500000e+02 3.3213775635e+02 3.3475769043e+02 1.0398489990e+03
3.0001599498e-06 3.2762500000e+02 3.2908676147e+02 3.3183413696e+02 1.0413485107e+03
3.0097598938e-06 3.2618750000e+02 3.3135803223e+02 3.3455389404e+02 1.0430102539e+03
3.0193600651e-06 3.2628125000e+02 3.2494235229e+02 3.2770117188e+02 1.0444611816e+03
3.0289600090e-06 3.2600000000e+02 3.2708416748e+02 3.2781082153e+02 1.0461060791e+03
3.0385599530e-06 3.2843750000e+02 3.2830914307e+02 3.3124597168e+02 1.0475914307e+03
3.0481598969e-06 3.2340625000e+02 3.2948886108e+02 3.3381906128e+02 1.0492586670e+03
3.0577600683e-06 3.2412500000e+02 3.2431796265e+02 3.2701507568e+02 1.0506878662e+03
3.0673600122e-06 3.2518750000e+02 3.2567486572e+02 3.2770474243e+02 1.0523516846e+03
3.0769599562e-06 3.2503125000e+02 3.2713192749e+02 3.3206051636e+02 1.0538253174e+03
3.0865599001e-06 3.2362500000e+02 3.2632745361e+02 3.3298785400e+02 1.0555021973e+03
3.0961600714e-06 3.1978125000e+02 3.2433697510e+02 3.2807852173e+02 1.0569246826e+03
3.1057600154e-06 3.2631250000e+02 3.2560217285e+02 3.2725604248e+02 1.0585806885e+03
3.1153599593e-06 3.2328125000e+02 3.2194470215e+02 3.2378836060e+02 1.0599793701e+03
3.1249599033e-06 3.2015625000e+02 3.2312225342e+02 3.2471871948e+02 1.0616365967e+03
3.1345600746e-06 3.2228125000e+02 3.1967874146e+02 3.2386160278e+02 1.0630461426e+03
3.1441600186e-06 3.1884375000e+02 3.2120043945e+02 3.2231149292e+02 1.0646687012e+03
3.1537599625e-06 3.2056250000e+02 3.2003448486e+02 3.2113653564e+02 1.0660688477e+03
3.1633599065e-06 3.1706250000e+02 3.2216134644e+02 3.2736703491e+02 1.0677542725e+03
3.1729600778e-06 3.1968750000e+02 3.2015536499e+02 3.1950347900e+02 1.0690654297e+03
3.1825600217e-06 3.2100000000e+02 3.1952777100e+02 3.1930795288e+02 1.0707484131e+03
3.1921599657e-06 3.1893750000e+02 3.2046981812e+02 3.2535827637e+02 1.0721300049e+03
3.2017599096e-06 3.1984375000e+02 3.1862350464e+02 3.1961306763e+02 1.0737478027e+03
3.2113600810e-06 3.1821875000e+02 3.2298684692e+02 3.2720516968e+02 1.0751989746e+03
3.2209600249e-06 3.1512500000e+02 3.1477017212e+02 3.1671090698e+02 1.0767313232e+03
3.2305599689e-06 3.1540625000e+02 3.1310079956e+02 3.1302301025e+02 1.0781431885e+03
3.2401599128e-06 3.1721875000e+02 3.1707852173e+02 3.1978112793e+02 1.0797335205e+03
3.2497600841e-06 3.1518750000e+02 3.1815838623e+02 3.2135278320e+02 1.0811572266e+03
3.2593600281e-06 3.1290625000e+02 3.1627285767e+02 3.1850668335e+02 1.0827198486e+03
3.2689599720e-06 3.1440625000e+02 3.1720382690e+02 3.2010018921e+02 1.0841564941e+03
3.2785599160e-06 3.1628125000e+02 3.1869204712e+02 3.2301858521e+02 1.0857447510e+03
3.2881600873e-06 3.1609375000e+02 3.1409341431e+02 3.1642852783e+02 1.0871239014e+03
3.2977600313e-06 3.1409375000e+02 3.1628909302e+02 3.1755783081e+02 1.0887103271e+03
3.3073599752e-06 3.1737500000e+02 3.1459866333e+02 3.1850488281e+02 1.0901102295e+03
3.3169599192e-06 3.0831250000e+02 3.1628372192e+02 3.1743704224e+02 1.0916706543e+03
3.3265600905e-06 3.1178125000e+02 3.1145510864e+02 3.1333093262e+02 1.0930457764e+03
3.3361600345e-06 3.1056250000e+02 3.1453228760e+02 3.1570724487e+02 1.0946147461e+03
3.3457599784e-06 3.1190625000e+02 3.1294860840e+02 3.1721118164e+02 1.0960172119e+03
3.3553599224e-06 3.1256250000e+02 3.1153433228e+02 3.1365112305e+02 1.0975465088e+03
3.3649600937e-06 3.1315625000e+02 3.0780664062e+02 3.0775967407e+02 1.0988952637e+03
3.3745600376e-06 3.1056250000e+02 3.0877993774e+02 3.1249707031e+02 1.1004786377e+03
3.3841599816e-06 3.1012500000e+02 3.0994552612e+02 3.1492974854e+02 1.1018489990e+03
3.3937599255e-06 3.0475000000e+02 3.0961840820e+02 3.1129727173e+02 1.1033835449e+03
3.4033600969e-06 3.0803125000e+02 3.1162814331e+02 3.1886114502e+02 1.1048371582e+03
3.4129600408e-06 3.0828125000e+02 3.0795227051e+02 3.1108795166e+02 1.1062934570e+03
3.4225599848e-06 3.0546875000e+02 3.1188586426e+02 3.1454031372e+02 1.1077644043e+03
3.4321599287e-06 3.0771875000e+02 3.1303689575e+02 3.1870489502e+02 1.1092645264e+03
3.4417601000e-06 3.0640625000e+02 3.0773590088e+02 3.1179449463e+02 1.1106787109e+03
3.4513600440e-06 3.0484375000e+02 3.0734622192e+02 3.1061859131e+02 1.1121634521e+03
3.4609599879e-06 3.0275000000e+02 3.0805056763e+02 3.1114950562e+02 1.1135778809e+03
3.4705599319e-06 3.0650000000e+02 3.0833294678e+02 3.1069131470e+02 1.1150527344e+03
3.4801601032e-06 3.0312500000e+02 3.0508300781e+02 3.0616912842e+02 1.1164273682e+03
3.4897600472e-06 3.0328125000e+02 3.0735913086e+02 3.1331640625e+02 1.1179782715e+03
3.4993599911e-06 3.0181250000e+02 3.0483834839e+02 3.0828997803e+02 1.1193031006e+03
3.5089599351e-06 3.0131250000e+02 3.0791903687e+02 3.1202581787e+02 1.1208791504e+03
3.5185601064e-06 3.0121875000e+02 3.0313781738e+02 3.0621340942e+02 1.1221596680e+03
3.5281600503e-06 3.0128125000e+02 3.0543853760e+02 3.1065588379e+02 1.1237745361e+03
3.5377599943e-06 3.0350000000e+02 3.0217053223e+02 3.0419631958e+02 1.1249916992e+03
3.5473599382e-06 3.0159375000e+02 3.0629971313e+02 3.1013839722e+02 1.1266533203e+03
3.5569601096e-06 3.0234375000e+02 3.0515667725e+02 3.0690710449e+02 1.1278354492e+03
3.5665600535e-06 2.9759375000e+02 3.0796252441e+02 3.1271975708e+02 1.1295515137e+03
3.5761599975e-06 2.9921875000e+02 3.0398171997e+02 3.0866308594e+02 1.1307059326e+03
3.5857599414e-06 3.0200000000e+02 3.0138781738e+02 3.0523715210e+02 1.1323916016e+03
3.5953601127e-06 2.9709375000e+02 3.0259844971e+02 3.0711636353e+02 1.1335616455e+03
3.6049600567e-06 3.0015625000e+02 3.0216845703e+02 3.0530426025e+02 1.1352226562e+03
3.6145600006e-06 2.9921875000e+02 3.0387786865e+02 3.0575500488e+02 1.1363876953e+03
3.6241599446e-06 2.9715625000e+02 3.0347476196e+02 3.0770156860e+02 1.1380727539e+03
3.6337598885e-06 2.9881250000e+02 3.0072406006e+02 3.0308218384e+02 1.1391950684e+03
3.6433600599e-06 2.9962500000e+02 3.0474752808e+02 3.0822766113e+02 1.1409187012e+03
3.6529600038e-06 2.9781250000e+02 3.0153109741e+02 3.0785629272e+02 1.1420565186e+03
3.6625599478e-06 2.9837500000e+02 3.0109030151e+02 3.0497790527e+02 1.1437414551e+03
3.6721598917e-06 2.9693750000e+02 2.9919467163e+02 3.0132763672e+02 1.1448436279e+03
3.6817600630e-06 2.9653125000e+02 3.0075613403e+02 3.0572976685e+02 1.1465725098e+03
3.6913600070e-06 2.9796875000e+02 2.9859994507e+02 3.0091671753e+02 1.1476258545e+03
3.7009599509e-06 2.9525000000e+02 3.0115707397e+02 3.0662124634e+02 1.1494088135e+03
3.7105598949e-06 2.9628125000e+02 2.9872277832e+02 3.0098849487e+02 1.1504047852e+03
3.7201600662e-06 2.9412500000e+02 2.9628677368e+02 2.9819570923e+02 1.1521632080e+03
3.7297600102e-06 2.9368750000e+02 2.9880999756e+02 3.0265359497e+02 1.1532015381e+03
3.7393599541e-06 2.9556250000e+02 2.9684121704e+02 2.9959268188e+02 1.1549288330e+03
3.7489598981e-06 2.9409375000e+02 2.9750244141e+02 3.0044760132e+02 1.1559742432e+03
3.7585600694e-06 2.9175000000e+02 2.9656567383e+02 2.9988928223e+02 1.1576968994e+03
3.7681600134e-06 2.9487500000e+02 2.9465344238e+02 2.9825579834e+02 1.1587349854e+03
3.7777599573e-06 2.9387500000e+02 2.9525265503e+02 2.9725128174e+02 1.1604351807e+03
3.7873599013e-06 2.8975000000e+02 2.9220965576e+02 2.9356991577e+02 1.1614461670e+03
3.7969600726e-06 2.9400000000e+02 2.9361871338e+02 2.9739547729e+02 1.1631844482e+03
3.8065600165e-06 2.9228125000e+02 2.9477078247e+02 2.9698223877e+02 1.1641810303e+03
3.8161601879e-06 2.9237500000e+02 2.9137124634e+02 2.9311679077e+02 1.1658884277e+03
3.8257599044e-06 2.8487500000e+02 2.9570983887e+02 2.9959899902e+02 1.1669407959e+03
3.8353600758e-06 2.8962500000e+02 2.9608541870e+02 3.0053930664e+02 1.1686546631e+03
3.8449597923e-06 2.9021875000e+02 2.9216802979e+02 2.9579751587e+02 1.1696721191e+03
3.8545599637e-06 2.8996875000e+02 2.8762960815e+02 2.8870046997e+02 1.1713221436e+03
3.8641601350e-06 2.8818750000e+02 2.9252108765e+02 2.9705477905e+02 1.1724140625e+03
3.8737598516e-06 2.8937500000e+02 2.9241848755e+02 2.9691174316e+02 1.1740593262e+03
3.8833600229e-06 2.8581250000e+02 2.9330474854e+02 2.9891339111e+02 1.1751716309e+03
3.8929601942e-06 2.8946875000e+02 2.9306405640e+02 2.9603677368e+02 1.1767766113e+03
3.9025599108e-06 2.9012500000e+02 2.8866137695e+02 2.8936386108e+02 1.1778295898e+03
3.9121600821e-06 2.8600000000e+02 2.8881076050e+02 2.9237438965e+02 1.1794737549e+03
3.9217597987e-06 2.8565625000e+02 2.9053274536e+02 2.9770098877e+02 1.1805886230e+03
3.9313599700e-06 2.8537500000e+02 2.8691104126e+02 2.8937393188e+02 1.1821416016e+03
3.9409601413e-06 2.8590625000e+02 2.8904870605e+02 2.9177139282e+02 1.1832703857e+03
3.9505598579e-06 2.8284375000e+02 2.8790814209e+02 2.9007498169e+02 1.1848057861e+03
3.9601600292e-06 2.8684375000e+02 2.9039605713e+02 2.9478506470e+02 1.1859797363e+03
3.9697602006e-06 2.8837500000e+02 2.8856735229e+02 2.9164370728e+02 1.1874833984e+03
3.9793599171e-06 2.8265625000e+02 2.8659097290e+02 2.8904263306e+02 1.1886364746e+03
3.9889600885e-06 2.8268750000e+02 2.9023550415e+02 2.9330609131e+02 1.1901679688e+03
3.9985598050e-06 2.8578125000e+02 2.8559716797e+02 2.8577429199e+02 1.1912507324e+03
4.0081599764e-06 2.8546875000e+02 2.8626818848e+02 2.8868713379e+02 1.1928157959e+03
4.0177601477e-06 2.8128125000e+02 2.8547915649e+02 2.8681741333e+02 1.1938780518e+03
4.0273598643e-06 2.8271875000e+02 2.8781158447e+02 2.9002017212e+02 1.1954664307e+03
4.0369600356e-06 2.8478125000e+02 2.8340911865e+02 2.8559307861e+02 1.1965040283e+03
4.0465602069e-06 2.8381250000e+02 2.8546560669e+02 2.8666540527e+02 1.1980850830e+03
4.0561599235e-06 2.7918750000e+02 2.8320755005e+02 2.8481576538e+02 1.1991158447e+03
4.0657600948e-06 2.8100000000e+02 2.8484698486e+02 2.8806323242e+02 1.2007259521e+03
4.0753598114e-06 2.7978125000e+02 2.8440319824e+02 2.8635662842e+02 1.2017355957e+03
4.0849599827e-06 2.8162500000e+02 2.8560070801e+02 2.9063461304e+02 1.2033936768e+03
4.0945601540e-06 2.8265625000e+02 2.8510061646e+02 2.8829043579e+02 1.2043740234e+03
4.1041598706e-06 2.7846875000e+02 2.8372436523e+02 2.8585464478e+02 1.2060053711e+03
4.1137600419e-06 2.8000000000e+02 2.8340768433e+02 2.8665643311e+02 1.2070007324e+03
4.1233602133e-06 2.7975000000e+02 2.8467901611e+02 2.8942010498e+02 1.2086569824e+03
4.1329599298e-06 2.7750000000e+02 2.8002243042e+02 2.8119122314e+02 1.2095754395e+03
4.1425601012e-06 2.7703125000e+02 2.8171173096e+02 2.8539157104e+02 1.2112749023e+03
4.1521598177e-06 2.7775000000e+02 2.8170718384e+02 2.8220956421e+02 1.2121451416e+03
4.1617599891e-06 2.7853125000e+02 2.8101788330e+02 2.8206237793e+02 1.2138449707e+03
4.1713601604e-06 2.7715625000e+02 2.8191473389e+02 2.8443243408e+02 1.2147427979e+03
4.1809598770e-06 2.7521875000e+02 2.8275686646e+02 2.8617224121e+02 1.2164565430e+03
4.1905600483e-06 2.7843750000e+02 2.7951892090e+02 2.8219180298e+02 1.2173281250e+03
4.2001602196e-06 2.7921875000e+02 2.7767919922e+02 2.7882672119e+02 1.2190051270e+03
4.2097599362e-06 2.7706250000e+02 2.7948825073e+02 2.8276812744e+02 1.2199189453e+03
4.2193601075e-06 2.7456250000e+02 2.8174096680e+02 2.8570278931e+02 1.2216127930e+03
4.2289598241e-06 2.8046875000e+02 2.7970205688e+02 2.8399041748e+02 1.2225231934e+03
4.2385599954e-06 2.8021875000e+02 2.7891290283e+02 2.8173849487e+02 1.2241860352e+03
4.2481601668e-06 2.7653125000e+02 2.7606909180e+02 2.7596133423e+02 1.2250361328e+03
4.2577598833e-06 2.7809375000e+02 2.8055181885e+02 2.8429733276e+02 1.2267774658e+03
4.2673600547e-06 2.7703125000e+02 2.7985253906e+02 2.8461929321e+02 1.2276408691e+03
4.2769602260e-06 2.7800000000e+02 2.7761434937e+02 2.7960437012e+02 1.2293240967e+03
4.2865599426e-06 2.7525000000e+02 2.7629254150e+02 2.7776705933e+02 1.2301738281e+03
4.2961601139e-06 2.7506250000e+02 2.7864776611e+02 2.8191223145e+02 1.2318920898e+03
4.3057598305e-06 2.7634375000e+02 2.7603256226e+02 2.7830322266e+02 1.2327155762e+03
4.3153600018e-06 2.7353125000e+02 2.7428405762e+02 2.7598941040e+02 1.2344151611e+03
4.3249601731e-06 2.7228125000e+02 2.7732949829e+02 2.8007885742e+02 1.2352664795e+03
4.3345598897e-06 2.7315625000e+02 2.7481573486e+02 2.7498214722e+02 1.2369078369e+03
4.3441600610e-06 2.7531250000e+02 2.7349032593e+02 2.7476324463e+02 1.2377750244e+03
4.3537597776e-06 2.7450000000e+02 2.7574734497e+02 2.7825109863e+02 1.2394403076e+03
4.3633599489e-06 2.7034375000e+02 2.7383514404e+02 2.7499859619e+02 1.2402779541e+03
4.3729601202e-06 2.7515625000e+02 2.7643975830e+02 2.8034152222e+02 1.2419949951e+03
4.3825598368e-06 2.7409375000e+02 2.7468423462e+02 2.7807009888e+02 1.2428193359e+03
4.3921600081e-06 2.7128125000e+02 2.7481399536e+02 2.7690704346e+02 1.2445095215e+03
4.4017601795e-06 2.7296875000e+02 2.7332482910e+02 2.7527990723e+02 1.2453270264e+03
4.4113598960e-06 2.7093750000e+02 2.7181695557e+02 2.7161776733e+02 1.2469676514e+03
4.4209600674e-06 2.7234375000e+02 2.7374307251e+02 2.7533822632e+02 1.2478254395e+03
4.4305597839e-06 2.7143750000e+02 2.7389733887e+02 2.7557815552e+02 1.2494641113e+03
4.4401599553e-06 2.7156250000e+02 2.7453558350e+02 2.7673046875e+02 1.2503338623e+03
4.4497601266e-06 2.7096875000e+02 2.7126135254e+02 2.7238601685e+02 1.2519381104e+03
4.4593598432e-06 2.6900000000e+02 2.7080578613e+02 2.7208926392e+02 1.2528104248e+03
4.4689600145e-06 2.6903125000e+02 2.7162640381e+02 2.7313449097e+02 1.2544160156e+03
4.4785601858e-06 2.6803125000e+02 2.7047103882e+02 2.7063195801e+02 1.2552590332e+03
4.4881599024e-06 2.6925000000e+02 2.7280172729e+02 2.7447628784e+02 1.2568969727e+03
4.4977600737e-06 2.7128125000e+02 2.7075457764e+02 2.7247814941e+02 1.2577352295e+03
4.5073597903e-06 2.7146875000e+02 2.6916635132e+02 2.7010510254e+02 1.2593508301e+03
4.5169599616e-06 2.6865625000e+02 2.6951028442e+02 2.7064096069e+02 1.2601932373e+03
4.5265601329e-06 2.6506250000e+02 2.6743899536e+02 2.6689797974e+02 1.2617651367e+03
4.5361598495e-06 2.6756250000e+02 2.6705090332e+02 2.6677047729e+02 1.2626147461e+03
4.5457600208e-06 2.6715625000e+02 2.6699642944e+02 2.6623040771e+02 1.2641676025e+03
4.5553601922e-06 2.6571875000e+02 2.6938812256e+02 2.7006088257e+02 1.2650532227e+03
4.5649599087e-06 2.7184375000e+02 2.6759155273e+02 2.6828643799e+02 1.2666011963e+03
4.5745600801e-06 2.6725000000e+02 2.6954260254e+02 2.7131378174e+02 1.2675103760e+03
4.5841597967e-06 2.6918750000e+02 2.7048468018e+02 2.7223486328e+02 1.2690560303e+03
4.5937599680e-06 2.6628125000e+02 2.6748388672e+02 2.6845431519e+02 1.2699447021e+03
4.6033601393e-06 2.6500000000e+02 2.6699426270e+02 2.6772479248e+02 1.2714802246e+03
4.6129598559e-06 2.6775000000e+02 2.6528265381e+02 2.6470675659e+02 1.2723364258e+03
4.6225600272e-06 2.6621875000e+02 2.6742013550e+02 2.6869015503e+02 1.2739113770e+03
4.6321601985e-06 2.6665625000e+02 2.6812976074e+02 2.7015686035e+02 1.2747845459e+03
4.6417599151e-06 2.6331250000e+02 2.6535513306e+02 2.6550286865e+02 1.2763122559e+03
4.6513600864e-06 2.6650000000e+02 2.6856759644e+02 2.7046853638e+02 1.2772250977e+03
4.6609598030e-06 2.6337500000e+02 2.6802606201e+02 2.7050491333e+02 1.2787611084e+03
4.6705599743e-06 2.6746875000e+02 2.6551629639e+02 2.6606884766e+02 1.2796296387e+03
4.6801601457e-06 2.6228125000e+02 2.6774734497e+02 2.6991647339e+02 1.2811979980e+03
4.6897598622e-06 2.6531250000e+02 2.6600738525e+02 2.6735247803e+02 1.2820485840e+03
4.6993600336e-06 2.6275000000e+02 2.6275094604e+02 2.6201882935e+02 1.2835654297e+03
4.7089602049e-06 2.6621875000e+02 2.6566079712e+02 2.6678454590e+02 1.2844559326e+03
4.7185599215e-06 2.6393750000e+02 2.6373410034e+02 2.6401538086e+02 1.2859528809e+03
4.7281600928e-06 2.6406250000e+02 2.6426000977e+02 2.6472839355e+02 1.2868425293e+03
4.7377598094e-06 2.6553125000e+02 2.6682199097e+02 2.6908724976e+02 1.2883771973e+03
4.7473599807e-06 2.6443750000e+02 2.6191088867e+02 2.6125872803e+02 1.2892059326e+03
4.7569601520e-06 2.6318750000e+02 2.6555383301e+02 2.6713842773e+02 1.2907795410e+03
4.7665598686e-06 2.5953125000e+02 2.6421780396e+02 2.6526965332e+02 1.2915979004e+03
4.7761600399e-06 2.6646875000e+02 2.6354162598e+02 2.6446032715e+02 1.2931665039e+03
4.7857602112e-06 2.5934375000e+02 2.6191271973e+02 2.6179077148e+02 1.2939639893e+03
4.7953599278e-06 2.6034375000e+02 2.6510385132e+02 2.6708969116e+02 1.2955694580e+03
4.8049600991e-06 2.6087500000e+02 2.6382443237e+02 2.6527658081e+02 1.2963587646e+03
4.8145598157e-06 2.6450000000e+02 2.6118515015e+02 2.6100881958e+02 1.2979155273e+03
4.8241599870e-06 2.6306250000e+02 2.6080770874e+02 2.6044143677e+02 1.2987060547e+03
4.8337601584e-06 2.5843750000e+02 2.6212316895e+02 2.6285162354e+02 1.3002852783e+03
4.8433598749e-06 2.5921875000e+02 2.6029504395e+02 2.5984619141e+02 1.3010471191e+03
4.8529600463e-06 2.5918750000e+02 2.6190582275e+02 2.6268365479e+02 1.3026429443e+03
4.8625602176e-06 2.6012500000e+02 2.6110955811e+02 2.6145568848e+02 1.3034023438e+03
4.8721599342e-06 2.5678125000e+02 2.6018649292e+02 2.6033126831e+02 1.3049731445e+03
4.8817601055e-06 2.5812500000e+02 2.6042913818e+02 2.6056399536e+02 1.3057502441e+03
4.8913598221e-06 2.6096875000e+02 2.6171252441e+02 2.6291677856e+02 1.3073381348e+03
4.9009599934e-06 2.5925000000e+02 2.6002557373e+02 2.6007409668e+02 1.3080968018e+03
4.9105601647e-06 2.5718750000e+02 2.5907373047e+02 2.5876364136e+02 1.3096655273e+03
4.9201598813e-06 2.6000000000e+02 2.6163488770e+02 2.6310116577e+02 1.3104652100e+03
4.9297600526e-06 2.5965625000e+02 2.6130374146e+02 2.6275701904e+02 1.3120213623e+03
4.9393602239e-06 2.5862500000e+02 2.5836917114e+02 2.5769015503e+02 1.3127888184e+03
4.9489599405e-06 2.6015625000e+02 2.5830847168e+02 2.5802294922e+02 1.3143389893e+03
4.9585601118e-06 2.5834375000e+02 2.5782031250e+02 2.5730123901e+02 1.3151003418e+03
4.9681598284e-06 2.5956250000e+02 2.5726623535e+02 2.5634356689e+02 1.3166450195e+03
4.9777599997e-06 2.5928125000e+02 2.5758471680e+02 2.5723538208e+02 1.3174088135e+03
4.9873601711e-06 2.5668750000e+02 2.5838885498e+02 2.5863671875e+02 1.3189670410e+03
4.9969598876e-06 2.5871875000e+02 2.5743566895e+02 2.5639266968e+02 1.3197263184e+03
5.0065600590e-06 2.5281250000e+02 2.5914160156e+02 2.5990203857e+02 1.3213074951e+03
5.0161597756e-06 2.5584375000e+02 2.5710531616e+02 2.5685763550e+02 1.3220312500e+03
5.0257599469e-06 2.5487500000e+02 2.5559921265e+02 2.5456027222e+02 1.3235902100e+03
5.0353601182e-06 2.5750000000e+02 2.5509048462e+02 2.5481135559e+02 1.3243050537e+03
5.0449598348e-06 2.5590625000e+02 2.5534317017e+02 2.5422126770e+02 1.3258712158e+03
5.0545600061e-06 2.5578125000e+02 2.5423669434e+02 2.5273078918e+02 1.3265703125e+03
5.0641601774e-06 2.5703125000e+02 2.5295275879e+02 2.5024916077e+02 1.3281180420e+03
5.0737598940e-06 2.5406250000e+02 2.5546359253e+02 2.5437609863e+02 1.3288574219e+03
5.0833600653e-06 2.5571875000e+02 2.5369555664e+02 2.5251675415e+02 1.3303764648e+03
5.0929597819e-06 2.5371875000e+02 2.5256433105e+02 2.5113706970e+02 1.3311010742e+03
5.1025599532e-06 2.5415625000e+02 2.5607934570e+02 2.5603079224e+02 1.3326733398e+03
5.1121601246e-06 2.5515625000e+02 2.5403829956e+02 2.5344813538e+02 1.3333670654e+03
5.1217598411e-06 2.5600000000e+02 2.5689297485e+02 2.5771899414e+02 1.3349832764e+03
5.1313600125e-06 2.5478125000e+02 2.5454788208e+02 2.5362310791e+02 1.3356434326e+03
5.1409597290e-06 2.5271875000e+02 2.5310810852e+02 2.5248318481e+02 1.3372371826e+03
5.1505599004e-06 2.5456250000e+02 2.5465594482e+02 2.5391891479e+02 1.3379229736e+03
5.1601600717e-06 2.5181250000e+02 2.5300338745e+02 2.5217347717e+02 1.3394909668e+03
5.1697597883e-06 2.5053125000e+02 2.5441235352e+02 2.5462886047e+02 1.3401986084e+03
5.1793599596e-06 2.5165625000e+02 2.5187515259e+02 2.5084326172e+02 1.3417301025e+03
5.1889601309e-06 2.4978125000e+02 2.5285269165e+02 2.5187249756e+02 1.3424528809e+03
5.1985598475e-06 2.5234375000e+02 2.4964538574e+02 2.4584660339e+02 1.3439344482e+03
5.2081600188e-06 2.5250000000e+02 2.4929672241e+02 2.4568475342e+02 1.3446542969e+03
5.2177601901e-06 2.5365625000e+02 2.5306597900e+02 2.5147598267e+02 1.3461929932e+03
5.2273599067e-06 2.5087500000e+02 2.5312319946e+02 2.5330036926e+02 1.3469154053e+03
5.2369600780e-06 2.4893750000e+02 2.5171228027e+02 2.5104051208e+02 1.3484334717e+03
5.2465597946e-06 2.5159375000e+02 2.4984785461e+02 2.4931221008e+02 1.3491336670e+03
5.2561599659e-06 2.5125000000e+02 2.5006933594e+02 2.4862304688e+02 1.3506514893e+03
5.2657601373e-06 2.5378125000e+02 2.5346214294e+02 2.5371694946e+02 1.3514022217e+03
5.2753598538e-06 2.5190625000e+02 2.5166493225e+02 2.5093640137e+02 1.3528930664e+03
5.2849600252e-06 2.5368750000e+02 2.4821044922e+02 2.4400866699e+02 1.3535895996e+03
5.2945601965e-06 2.5459375000e+02 2.5116299438e+02 2.5020429993e+02 1.3551281738e+03
5.3041599131e-06 2.5137500000e+02 2.5085612488e+02 2.4968258667e+02 1.3558212891e+03
5.3137600844e-06 2.5187500000e+02 2.5055807495e+02 2.4916764832e+02 1.3573548584e+03
5.3233598010e-06 2.5115625000e+02 2.4946615601e+02 2.4664991760e+02 1.3580305176e+03
5.3329599723e-06 2.4768750000e+02 2.4823126221e+02 2.4663316345e+02 1.3595518799e+03
5.3425601436e-06 2.4940625000e+02 2.4976840210e+02 2.4938584900e+02 1.3602518311e+03
5.3521598602e-06 2.5137500000e+02 2.5109336853e+02 2.4983924866e+02 1.3617874756e+03
5.3617600315e-06 2.5118750000e+02 2.4564172363e+02 2.4109207153e+02 1.3624069824e+03
5.3713602028e-06 2.4815625000e+02 2.4761929321e+02 2.4610220337e+02 1.3639782715e+03
5.3809599194e-06 2.5021875000e+02 2.5023823547e+02 2.4926805115e+02 1.3646336670e+03
5.3905600907e-06 2.5065625000e+02 2.4765692139e+02 2.4504077148e+02 1.3661656494e+03
5.4001598073e-06 2.4984375000e+02 2.4703390503e+02 2.4611761475e+02 1.3668215332e+03
5.4097599786e-06 2.5031250000e+02 2.4680960083e+02 2.4347851562e+02 1.3683399658e+03
5.4193601500e-06 2.4900000000e+02 2.4937770081e+02 2.4812284851e+02 1.3690371094e+03
5.4289598665e-06 2.5409375000e+02 2.5011097717e+02 2.4959695435e+02 1.3705667725e+03
5.4385600379e-06 2.4940625000e+02 2.4577563477e+02 2.4372465515e+02 1.3712060547e+03
5.4481602092e-06 2.5043750000e+02 2.4583724976e+02 2.4192817688e+02 1.3727271729e+03
5.4577599258e-06 2.4625000000e+02 2.4433291626e+02 2.4315176392e+02 1.3733631592e+03
5.4673600971e-06 2.4665625000e+02 2.4700067139e+02 2.4550981140e+02 1.3749124756e+03
5.4769598137e-06 2.4803125000e+02 2.4575556946e+02 2.4346249390e+02 1.3755312500e+03
5.4865599850e-06 2.4812500000e+02 2.4273532104e+02 2.4083761597e+02 1.3770477295e+03
5.4961601563e-06 2.4928125000e+02 2.4709638977e+02 2.4658424377e+02 1.3777236328e+03
5.5057598729e-06 2.5143750000e+02 2.4621200562e+02 2.4473464966e+02 1.3792243652e+03
5.5153600442e-06 2.4925000000e+02 2.4341139221e+02 2.4051846313e+02 1.3798623047e+03
5.5249602156e-06 2.4496875000e+02 2.4501538086e+02 2.4276142883e+02 1.3813836670e+03
5.5345599321e-06 2.4565625000e+02 2.4307026672e+02 2.4038331604e+02 1.3819982910e+03
5.5441601035e-06 2.4662500000e+02 2.4448399353e+02 2.4077136230e+02 1.3835296631e+03
5.5537598200e-06 2.4553125000e+02 2.4562048340e+02 2.4317251587e+02 1.3841649170e+03
5.5633599914e-06 2.4340625000e+02 2.4476287842e+02 2.4168069458e+02 1.3856822510e+03
5.5729601627e-06 2.4487500000e+02 2.4345132446e+02 2.4058627319e+02 1.3863045654e+03
5.5825598793e-06 2.4856250000e+02 2.3967913818e+02 2.3552096558e+02 1.3877720947e+03
5.5921600506e-06 2.4668750000e+02 2.4343188477e+02 2.3990139771e+02 1.3884405518e+03
5.6017602219e-06 2.4403125000e+02 2.4292074585e+02 2.4018066406e+02 1.3899057617e+03
5.6113599385e-06 2.4703125000e+02 2.4624288940e+02 2.4458488464e+02 1.3906187744e+03
5.6209601098e-06 2.4440625000e+02 2.4567239380e+02 2.4531338501e+02 1.3920832520e+03
5.6305598264e-06 2.4450000000e+02 2.4525646973e+02 2.4217123413e+02 1.3927783203e+03
5.6401599977e-06 2.4640625000e+02 2.3951239014e+02 2.3642506409e+02 1.3941779785e+03
5.6497601690e-06 2.4421875000e+02 2.4160937500e+02 2.4068075562e+02 1.3949089355e+03
5.6593598856e-06 2.4759375000e+02 2.3943704224e+02 2.3558067322e+02 1.3962672119e+03
5.6689600569e-06 2.4665625000e+02 2.4173132324e+02 2.3951487732e+02 1.3970334473e+03
5.6785597735e-06 2.4450000000e+02 2.4174087524e+02 2.3893016052e+02 1.3983876953e+03
5.6881599448e-06 2.4571875000e+02 2.4077902222e+02 2.3897740173e+02 1.3991501465e+03
5.6977601162e-06 2.4293750000e+02 2.4291064453e+02 2.3936195374e+02 1.4005170898e+03
5.7073593780e-06 2.4743750000e+02 2.4208004761e+02 2.3766355896e+02 1.4012657471e+03
5.7169600041e-06 2.4296875000e+02 2.4278715515e+02 2.3964340210e+02 1.4026474609e+03
5.7265597206e-06 2.4603125000e+02 2.3959774780e+02 2.3745565796e+02 1.4033677979e+03
5.7361598920e-06 2.4412500000e+02 2.3676586914e+02 2.3141621399e+02 1.4046990967e+03
5.7457600633e-06 2.4100000000e+02 2.4022668457e+02 2.3527241516e+02 1.4054597168e+03
5.7553597799e-06 2.4287500000e+02 2.4073220825e+02 2.3709188843e+02 1.4068037109e+03
5.7649594964e-06 2.4312500000e+02 2.4083882141e+02 2.3751699829e+02 1.4075679932e+03
5.7745601225e-06 2.4240625000e+02 2.3740892029e+02 2.3361396790e+02 1.4088719482e+03
5.7841598391e-06 2.4468750000e+02 2.3499012756e+02 2.2928587341e+02 1.4095991211e+03
5.7937600104e-06 2.3918750000e+02 2.4040139771e+02 2.3751255798e+02 1.4109775391e+03
5.8033601817e-06 2.4287500000e+02 2.3914251709e+02 2.3679568481e+02 1.4116953125e+03
5.8129598983e-06 2.4409375000e+02 2.3703713989e+02 2.3149288940e+02 1.4130303955e+03
5.8225596149e-06 2.4175000000e+02 2.3740417480e+02 2.3231680298e+02 1.4137556152e+03
5.8321597862e-06 2.4087500000e+02 2.3471777344e+02 2.3102571106e+02 1.4150711670e+03
5.8417599575e-06 2.4171875000e+02 2.3893431091e+02 2.3429336548e+02 1.4158350830e+03
5.8513601289e-06 2.4112500000e+02 2.3830419922e+02 2.3315798950e+02 1.4171400146e+03
5.8609593907e-06 2.4443750000e+02 2.3787106323e+02 2.3566516113e+02 1.4179184570e+03
5.8705600168e-06 2.4071875000e+02 2.3762190247e+02 2.3150218201e+02 1.4191954346e+03
5.8801597334e-06 2.3987500000e+02 2.3587158203e+02 2.3134175110e+02 1.4199659424e+03
5.8897599047e-06 2.4062500000e+02 2.3482038879e+02 2.3245043945e+02 1.4212458496e+03
5.8993600760e-06 2.4253125000e+02 2.3653683472e+02 2.3088287354e+02 1.4220130615e+03
5.9089597926e-06 2.3956250000e+02 2.3807109070e+02 2.3491709900e+02 1.4233247070e+03
5.9185595092e-06 2.4087500000e+02 2.3887658691e+02 2.3267819214e+02 1.4240816650e+03
5.9281601352e-06 2.3971875000e+02 2.3415698242e+02 2.2999761963e+02 1.4253564453e+03
5.9377598518e-06 2.3931250000e+02 2.3612994385e+02 2.3169047546e+02 1.4261322021e+03
5.9473600231e-06 2.3543750000e+02 2.3644192505e+02 2.3240476990e+02 1.4274123535e+03
5.9569601945e-06 2.3768750000e+02 2.3374295044e+02 2.2852969360e+02 1.4281529541e+03
5.9665599110e-06 2.3790625000e+02 2.3355197144e+02 2.2797772217e+02 1.4294279785e+03
5.9761600824e-06 2.4075000000e+02 2.3545268250e+02 2.3167700195e+02 1.4302008057e+03
5.9857597989e-06 2.3871875000e+02 2.3039321899e+02 2.2709532166e+02 1.4314272461e+03
5.9953599703e-06 2.4137500000e+02 2.3495816040e+02 2.2890270996e+02 1.4322281494e+03
6.0049601416e-06 2.4000000000e+02 2.3756344604e+02 2.3310263062e+02 1.4334920654e+03
6.0145598582e-06 2.3940625000e+02 2.3336787415e+02 2.2940780640e+02 1.4342530518e+03
6.0241600295e-06 2.3643750000e+02 2.3559729004e+02 2.3066918945e+02 1.4355329590e+03
6.0337602008e-06 2.4312500000e+02 2.3452734375e+02 2.3013941956e+02 1.4362869873e+03
6.0433599174e-06 2.3937500000e+02 2.3113476562e+02 2.2660823059e+02 1.4375307617e+03
6.0529600887e-06 2.3837500000e+02 2.3316117859e+02 2.2923484802e+02 1.4383099365e+03
6.0625598053e-06 2.3965625000e+02 2.3497918701e+02 2.2978376770e+02 1.4395631104e+03
6.0721599766e-06 2.3937500000e+02 2.3541859436e+02 2.2970979309e+02 1.4403439941e+03
6.0817601479e-06 2.3996875000e+02 2.3055969238e+02 2.2559506226e+02 1.4415520020e+03
6.0913598645e-06 2.3700000000e+02 2.3218960571e+02 2.2614158630e+02 1.4423420410e+03
6.1009600358e-06 2.3568750000e+02 2.3130876160e+02 2.2717329407e+02 1.4435540771e+03
6.1105602072e-06 2.3896875000e+02 2.3068568420e+02 2.2636892700e+02 1.4443369141e+03
6.1201599237e-06 2.4015625000e+02 2.3085324097e+02 2.2501637268e+02 1.4455394287e+03
6.1297600951e-06 2.3768750000e+02 2.3453628540e+02 2.2666256714e+02 1.4463465576e+03
6.1393598116e-06 2.3978125000e+02 2.3385671997e+02 2.2944989014e+02 1.4475651855e+03
6.1489599830e-06 2.3759375000e+02 2.3146368408e+02 2.2651148987e+02 1.4483446045e+03
6.1585601543e-06 2.3846875000e+02 2.2999731445e+02 2.2489775085e+02 1.4495469971e+03
6.1681598709e-06 2.3768750000e+02 2.3136669922e+02 2.2463244629e+02 1.4503289795e+03
6.1777600422e-06 2.3653125000e+02 2.3388223267e+02 2.2847463989e+02 1.4515659180e+03
6.1873602135e-06 2.3600000000e+02 2.3293609619e+02 2.2610058594e+02 1.4523286133e+03
6.1969599301e-06 2.3871875000e+02 2.2776290894e+02 2.2179838562e+02 1.4535189209e+03
6.2065601014e-06 2.3506250000e+02 2.0980398560e+02 1.9100614929e+02 1.4540131836e+03
6.2161598180e-06 2.3518750000e+02 2.0089622498e+02 1.6000543213e+02 1.4549475098e+03
6.2257599893e-06 2.3456250000e+02 1.7799374390e+02 1.1833957672e+02 1.4550823975e+03
6.2353601606e-06 2.2746875000e+02 1.6453392029e+02 1.0043399048e+02 1.4558596191e+03
6.2449598772e-06 2.2353125000e+02 1.5659477234e+02 8.6861488342e+01 1.4558787842e+03
6.2545600485e-06 2.1746875000e+02 1.5229948425e+02 7.6820716858e+01 1.4565740967e+03
6.2641602199e-06 2.1100000000e+02 1.3863334656e+02 6.3998500824e+01 1.4564835205e+03
6.2737599364e-06 2.0206250000e+02 1.2449624634e+02 5.3364017487e+01 1.4570874023e+03
6.2833601078e-06 1.8850000000e+02 1.1131445312e+02 4.4010833740e+01 1.4569150391e+03
6.2929598243e-06 1.6890625000e+02 1.0080496216e+02 3.5562408447e+01 1.4574426270e+03
6.3025599957e-06 1.4903125000e+02 9.1397125244e+01 2.8853618622e+01 1.4572048340e+03
6.3121601670e-06 1.3250000000e+02 8.0603820801e+01 2.3555648804e+01 1.4576784668e+03
6.3217598836e-06 1.1193750000e+02 6.9023773193e+01 1.9732336044e+01 1.4574003906e+03
6.3313600549e-06 9.5531250000e+01 5.8314025879e+01 1.6083673477e+01 1.4578369141e+03
6.3409602262e-06 8.0031250000e+01 4.6170623779e+01 1.3181622505e+01 1.4575278320e+03
6.3505599428e-06 6.3812500000e+01 3.7112945557e+01 1.0505147934e+01 1.4579372559e+03
6.3601601141e-06 5.2625000000e+01 3.0040405273e+01 8.6508073807e+00 1.4576088867e+03
6.3697598307e-06 4.4093750000e+01 2.5070281982e+01 7.3368816376e+00 1.4580048828e+03
6.3793600020e-06 3.5218750000e+01 1.9351440430e+01 5.8005590439e+00 1.4576614990e+03
6.3889601734e-06 2.4125000000e+01 1.5420349121e+01 4.9295659065e+00 1.4580491943e+03
6.3985598899e-06 2.5718750000e+01 1.2856750488e+01 4.5620398521e+00 1.4577022705e+03
6.4081600613e-06 1.4218750000e+01 1.0176391602e+01 3.7265281677e+00 1.4580823975e+03
6.4177597778e-06 1.2093750000e+01 1.0127410889e+01 3.2575261593e+00 1.4577313232e+03
