# epoch total_loss data_loss physics_loss w_data w_physics lr
1.0000000000e+00 1.0111711025e+00 9.7165286541e-01 1.0503826141e+00 4.9805320532e-01 5.0194679419e-01 1.0000000000e-03
2.0000000000e+00 7.1659326553e-01 7.3054188490e-01 7.0268815756e-01 4.9921959611e-01 5.0078040275e-01 1.0000000000e-03
3.0000000000e+00 5.3701984882e-01 5.4157584906e-01 5.3246897459e-01 4.9972158828e-01 5.0027840976e-01 1.0000000000e-03
4.0000000000e+00 3.8615846634e-01 3.9726397395e-01 3.7499991059e-01 5.0119090908e-01 4.9880908787e-01 1.0000000000e-03
5.0000000000e+00 2.8131204844e-01 2.9932406545e-01 2.6298737526e-01 5.0430282833e-01 4.9569716714e-01 1.0000000000e-03
6.0000000000e+00 2.4101115763e-01 2.4714423716e-01 2.3475022614e-01 5.0515851179e-01 4.9484148206e-01 1.0000000000e-03
7.0000000000e+00 2.5247263908e-01 2.2410546243e-01 2.8073045611e-01 4.9903440251e-01 5.0096558997e-01 1.0000000000e-03
8.0000000000e+00 2.4416254461e-01 2.0739996433e-01 2.7972558141e-01 4.9170724714e-01 5.0829274404e-01 1.0000000000e-03
9.0000000000e+00 2.0679357648e-01 1.9005575776e-01 2.2278343141e-01 4.8857278985e-01 5.1142719979e-01 1.0000000000e-03
1.0000000000e+01 1.6193820536e-01 1.7454251647e-01 1.4965474606e-01 4.9355387758e-01 5.0644611001e-01 1.0000000000e-03
1.1000000000e+01 1.3246469200e-01 1.6880187392e-01 9.4914667308e-02 5.0820731792e-01 4.9179266712e-01 1.0000000000e-03
1.2000000000e+01 1.2842036784e-01 1.7936387658e-01 7.1211032569e-02 5.2896752375e-01 4.7103245880e-01 1.0000000000e-03
1.3000000000e+01 1.4367359877e-01 2.0204743743e-01 7.2418399155e-02 5.4968555439e-01 4.5031442625e-01 1.0000000000e-03
1.4000000000e+01 1.6055053473e-01 2.2055828571e-01 8.1756323576e-02 5.6767353881e-01 4.3232644046e-01 1.0000000000e-03
1.5000000000e+01 1.6351906955e-01 2.2198557854e-01 8.1416897476e-02 5.8407156385e-01 4.1592841420e-01 1.0000000000e-03
1.6000000000e+01 1.5294298530e-01 2.0890945196e-01 6.8668663502e-02 6.0092590424e-01 3.9907407240e-01 1.0000000000e-03
1.7000000000e+01 1.3963398337e-01 1.9254852831e-01 5.3649894893e-02 6.1904198713e-01 3.8095798779e-01 1.0000000000e-03
1.8000000000e+01 1.3307242095e-01 1.8224534392e-01 4.6906441450e-02 6.3666819036e-01 3.6333178270e-01 1.0000000000e-03
1.9000000000e+01 1.3438008726e-01 1.7923739552e-01 5.0727620721e-02 6.5094252544e-01 3.4905744597e-01 1.0000000000e-03
2.0000000000e+01 1.3811369240e-01 1.7836418748e-01 5.9712760150e-02 6.6076698374e-01 3.3923298632e-01 1.0000000000e-03
2.1000000000e+01 1.3886341453e-01 1.7503900826e-01 6.6335730255e-02 6.6720781644e-01 3.3279215247e-01 1.0000000000e-03
2.2000000000e+01 1.3462653756e-01 1.6856031120e-01 6.4884774387e-02 6.7269258308e-01 3.2730738466e-01 1.0000000000e-03
2.3000000000e+01 1.2696515024e-01 1.6077268124e-01 5.5164869875e-02 6.7987664378e-01 3.2012332256e-01 1.0000000000e-03
2.4000000000e+01 1.1969068646e-01 1.5390899777e-01 4.3592479080e-02 6.8981699920e-01 3.1018296544e-01 1.0000000000e-03
2.5000000000e+01 1.1580268294e-01 1.4915110171e-01 3.7753578275e-02 7.0063591944e-01 2.9936404339e-01 1.0000000000e-03
2.6000000000e+01 1.1509466171e-01 1.4601920545e-01 3.9673574269e-02 7.0920715530e-01 2.9079280586e-01 1.0000000000e-03
2.7000000000e+01 1.1488226056e-01 1.4281076193e-01 4.5054771006e-02 7.1430397854e-01 2.8569598118e-01 1.0000000000e-03
2.8000000000e+01 1.1256229132e-01 1.3791856170e-01 4.8346418887e-02 7.1691785560e-01 2.8308210278e-01 1.0000000000e-03
2.9000000000e+01 1.0760652274e-01 1.3101148605e-01 4.7879107296e-02 7.1846160259e-01 2.8153835436e-01 1.0000000000e-03
3.0000000000e+01 1.0163524747e-01 1.2315781415e-01 4.6509657055e-02 7.1920319649e-01 2.8079675887e-01 1.0000000000e-03
3.1000000000e+01 9.6844017506e-02 1.1598276347e-01 4.8125103116e-02 7.1795758539e-01 2.8204236835e-01 1.0000000000e-03
3.2000000000e+01 9.4308204949e-02 1.1061672121e-01 5.3696997464e-02 7.1348226447e-01 2.8651768781e-01 1.0000000000e-03
3.3000000000e+01 9.3366086483e-02 1.0709407181e-01 6.0387909412e-02 7.0607767221e-01 2.9392227886e-01 1.0000000000e-03
3.4000000000e+01 9.2261128128e-02 1.0444931686e-01 6.4169228077e-02 6.9741404685e-01 3.0258590319e-01 1.0000000000e-03
3.5000000000e+01 8.9491091669e-02 1.0142219812e-01 6.3015177846e-02 6.8935095061e-01 3.1064899834e-01 1.0000000000e-03
3.6000000000e+01 8.4868192673e-02 9.7421139479e-02 5.7799588889e-02 6.8317882170e-01 3.1682112592e-01 1.0000000000e-03
3.7000000000e+01 7.9575516284e-02 9.3029670417e-02 5.1060967147e-02 6.7942423492e-01 3.2057571100e-01 1.0000000000e-03
3.8000000000e+01 7.5172252953e-02 8.9411169291e-02 4.5204475522e-02 6.7790140387e-01 3.2209854002e-01 1.0000000000e-03
3.9000000000e+01 7.2229675949e-02 8.7022744119e-02 4.1074998677e-02 6.7804590107e-01 3.2195404063e-01 1.0000000000e-03
4.0000000000e+01 6.9876030087e-02 8.5031189024e-02 3.7745483220e-02 6.7949810099e-01 3.2050183839e-01 1.0000000000e-03
4.1000000000e+01 6.6912755370e-02 8.2260943949e-02 3.3944971859e-02 6.8233723162e-01 3.1766270522e-01 1.0000000000e-03
4.2000000000e+01 6.3260793686e-02 7.8596390784e-02 2.9645400122e-02 6.8671537386e-01 3.1328456005e-01 1.0000000000e-03
4.3000000000e+01 5.9906776994e-02 7.5027301908e-02 2.5870267302e-02 6.9240369971e-01 3.0759623090e-01 1.0000000000e-03
4.4000000000e+01 5.7585988194e-02 7.2353422642e-02 2.3327574134e-02 6.9878275002e-01 3.0121717708e-01 1.0000000000e-03
4.5000000000e+01 5.5962193757e-02 7.0238634944e-02 2.1809279919e-02 7.0521106754e-01 2.9478885599e-01 1.0000000000e-03
4.6000000000e+01 5.4047919810e-02 6.7611031234e-02 2.0629215986e-02 7.1131148634e-01 2.8868843351e-01 1.0000000000e-03
4.7000000000e+01 5.1206529140e-02 6.3799321651e-02 1.9310394302e-02 7.1694550678e-01 2.8305440904e-01 1.0000000000e-03
4.8000000000e+01 4.7845102847e-02 5.9253990650e-02 1.8259963021e-02 7.2169394501e-01 2.7830596633e-01 1.0000000000e-03
4.9000000000e+01 4.4992387295e-02 5.5047485977e-02 1.8577380106e-02 7.2429205968e-01 2.7570784694e-01 1.0000000000e-03
5.0000000000e+01 4.2949512601e-02 5.1525775343e-02 2.0522164181e-02 7.2337880342e-01 2.7662109867e-01 1.0000000000e-03
5.1000000000e+01 4.0887527168e-02 4.7932576388e-02 2.2885775194e-02 7.1872474873e-01 2.8127514902e-01 1.0000000000e-03
5.2000000000e+01 3.8220189512e-02 4.3746665120e-02 2.4635424837e-02 7.1082612834e-01 2.8917376501e-01 1.0000000000e-03
5.3000000000e+01 3.5478487611e-02 3.9552770555e-02 2.5966793299e-02 7.0011138457e-01 2.9988850418e-01 1.0000000000e-03
5.4000000000e+01 3.3436622471e-02 3.6199886352e-02 2.7370309457e-02 6.8704498287e-01 3.1295490128e-01 1.0000000000e-03
5.5000000000e+01 3.2150171697e-02 3.3781956881e-02 2.8802175075e-02 6.7231894594e-01 3.2768093382e-01 1.0000000000e-03
5.6000000000e+01 3.0985156074e-02 3.1657926738e-02 2.9698312283e-02 6.5668395833e-01 3.4331591715e-01 1.0000000000e-03
5.7000000000e+01 2.9621064663e-02 2.9500324279e-02 2.9836410657e-02 6.4073235150e-01 3.5926751958e-01 1.0000000000e-03
5.8000000000e+01 2.8613813221e-02 2.7819933370e-02 2.9935980216e-02 6.2482722040e-01 3.7517264626e-01 1.0000000000e-03
5.9000000000e+01 2.8174340725e-02 2.6846228167e-02 3.0246134847e-02 6.0936694068e-01 3.9063292180e-01 1.0000000000e-03
6.0000000000e+01 2.7638930827e-02 2.6117078960e-02 2.9875438660e-02 5.9507411155e-01 4.0492574682e-01 1.0000000000e-03
6.1000000000e+01 2.6684299111e-02 2.5545204058e-02 2.8277045116e-02 5.8302885537e-01 4.1697099859e-01 1.0000000000e-03
6.2000000000e+01 2.5800623000e-02 2.5595190004e-02 2.6077732444e-02 5.7425904022e-01 4.2574080898e-01 1.0000000000e-03
6.3000000000e+01 2.5520345196e-02 2.6378722861e-02 2.4388087913e-02 5.6879369323e-01 4.3120615135e-01 1.0000000000e-03
6.4000000000e+01 2.5502264500e-02 2.7065947652e-02 2.3467354476e-02 5.6547492881e-01 4.3452491153e-01 1.0000000000e-03
6.5000000000e+01 2.5334943086e-02 2.6921465993e-02 2.3294819519e-02 5.6253845147e-01 4.3746138492e-01 1.0000000000e-03
6.6000000000e+01 2.5264434516e-02 2.6206741109e-02 2.4072874337e-02 5.5840659585e-01 4.4159323701e-01 1.0000000000e-03
6.7000000000e+01 2.5322362781e-02 2.5513121858e-02 2.5086393580e-02 5.5298759860e-01 4.4701223121e-01 1.0000000000e-03
6.8000000000e+01 2.5146130472e-02 2.5182107463e-02 2.5102561340e-02 5.4776792458e-01 4.5223190236e-01 1.0000000000e-03
6.9000000000e+01 2.4671981111e-02 2.5331614539e-02 2.3883590475e-02 5.4446223620e-01 4.5553758774e-01 1.0000000000e-03
7.0000000000e+01 2.4353865534e-02 2.5860758498e-02 2.2560348734e-02 5.4342402953e-01 4.5657579136e-01 1.0000000000e-03
7.1000000000e+01 2.4215187877e-02 2.6006383821e-02 2.2085567936e-02 5.4315798959e-01 4.5684182842e-01 1.0000000000e-03
7.2000000000e+01 2.3938920349e-02 2.5004664436e-02 2.2681381553e-02 5.4127819926e-01 4.5872161597e-01 1.0000000000e-03
7.3000000000e+01 2.3593004793e-02 2.3113990203e-02 2.4146491662e-02 5.3605801718e-01 4.6394179537e-01 1.0000000000e-03
7.4000000000e+01 2.3431744426e-02 2.1330675110e-02 2.5779565796e-02 5.2773041861e-01 4.7226939146e-01 1.0000000000e-03
7.5000000000e+01 2.3286055773e-02 2.0348349586e-02 2.6448745281e-02 5.1843944609e-01 4.8156036161e-01 1.0000000000e-03
7.6000000000e+01 2.2930543870e-02 2.0340476185e-02 2.5635385886e-02 5.1083713360e-01 4.8916267158e-01 1.0000000000e-03
7.7000000000e+01 2.2545021027e-02 2.1181577817e-02 2.3945461959e-02 5.0669107276e-01 4.9330872974e-01 1.0000000000e-03
7.8000000000e+01 2.2228863090e-02 2.2266482934e-02 2.2190321237e-02 5.0610761231e-01 4.9389218745e-01 1.0000000000e-03
7.9000000000e+01 2.1859183908e-02 2.2861678153e-02 2.0824808627e-02 5.0782807431e-01 4.9217172258e-01 1.0000000000e-03
8.0000000000e+01 2.1477771923e-02 2.2893141955e-02 2.0002191886e-02 5.1041502663e-01 4.8958476725e-01 1.0000000000e-03
8.1000000000e+01 2.1279036999e-02 2.2880833596e-02 1.9590057433e-02 5.1324766613e-01 4.8675212482e-01 1.0000000000e-03
8.2000000000e+01 2.1171618253e-02 2.3112388328e-02 1.9096901640e-02 5.1667952506e-01 4.8332026311e-01 1.0000000000e-03
8.3000000000e+01 2.0990772173e-02 2.3503927514e-02 1.8254002556e-02 5.2129770035e-01 4.7870208505e-01 1.0000000000e-03
8.4000000000e+01 2.0787775517e-02 2.3834511638e-02 1.7393495888e-02 5.2697937280e-01 4.7302040981e-01 1.0000000000e-03
8.5000000000e+01 2.0634550601e-02 2.3773472756e-02 1.7059162259e-02 5.3250316656e-01 4.6749661330e-01 1.0000000000e-03
8.6000000000e+01 2.0436223596e-02 2.3052193224e-02 1.7411630601e-02 5.3622271915e-01 4.6377705800e-01 1.0000000000e-03
8.7000000000e+01 2.0210025832e-02 2.1872367710e-02 1.8281448632e-02 5.3707188795e-01 4.6292788659e-01 1.0000000000e-03
8.8000000000e+01 2.0064912736e-02 2.0753830671e-02 1.9271606579e-02 5.3521628882e-01 4.6478348328e-01 1.0000000000e-03
8.9000000000e+01 1.9980825484e-02 2.0073756576e-02 1.9875217229e-02 5.3194313853e-01 4.6805663132e-01 1.0000000000e-03
9.0000000000e+01 1.9870750606e-02 1.9927505404e-02 1.9807040691e-02 5.2890039893e-01 4.7109936877e-01 1.0000000000e-03
9.1000000000e+01 1.9769690931e-02 2.0223164931e-02 1.9263999537e-02 5.2722487414e-01 4.7277489147e-01 1.0000000000e-03
9.2000000000e+01 1.9699651748e-02 2.0674847066e-02 1.8612578511e-02 5.2712696444e-01 4.7287279916e-01 1.0000000000e-03
9.3000000000e+01 1.9597630948e-02 2.0969832316e-02 1.8061775714e-02 5.2813951274e-01 4.7186024887e-01 1.0000000000e-03
9.4000000000e+01 1.9456768408e-02 2.1036112681e-02 1.7678227276e-02 5.2966229373e-01 4.7033746590e-01 1.0000000000e-03
9.5000000000e+01 1.9347332418e-02 2.1043119952e-02 1.7424292862e-02 5.3139980693e-01 4.6859995074e-01 1.0000000000e-03
9.6000000000e+01 1.9267400727e-02 2.1161049604e-02 1.7101220787e-02 5.3356507566e-01 4.6643468011e-01 1.0000000000e-03
9.7000000000e+01 1.9191231579e-02 2.1434450522e-02 1.6593959183e-02 5.3657286271e-01 4.6342689118e-01 1.0000000000e-03
9.8000000000e+01 1.9140239805e-02 2.1760944277e-02 1.6058124602e-02 5.4045517001e-01 4.5954458205e-01 1.0000000000e-03
9.9000000000e+01 1.9104909152e-02 2.1914180368e-02 1.5745390207e-02 5.4459984003e-01 4.5539991027e-01 1.0000000000e-03
1.0000000000e+02 1.9026003778e-02 2.1699849516e-02 1.5783861279e-02 5.4803125276e-01 4.5196849583e-01 1.0000000000e-03
1.0100000000e+02 1.8909480423e-02 2.1167028695e-02 1.6150830314e-02 5.4994902087e-01 4.5005072606e-01 1.0000000000e-03
1.0200000000e+02 1.8800251186e-02 2.0552020520e-02 1.6657587141e-02 5.5018720585e-01 4.4981253952e-01 1.0000000000e-03
1.0300000000e+02 1.8698688596e-02 2.0052274689e-02 1.7049552873e-02 5.4921506626e-01 4.5078467762e-01 1.0000000000e-03
1.0400000000e+02 1.8598910421e-02 1.9726127386e-02 1.7234144732e-02 5.4766470903e-01 4.5233503340e-01 1.0000000000e-03
1.0500000000e+02 1.8523536623e-02 1.9514236599e-02 1.7332768068e-02 5.4585839454e-01 4.5414134652e-01 1.0000000000e-03
1.0600000000e+02 1.8457911909e-02 1.9282756373e-02 1.7474960536e-02 5.4373161062e-01 4.5626812912e-01 1.0000000000e-03
1.0700000000e+02 1.8374320120e-02 1.8969725817e-02 1.7672192305e-02 5.4112899437e-01 4.5887074411e-01 1.0000000000e-03
1.0800000000e+02 1.8284341320e-02 1.8689638004e-02 1.7811968923e-02 5.3821831439e-01 4.6178142285e-01 1.0000000000e-03
1.0900000000e+02 1.8199227750e-02 1.8620183691e-02 1.7713658512e-02 5.3564396309e-01 4.6435577290e-01 1.0000000000e-03
1.1000000000e+02 1.8111206591e-02 1.8833138049e-02 1.7283188179e-02 5.3422532688e-01 4.6577440782e-01 1.0000000000e-03
1.1100000000e+02 1.8037069589e-02 1.9241280854e-02 1.6654897481e-02 5.3440536802e-01 4.6559436535e-01 1.0000000000e-03
1.1200000000e+02 1.7990859225e-02 1.9623052329e-02 1.6106266528e-02 5.3588624440e-01 4.6411348764e-01 1.0000000000e-03
1.1300000000e+02 1.7949867994e-02 1.9753992558e-02 1.5850841999e-02 5.3777881305e-01 4.6222091770e-01 1.0000000000e-03
1.1400000000e+02 1.7899870872e-02 1.9583692774e-02 1.5930011868e-02 5.3914495982e-01 4.6085476970e-01 1.0000000000e-03
1.1500000000e+02 1.7843045294e-02 1.9239896908e-02 1.6206506640e-02 5.3950928921e-01 4.6049043915e-01 1.0000000000e-03
1.1600000000e+02 1.7775241286e-02 1.8883198500e-02 1.6480056569e-02 5.3895614034e-01 4.6104358691e-01 1.0000000000e-03
1.1700000000e+02 1.7705012113e-02 1.8594333902e-02 1.6670288518e-02 5.3778852211e-01 4.6221120406e-01 1.0000000000e-03
1.1800000000e+02 1.7649712041e-02 1.8347013742e-02 1.6843745485e-02 5.3614554002e-01 4.6385418511e-01 1.0000000000e-03
1.1900000000e+02 1.7603226006e-02 1.8074277788e-02 1.7063517123e-02 5.3396925268e-01 4.6603047148e-01 1.0000000000e-03
1.2000000000e+02 1.7556028441e-02 1.7793629318e-02 1.7286710441e-02 5.3129482431e-01 4.6870489893e-01 1.0000000000e-03
1.2100000000e+02 1.7509255558e-02 1.7624964938e-02 1.7379561439e-02 5.2851585859e-01 4.7148386376e-01 1.0000000000e-03
1.2200000000e+02 1.7455678433e-02 1.7671223730e-02 1.7216190696e-02 5.2631640318e-01 4.7368331827e-01 1.0000000000e-03
1.2300000000e+02 1.7395876348e-02 1.7918068916e-02 1.6818108037e-02 5.2526805535e-01 4.7473166516e-01 1.0000000000e-03
1.2400000000e+02 1.7343135551e-02 1.8226701766e-02 1.6364876181e-02 5.2543238904e-01 4.7456733051e-01 1.0000000000e-03
1.2500000000e+02 1.7298843712e-02 1.8424432725e-02 1.6048097983e-02 5.2633584234e-01 4.7366387625e-01 1.0000000000e-03
1.2600000000e+02 1.7259210348e-02 1.8443737179e-02 1.5937622637e-02 5.2734682572e-01 4.7265289192e-01 1.0000000000e-03
1.2700000000e+02 1.7223812640e-02 1.8354069442e-02 1.5958951786e-02 5.2810222778e-01 4.7189748896e-01 1.0000000000e-03
1.2800000000e+02 1.7184022814e-02 1.8254706636e-02 1.5983385965e-02 5.2860893920e-01 4.7139077666e-01 1.0000000000e-03
1.2900000000e+02 1.7135886475e-02 1.8174683675e-02 1.5969285741e-02 5.2897758673e-01 4.7102212826e-01 1.0000000000e-03
1.3000000000e+02 1.7087517306e-02 1.8060680479e-02 1.5994025394e-02 5.2911412893e-01 4.7088558519e-01 1.0000000000e-03
1.3100000000e+02 1.7041733488e-02 1.7848711461e-02 1.6136404127e-02 5.2872190245e-01 4.7127781083e-01 1.0000000000e-03
1.3200000000e+02 1.6999542713e-02 1.7561323941e-02 1.6372120008e-02 5.2760195637e-01 4.7239775611e-01 1.0000000000e-03
1.3300000000e+02 1.6962688416e-02 1.7311234027e-02 1.6576027498e-02 5.2592652870e-01 4.7407318303e-01 1.0000000000e-03
1.3400000000e+02 1.6924886033e-02 1.7203470692e-02 1.6617974266e-02 5.2419943059e-01 4.7580028040e-01 1.0000000000e-03
1.3500000000e+02 1.6882698983e-02 1.7254065722e-02 1.6475638375e-02 5.2293339198e-01 4.7706631826e-01 1.0000000000e-03
1.3600000000e+02 1.6840154305e-02 1.7389385030e-02 1.6239535064e-02 5.2234965217e-01 4.7765005731e-01 1.0000000000e-03
1.3700000000e+02 1.6798846424e-02 1.7516829073e-02 1.6013665125e-02 5.2235615929e-01 4.7764354942e-01 1.0000000000e-03
1.3800000000e+02 1.6761669889e-02 1.7605261877e-02 1.5837611631e-02 5.2276331823e-01 4.7723638970e-01 1.0000000000e-03
1.3900000000e+02 1.6730410978e-02 1.7682334408e-02 1.5684686601e-02 5.2348041697e-01 4.7651929020e-01 1.0000000000e-03
1.4000000000e+02 1.6700427979e-02 1.7760567367e-02 1.5531144105e-02 5.2448067504e-01 4.7551903138e-01 1.0000000000e-03
1.4100000000e+02 1.6668347642e-02 1.7794564366e-02 1.5420562588e-02 5.2560626701e-01 4.7439343866e-01 1.0000000000e-03
1.4200000000e+02 1.6633138061e-02 1.7712594941e-02 1.5432938933e-02 5.2648448267e-01 4.7351522226e-01 1.0000000000e-03
1.4300000000e+02 1.6594676301e-02 1.7493985593e-02 1.5593884513e-02 5.2670731397e-01 4.7329239025e-01 1.0000000000e-03
1.4400000000e+02 1.6557091847e-02 1.7211791128e-02 1.5830207616e-02 5.2612721441e-01 4.7387248912e-01 1.0000000000e-03
1.4500000000e+02 1.6522726044e-02 1.6981240362e-02 1.6016002744e-02 5.2497708080e-01 4.7502262207e-01 1.0000000000e-03
1.4600000000e+02 1.6489516944e-02 1.6871741042e-02 1.6069270670e-02 5.2369739865e-01 4.7630230357e-01 1.0000000000e-03
1.4700000000e+02 1.6455918550e-02 1.6868758947e-02 1.6003921628e-02 5.2264307791e-01 4.7735662367e-01 1.0000000000e-03
1.4800000000e+02 1.6420621425e-02 1.6910344362e-02 1.5885954723e-02 5.2194050019e-01 4.7805920075e-01 1.0000000000e-03
1.4900000000e+02 1.6384370625e-02 1.6957780346e-02 1.5759246424e-02 5.2157810126e-01 4.7842159901e-01 1.0000000000e-03
1.5000000000e+02 1.6350438818e-02 1.7018942162e-02 1.5621695668e-02 5.2156062319e-01 4.7843907642e-01 1.0000000000e-03
1.5100000000e+02 1.6319572926e-02 1.7105095088e-02 1.5462003648e-02 5.2192716957e-01 4.7807252937e-01 1.0000000000e-03
1.5200000000e+02 1.6290873289e-02 1.7185520381e-02 1.5311463736e-02 5.2261786798e-01 4.7738183029e-01 1.0000000000e-03
1.5300000000e+02 1.6262304038e-02 1.7196344212e-02 1.5236649662e-02 5.2337720830e-01 4.7662248931e-01 1.0000000000e-03
1.5400000000e+02 1.6230922192e-02 1.7098577693e-02 1.5276343562e-02 5.2385373921e-01 4.7614595776e-01 1.0000000000e-03
1.5500000000e+02 1.6197292134e-02 1.6922200099e-02 1.5399858356e-02 5.2382330700e-01 4.7617638933e-01 1.0000000000e-03
1.5600000000e+02 1.6163649037e-02 1.6740752384e-02 1.5530097298e-02 5.2331673216e-01 4.7668296355e-01 1.0000000000e-03
1.5700000000e+02 1.6131376848e-02 1.6607468948e-02 1.5610356815e-02 5.2253249705e-01 4.7746719805e-01 1.0000000000e-03
1.5800000000e+02 1.6100887209e-02 1.6523813829e-02 1.5639683232e-02 5.2165366307e-01 4.7834603143e-01 1.0000000000e-03
1.5900000000e+02 1.6070449725e-02 1.6464516521e-02 1.5642236918e-02 5.2076882073e-01 4.7923087317e-01 1.0000000000e-03
1.6000000000e+02 1.6038665548e-02 1.6426015645e-02 1.5619128942e-02 5.1995090700e-01 4.8004878631e-01 1.0000000000e-03
1.6100000000e+02 1.6006514430e-02 1.6434846446e-02 1.5543706715e-02 5.1934913989e-01 4.8065055281e-01 1.0000000000e-03
1.6200000000e+02 1.5975208953e-02 1.6505749896e-02 1.5402435325e-02 5.1914309926e-01 4.8085659284e-01 1.0000000000e-03
1.6300000000e+02 1.5945991501e-02 1.6606600955e-02 1.5232097358e-02 5.1938731534e-01 4.8061237614e-01 1.0000000000e-03
1.6400000000e+02 1.5918521211e-02 1.6672769561e-02 1.5101687983e-02 5.1992080710e-01 4.8007888376e-01 1.0000000000e-03
1.6500000000e+02 1.5890641138e-02 1.6659427434e-02 1.5056274831e-02 5.2045608979e-01 4.7954360046e-01 1.0000000000e-03
1.6600000000e+02 1.5861317515e-02 1.6575036570e-02 1.5085764229e-02 5.2076238258e-01 4.7923730705e-01 1.0000000000e-03
1.6700000000e+02 1.5830615535e-02 1.6459695995e-02 1.5147033148e-02 5.2076268382e-01 4.7923700521e-01 1.0000000000e-03
1.6800000000e+02 1.5799719840e-02 1.6342466697e-02 1.5210623853e-02 5.2047995209e-01 4.7951973635e-01 1.0000000000e-03
1.6900000000e+02 1.5769928694e-02 1.6228485852e-02 1.5273272991e-02 5.1994806676e-01 4.8005162108e-01 1.0000000000e-03
1.7000000000e+02 1.5740845352e-02 1.6121868044e-02 1.5329377726e-02 5.1921311490e-01 4.8078657237e-01 1.0000000000e-03
1.7100000000e+02 1.5711614862e-02 1.6047747806e-02 1.5349802561e-02 5.1840325162e-01 4.8159643507e-01 1.0000000000e-03
1.7200000000e+02 1.5681877732e-02 1.6037277877e-02 1.5300340950e-02 5.1773871249e-01 4.8226097362e-01 1.0000000000e-03
1.7300000000e+02 1.5651911497e-02 1.6091309488e-02 1.5180802904e-02 5.1742060522e-01 4.8257908031e-01 1.0000000000e-03
1.7400000000e+02 1.5622925013e-02 1.6169959679e-02 1.5036231838e-02 5.1749503915e-01 4.8250464577e-01 1.0000000000e-03
1.7500000000e+02 1.5595309436e-02 1.6222191975e-02 1.4922067523e-02 5.1783278029e-01 4.8216690403e-01 1.0000000000e-03
1.7600000000e+02 1.5568215400e-02 1.6224384308e-02 1.4862368815e-02 5.1824015410e-01 4.8175952963e-01 1.0000000000e-03
1.7700000000e+02 1.5540674329e-02 1.6186075285e-02 1.4845475554e-02 5.1857618107e-01 4.8142350206e-01 1.0000000000e-03
1.7800000000e+02 1.5512125567e-02 1.6123376787e-02 1.4853203669e-02 5.1876876135e-01 4.8123092118e-01 1.0000000000e-03
1.7900000000e+02 1.5482961200e-02 1.6039531678e-02 1.4883002266e-02 5.1876191152e-01 4.8123777042e-01 1.0000000000e-03
1.8000000000e+02 1.5454058535e-02 1.5935098752e-02 1.4936055988e-02 5.1850378819e-01 4.8149589316e-01 1.0000000000e-03
1.8100000000e+02 1.5425626189e-02 1.5828441828e-02 1.4992718585e-02 5.1800915484e-01 4.8199052593e-01 1.0000000000e-03
1.8200000000e+02 1.5397500247e-02 1.5753269196e-02 1.5016077086e-02 5.1740615540e-01 4.8259352480e-01 1.0000000000e-03
1.8300000000e+02 1.5369139612e-02 1.5731401742e-02 1.4981564134e-02 5.1688624151e-01 4.8311343811e-01 1.0000000000e-03
1.8400000000e+02 1.5340503305e-02 1.5753364190e-02 1.4899312519e-02 5.1659071167e-01 4.8340896736e-01 1.0000000000e-03
1.8500000000e+02 1.5312219039e-02 1.5789682046e-02 1.4802083373e-02 5.1654578133e-01 4.8345389711e-01 1.0000000000e-03
1.8600000000e+02 1.5284667723e-02 1.5817513689e-02 1.4715015888e-02 5.1669663409e-01 4.8330304376e-01 1.0000000000e-03
1.8700000000e+02 1.5257811174e-02 1.5830866992e-02 1.4644493349e-02 5.1697340091e-01 4.8302627634e-01 1.0000000000e-03
1.8800000000e+02 1.5230968595e-02 1.5826884657e-02 1.4592334628e-02 5.1730527073e-01 4.8269440592e-01 1.0000000000e-03
1.8900000000e+02 1.5203606337e-02 1.5793852508e-02 1.4570329338e-02 5.1758947399e-01 4.8241020206e-01 1.0000000000e-03
1.9000000000e+02 1.5175681561e-02 1.5721617267e-02 1.4589689672e-02 5.1769768003e-01 4.8230199542e-01 1.0000000000e-03
1.9100000000e+02 1.5147570521e-02 1.5620650724e-02 1.4640086330e-02 5.1754808749e-01 4.8245158738e-01 1.0000000000e-03
1.9200000000e+02 1.5119740739e-02 1.5522079542e-02 1.4688792638e-02 5.1717237932e-01 4.8282729496e-01 1.0000000000e-03
1.9300000000e+02 1.5092182904e-02 1.5454974957e-02 1.4704328962e-02 5.1669959277e-01 4.8330008092e-01 1.0000000000e-03
1.9400000000e+02 1.5064551495e-02 1.5426388942e-02 1.4678381383e-02 5.1627195705e-01 4.8372771605e-01 1.0000000000e-03
1.9500000000e+02 1.5036787838e-02 1.5425041318e-02 1.4622909017e-02 5.1597949803e-01 4.8402017448e-01 1.0000000000e-03
1.9600000000e+02 1.5009144321e-02 1.5438577160e-02 1.4551585540e-02 5.1586033535e-01 4.8413933657e-01 1.0000000000e-03
1.9700000000e+02 1.4982032590e-02 1.5460272320e-02 1.4472336508e-02 5.1592455136e-01 4.8407511996e-01 1.0000000000e-03
1.9800000000e+02 1.4955431223e-02 1.5479914844e-02 1.4395952225e-02 5.1614618960e-01 4.8385348111e-01 1.0000000000e-03
1.9900000000e+02 1.4928969555e-02 1.5478386544e-02 1.4342212118e-02 5.1643656936e-01 4.8356310075e-01 1.0000000000e-03
2.0000000000e+02 1.4902175404e-02 1.5439838171e-02 1.4327456243e-02 5.1666135828e-01 4.8333831123e-01 1.0000000000e-03
2.0100000000e+02 1.4874901623e-02 1.5367667191e-02 1.4348069206e-02 5.1671079097e-01 4.8328887793e-01 1.0000000000e-03
2.0200000000e+02 1.4847503975e-02 1.5283716843e-02 1.4381417073e-02 5.1656050303e-01 4.8343916527e-01 1.0000000000e-03
2.0300000000e+02 1.4820275828e-02 1.5210371464e-02 1.4403954148e-02 5.1626596785e-01 4.8373369985e-01 1.0000000000e-03
2.0400000000e+02 1.4793248847e-02 1.5156903304e-02 1.4405699447e-02 5.1590988437e-01 4.8408978273e-01 1.0000000000e-03
2.0500000000e+02 1.4766195789e-02 1.5123324469e-02 1.4386123978e-02 5.1556797086e-01 4.8443169565e-01 1.0000000000e-03
2.0600000000e+02 1.4739069156e-02 1.5110119246e-02 1.4344587922e-02 5.1531066227e-01 4.8468900364e-01 1.0000000000e-03
2.0700000000e+02 1.4712085947e-02 1.5117621981e-02 1.4281126671e-02 5.1520225018e-01 4.8479741512e-01 1.0000000000e-03
2.0800000000e+02 1.4685494825e-02 1.5136565082e-02 1.4206018299e-02 5.1526766684e-01 4.8473199785e-01 1.0000000000e-03
2.0900000000e+02 1.4659296721e-02 1.5147131868e-02 1.4140339568e-02 5.1545969305e-01 4.8453997103e-01 1.0000000000e-03
2.1000000000e+02 1.4633137733e-02 1.5132104978e-02 1.4101881534e-02 5.1567573642e-01 4.8432392705e-01 1.0000000000e-03
2.1100000000e+02 1.4606704935e-02 1.5089287423e-02 1.4092604630e-02 5.1581585268e-01 4.8418381017e-01 1.0000000000e-03
2.1200000000e+02 1.4580013230e-02 1.5029181726e-02 1.4101491310e-02 5.1582654113e-01 4.8417312111e-01 1.0000000000e-03
2.1300000000e+02 1.4553273097e-02 1.4963479713e-02 1.4116479084e-02 5.1570019984e-01 4.8429946179e-01 1.0000000000e-03
2.1400000000e+02 1.4526634477e-02 1.4900144190e-02 1.4129303396e-02 5.1545784984e-01 4.8454181117e-01 1.0000000000e-03
2.1500000000e+02 1.4500127174e-02 1.4847513288e-02 1.4131043106e-02 5.1514825469e-01 4.8485140571e-01 1.0000000000e-03
2.1600000000e+02 1.4473600313e-02 1.4815938659e-02 1.4110310003e-02 5.1485311453e-01 4.8514654526e-01 1.0000000000e-03
2.1700000000e+02 1.4447087422e-02 1.4809853397e-02 1.4062411152e-02 5.1466218022e-01 4.8533747896e-01 1.0000000000e-03
2.1800000000e+02 1.4420796186e-02 1.4820380136e-02 1.3997142203e-02 5.1462430784e-01 4.8537535072e-01 1.0000000000e-03
2.1900000000e+02 1.4394821599e-02 1.4829885215e-02 1.3933373615e-02 5.1472029103e-01 4.8527936691e-01 1.0000000000e-03
2.2000000000e+02 1.4369075187e-02 1.4824429527e-02 1.3885790482e-02 5.1488292149e-01 4.8511673582e-01 1.0000000000e-03
2.2100000000e+02 1.4343278483e-02 1.4799808152e-02 1.3858447783e-02 5.1503700082e-01 4.8496265587e-01 1.0000000000e-03
2.2200000000e+02 1.4317303896e-02 1.4758105390e-02 1.3849017210e-02 5.1512220199e-01 4.8487745407e-01 1.0000000000e-03
2.2300000000e+02 1.4291184023e-02 1.4702813700e-02 1.3853934593e-02 5.1509626588e-01 4.8490338956e-01 1.0000000000e-03
2.2400000000e+02 1.4265093021e-02 1.4640915208e-02 1.3866121881e-02 5.1494557227e-01 4.8505408255e-01 1.0000000000e-03
2.2500000000e+02 1.4239093289e-02 1.4584621415e-02 1.3872640207e-02 5.1470196281e-01 4.8529769139e-01 1.0000000000e-03
2.2600000000e+02 1.4213167131e-02 1.4546458609e-02 1.3860061765e-02 5.1443991626e-01 4.8555973731e-01 1.0000000000e-03
2.2700000000e+02 1.4187287539e-02 1.4529878274e-02 1.3824622147e-02 5.1423954711e-01 4.8576010584e-01 1.0000000000e-03
2.2800000000e+02 1.4161472209e-02 1.4527844265e-02 1.3773772866e-02 5.1414777976e-01 4.8585187256e-01 1.0000000000e-03
2.2900000000e+02 1.4135923237e-02 1.4529045671e-02 1.3719887473e-02 5.1416517607e-01 4.8583447562e-01 1.0000000000e-03
2.3000000000e+02 1.4110608026e-02 1.4525357634e-02 1.3671510853e-02 5.1426272106e-01 4.8573693000e-01 1.0000000000e-03
2.3100000000e+02 1.4085346833e-02 1.4510682784e-02 1.3634809293e-02 5.1439240537e-01 4.8560724505e-01 1.0000000000e-03
2.3200000000e+02 1.4060059562e-02 1.4480630867e-02 1.3614386320e-02 5.1449478026e-01 4.8550486952e-01 1.0000000000e-03
2.3300000000e+02 1.4034582302e-02 1.4433613978e-02 1.3611705974e-02 5.1451060502e-01 4.8548904412e-01 1.0000000000e-03
2.3400000000e+02 1.4009198174e-02 1.4377592131e-02 1.3618941419e-02 5.1441442733e-01 4.8558522118e-01 1.0000000000e-03
2.3500000000e+02 1.3983760029e-02 1.4323834330e-02 1.3623778708e-02 5.1422540886e-01 4.8577423902e-01 1.0000000000e-03
2.3600000000e+02 1.3958655298e-02 1.4284479432e-02 1.3614064083e-02 5.1400437354e-01 4.8599527371e-01 1.0000000000e-03
2.3700000000e+02 1.3933308423e-02 1.4258870855e-02 1.3589266688e-02 5.1380616008e-01 4.8619348653e-01 1.0000000000e-03
2.3800000000e+02 1.3908764347e-02 1.4249208383e-02 1.3549172319e-02 5.1368465665e-01 4.8631498934e-01 1.0000000000e-03
2.3900000000e+02 1.3883928768e-02 1.4242886566e-02 1.3504836708e-02 5.1364610116e-01 4.8635354419e-01 1.0000000000e-03
2.4000000000e+02 1.3861803338e-02 1.4245955274e-02 1.3456004672e-02 5.1370727521e-01 4.8629236950e-01 1.0000000000e-03
2.4100000000e+02 1.3840660453e-02 1.4231218956e-02 1.3427960686e-02 5.1378859361e-01 4.8621105048e-01 1.0000000000e-03
2.4200000000e+02 1.3831483200e-02 1.4226676896e-02 1.3413731940e-02 5.1388028895e-01 4.8611935455e-01 1.0000000000e-03
2.4300000000e+02 1.3840155676e-02 1.4192411676e-02 1.3467911631e-02 5.1380187920e-01 4.8619776379e-01 1.0000000000e-03
2.4400000000e+02 1.3925898820e-02 1.4253425412e-02 1.3580024242e-02 5.1363137053e-01 4.8636827224e-01 1.0000000000e-03
2.4500000000e+02 1.4181939885e-02 1.4361179434e-02 1.3993204571e-02 5.1291710092e-01 4.8708254230e-01 1.0000000000e-03
2.4600000000e+02 1.4934474602e-02 1.4966193587e-02 1.4901241288e-02 5.1173410836e-01 4.8826553706e-01 1.0000000000e-03
2.4700000000e+02 1.6498938203e-02 1.5940798447e-02 1.7077181488e-02 5.0883982802e-01 4.9115982257e-01 1.0000000000e-03
2.4800000000e+02 1.8667310476e-02 1.7509831116e-02 1.9847370684e-02 5.0482719956e-01 4.9517245920e-01 1.0000000000e-03
2.4900000000e+02 1.8658483401e-02 1.7496451735e-02 1.9826229662e-02 5.0122333823e-01 4.9877632786e-01 1.0000000000e-03
2.5000000000e+02 1.5571914613e-02 1.5473803505e-02 1.5670344234e-02 5.0078545449e-01 4.9921421289e-01 1.0000000000e-03
2.5100000000e+02 1.3603683561e-02 1.4454730786e-02 1.2739401311e-02 5.0386074906e-01 4.9613891480e-01 1.0000000000e-03
2.5200000000e+02 1.5439914539e-02 1.5742199495e-02 1.5132195316e-02 5.0446253803e-01 4.9553712706e-01 1.0000000000e-03
2.5300000000e+02 1.6580978408e-02 1.6372084618e-02 1.6792729497e-02 5.0338209591e-01 4.9661757252e-01 1.0000000000e-03
2.5400000000e+02 1.4414898120e-02 1.4950066805e-02 1.3869103044e-02 5.0491929319e-01 4.9508037369e-01 1.0000000000e-03
2.5500000000e+02 1.3665908016e-02 1.4441378415e-02 1.2867438607e-02 5.0730908744e-01 4.9269057614e-01 1.0000000000e-03
2.5600000000e+02 1.5274407342e-02 1.5412729234e-02 1.5132146887e-02 5.0703745745e-01 4.9296220703e-01 1.0000000000e-03
2.5700000000e+02 1.4897387475e-02 1.4993673190e-02 1.4798512682e-02 5.0666123122e-01 4.9333843325e-01 1.0000000000e-03
2.5800000000e+02 1.3493987732e-02 1.4083012007e-02 1.2885291129e-02 5.0821569726e-01 4.9178396368e-01 1.0000000000e-03
2.5900000000e+02 1.4174899086e-02 1.4449287206e-02 1.3891167007e-02 5.0837878007e-01 4.9162087950e-01 1.0000000000e-03
2.6000000000e+02 1.4699556865e-02 1.4846717007e-02 1.4547590166e-02 5.0804970252e-01 4.9194995707e-01 1.0000000000e-03
2.6100000000e+02 1.3655001298e-02 1.4136109501e-02 1.3156184927e-02 5.0903995366e-01 4.9095970333e-01 1.0000000000e-03
2.6200000000e+02 1.3592988253e-02 1.4138025232e-02 1.3025296852e-02 5.1018415764e-01 4.8981549684e-01 1.0000000000e-03
2.6300000000e+02 1.4281864278e-02 1.4565053396e-02 1.3986916281e-02 5.1017815348e-01 4.8982150052e-01 1.0000000000e-03
2.6400000000e+02 1.3759914786e-02 1.4315774664e-02 1.3178522699e-02 5.1122847892e-01 4.8877117332e-01 1.0000000000e-03
2.6500000000e+02 1.3343533501e-02 1.4017084613e-02 1.2634886429e-02 5.1269866188e-01 4.8730098761e-01 1.0000000000e-03
2.6600000000e+02 1.3875631616e-02 1.4239845797e-02 1.3492323458e-02 5.1277653027e-01 4.8722311821e-01 1.0000000000e-03
2.6700000000e+02 1.3748688623e-02 1.4081221074e-02 1.3398775831e-02 5.1274057134e-01 4.8725907591e-01 1.0000000000e-03
2.6800000000e+02 1.3255512342e-02 1.3702541590e-02 1.2784248218e-02 5.1319998782e-01 4.8679965695e-01 1.0000000000e-03
2.6900000000e+02 1.3551314361e-02 1.3828994706e-02 1.3258896768e-02 5.1293228158e-01 4.8706736179e-01 1.0000000000e-03
2.7000000000e+02 1.3654304668e-02 1.3822345063e-02 1.3477819972e-02 5.1227002940e-01 4.8772961300e-01 1.0000000000e-03
2.7100000000e+02 1.3231800869e-02 1.3564868830e-02 1.2881895527e-02 5.1233422987e-01 4.8766541048e-01 1.0000000000e-03
2.7200000000e+02 1.3308081776e-02 1.3633627445e-02 1.2966049835e-02 5.1235564797e-01 4.8764399075e-01 1.0000000000e-03
2.7300000000e+02 1.3509189710e-02 1.3826728798e-02 1.3175607659e-02 5.1232573976e-01 4.8767389805e-01 1.0000000000e-03
2.7400000000e+02 1.3227409683e-02 1.3664922677e-02 1.2766933069e-02 5.1279183439e-01 4.8720780181e-01 1.0000000000e-03
2.7500000000e+02 1.3147886842e-02 1.3619613834e-02 1.2650272809e-02 5.1335759735e-01 4.8664203717e-01 1.0000000000e-03
2.7600000000e+02 1.3341283426e-02 1.3704395853e-02 1.2958149426e-02 5.1342124667e-01 4.8657838689e-01 1.0000000000e-03
2.7700000000e+02 1.3211091980e-02 1.3572817668e-02 1.2829320505e-02 5.1348712706e-01 4.8651250526e-01 1.0000000000e-03
2.7800000000e+02 1.3055605814e-02 1.3415663503e-02 1.2675489299e-02 5.1355683371e-01 4.8644279706e-01 1.0000000000e-03
2.7900000000e+02 1.3172607869e-02 1.3415883295e-02 1.2916200794e-02 5.1314994024e-01 4.8684968947e-01 1.0000000000e-03
2.8000000000e+02 1.3163164258e-02 1.3354527764e-02 1.2961931527e-02 5.1258084080e-01 4.8741878794e-01 1.0000000000e-03
2.8100000000e+02 1.3008737005e-02 1.3231115416e-02 1.2775245123e-02 5.1219919638e-01 4.8780043103e-01 1.0000000000e-03
2.8200000000e+02 1.3026952744e-02 1.3248956762e-02 1.2794177979e-02 5.1185238325e-01 4.8814724302e-01 1.0000000000e-03
2.8300000000e+02 1.3080803677e-02 1.3293690979e-02 1.2857904658e-02 5.1150031809e-01 4.8849930732e-01 1.0000000000e-03
2.8400000000e+02 1.2984022498e-02 1.3278037310e-02 1.2676162645e-02 5.1150976035e-01 4.8848986399e-01 1.0000000000e-03
2.8500000000e+02 1.2923359871e-02 1.3264426962e-02 1.2565944344e-02 5.1171082130e-01 4.8828880190e-01 1.0000000000e-03
2.8600000000e+02 1.2974508107e-02 1.3311659917e-02 1.2620965950e-02 5.1187142787e-01 4.8812819444e-01 1.0000000000e-03
2.8700000000e+02 1.2951998040e-02 1.3296603225e-02 1.2590385042e-02 5.1204830608e-01 4.8795131537e-01 1.0000000000e-03
2.8800000000e+02 1.2864327058e-02 1.3224928640e-02 1.2485573068e-02 5.1228130289e-01 4.8771831752e-01 1.0000000000e-03
2.8900000000e+02 1.2868004851e-02 1.3181223534e-02 1.2538995594e-02 5.1230164114e-01 4.8769797835e-01 1.0000000000e-03
2.9000000000e+02 1.2889130041e-02 1.3140968047e-02 1.2624838389e-02 5.1207303593e-01 4.8792658280e-01 1.0000000000e-03
2.9100000000e+02 1.2827144936e-02 1.3059332035e-02 1.2583751231e-02 5.1179302063e-01 4.8820659723e-01 1.0000000000e-03
2.9200000000e+02 1.2786136009e-02 1.3018603437e-02 1.2542689219e-02 5.1154462617e-01 4.8845499078e-01 1.0000000000e-03
2.9300000000e+02 1.2803019956e-02 1.3035114855e-02 1.2560183182e-02 5.1131791498e-01 4.8868170121e-01 1.0000000000e-03
2.9400000000e+02 1.2785281986e-02 1.3039004989e-02 1.2519939803e-02 5.1120153118e-01 4.8879808427e-01 1.0000000000e-03
2.9500000000e+02 1.2735586613e-02 1.3042011298e-02 1.2414985336e-02 5.1131289748e-01 4.8868671714e-01 1.0000000000e-03
2.9600000000e+02 1.2718779035e-02 1.3063351624e-02 1.2357892469e-02 5.1156912613e-01 4.8843048769e-01 1.0000000000e-03
2.9700000000e+02 1.2722196989e-02 1.3081667945e-02 1.2345268391e-02 5.1186026305e-01 4.8813935006e-01 1.0000000000e-03
2.9800000000e+02 1.2697136961e-02 1.3055007905e-02 1.2321496382e-02 5.1211947369e-01 4.8788013870e-01 1.0000000000e-03
2.9900000000e+02 1.2657620013e-02 1.2996125966e-02 1.2302079238e-02 5.1227923718e-01 4.8772037444e-01 1.0000000000e-03
3.0000000000e+02 1.2647341937e-02 1.2943713926e-02 1.2336088344e-02 5.1225309371e-01 4.8774651719e-01 1.0000000000e-03
3.0100000000e+02 1.2643568218e-02 1.2901270762e-02 1.2373124249e-02 5.1207258937e-01 4.8792702087e-01 1.0000000000e-03
3.0200000000e+02 1.2613429688e-02 1.2846564874e-02 1.2369022705e-02 5.1181222882e-01 4.8818738075e-01 1.0000000000e-03
3.0300000000e+02 1.2585273013e-02 1.2813026085e-02 1.2346751988e-02 5.1155761171e-01 4.8844199715e-01 1.0000000000e-03
3.0400000000e+02 1.2576015666e-02 1.2809325941e-02 1.2331875041e-02 5.1135136904e-01 4.8864823916e-01 1.0000000000e-03
3.0500000000e+02 1.2564130127e-02 1.2819750234e-02 1.2296745554e-02 5.1125736956e-01 4.8874223801e-01 1.0000000000e-03
3.0600000000e+02 1.2539803982e-02 1.2831395492e-02 1.2234712020e-02 5.1132183182e-01 4.8867777509e-01 1.0000000000e-03
3.0700000000e+02 1.2515356764e-02 1.2834262103e-02 1.2181455269e-02 5.1149442148e-01 4.8850518477e-01 1.0000000000e-03
3.0800000000e+02 1.2503364123e-02 1.2828542851e-02 1.2162644416e-02 5.1167722530e-01 4.8832238031e-01 1.0000000000e-03
3.0900000000e+02 1.2492014095e-02 1.2809025124e-02 1.2159676291e-02 5.1180980782e-01 4.8818979717e-01 1.0000000000e-03
3.1000000000e+02 1.2468828820e-02 1.2765554711e-02 1.2157708406e-02 5.1184824213e-01 4.8815136225e-01 1.0000000000e-03
3.1100000000e+02 1.2447192334e-02 1.2715741061e-02 1.2165707536e-02 5.1176870586e-01 4.8823089789e-01 1.0000000000e-03
3.1200000000e+02 1.2433473021e-02 1.2668186799e-02 1.2187662534e-02 5.1155843687e-01 4.8844116627e-01 1.0000000000e-03
3.1300000000e+02 1.2419769540e-02 1.2628731318e-02 1.2201184407e-02 5.1126352389e-01 4.8873607866e-01 1.0000000000e-03
3.1400000000e+02 1.2401333079e-02 1.2606782839e-02 1.2186663225e-02 5.1098439024e-01 4.8901521172e-01 1.0000000000e-03
3.1500000000e+02 1.2380184606e-02 1.2599793263e-02 1.2150894850e-02 5.1079277092e-01 4.8920683045e-01 1.0000000000e-03
3.1600000000e+02 1.2364240363e-02 1.2606732547e-02 1.2111135758e-02 5.1071598033e-01 4.8928362044e-01 1.0000000000e-03
3.1700000000e+02 1.2351359241e-02 1.2617886066e-02 1.2073132209e-02 5.1074750334e-01 4.8925209685e-01 1.0000000000e-03
3.1800000000e+02 1.2334434316e-02 1.2618639506e-02 1.2037628330e-02 5.1085095431e-01 4.8914864530e-01 1.0000000000e-03
3.1900000000e+02 1.2316000648e-02 1.2607650831e-02 1.2011266313e-02 5.1097707031e-01 4.8902252873e-01 1.0000000000e-03
3.2000000000e+02 1.2298848480e-02 1.2579341419e-02 1.2005693279e-02 5.1104600370e-01 4.8895359475e-01 1.0000000000e-03
3.2100000000e+02 1.2284292839e-02 1.2538179755e-02 1.2018995360e-02 5.1099847562e-01 4.8900112227e-01 1.0000000000e-03
3.2200000000e+02 1.2269883417e-02 1.2493911199e-02 1.2035943568e-02 5.1083209760e-01 4.8916749974e-01 1.0000000000e-03
3.2300000000e+02 1.2252442539e-02 1.2453876436e-02 1.2042302638e-02 5.1058894462e-01 4.8941065216e-01 1.0000000000e-03
3.2400000000e+02 1.2235311791e-02 1.2428503484e-02 1.2033972889e-02 5.1033642893e-01 4.8966316729e-01 1.0000000000e-03
3.2500000000e+02 1.2219763361e-02 1.2418247759e-02 1.2013078667e-02 5.1013196518e-01 4.8986763049e-01 1.0000000000e-03
3.2600000000e+02 1.2205164880e-02 1.2420188636e-02 1.1981358752e-02 5.1001793235e-01 4.8998166277e-01 1.0000000000e-03
3.2700000000e+02 1.2190427631e-02 1.2430068105e-02 1.1940995231e-02 5.1001950664e-01 4.8998008793e-01 1.0000000000e-03
3.2800000000e+02 1.2174077332e-02 1.2435623445e-02 1.1901740916e-02 5.1011437218e-01 4.8988522185e-01 1.0000000000e-03
3.2900000000e+02 1.2158317491e-02 1.2431497686e-02 1.1873712763e-02 5.1025037348e-01 4.8974922001e-01 1.0000000000e-03
3.3000000000e+02 1.2143496424e-02 1.2412749231e-02 1.1862861924e-02 5.1035790716e-01 4.8964168578e-01 1.0000000000e-03
3.3100000000e+02 1.2129051611e-02 1.2381675653e-02 1.1865720153e-02 5.1038603542e-01 4.8961355699e-01 1.0000000000e-03
3.3200000000e+02 1.2114541605e-02 1.2345223688e-02 1.1874146760e-02 5.1031993183e-01 4.8967966004e-01 1.0000000000e-03
3.3300000000e+02 1.2099016458e-02 1.2308357283e-02 1.1880991049e-02 5.1017129452e-01 4.8982829683e-01 1.0000000000e-03
3.3400000000e+02 1.2083814479e-02 1.2279516086e-02 1.1880150065e-02 5.0998065798e-01 4.9001893284e-01 1.0000000000e-03
3.3500000000e+02 1.2069122866e-02 1.2262966484e-02 1.1867537163e-02 5.0980192683e-01 4.9019766346e-01 1.0000000000e-03
3.3600000000e+02 1.2054873630e-02 1.2259671465e-02 1.1841992848e-02 5.0968820635e-01 4.9031138342e-01 1.0000000000e-03
3.3700000000e+02 1.2040894479e-02 1.2265585363e-02 1.1807349510e-02 5.0967113021e-01 4.9032845905e-01 1.0000000000e-03
3.3800000000e+02 1.2026417069e-02 1.2270505540e-02 1.1772640049e-02 5.0973935443e-01 4.9026023431e-01 1.0000000000e-03
3.3900000000e+02 1.2012112886e-02 1.2268918566e-02 1.1744988151e-02 5.0985628730e-01 4.9014330092e-01 1.0000000000e-03
3.4000000000e+02 1.1997867376e-02 1.2255846523e-02 1.1729400605e-02 5.0996807419e-01 4.9003151352e-01 1.0000000000e-03
3.4100000000e+02 1.1983973905e-02 1.2231354602e-02 1.1726480909e-02 5.1002491681e-01 4.8997467039e-01 1.0000000000e-03
3.4200000000e+02 1.1970341206e-02 1.2198525481e-02 1.1732857674e-02 5.0999532671e-01 4.9000425998e-01 1.0000000000e-03
3.4300000000e+02 1.1956564151e-02 1.2163064443e-02 1.1741749942e-02 5.0987700633e-01 4.9012257986e-01 1.0000000000e-03
3.4400000000e+02 1.1942856014e-02 1.2134172954e-02 1.1743973941e-02 5.0970634743e-01 4.9029323827e-01 1.0000000000e-03
3.4500000000e+02 1.1929006316e-02 1.2116052210e-02 1.1734697968e-02 5.0953515102e-01 4.9046443417e-01 1.0000000000e-03
3.4600000000e+02 1.1915383860e-02 1.2110187672e-02 1.1713113636e-02 5.0941498782e-01 4.9058459688e-01 1.0000000000e-03
3.4700000000e+02 1.1902021244e-02 1.2112133205e-02 1.1683889665e-02 5.0937328932e-01 4.9062629489e-01 1.0000000000e-03
3.4800000000e+02 1.1888877489e-02 1.2115993537e-02 1.1653058231e-02 5.0940975841e-01 4.9058982530e-01 1.0000000000e-03
3.4900000000e+02 1.1875962839e-02 1.2115704827e-02 1.1626946740e-02 5.0949804394e-01 4.9050153929e-01 1.0000000000e-03
3.5000000000e+02 1.1862964369e-02 1.2105392292e-02 1.1611064896e-02 5.0959037915e-01 4.9040920359e-01 1.0000000000e-03
3.5100000000e+02 1.1850007810e-02 1.2084099464e-02 1.1606723070e-02 5.0963883304e-01 4.9036074921e-01 1.0000000000e-03
3.5200000000e+02 1.1836986989e-02 1.2054291554e-02 1.1611175723e-02 5.0961113587e-01 4.9038844591e-01 1.0000000000e-03
3.5300000000e+02 1.1824140325e-02 1.2022908777e-02 1.1617677286e-02 5.0950706812e-01 4.9049251317e-01 1.0000000000e-03
3.5400000000e+02 1.1811445467e-02 1.1996113695e-02 1.1619745754e-02 5.0935319401e-01 4.9064638681e-01 1.0000000000e-03
3.5500000000e+02 1.1798883788e-02 1.1978148483e-02 1.1612915434e-02 5.0919194503e-01 4.9080763532e-01 1.0000000000e-03
3.5600000000e+02 1.1786446907e-02 1.1970477179e-02 1.1595626362e-02 5.0906804674e-01 4.9093153314e-01 1.0000000000e-03
3.5700000000e+02 1.1774093844e-02 1.1970666237e-02 1.1570314877e-02 5.0901154900e-01 4.9098803041e-01 1.0000000000e-03
3.5800000000e+02 1.1761876754e-02 1.1974073946e-02 1.1541884392e-02 5.0902930067e-01 4.9097027828e-01 1.0000000000e-03
3.5900000000e+02 1.1749756522e-02 1.1973593384e-02 1.1517633684e-02 5.0909683822e-01 4.9090274026e-01 1.0000000000e-03
3.6000000000e+02 1.1737735942e-02 1.1964787729e-02 1.1502206326e-02 5.0917273271e-01 4.9082684531e-01 1.0000000000e-03
3.6100000000e+02 1.1725749820e-02 1.1946168728e-02 1.1497066356e-02 5.0921328838e-01 4.9078628919e-01 1.0000000000e-03
3.6200000000e+02 1.1713843793e-02 1.1920558289e-02 1.1499397457e-02 5.0919108731e-01 4.9080848980e-01 1.0000000000e-03
3.6300000000e+02 1.1702040210e-02 1.1892629787e-02 1.1504392140e-02 5.0910163007e-01 4.9089794659e-01 1.0000000000e-03
3.6400000000e+02 1.1690350249e-02 1.1868098751e-02 1.1506119743e-02 5.0896575788e-01 4.9103381833e-01 1.0000000000e-03
3.6500000000e+02 1.1678758077e-02 1.1851674877e-02 1.1499639601e-02 5.0882294078e-01 4.9117663498e-01 1.0000000000e-03
3.6600000000e+02 1.1667273007e-02 1.1844855733e-02 1.1483400129e-02 5.0871534125e-01 4.9128423408e-01 1.0000000000e-03
3.6700000000e+02 1.1655887589e-02 1.1845433153e-02 1.1459661648e-02 5.0867144018e-01 4.9132813470e-01 1.0000000000e-03
3.6800000000e+02 1.1644650251e-02 1.1847848073e-02 1.1434273794e-02 5.0869245426e-01 4.9130712018e-01 1.0000000000e-03
3.6900000000e+02 1.1633524671e-02 1.1846806854e-02 1.1412648484e-02 5.0875648130e-01 4.9124309271e-01 1.0000000000e-03
3.7000000000e+02 1.1622505262e-02 1.1838149279e-02 1.1399121024e-02 5.0882547525e-01 4.9117409832e-01 1.0000000000e-03
3.7100000000e+02 1.1611515656e-02 1.1821010150e-02 1.1394470930e-02 5.0886155834e-01 4.9113801479e-01 1.0000000000e-03
3.7200000000e+02 1.1600607075e-02 1.1797237210e-02 1.1396910995e-02 5.0883837027e-01 4.9116120244e-01 1.0000000000e-03
3.7300000000e+02 1.1589752510e-02 1.1771920137e-02 1.1401102878e-02 5.0875461681e-01 4.9124495547e-01 1.0000000000e-03
3.7400000000e+02 1.1579029262e-02 1.1750381440e-02 1.1401667260e-02 5.0863222894e-01 4.9136734293e-01 1.0000000000e-03
3.7500000000e+02 1.1568360031e-02 1.1736633256e-02 1.1394269764e-02 5.0850904058e-01 4.9149053086e-01 1.0000000000e-03
3.7600000000e+02 1.1557847261e-02 1.1730950326e-02 1.1378822848e-02 5.0841997292e-01 4.9157959811e-01 1.0000000000e-03
3.7700000000e+02 1.1547401547e-02 1.1731197126e-02 1.1357345618e-02 5.0838755757e-01 4.9161201304e-01 1.0000000000e-03
3.7800000000e+02 1.1537175626e-02 1.1732606217e-02 1.1335068382e-02 5.0841045707e-01 4.9158911313e-01 1.0000000000e-03
3.7900000000e+02 1.1527013034e-02 1.1730512604e-02 1.1316512711e-02 5.0846755268e-01 4.9153201711e-01 1.0000000000e-03
3.8000000000e+02 1.1517083272e-02 1.1721140705e-02 1.1305958033e-02 5.0852228417e-01 4.9147728521e-01 1.0000000000e-03
3.8100000000e+02 1.1507201940e-02 1.1704197153e-02 1.1303369887e-02 5.0854111068e-01 4.9145845830e-01 1.0000000000e-03
3.8200000000e+02 1.1497698724e-02 1.1682312936e-02 1.1306704953e-02 5.0850390667e-01 4.9149566192e-01 1.0000000000e-03
3.8300000000e+02 1.1488411576e-02 1.1660360731e-02 1.1310585774e-02 5.0841483597e-01 4.9158473222e-01 1.0000000000e-03
3.8400000000e+02 1.1480038986e-02 1.1642794125e-02 1.1311802082e-02 5.0829430145e-01 4.9170526636e-01 1.0000000000e-03
3.8500000000e+02 1.1472482234e-02 1.1633230373e-02 1.1306397617e-02 5.0817722508e-01 4.9182234235e-01 1.0000000000e-03
3.8600000000e+02 1.1467562988e-02 1.1631916277e-02 1.1297814548e-02 5.0808801436e-01 4.9191155272e-01 1.0000000000e-03
3.8700000000e+02 1.1466102675e-02 1.1637956835e-02 1.1288640089e-02 5.0804100630e-01 4.9195856045e-01 1.0000000000e-03
3.8800000000e+02 1.1473729275e-02 1.1648949236e-02 1.1292811483e-02 5.0801306144e-01 4.9198650505e-01 1.0000000000e-03
3.8900000000e+02 1.1496391147e-02 1.1665076017e-02 1.1322260834e-02 5.0795739416e-01 4.9204217218e-01 1.0000000000e-03
3.9000000000e+02 1.1554190889e-02 1.1696496047e-02 1.1407393962e-02 5.0778728956e-01 4.9221227687e-01 1.0000000000e-03
3.9100000000e+02 1.1678973213e-02 1.1760815978e-02 1.1594693176e-02 5.0736417848e-01 4.9263538849e-01 1.0000000000e-03
3.9200000000e+02 1.1949229985e-02 1.1916821823e-02 1.1982501484e-02 5.0649033072e-01 4.9350923770e-01 1.0000000000e-03
3.9300000000e+02 1.2511605397e-02 1.2234507129e-02 1.2794001028e-02 5.0472356488e-01 4.9527600675e-01 1.0000000000e-03
3.9400000000e+02 1.3624286279e-02 1.2933524325e-02 1.4319797046e-02 5.0170788130e-01 4.9829169647e-01 1.0000000000e-03
3.9500000000e+02 1.5688981861e-02 1.4052442275e-02 1.7301846296e-02 4.9635532517e-01 5.0364426293e-01 1.0000000000e-03
3.9600000000e+02 1.8510749564e-02 1.5956554562e-02 2.0964190364e-02 4.8993817915e-01 5.1006142306e-01 1.0000000000e-03
3.9700000000e+02 2.0927598700e-02 1.6735982150e-02 2.4815784767e-02 4.8122177749e-01 5.1877784043e-01 1.0000000000e-03
3.9800000000e+02 1.8859820440e-02 1.6772359610e-02 2.0769624040e-02 4.7777586218e-01 5.2222376731e-01 1.0000000000e-03
3.9900000000e+02 1.3792322949e-02 1.3380863704e-02 1.4169964008e-02 4.7856617740e-01 5.2143345285e-01 1.0000000000e-03
4.0000000000e+02 1.1357606389e-02 1.2627099641e-02 1.0156645440e-02 4.8613106325e-01 5.1386856008e-01 1.0000000000e-03
4.0100000000e+02 1.3988036662e-02 1.4182779007e-02 1.3802286237e-02 4.8819775279e-01 5.1180187247e-01 1.0000000000e-03
4.0200000000e+02 1.5996396542e-02 1.5090579167e-02 1.6854999587e-02 4.8661635926e-01 5.1338327217e-01 1.0000000000e-03
4.0300000000e+02 1.3354098424e-02 1.3368252665e-02 1.3340618461e-02 4.8800643685e-01 5.1199319400e-01 1.0000000000e-03
4.0400000000e+02 1.1314444244e-02 1.2242794968e-02 1.0410835035e-02 4.9324918295e-01 5.0675044067e-01 1.0000000000e-03
4.0500000000e+02 1.3096647337e-02 1.2949510477e-02 1.3239940628e-02 4.9336976652e-01 5.0662985656e-01 1.0000000000e-03
4.0600000000e+02 1.3935886323e-02 1.3517857529e-02 1.4341657981e-02 4.9255428218e-01 5.0744534270e-01 1.0000000000e-03
4.0700000000e+02 1.1965258047e-02 1.2145135552e-02 1.1789625511e-02 4.9404149746e-01 5.0595812315e-01 1.0000000000e-03
4.0800000000e+02 1.1515335180e-02 1.2021410279e-02 1.1015664786e-02 4.9682020958e-01 5.0317940555e-01 1.0000000000e-03
4.0900000000e+02 1.2976862490e-02 1.3013188727e-02 1.2940938585e-02 4.9727735746e-01 5.0272225763e-01 1.0000000000e-03
4.1000000000e+02 1.2545343488e-02 1.2731827796e-02 1.2360139750e-02 4.9829025295e-01 5.0170936078e-01 1.0000000000e-03
4.1100000000e+02 1.1303166859e-02 1.2168647721e-02 1.0429664515e-02 5.0230879914e-01 4.9769080896e-01 1.0000000000e-03
4.1200000000e+02 1.2013273314e-02 1.2514561415e-02 1.1503536254e-02 5.0418261285e-01 4.9581699281e-01 1.0000000000e-03
4.1300000000e+02 1.2491071597e-02 1.2714266777e-02 1.2263682671e-02 5.0466629495e-01 4.9533331011e-01 1.0000000000e-03
4.1400000000e+02 1.1492550373e-02 1.2011083774e-02 1.0960395448e-02 5.0648658364e-01 4.9351301739e-01 1.0000000000e-03
4.1500000000e+02 1.1471863836e-02 1.1832487769e-02 1.1100362986e-02 5.0743413865e-01 4.9256545866e-01 1.0000000000e-03
4.1600000000e+02 1.2137065642e-02 1.1899886653e-02 1.2379726395e-02 5.0570255100e-01 4.9429704540e-01 1.0000000000e-03
4.1700000000e+02 1.1648138054e-02 1.1710559949e-02 1.1584361084e-02 5.0540314638e-01 4.9459644745e-01 1.0000000000e-03
4.1800000000e+02 1.1259328574e-02 1.1460999027e-02 1.1052957736e-02 5.0576900544e-01 4.9423058459e-01 1.0000000000e-03
4.1900000000e+02 1.1756433174e-02 1.1778377928e-02 1.1734029278e-02 5.0528639263e-01 4.9471319587e-01 1.0000000000e-03
4.2000000000e+02 1.1690190062e-02 1.1870928109e-02 1.1505411938e-02 5.0553953959e-01 4.9446004727e-01 1.0000000000e-03
4.2100000000e+02 1.1232520454e-02 1.1738373898e-02 1.0711745359e-02 5.0727202801e-01 4.9272755562e-01 1.0000000000e-03
4.2200000000e+02 1.1452794075e-02 1.1861782521e-02 1.1029902846e-02 5.0836179347e-01 4.9163778812e-01 1.0000000000e-03
4.2300000000e+02 1.1623134837e-02 1.1919617653e-02 1.1316007935e-02 5.0882448050e-01 4.9117509989e-01 1.0000000000e-03
4.2400000000e+02 1.1279147118e-02 1.1566305533e-02 1.0981185362e-02 5.0923953805e-01 4.9076003996e-01 1.0000000000e-03
4.2500000000e+02 1.1265812442e-02 1.1424025521e-02 1.1101788841e-02 5.0903082261e-01 4.9096875319e-01 1.0000000000e-03
4.2600000000e+02 1.1494223028e-02 1.1480982415e-02 1.1507908814e-02 5.0806915469e-01 4.9193042003e-01 1.0000000000e-03
4.2700000000e+02 1.1325642467e-02 1.1247279122e-02 1.1406210251e-02 5.0691143001e-01 4.9308814311e-01 1.0000000000e-03
4.2800000000e+02 1.1181354523e-02 1.1177213863e-02 1.1185609736e-02 5.0620149271e-01 4.9379807837e-01 1.0000000000e-03
4.2900000000e+02 1.1349515989e-02 1.1325060390e-02 1.1374522932e-02 5.0547237113e-01 4.9452719879e-01 1.0000000000e-03
4.3000000000e+02 1.1339398101e-02 1.1402419768e-02 1.1275058612e-02 5.0520592163e-01 4.9479364720e-01 1.0000000000e-03
4.3100000000e+02 1.1167937890e-02 1.1408203281e-02 1.0922068730e-02 5.0577381673e-01 4.9422575044e-01 1.0000000000e-03
4.3200000000e+02 1.1220348999e-02 1.1509628035e-02 1.0923455469e-02 5.0650290348e-01 4.9349666239e-01 1.0000000000e-03
4.3300000000e+02 1.1301133782e-02 1.1538741179e-02 1.1056867428e-02 5.0691889009e-01 4.9308067494e-01 1.0000000000e-03
4.3400000000e+02 1.1190321296e-02 1.1499097571e-02 1.0871987790e-02 5.0762858597e-01 4.9237097786e-01 1.0000000000e-03
4.3500000000e+02 1.1143501848e-02 1.1388533749e-02 1.0890529491e-02 5.0798335523e-01 4.9201620733e-01 1.0000000000e-03
4.3600000000e+02 1.1224430986e-02 1.1304542422e-02 1.1141874827e-02 5.0754734372e-01 4.9245221803e-01 1.0000000000e-03
4.3700000000e+02 1.1200115085e-02 1.1227850802e-02 1.1171611026e-02 5.0691812520e-01 4.9308143573e-01 1.0000000000e-03
4.3800000000e+02 1.1118268594e-02 1.1135427281e-02 1.1100682430e-02 5.0630441725e-01 4.9369514261e-01 1.0000000000e-03
4.3900000000e+02 1.1149075814e-02 1.1162066832e-02 1.1135792360e-02 5.0573287011e-01 4.9426668893e-01 1.0000000000e-03
4.4000000000e+02 1.1181237176e-02 1.1253383011e-02 1.1107499711e-02 5.0548576260e-01 4.9451379581e-01 1.0000000000e-03
4.4100000000e+02 1.1119648814e-02 1.1300169863e-02 1.0934932157e-02 5.0575847230e-01 4.9424108529e-01 1.0000000000e-03
4.4200000000e+02 1.1096663773e-02 1.1388792656e-02 1.0796829127e-02 5.0651671719e-01 4.9348283957e-01 1.0000000000e-03
4.4300000000e+02 1.1136485264e-02 1.1485517956e-02 1.0776895098e-02 5.0745654532e-01 4.9254301085e-01 1.0000000000e-03
4.4400000000e+02 1.1123257689e-02 1.1445239186e-02 1.0790572502e-02 5.0818296745e-01 4.9181658813e-01 1.0000000000e-03
4.4500000000e+02 1.1080022901e-02 1.1369981803e-02 1.0779809207e-02 5.0869687815e-01 4.9130267672e-01 1.0000000000e-03
4.4600000000e+02 1.1087327264e-02 1.1279148050e-02 1.0888716206e-02 5.0870779314e-01 4.9129176114e-01 1.0000000000e-03
4.4700000000e+02 1.1102912948e-02 1.1182722636e-02 1.1020450853e-02 5.0820241589e-01 4.9179713792e-01 1.0000000000e-03
4.4800000000e+02 1.1078241281e-02 1.1112758890e-02 1.1042676866e-02 5.0754031155e-01 4.9245924174e-01 1.0000000000e-03
4.4900000000e+02 1.1056702584e-02 1.1081977747e-02 1.1030729860e-02 5.0690213654e-01 4.9309741620e-01 1.0000000000e-03
4.5000000000e+02 1.1068487540e-02 1.1119768023e-02 1.1015875265e-02 5.0644657320e-01 4.9355297909e-01 1.0000000000e-03
4.5100000000e+02 1.1069397442e-02 1.1211684905e-02 1.0923398659e-02 5.0645309055e-01 4.9354646133e-01 1.0000000000e-03
4.5200000000e+02 1.1044236831e-02 1.1268163100e-02 1.0814113542e-02 5.0683584432e-01 4.9316370709e-01 1.0000000000e-03
4.5300000000e+02 1.1037938297e-02 1.1320330203e-02 1.0747012682e-02 5.0745125466e-01 4.9254829630e-01 1.0000000000e-03
4.5400000000e+02 1.1048473418e-02 1.1344020255e-02 1.0743244551e-02 5.0806611070e-01 4.9193343989e-01 1.0000000000e-03
4.5500000000e+02 1.1039466597e-02 1.1293764226e-02 1.0776455514e-02 5.0843143739e-01 4.9156811283e-01 1.0000000000e-03
4.5600000000e+02 1.1022229679e-02 1.1217053048e-02 1.0820686817e-02 5.0848756021e-01 4.9151198961e-01 1.0000000000e-03
4.5700000000e+02 1.1020043865e-02 1.1128182523e-02 1.0908337310e-02 5.0813760145e-01 4.9186194801e-01 1.0000000000e-03
4.5800000000e+02 1.1022835970e-02 1.1048018932e-02 1.0996903293e-02 5.0743975375e-01 4.9255979540e-01 1.0000000000e-03
4.5900000000e+02 1.1014781892e-02 1.1020322330e-02 1.1009099893e-02 5.0672122714e-01 4.9327832170e-01 1.0000000000e-03
4.6000000000e+02 1.1001930572e-02 1.1024863459e-02 1.0978436098e-02 5.0615458256e-01 4.9384496595e-01 1.0000000000e-03
4.6100000000e+02 1.0999960825e-02 1.1076451279e-02 1.0921657085e-02 5.0589093665e-01 4.9410861155e-01 1.0000000000e-03
4.6200000000e+02 1.1000763625e-02 1.1157238856e-02 1.0840483010e-02 5.0602179413e-01 4.9397775379e-01 1.0000000000e-03
4.6300000000e+02 1.0991809890e-02 1.1211509816e-02 1.0766392574e-02 5.0643223875e-01 4.9356730888e-01 1.0000000000e-03
4.6400000000e+02 1.0983981192e-02 1.1242396198e-02 1.0718258098e-02 5.0698234877e-01 4.9301719856e-01 1.0000000000e-03
4.6500000000e+02 1.0982558131e-02 1.1226408184e-02 1.0731381364e-02 5.0741131431e-01 4.9258823274e-01 1.0000000000e-03
4.6600000000e+02 1.0979633778e-02 1.1157615110e-02 1.0796246119e-02 5.0749317894e-01 4.9250636785e-01 1.0000000000e-03
4.6700000000e+02 1.0972583666e-02 1.1079662479e-02 1.0862369090e-02 5.0723899134e-01 4.9276055520e-01 1.0000000000e-03
4.6800000000e+02 1.0965146124e-02 1.1002213694e-02 1.0927083902e-02 5.0668636937e-01 4.9331317692e-01 1.0000000000e-03
4.6900000000e+02 1.0962709785e-02 1.0961368680e-02 1.0964092799e-02 5.0601149741e-01 4.9398804864e-01 1.0000000000e-03
4.7000000000e+02 1.0960924439e-02 1.0972769000e-02 1.0948829353e-02 5.0546492771e-01 4.9453461812e-01 1.0000000000e-03
4.7100000000e+02 1.0953720659e-02 1.1013899930e-02 1.0892286897e-02 5.0519598890e-01 4.9480355670e-01 1.0000000000e-03
4.7200000000e+02 1.0947439820e-02 1.1085659266e-02 1.0806259699e-02 5.0531450090e-01 4.9468504446e-01 1.0000000000e-03
4.7300000000e+02 1.0944619775e-02 1.1151775718e-02 1.0732661933e-02 5.0574058876e-01 4.9425895636e-01 1.0000000000e-03
4.7400000000e+02 1.0942048393e-02 1.1181349866e-02 1.0696674697e-02 5.0627418233e-01 4.9372536257e-01 1.0000000000e-03
4.7500000000e+02 1.0937789455e-02 1.1175485328e-02 1.0693600401e-02 5.0674848987e-01 4.9325105482e-01 1.0000000000e-03
4.7600000000e+02 1.0931389406e-02 1.1123299599e-02 1.0734068230e-02 5.0696400699e-01 4.9303553748e-01 1.0000000000e-03
4.7700000000e+02 1.0927064344e-02 1.1053212918e-02 1.0797418654e-02 5.0685290779e-01 4.9314663647e-01 1.0000000000e-03
4.7800000000e+02 1.0924531147e-02 1.0989946313e-02 1.0857411660e-02 5.0647091362e-01 4.9352863044e-01 1.0000000000e-03
4.7900000000e+02 1.0920157656e-02 1.0945356451e-02 1.0894363746e-02 5.0594054235e-01 4.9405900152e-01 1.0000000000e-03
4.8000000000e+02 1.0915431194e-02 1.0946771130e-02 1.0883404873e-02 5.0549159969e-01 4.9450794398e-01 1.0000000000e-03
4.8100000000e+02 1.0910736397e-02 1.0982776061e-02 1.0837169364e-02 5.0527607170e-01 4.9472347177e-01 1.0000000000e-03
4.8200000000e+02 1.0906949639e-02 1.1039287783e-02 1.0771753266e-02 5.0536174198e-01 4.9463780130e-01 1.0000000000e-03
4.8300000000e+02 1.0903909802e-02 1.1099216528e-02 1.0704082437e-02 5.0573167816e-01 4.9426786492e-01 1.0000000000e-03
4.8400000000e+02 1.0899588466e-02 1.1129765771e-02 1.0663614608e-02 5.0622796571e-01 4.9377157718e-01 1.0000000000e-03
4.8500000000e+02 1.0895609856e-02 1.1127016507e-02 1.0657944717e-02 5.0668174111e-01 4.9331780159e-01 1.0000000000e-03
4.8600000000e+02 1.0891857557e-02 1.1086095124e-02 1.0692180134e-02 5.0691791963e-01 4.9308162288e-01 1.0000000000e-03
4.8700000000e+02 1.0887844488e-02 1.1019093916e-02 1.0752966627e-02 5.0683727140e-01 4.9316227093e-01 1.0000000000e-03
4.8800000000e+02 1.0884279385e-02 1.0957631283e-02 1.0809005238e-02 5.0649492906e-01 4.9350461310e-01 1.0000000000e-03
4.8900000000e+02 1.0880108923e-02 1.0914819315e-02 1.0844563134e-02 5.0600685192e-01 4.9399269006e-01 1.0000000000e-03
4.9000000000e+02 1.0876342654e-02 1.0909901001e-02 1.0842040181e-02 5.0556213163e-01 4.9443741018e-01 1.0000000000e-03
4.9100000000e+02 1.0872746818e-02 1.0941500776e-02 1.0802522302e-02 5.0532547389e-01 4.9467406775e-01 1.0000000000e-03
4.9200000000e+02 1.0868714191e-02 1.0992444120e-02 1.0742307641e-02 5.0536833304e-01 4.9463120843e-01 1.0000000000e-03
4.9300000000e+02 1.0865319520e-02 1.1047585867e-02 1.0678873397e-02 5.0568000960e-01 4.9431953169e-01 1.0000000000e-03
4.9400000000e+02 1.0861788876e-02 1.1077243835e-02 1.0641007684e-02 5.0611629287e-01 4.9388324825e-01 1.0000000000e-03
4.9500000000e+02 1.0858432390e-02 1.1072325520e-02 1.0638912208e-02 5.0650277138e-01 4.9349676957e-01 1.0000000000e-03
4.9600000000e+02 1.0854995809e-02 1.1034530587e-02 1.0670601390e-02 5.0669081909e-01 4.9330872170e-01 1.0000000000e-03
4.9700000000e+02 1.0851038620e-02 1.0973806493e-02 1.0724999942e-02 5.0659503239e-01 4.9340450823e-01 1.0000000000e-03
4.9800000000e+02 1.0847598314e-02 1.0917392559e-02 1.0776044801e-02 5.0626129056e-01 4.9373824990e-01 1.0000000000e-03
4.9900000000e+02 1.0844059289e-02 1.0880249552e-02 1.0807029903e-02 5.0580394619e-01 4.9419559411e-01 1.0000000000e-03
5.0000000000e+02 1.0840594769e-02 1.0877341032e-02 1.0803055950e-02 5.0539484698e-01 4.9460469317e-01 1.0000000000e-03
