# time_s Ids_A Vds_V Vgs_V
2.3674999738e-08 1.0078125000e+01 7.8232031250e+02 6.7398438454e+00
3.3915000586e-08 1.7046875000e+01 7.7723437500e+02 7.7249999046e+00
4.3515001380e-08 2.4765625000e+01 7.7043750000e+02 8.4171876907e+00
5.3114998622e-08 3.2171875000e+01 7.6767187500e+02 9.0468750000e+00
6.2715002969e-08 4.3109375000e+01 7.6584375000e+02 9.6023435593e+00
7.2314996657e-08 5.2734375000e+01 7.6657031250e+02 1.0167187691e+01
8.1914997452e-08 6.4000000000e+01 7.6736718750e+02 1.0538281441e+01
9.1514998246e-08 7.2359375000e+01 7.7130468750e+02 1.0956250191e+01
1.0111499904e-07 8.1953125000e+01 7.7306250000e+02 1.1218750000e+01
1.1071499983e-07 8.9359375000e+01 7.7632031250e+02 1.1339843750e+01
1.2031499352e-07 9.8375000000e+01 7.7310937500e+02 1.1748437881e+01
1.2991499432e-07 1.0771875000e+02 7.7388281250e+02 1.1817187309e+01
1.3951499511e-07 1.1412500000e+02 7.7203125000e+02 1.1886718750e+01
1.4911499591e-07 1.2404687500e+02 7.7350781250e+02 1.2074999809e+01
1.5871499670e-07 1.2934375000e+02 7.7482031250e+02 1.2228124619e+01
1.6831499750e-07 1.3679687500e+02 7.7449218750e+02 1.2277343750e+01
1.7791499829e-07 1.4023437500e+02 7.7557031250e+02 1.2449999809e+01
1.8751499908e-07 1.4923437500e+02 7.7962500000e+02 1.2505468369e+01
1.9711499988e-07 1.5425000000e+02 7.8171093750e+02 1.2526562691e+01
2.0671500067e-07 1.6057812500e+02 7.7859375000e+02 1.2549219131e+01
2.1631500147e-07 1.6443750000e+02 7.8105468750e+02 1.2752344131e+01
2.2591500226e-07 1.7001562500e+02 7.8121875000e+02 1.2758593559e+01
2.3551500306e-07 1.7275000000e+02 7.7983593750e+02 1.2824999809e+01
2.4511498964e-07 1.7904687500e+02 7.8220312500e+02 1.2814062119e+01
2.5471499043e-07 1.8207812500e+02 7.8025781250e+02 1.2885937691e+01
2.6431499123e-07 1.8698437500e+02 7.8318750000e+02 1.2922656059e+01
2.7391499202e-07 1.9056250000e+02 7.8194531250e+02 1.2967968941e+01
2.8351499282e-07 1.9556250000e+02 7.8206250000e+02 1.2833593369e+01
2.9311499361e-07 1.9979687500e+02 7.8325781250e+02 1.3057812691e+01
3.0271499440e-07 2.0451562500e+02 7.8398437500e+02 1.2923437119e+01
3.1231499520e-07 2.0693750000e+02 7.8227343750e+02 1.3057031631e+01
3.2191499599e-07 2.1170312500e+02 7.8009375000e+02 1.2995312691e+01
3.3151499679e-07 2.1389062500e+02 7.8171093750e+02 1.3009374619e+01
3.4111499758e-07 2.1804687500e+02 7.8316406250e+02 1.3017969131e+01
3.5071499838e-07 2.2181250000e+02 7.8391406250e+02 1.3050000191e+01
3.6031499917e-07 2.2540625000e+02 7.8621093750e+02 1.3093750000e+01
3.6991499996e-07 2.2812500000e+02 7.8548437500e+02 1.3138280869e+01
3.7951500076e-07 2.3220312500e+02 7.8637500000e+02 1.3072656631e+01
3.8911500155e-07 2.3478125000e+02 7.8459375000e+02 1.2975781441e+01
3.9871500235e-07 2.3746875000e+02 7.8494531250e+02 1.3073437691e+01
4.0831500314e-07 2.4085937500e+02 7.8466406250e+02 1.3044530869e+01
4.1791500394e-07 2.4484375000e+02 7.8438281250e+02 1.3126562119e+01
4.2751500473e-07 2.4526562500e+02 7.8457031250e+02 1.3078906059e+01
4.3711500552e-07 2.4976562500e+02 7.8426562500e+02 1.3202343941e+01
4.4671500632e-07 2.5268750000e+02 7.8719531250e+02 1.3124218941e+01
4.5631500711e-07 2.5539062500e+02 7.8421875000e+02 1.3190625191e+01
4.6591500791e-07 2.5746875000e+02 7.8527343750e+02 1.3117187500e+01
4.7551500870e-07 2.5857812500e+02 7.8274218750e+02 1.3224218369e+01
4.8511498107e-07 2.6101562500e+02 7.8726562500e+02 1.3068750381e+01
4.9471498187e-07 2.6525000000e+02 7.8646875000e+02 1.3144531250e+01
5.0431498266e-07 2.6665625000e+02 7.8653906250e+02 1.3216405869e+01
5.1391498346e-07 2.6882812500e+02 7.8571875000e+02 1.3123437881e+01
5.2351498425e-07 2.7175000000e+02 7.8623437500e+02 1.3199218750e+01
5.3311498505e-07 2.7328125000e+02 7.8799218750e+02 1.3167187691e+01
5.4271498584e-07 2.7735937500e+02 7.8583593750e+02 1.3185937881e+01
5.5231498663e-07 2.7989062500e+02 7.8867187500e+02 1.3134374619e+01
5.6191498743e-07 2.7856250000e+02 7.8698437500e+02 1.3300000191e+01
5.7151498822e-07 2.8264062500e+02 7.8621093750e+02 1.3265625000e+01
5.8111498902e-07 2.8465625000e+02 7.8754687500e+02 1.3167968750e+01
5.9071498981e-07 2.8625000000e+02 7.8621093750e+02 1.3171875000e+01
6.0031499061e-07 2.8835937500e+02 7.8684375000e+02 1.3163281441e+01
6.0991499140e-07 2.9123437500e+02 7.8909375000e+02 1.3142187119e+01
6.1951499220e-07 2.9389062500e+02 7.8855468750e+02 1.3176562309e+01
6.2911499299e-07 2.9360937500e+02 7.8850781250e+02 1.3088281631e+01
6.3871499378e-07 2.9562500000e+02 7.8785156250e+02 1.3079687119e+01
6.4831499458e-07 2.9646875000e+02 7.8813281250e+02 1.3333593369e+01
6.5791499537e-07 2.9998437500e+02 7.8869531250e+02 1.3239843369e+01
6.6751499617e-07 2.9878125000e+02 7.8799218750e+02 1.3217187881e+01
6.7711499696e-07 3.0085937500e+02 7.8815625000e+02 1.3294530869e+01
6.8671499776e-07 3.0382812500e+02 7.8698437500e+02 1.3202343941e+01
6.9631499855e-07 3.0635937500e+02 7.9005468750e+02 1.3207031250e+01
7.0591499934e-07 3.0589062500e+02 7.9045312500e+02 1.3177343369e+01
7.1551500014e-07 3.0776562500e+02 7.9057031250e+02 1.3230468750e+01
7.2511500093e-07 3.1007812500e+02 7.9106250000e+02 1.3135156631e+01
7.3471500173e-07 3.1064062500e+02 7.9019531250e+02 1.3173437119e+01
7.4431500252e-07 3.0984375000e+02 7.8832031250e+02 1.3186718941e+01
7.5391500332e-07 3.1134375000e+02 7.9045312500e+02 1.3246874809e+01
7.6351500411e-07 3.1360937500e+02 7.9117968750e+02 1.3290624619e+01
7.7311500490e-07 3.1385937500e+02 7.8850781250e+02 1.3261718750e+01
7.8271500570e-07 3.1503125000e+02 7.9075781250e+02 1.3168749809e+01
7.9231500649e-07 3.1807812500e+02 7.9050000000e+02 1.3221875191e+01
8.0191500729e-07 3.1870312500e+02 7.8984375000e+02 1.3167968750e+01
8.1151500808e-07 3.1940625000e+02 7.8975000000e+02 1.3359375000e+01
8.2111500888e-07 3.1987500000e+02 7.8841406250e+02 1.3343750000e+01
8.3071500967e-07 3.1887500000e+02 7.9031250000e+02 1.3271875381e+01
8.4031501046e-07 3.1940625000e+02 7.8989062500e+02 1.3235156059e+01
8.4991501126e-07 3.2253125000e+02 7.8918750000e+02 1.3274218559e+01
8.5951501205e-07 3.2265625000e+02 7.8942187500e+02 1.3285156250e+01
8.6911501285e-07 3.2348437500e+02 7.9019531250e+02 1.3285937309e+01
8.7871501364e-07 3.2250000000e+02 7.9057031250e+02 1.3185937881e+01
8.8831501444e-07 3.2420312500e+02 7.9225781250e+02 1.3252344131e+01
8.9791501523e-07 3.2564062500e+02 7.9017187500e+02 1.3243749619e+01
9.0751501602e-07 3.2517187500e+02 7.9073437500e+02 1.3164843559e+01
9.1711501682e-07 3.2617187500e+02 7.9209375000e+02 1.3139843941e+01
9.2671501761e-07 3.2595312500e+02 7.9099218750e+02 1.3286718369e+01
9.3631501841e-07 3.2696875000e+02 7.9153125000e+02 1.3197656631e+01
9.4591501920e-07 3.2673437500e+02 7.9136718750e+02 1.3195312500e+01
9.5551502000e-07 3.2825000000e+02 7.9202343750e+02 1.3267187119e+01
9.6511496395e-07 3.2875000000e+02 7.9150781250e+02 1.3224218369e+01
9.7471502158e-07 3.2912500000e+02 7.9253906250e+02 1.3256250381e+01
9.8431496554e-07 3.2728125000e+02 7.9258593750e+02 1.3275781631e+01
9.9391502317e-07 3.2926562500e+02 7.9279687500e+02 1.3280468941e+01
1.0035149671e-06 3.2720312500e+02 7.8989062500e+02 1.3263280869e+01
1.0131150248e-06 3.2771875000e+02 7.9143750000e+02 1.3276562691e+01
1.0227149687e-06 3.2910937500e+02 7.9223437500e+02 1.3296093941e+01
1.0323150264e-06 3.3234375000e+02 7.8986718750e+02 1.3375781059e+01
1.0419149703e-06 3.3000000000e+02 7.8972656250e+02 1.3211718559e+01
1.0515150279e-06 3.2901562500e+02 7.9176562500e+02 1.3254687309e+01
1.0611149719e-06 3.3090625000e+02 7.9195312500e+02 1.3220312119e+01
1.0707150295e-06 3.2879687500e+02 7.9333593750e+02 1.3215624809e+01
1.0803149735e-06 3.2829687500e+02 7.9096875000e+02 1.3302343369e+01
1.0899150311e-06 3.2932812500e+02 7.9256250000e+02 1.3357030869e+01
1.0995149751e-06 3.2937500000e+02 7.9279687500e+02 1.3391406059e+01
1.1091150327e-06 3.3000000000e+02 7.8960937500e+02 1.3371874809e+01
1.1187149767e-06 3.2921875000e+02 7.9382812500e+02 1.3257812500e+01
1.1283150343e-06 3.2828125000e+02 7.9089843750e+02 1.3218750000e+01
1.1379149782e-06 3.2875000000e+02 7.9314843750e+02 1.3278905869e+01
1.1475150359e-06 3.2904687500e+02 7.9399218750e+02 1.3274218559e+01
1.1571149798e-06 3.2871875000e+02 7.9319531250e+02 1.3242968559e+01
1.1667150375e-06 3.3007812500e+02 7.9422656250e+02 1.3231249809e+01
1.1763149814e-06 3.2954687500e+02 7.9511718750e+02 1.3243749619e+01
1.1859150391e-06 3.2859375000e+02 7.9359375000e+02 1.3260156631e+01
1.1955149830e-06 3.3035937500e+02 7.9352343750e+02 1.3332031250e+01
1.2051150406e-06 3.2676562500e+02 7.9357031250e+02 1.3294530869e+01
1.2147149846e-06 3.2893750000e+02 7.9059375000e+02 1.3296875000e+01
1.2243150422e-06 3.2865625000e+02 7.9296093750e+02 1.3253906250e+01
1.2339149862e-06 3.2781250000e+02 7.9525781250e+02 1.3235937119e+01
1.2435150438e-06 3.2623437500e+02 7.9298437500e+02 1.3282812119e+01
1.2531149878e-06 3.2835937500e+02 7.9347656250e+02 1.3339843750e+01
1.2627150454e-06 3.2701562500e+02 7.9328906250e+02 1.3222656250e+01
1.2723149894e-06 3.2789062500e+02 7.9361718750e+02 1.3305468559e+01
1.2819150470e-06 3.2506250000e+02 7.9267968750e+02 1.3350000381e+01
1.2915149910e-06 3.2610937500e+02 7.9113281250e+02 1.3207812309e+01
1.3011150486e-06 3.2629687500e+02 7.9448437500e+02 1.3288281441e+01
1.3107149925e-06 3.2600000000e+02 7.9289062500e+02 1.3284375191e+01
1.3203150502e-06 3.2368750000e+02 7.9378125000e+02 1.3306249619e+01
1.3299149941e-06 3.2370312500e+02 7.9176562500e+02 1.3189844131e+01
1.3395150518e-06 3.2273437500e+02 7.9235156250e+02 1.3300000191e+01
1.3491149957e-06 3.2354687500e+02 7.9155468750e+02 1.3322656631e+01
1.3587150534e-06 3.2362500000e+02 7.9455468750e+02 1.3215624809e+01
1.3683149973e-06 3.2168750000e+02 7.9064062500e+02 1.3211718559e+01
1.3779150549e-06 3.2260937500e+02 7.9122656250e+02 1.3289843559e+01
1.3875149989e-06 3.2214062500e+02 7.9204687500e+02 1.3392969131e+01
1.3971150565e-06 3.2143750000e+02 7.9214062500e+02 1.3242968559e+01
1.4067150005e-06 3.2078125000e+02 7.9188281250e+02 1.3232812881e+01
1.4163149444e-06 3.2104687500e+02 7.9249218750e+02 1.3253125191e+01
1.4259150021e-06 3.1918750000e+02 7.9012500000e+02 1.3265625000e+01
1.4355149460e-06 3.1921875000e+02 7.9087500000e+02 1.3293749809e+01
1.4451150037e-06 3.1995312500e+02 7.9392187500e+02 1.3305468559e+01
1.4547149476e-06 3.1896875000e+02 7.9380468750e+02 1.3290624619e+01
1.4643150053e-06 3.1856250000e+02 7.9359375000e+02 1.3281250000e+01
1.4739149492e-06 3.1940625000e+02 7.9300781250e+02 1.3172656059e+01
1.4835150068e-06 3.1581250000e+02 7.9237500000e+02 1.3253125191e+01
1.4931149508e-06 3.1889062500e+02 7.9242187500e+02 1.3293749809e+01
1.5027150084e-06 3.1809375000e+02 7.9237500000e+02 1.3266406059e+01
1.5123149524e-06 3.1481250000e+02 7.9216406250e+02 1.3151562691e+01
1.5219150100e-06 3.1590625000e+02 7.9483593750e+02 1.3426562309e+01
1.5315149540e-06 3.1568750000e+02 7.9427343750e+02 1.3281250000e+01
1.5411150116e-06 3.1525000000e+02 7.9275000000e+02 1.3336718559e+01
1.5507149556e-06 3.1340625000e+02 7.9450781250e+02 1.3426562309e+01
1.5603150132e-06 3.1559375000e+02 7.9375781250e+02 1.3288281441e+01
1.5699149571e-06 3.1192187500e+02 7.9232812500e+02 1.3271093369e+01
1.5795150148e-06 3.1317187500e+02 7.9085156250e+02 1.3193750381e+01
1.5891149587e-06 3.1154687500e+02 7.9303125000e+02 1.3201562881e+01
1.5987150164e-06 3.1003125000e+02 7.9115625000e+02 1.3302343369e+01
1.6083149603e-06 3.1276562500e+02 7.9305468750e+02 1.3239843369e+01
1.6179150180e-06 3.1034375000e+02 7.9263281250e+02 1.3255468369e+01
1.6275149619e-06 3.1020312500e+02 7.9380468750e+02 1.3280468941e+01
1.6371150195e-06 3.0976562500e+02 7.9448437500e+02 1.3252344131e+01
1.6467149635e-06 3.1135937500e+02 7.9439062500e+02 1.3176562309e+01
1.6563150211e-06 3.1178125000e+02 7.9406250000e+02 1.3281250000e+01
1.6659149651e-06 3.1039062500e+02 7.9303125000e+02 1.3294530869e+01
1.6755150227e-06 3.0793750000e+02 7.9347656250e+02 1.3337499619e+01
1.6851149667e-06 3.0854687500e+02 7.9260937500e+02 1.3352343559e+01
1.6947150243e-06 3.0678125000e+02 7.9050000000e+02 1.3309374809e+01
1.7043149683e-06 3.0626562500e+02 7.9410937500e+02 1.3304687500e+01
1.7139150259e-06 3.0589062500e+02 7.9272656250e+02 1.3379687309e+01
1.7235149699e-06 3.0476562500e+02 7.9242187500e+02 1.3287500381e+01
1.7331150275e-06 3.0675000000e+02 7.9685156250e+02 1.3358593941e+01
1.7427149714e-06 3.0451562500e+02 7.9291406250e+02 1.3246874809e+01
1.7523150291e-06 3.0576562500e+02 7.9457812500e+02 1.3442187309e+01
1.7619149730e-06 3.0557812500e+02 7.9335937500e+02 1.3414843559e+01
1.7715150307e-06 3.0346875000e+02 7.9195312500e+02 1.3362500191e+01
1.7811149746e-06 3.0206250000e+02 7.9169531250e+02 1.3392187119e+01
1.7907150323e-06 3.0264062500e+02 7.9347656250e+02 1.3328906059e+01
1.8003149762e-06 3.0171875000e+02 7.9321875000e+02 1.3378906250e+01
1.8099150338e-06 3.0168750000e+02 7.9277343750e+02 1.3344531059e+01
1.8195149778e-06 3.0101562500e+02 7.9045312500e+02 1.3382031441e+01
1.8291150354e-06 3.0070312500e+02 7.9162500000e+02 1.3299219131e+01
1.8387149794e-06 2.9992187500e+02 7.9082812500e+02 1.3476562500e+01
1.8483150370e-06 2.9968750000e+02 7.9232812500e+02 1.3305468559e+01
1.8579149810e-06 2.9914062500e+02 7.9249218750e+02 1.3293749809e+01
1.8675150386e-06 2.9715625000e+02 7.9289062500e+02 1.3343750000e+01
1.8771149826e-06 2.9851562500e+02 7.9331250000e+02 1.3332031250e+01
1.8867150402e-06 2.9753125000e+02 7.9286718750e+02 1.3422656059e+01
1.8963149842e-06 2.9790625000e+02 7.9160156250e+02 1.3252344131e+01
1.9059150418e-06 2.9735937500e+02 7.9176562500e+02 1.3353124619e+01
1.9155149857e-06 2.9684375000e+02 7.9317187500e+02 1.3404687881e+01
1.9251149297e-06 2.9426562500e+02 7.9230468750e+02 1.3399218559e+01
1.9347151010e-06 2.9381250000e+02 7.9221093750e+02 1.3411718369e+01
1.9443150450e-06 2.9451562500e+02 7.9188281250e+02 1.3258593559e+01
1.9539149889e-06 2.9525000000e+02 7.9305468750e+02 1.3375781059e+01
1.9635149329e-06 2.9421875000e+02 7.9050000000e+02 1.3242187500e+01
1.9731151042e-06 2.9396875000e+02 7.9183593750e+02 1.3270312309e+01
1.9827150481e-06 2.9193750000e+02 7.9127343750e+02 1.3256250381e+01
1.9923149921e-06 2.9239062500e+02 7.9019531250e+02 1.3262499809e+01
2.0019149360e-06 2.9290625000e+02 7.9176562500e+02 1.3285156250e+01
2.0115151074e-06 2.9150000000e+02 7.9197656250e+02 1.3348437309e+01
2.0211150513e-06 2.9037500000e+02 7.9209375000e+02 1.3308593750e+01
2.0307149953e-06 2.9156250000e+02 7.9160156250e+02 1.3388280869e+01
2.0403149392e-06 2.8957812500e+02 7.9202343750e+02 1.3274218559e+01
2.0499151105e-06 2.8984375000e+02 7.9075781250e+02 1.3321874619e+01
2.0595150545e-06 2.8815625000e+02 7.9071093750e+02 1.3399218559e+01
2.0691149984e-06 2.8728125000e+02 7.9415625000e+02 1.3472656250e+01
2.0787149424e-06 2.8821875000e+02 7.9286718750e+02 1.3377344131e+01
2.0883148864e-06 2.8692187500e+02 7.9192968750e+02 1.3367187500e+01
2.0979150577e-06 2.8457812500e+02 7.9235156250e+02 1.3418749809e+01
2.1075150016e-06 2.8650000000e+02 7.9005468750e+02 1.3250000000e+01
2.1171149456e-06 2.8642187500e+02 7.9202343750e+02 1.3260156631e+01
2.1267148895e-06 2.8579687500e+02 7.9169531250e+02 1.3324999809e+01
2.1363150609e-06 2.8382812500e+02 7.8902343750e+02 1.3385937691e+01
2.1459150048e-06 2.8409375000e+02 7.9153125000e+02 1.3421875000e+01
2.1555149488e-06 2.8325000000e+02 7.9099218750e+02 1.3340624809e+01
2.1651148927e-06 2.8295312500e+02 7.9125000000e+02 1.3298437119e+01
2.1747150640e-06 2.8317187500e+02 7.9235156250e+02 1.3392969131e+01
2.1843150080e-06 2.8235937500e+02 7.8977343750e+02 1.3271093369e+01
2.1939149519e-06 2.8259375000e+02 7.8843750000e+02 1.3259374619e+01
2.2035148959e-06 2.8003125000e+02 7.8883593750e+02 1.3340624809e+01
2.2131150672e-06 2.8231250000e+02 7.8890625000e+02 1.3237500191e+01
2.2227150112e-06 2.8084375000e+02 7.9188281250e+02 1.3426562309e+01
2.2323149551e-06 2.8010937500e+02 7.8834375000e+02 1.3280468941e+01
2.2419148991e-06 2.8018750000e+02 7.9167187500e+02 1.3352343559e+01
2.2515150704e-06 2.7940625000e+02 7.8904687500e+02 1.3461718559e+01
2.2611150143e-06 2.7706250000e+02 7.9108593750e+02 1.3324999809e+01
2.2707149583e-06 2.7834375000e+02 7.8965625000e+02 1.3355468750e+01
2.2803149022e-06 2.7857812500e+02 7.8977343750e+02 1.3250000000e+01
2.2899150736e-06 2.7801562500e+02 7.9054687500e+02 1.3303125381e+01
2.2995150175e-06 2.7792187500e+02 7.8888281250e+02 1.3269531250e+01
2.3091149615e-06 2.7717187500e+02 7.9270312500e+02 1.3345312119e+01
2.3187149054e-06 2.7603125000e+02 7.9082812500e+02 1.3417968750e+01
2.3283150767e-06 2.7510937500e+02 7.8982031250e+02 1.3336718559e+01
2.3379150207e-06 2.7375000000e+02 7.8963281250e+02 1.3245312691e+01
2.3475149646e-06 2.7410937500e+02 7.9249218750e+02 1.3346094131e+01
2.3571149086e-06 2.7471875000e+02 7.9082812500e+02 1.3350000381e+01
2.3667150799e-06 2.7381250000e+02 7.9007812500e+02 1.3264843941e+01
2.3763150239e-06 2.7132812500e+02 7.9345312500e+02 1.3154687881e+01
2.3859149678e-06 2.7154687500e+02 7.9211718750e+02 1.3195312500e+01
2.3955149118e-06 2.7434375000e+02 7.9136718750e+02 1.3347656250e+01
2.4051150831e-06 2.7312500000e+02 7.9108593750e+02 1.3397656441e+01
2.4147150270e-06 2.7068750000e+02 7.9371093750e+02 1.3243749619e+01
2.4243149710e-06 2.7079687500e+02 7.9216406250e+02 1.3273437500e+01
2.4339149149e-06 2.6992187500e+02 7.8946875000e+02 1.3419530869e+01
2.4435150863e-06 2.7040625000e+02 7.9242187500e+02 1.3393750191e+01
2.4531150302e-06 2.6995312500e+02 7.9061718750e+02 1.3164843559e+01
2.4627149742e-06 2.6856250000e+02 7.9171875000e+02 1.3321093559e+01
2.4723149181e-06 2.6889062500e+02 7.9181250000e+02 1.3237500191e+01
2.4819150894e-06 2.6839062500e+02 7.9089843750e+02 1.3401562691e+01
2.4915150334e-06 2.6779687500e+02 7.8958593750e+02 1.3364062309e+01
2.5011149773e-06 2.6715625000e+02 7.9188281250e+02 1.3203906059e+01
2.5107149213e-06 2.6806250000e+02 7.9176562500e+02 1.3272656441e+01
2.5203150926e-06 2.6796875000e+02 7.9200000000e+02 1.3303125381e+01
2.5299150366e-06 2.6590625000e+02 7.9204687500e+02 1.3324218750e+01
2.5395149805e-06 2.6420312500e+02 7.8897656250e+02 1.3314062119e+01
2.5491149245e-06 2.6635937500e+02 7.9117968750e+02 1.3261718750e+01
2.5587150958e-06 2.6481250000e+02 7.9010156250e+02 1.3285937309e+01
2.5683150398e-06 2.6392187500e+02 7.9061718750e+02 1.3268750191e+01
2.5779149837e-06 2.6576562500e+02 7.8949218750e+02 1.3157031059e+01
2.5875149277e-06 2.6410937500e+02 7.9141406250e+02 1.3273437500e+01
2.5971150990e-06 2.6231250000e+02 7.8796875000e+02 1.3294530869e+01
2.6067150429e-06 2.6310937500e+02 7.9202343750e+02 1.3192968369e+01
2.6163149869e-06 2.6085937500e+02 7.9232812500e+02 1.3247655869e+01
2.6259149308e-06 2.6196875000e+02 7.9026562500e+02 1.3229687691e+01
2.6355151022e-06 2.6164062500e+02 7.9209375000e+02 1.3334375381e+01
2.6451150461e-06 2.5973437500e+02 7.9167187500e+02 1.3301562309e+01
2.6547149901e-06 2.5882812500e+02 7.9089843750e+02 1.3378125191e+01
2.6643149340e-06 2.6043750000e+02 7.9150781250e+02 1.3314062119e+01
2.6739151053e-06 2.5856250000e+02 7.9420312500e+02 1.3355468750e+01
2.6835150493e-06 2.5910937500e+02 7.9141406250e+02 1.3377344131e+01
2.6931149932e-06 2.5904687500e+02 7.9181250000e+02 1.3277343750e+01
2.7027149372e-06 2.5534375000e+02 7.9232812500e+02 1.3332812309e+01
2.7123151085e-06 2.5837500000e+02 7.9284375000e+02 1.3326562881e+01
2.7219150525e-06 2.5910937500e+02 7.9317187500e+02 1.3253125191e+01
2.7315149964e-06 2.5790625000e+02 7.9169531250e+02 1.3343750000e+01
2.7411149404e-06 2.5653125000e+02 7.9117968750e+02 1.3154687881e+01
2.7507151117e-06 2.5742187500e+02 7.9059375000e+02 1.3215624809e+01
2.7603150556e-06 2.5648437500e+02 7.9216406250e+02 1.3268750191e+01
2.7699149996e-06 2.5534375000e+02 7.9024218750e+02 1.3190625191e+01
2.7795149435e-06 2.5600000000e+02 7.9143750000e+02 1.3265625000e+01
2.7891148875e-06 2.5404687500e+02 7.9164843750e+02 1.3251562119e+01
2.7987150588e-06 2.5767187500e+02 7.9094531250e+02 1.3330469131e+01
2.8083150028e-06 2.5334375000e+02 7.9117968750e+02 1.3207031250e+01
2.8179149467e-06 2.5362500000e+02 7.8878906250e+02 1.3339843750e+01
2.8275148907e-06 2.5370312500e+02 7.8813281250e+02 1.3155468941e+01
2.8371150620e-06 2.5265625000e+02 7.9115625000e+02 1.3222656250e+01
2.8467150059e-06 2.5279687500e+02 7.8911718750e+02 1.3291406631e+01
2.8563149499e-06 2.5257812500e+02 7.9207031250e+02 1.3319531441e+01
2.8659148938e-06 2.5256250000e+02 7.9064062500e+02 1.3193750381e+01
2.8755150652e-06 2.5009375000e+02 7.9082812500e+02 1.3224218369e+01
2.8851150091e-06 2.4951562500e+02 7.9064062500e+02 1.3217187881e+01
2.8947149531e-06 2.5164062500e+02 7.8958593750e+02 1.3246874809e+01
2.9043148970e-06 2.4978125000e+02 7.8991406250e+02 1.3189844131e+01
2.9139150683e-06 2.5276562500e+02 7.9078125000e+02 1.3192968369e+01
2.9235150123e-06 2.4935937500e+02 7.9120312500e+02 1.3177343369e+01
2.9331149562e-06 2.4915625000e+02 7.9214062500e+02 1.3332031250e+01
2.9427149002e-06 2.4718750000e+02 7.9155468750e+02 1.3202343941e+01
2.9523150715e-06 2.4818750000e+02 7.9139062500e+02 1.3289062500e+01
2.9619150155e-06 2.4875000000e+02 7.8907031250e+02 1.3262499809e+01
2.9715149594e-06 2.4673437500e+02 7.9054687500e+02 1.3196093559e+01
2.9811149034e-06 2.5007812500e+02 7.9003125000e+02 1.3250000000e+01
2.9907150747e-06 2.4556250000e+02 7.9075781250e+02 1.3157812119e+01
3.0003150187e-06 2.4709375000e+02 7.9153125000e+02 1.3235937119e+01
3.0099149626e-06 2.4448437500e+02 7.9106250000e+02 1.3324218750e+01
3.0195149066e-06 2.4665625000e+02 7.9132031250e+02 1.3278124809e+01
3.0291150779e-06 2.4635937500e+02 7.9132031250e+02 1.3121093750e+01
3.0387150218e-06 2.4501562500e+02 7.9035937500e+02 1.3205469131e+01
3.0483149658e-06 2.4468750000e+02 7.9000781250e+02 1.3273437500e+01
3.0579149097e-06 2.4476562500e+02 7.9232812500e+02 1.3232812881e+01
3.0675150811e-06 2.4425000000e+02 7.9200000000e+02 1.3317968369e+01
3.0771150250e-06 2.4209375000e+02 7.9075781250e+02 1.3306249619e+01
3.0867149690e-06 2.4328125000e+02 7.9228125000e+02 1.3146875381e+01
3.0963149129e-06 2.4318750000e+02 7.9260937500e+02 1.3261718750e+01
3.1059150842e-06 2.4385937500e+02 7.9422656250e+02 1.3192187309e+01
3.1155150282e-06 2.4168750000e+02 7.9064062500e+02 1.3155468941e+01
3.1251149721e-06 2.4137500000e+02 7.9366406250e+02 1.3114062309e+01
3.1347149161e-06 2.4210937500e+02 7.8935156250e+02 1.3155468941e+01
3.1443150874e-06 2.4137500000e+02 7.9059375000e+02 1.3087499619e+01
3.1539150314e-06 2.4168750000e+02 7.9221093750e+02 1.3210156441e+01
3.1635149753e-06 2.4151562500e+02 7.9181250000e+02 1.3043749809e+01
3.1731149193e-06 2.3954687500e+02 7.9242187500e+02 1.3082812309e+01
3.1827150906e-06 2.3960937500e+02 7.9317187500e+02 1.3043749809e+01
3.1923150345e-06 2.3968750000e+02 7.9068750000e+02 1.3169530869e+01
3.2019149785e-06 2.3960937500e+02 7.9078125000e+02 1.3227343559e+01
3.2115149224e-06 2.3914062500e+02 7.9110937500e+02 1.3149999619e+01
3.2211150938e-06 2.3950000000e+02 7.8951562500e+02 1.3117187500e+01
3.2307150377e-06 2.3823437500e+02 7.8998437500e+02 1.3179687500e+01
3.2403149817e-06 2.3734375000e+02 7.8967968750e+02 1.3217968941e+01
3.2499149256e-06 2.3814062500e+02 7.9125000000e+02 1.3110156059e+01
3.2595150969e-06 2.3703125000e+02 7.9057031250e+02 1.3194531441e+01
3.2691150409e-06 2.3812500000e+02 7.9085156250e+02 1.3184374809e+01
3.2787149848e-06 2.3864062500e+02 7.9012500000e+02 1.3139062881e+01
3.2883149288e-06 2.3689062500e+02 7.8970312500e+02 1.3101562500e+01
3.2979151001e-06 2.3760937500e+02 7.9232812500e+02 1.3037500381e+01
3.3075150441e-06 2.3590625000e+02 7.9080468750e+02 1.3138280869e+01
3.3171149880e-06 2.3390625000e+02 7.9068750000e+02 1.3063281059e+01
3.3267149320e-06 2.3448437500e+02 7.8829687500e+02 1.3089062691e+01
3.3363151033e-06 2.3568750000e+02 7.9073437500e+02 1.3003125191e+01
3.3459150472e-06 2.3475000000e+02 7.9007812500e+02 1.3049219131e+01
3.3555149912e-06 2.3412500000e+02 7.8914062500e+02 1.3010937691e+01
3.3651149351e-06 2.3468750000e+02 7.8928125000e+02 1.2985156059e+01
3.3747151065e-06 2.3343750000e+02 7.9040625000e+02 1.3100781441e+01
3.3843150504e-06 2.3260937500e+02 7.9117968750e+02 1.3214062691e+01
3.3939149944e-06 2.3287500000e+02 7.8991406250e+02 1.3107812881e+01
3.4035149383e-06 2.3248437500e+02 7.9017187500e+02 1.3072656631e+01
3.4131151097e-06 2.3231250000e+02 7.8963281250e+02 1.2939062119e+01
3.4227150536e-06 2.3279687500e+02 7.8916406250e+02 1.3164843559e+01
3.4323149976e-06 2.3189062500e+02 7.8970312500e+02 1.3076562881e+01
3.4419149415e-06 2.3160937500e+02 7.8972656250e+02 1.3107030869e+01
3.4515151128e-06 2.2904687500e+02 7.9071093750e+02 1.2981249809e+01
3.4611150568e-06 2.3046875000e+02 7.9239843750e+02 1.3063281059e+01
3.4707150007e-06 2.2931250000e+02 7.9007812500e+02 1.2965624809e+01
3.4803149447e-06 2.2959375000e+02 7.8881250000e+02 1.2867968559e+01
3.4899148886e-06 2.3303125000e+02 7.9017187500e+02 1.2955469131e+01
3.4995150600e-06 2.3103125000e+02 7.9045312500e+02 1.2938281059e+01
3.5091150039e-06 2.2900000000e+02 7.9003125000e+02 1.2930468559e+01
3.5187149479e-06 2.3023437500e+02 7.8916406250e+02 1.2976562500e+01
3.5283148918e-06 2.2696875000e+02 7.8895312500e+02 1.2922656059e+01
3.5379150631e-06 2.2614062500e+02 7.9047656250e+02 1.2952343941e+01
3.5475150071e-06 2.2856250000e+02 7.8881250000e+02 1.2946874619e+01
3.5571149510e-06 2.2915625000e+02 7.9181250000e+02 1.2887499809e+01
3.5667148950e-06 2.2792187500e+02 7.8984375000e+02 1.2895312309e+01
3.5763150663e-06 2.2884375000e+02 7.8960937500e+02 1.2870312691e+01
3.5859150103e-06 2.2700000000e+02 7.8953906250e+02 1.2894531250e+01
3.5955149542e-06 2.2615625000e+02 7.8951562500e+02 1.2922656059e+01
3.6051148982e-06 2.2631250000e+02 7.8958593750e+02 1.2881250381e+01
3.6147150695e-06 2.2504687500e+02 7.9019531250e+02 1.2776562691e+01
3.6243150134e-06 2.2589062500e+02 7.9096875000e+02 1.3045312881e+01
3.6339149574e-06 2.2587500000e+02 7.9157812500e+02 1.2729687691e+01
3.6435149013e-06 2.2745312500e+02 7.8707812500e+02 1.2879687309e+01
3.6531150727e-06 2.2456250000e+02 7.8810937500e+02 1.2766406059e+01
3.6627150166e-06 2.2600000000e+02 7.8834375000e+02 1.2758593559e+01
3.6723149606e-06 2.2470312500e+02 7.8871875000e+02 1.2752344131e+01
3.6819149045e-06 2.2576562500e+02 7.8993750000e+02 1.2760937691e+01
3.6915150758e-06 2.2245312500e+02 7.9082812500e+02 1.2619531631e+01
3.7011150198e-06 2.2335937500e+02 7.8665625000e+02 1.2769531250e+01
3.7107149637e-06 2.2462500000e+02 7.8663281250e+02 1.2723437309e+01
3.7203149077e-06 2.2382812500e+02 7.8984375000e+02 1.2837499619e+01
3.7299150790e-06 2.2385937500e+02 7.8815625000e+02 1.2791406631e+01
3.7395150230e-06 2.2435937500e+02 7.9139062500e+02 1.2824218750e+01
3.7491149669e-06 2.2282812500e+02 7.8839062500e+02 1.2708593369e+01
3.7587149109e-06 2.2460937500e+02 7.9075781250e+02 1.2616406441e+01
3.7683150822e-06 2.2221875000e+02 7.9103906250e+02 1.2667187691e+01
3.7779150261e-06 2.2279687500e+02 7.8684375000e+02 1.2692187309e+01
3.7875149701e-06 2.2296875000e+02 7.8782812500e+02 1.2796093941e+01
3.7971149141e-06 2.2051562500e+02 7.8897656250e+02 1.2677343369e+01
3.8067150854e-06 2.2146875000e+02 7.8810937500e+02 1.2665624619e+01
3.8163148020e-06 2.2393750000e+02 7.8792187500e+02 1.2711718559e+01
3.8259149733e-06 2.2240625000e+02 7.8979687500e+02 1.2629687309e+01
3.8355151446e-06 2.2085937500e+02 7.9007812500e+02 1.2620312691e+01
3.8451148612e-06 2.2042187500e+02 7.8883593750e+02 1.2546875000e+01
3.8547150325e-06 2.2125000000e+02 7.8874218750e+02 1.2689062119e+01
3.8643152038e-06 2.2051562500e+02 7.8932812500e+02 1.2757031441e+01
3.8739149204e-06 2.2006250000e+02 7.8935156250e+02 1.2620312691e+01
3.8835150917e-06 2.1945312500e+02 7.9066406250e+02 1.2557812691e+01
3.8931148083e-06 2.2059375000e+02 7.8862500000e+02 1.2665624619e+01
3.9027149796e-06 2.1525000000e+02 8.1175781250e+02 8.9835939407e+00
3.9123151510e-06 1.9534375000e+02 8.3690625000e+02 8.1796875000e+00
3.9219148675e-06 1.7434375000e+02 8.4203906250e+02 8.0375003815e+00
3.9315150389e-06 1.5332812500e+02 8.4825000000e+02 7.6945314407e+00
3.9411152102e-06 1.3468750000e+02 8.4907031250e+02 7.1484375000e+00
3.9507149268e-06 1.1643750000e+02 8.4201562500e+02 6.5796875954e+00
3.9603150981e-06 1.0231250000e+02 8.3043750000e+02 5.7570314407e+00
3.9699148147e-06 8.9703125000e+01 8.1480468750e+02 5.0773439407e+00
3.9795149860e-06 7.7750000000e+01 8.0564062500e+02 4.3640623093e+00
3.9891151573e-06 6.8562500000e+01 7.9797656250e+02 3.9687500000e+00
3.9987148739e-06 6.0953125000e+01 7.9816406250e+02 3.5726561546e+00
4.0083150452e-06 5.2718750000e+01 8.0296875000e+02 3.4359374046e+00
4.0179152165e-06 4.7984375000e+01 8.0983593750e+02 3.2742187977e+00
4.0275149331e-06 4.3484375000e+01 8.1058593750e+02 2.9203124046e+00
4.0371151044e-06 4.0953125000e+01 8.0711718750e+02 2.7304687500e+00
4.0467148210e-06 3.5000000000e+01 8.0125781250e+02 2.2218749523e+00
4.0563149923e-06 3.2093750000e+01 7.9197656250e+02 1.7601562738e+00
4.0659151637e-06 2.9468750000e+01 7.8869531250e+02 1.6046874523e+00
4.0755148802e-06 2.8140625000e+01 7.8675000000e+02 1.3921874762e+00
4.0851150516e-06 2.6734375000e+01 7.9117968750e+02 1.2617187500e+00
4.0947152229e-06 2.3406250000e+01 7.9378125000e+02 1.1617187262e+00
4.1043149395e-06 2.4484375000e+01 7.9771875000e+02 1.1953125000e+00
4.1139151108e-06 2.2937500000e+01 7.9973437500e+02 1.1539062262e+00
4.1235148274e-06 2.2031250000e+01 7.9528125000e+02 9.7265625000e-01
4.1331149987e-06 1.9968750000e+01 7.9350000000e+02 7.8515625000e-01
4.1427151700e-06 1.7531250000e+01 7.8970312500e+02 5.5859375000e-01
4.1523148866e-06 1.8453125000e+01 7.8403125000e+02 3.2578125596e-01
4.1619150579e-06 2.0156250000e+01 7.8649218750e+02 3.4921875596e-01
4.1715147745e-06 1.7656250000e+01 7.8937500000e+02 3.4687501192e-01
4.1811149458e-06 1.7578125000e+01 7.9251562500e+02 2.1796874702e-01
4.1907151171e-06 1.7437500000e+01 7.9448437500e+02 4.1953125596e-01
4.2003148337e-06 1.8046875000e+01 7.9495312500e+02 3.6093750596e-01
4.2099150050e-06 1.6515625000e+01 7.9331250000e+02 3.4687501192e-01
4.2195151764e-06 1.6671875000e+01 7.9251562500e+02 9.5312498510e-02
4.2291148930e-06 1.5781250000e+01 7.8825000000e+02 -6.7968748510e-02
4.2387150643e-06 1.4250000000e+01 7.8660937500e+02 -6.6406250000e-02
4.2483147809e-06 1.4328125000e+01 7.8771093750e+02 1.0156249627e-02
4.2579149522e-06 1.5218750000e+01 7.8972656250e+02 -7.5781248510e-02
4.2675151235e-06 1.5671875000e+01 7.9270312500e+02 -9.3750003725e-03
4.2771148401e-06 1.3171875000e+01 7.9300781250e+02 9.2187501490e-02
4.2867150114e-06 1.0609375000e+01 7.9439062500e+02 -8.4375001490e-02
4.2963151827e-06 1.3171875000e+01 7.9209375000e+02 1.1015625298e-01
4.3059148993e-06 1.2406250000e+01 7.8911718750e+02 -3.1250000466e-03
4.3155150706e-06 1.2625000000e+01 7.8539062500e+02 -1.4765624702e-01
4.3251147872e-06 1.1125000000e+01 7.8810937500e+02 -2.5156250596e-01
4.3347149585e-06 1.1062500000e+01 7.8705468750e+02 -1.4296874404e-01
4.3443151299e-06 1.2484375000e+01 7.9010156250e+02 -3.3593751490e-02
4.3551949602e-06 1.0562500000e+01 7.9260937500e+02 -5.7031251490e-02
4.3651148189e-06 1.2140625000e+01 7.9406250000e+02 -4.2968750000e-02
4.3798349907e-06 1.1359375000e+01 7.9146093750e+02 -4.8437498510e-02
4.3916747927e-06 1.0781250000e+01 7.9064062500e+02 -9.8437502980e-02
4.4028752200e-06 1.0765625000e+01 7.8623437500e+02 -1.9687500596e-01
4.4262351366e-06 1.0046875000e+01 7.9054687500e+02 -1.9218750298e-01
4.4460748541e-06 1.0828125000e+01 7.9300781250e+02 -1.4609375596e-01
4.4806351980e-06 1.0015625000e+01 7.8834375000e+02 -2.0000000298e-01
4.5635151764e-06 1.0812500000e+01 7.9096875000e+02 -2.6875001192e-01
