# epoch total_loss data_loss physics_loss w_data w_physics lr
1.0000000000e+00 9.5502591133e-01 9.6585464478e-01 9.4417268038e-01 5.0056758231e-01 4.9943241717e-01 1.0000000000e-03
2.0000000000e+00 7.6763105392e-01 8.4033465385e-01 6.9336903095e-01 5.0530202375e-01 4.9469797513e-01 1.0000000000e-03
3.0000000000e+00 6.6556096077e-01 7.1130460501e-01 6.1827862263e-01 5.0827013460e-01 4.9172986364e-01 1.0000000000e-03
4.0000000000e+00 5.4716622829e-01 5.8364957571e-01 5.0906342268e-01 5.1085600917e-01 4.8914398833e-01 1.0000000000e-03
5.0000000000e+00 4.3510073423e-01 4.6177878976e-01 4.0700709820e-01 5.1292260500e-01 4.8707739160e-01 1.0000000000e-03
6.0000000000e+00 3.5199818015e-01 3.5081255436e-01 3.5323944688e-01 5.1145799200e-01 4.8854200352e-01 1.0000000000e-03
7.0000000000e+00 2.7647125721e-01 2.5581708550e-01 2.9767215252e-01 5.0653117292e-01 4.9346882124e-01 1.0000000000e-03
8.0000000000e+00 1.9963902235e-01 1.7872923613e-01 2.2060199082e-01 5.0063519446e-01 4.9936479778e-01 1.0000000000e-03
9.0000000000e+00 1.3674387336e-01 1.2030778825e-01 1.5282990038e-01 4.9461824524e-01 5.0538174411e-01 1.0000000000e-03
1.0000000000e+01 1.0158902407e-01 8.1384584308e-02 1.2064998597e-01 4.8543892295e-01 5.1456106252e-01 1.0000000000e-03
1.1000000000e+01 8.4412805736e-02 6.3219219446e-02 1.0357244313e-01 4.7479813365e-01 5.2520184728e-01 1.0000000000e-03
1.2000000000e+01 7.9484157264e-02 6.7750178277e-02 8.9902006090e-02 4.7029277970e-01 5.2970719680e-01 1.0000000000e-03
1.3000000000e+01 8.5013344884e-02 8.3111450076e-02 8.6714908481e-02 4.7220257449e-01 5.2779739847e-01 1.0000000000e-03
1.4000000000e+01 8.5273332894e-02 9.0530321002e-02 8.0460891128e-02 4.7792674300e-01 5.2207322681e-01 1.0000000000e-03
1.5000000000e+01 8.3637103438e-02 9.1517150402e-02 7.6225236058e-02 4.8469221997e-01 5.1530774690e-01 1.0000000000e-03
1.6000000000e+01 8.6430378258e-02 9.6148438752e-02 7.7028058469e-02 4.9174348415e-01 5.0825648026e-01 1.0000000000e-03
1.7000000000e+01 8.5080645978e-02 1.0402129591e-01 6.5849535167e-02 5.0380465753e-01 4.9619530455e-01 1.0000000000e-03
1.8000000000e+01 8.1959649920e-02 1.1021752656e-01 5.1133602858e-02 5.2173330131e-01 4.7826665837e-01 1.0000000000e-03
1.9000000000e+01 8.1834025681e-02 1.1258511245e-01 4.5630216599e-02 5.4071938791e-01 4.5928056947e-01 1.0000000000e-03
2.0000000000e+01 7.9685710371e-02 1.1012550443e-01 4.1021533310e-02 5.5950729394e-01 4.4049266109e-01 1.0000000000e-03
2.1000000000e+01 7.4040800333e-02 1.0412123799e-01 3.2544933259e-02 5.7974310685e-01 4.2025684536e-01 1.0000000000e-03
2.2000000000e+01 6.6824272275e-02 9.4792403281e-02 2.4676907808e-02 6.0111335292e-01 3.9888659570e-01 1.0000000000e-03
2.3000000000e+01 5.8080445975e-02 8.1127770245e-02 2.0321575925e-02 6.2097075603e-01 3.7902918787e-01 1.0000000000e-03
2.4000000000e+01 4.8456296325e-02 6.4806193113e-02 1.9973328337e-02 6.3531452883e-01 3.6468540888e-01 1.0000000000e-03
2.5000000000e+01 4.0116533637e-02 4.9740053713e-02 2.2995602340e-02 6.4016775765e-01 3.5983217255e-01 1.0000000000e-03
2.6000000000e+01 3.4467224032e-02 3.8643669337e-02 2.7206523344e-02 6.3483518901e-01 3.6516473298e-01 1.0000000000e-03
2.7000000000e+01 3.1686633825e-02 3.1780973077e-02 3.1531699002e-02 6.2154852173e-01 3.7845139227e-01 1.0000000000e-03
2.8000000000e+01 3.2099746168e-02 2.8215810657e-02 3.7974979728e-02 6.0202166392e-01 3.9797824357e-01 1.0000000000e-03
2.9000000000e+01 3.5424653441e-02 2.6932401583e-02 4.7066494823e-02 5.7821517267e-01 4.2178473056e-01 1.0000000000e-03
3.0000000000e+01 3.9141256362e-02 2.7093181387e-02 5.4092619568e-02 5.5376547379e-01 4.4623442680e-01 1.0000000000e-03
3.1000000000e+01 4.1159868240e-02 2.8123199940e-02 5.5969346315e-02 5.3183207666e-01 4.6816782198e-01 1.0000000000e-03
3.2000000000e+01 4.2116094381e-02 2.9246445745e-02 5.5677577853e-02 5.1308723056e-01 4.8691266644e-01 1.0000000000e-03
3.3000000000e+01 4.2041301727e-02 2.9280442744e-02 5.4633416235e-02 4.9667195611e-01 5.0332793927e-01 1.0000000000e-03
3.4000000000e+01 4.0030270815e-02 2.8058957309e-02 5.1187995821e-02 4.8241174166e-01 5.1758815156e-01 1.0000000000e-03
3.5000000000e+01 3.7065509707e-02 2.7047550306e-02 4.5992325991e-02 4.7120177288e-01 5.2879811733e-01 1.0000000000e-03
3.6000000000e+01 3.4243393689e-02 2.7519235387e-02 4.0082812309e-02 4.6478928456e-01 5.3521060183e-01 1.0000000000e-03
3.7000000000e+01 3.1310290098e-02 2.9300743714e-02 3.3058997244e-02 4.6529698332e-01 5.3470289840e-01 1.0000000000e-03
3.8000000000e+01 2.8883410618e-02 3.1661186367e-02 2.6387168095e-02 4.7331005576e-01 5.2668982056e-01 1.0000000000e-03
3.9000000000e+01 2.7630873024e-02 3.4083601087e-02 2.1497806534e-02 4.8730098573e-01 5.1269888497e-01 1.0000000000e-03
4.0000000000e+01 2.6945441961e-02 3.6225579679e-02 1.7436943948e-02 5.0607716618e-01 4.9392269882e-01 1.0000000000e-03
4.1000000000e+01 2.6714675128e-02 3.7985216826e-02 1.4085770585e-02 5.2841834379e-01 4.7158151550e-01 1.0000000000e-03
4.2000000000e+01 2.7206255123e-02 3.9245996624e-02 1.2397296727e-02 5.5157086701e-01 4.4842898699e-01 1.0000000000e-03
4.3000000000e+01 2.7855750173e-02 3.9706535637e-02 1.1933084577e-02 5.7330537591e-01 4.2669447332e-01 1.0000000000e-03
4.4000000000e+01 2.8254635632e-02 3.9403591305e-02 1.2039395049e-02 5.9257144835e-01 4.0742839652e-01 1.0000000000e-03
4.5000000000e+01 2.8614634648e-02 3.8690872490e-02 1.2972794473e-02 6.0820419670e-01 3.9179564433e-01 1.0000000000e-03
4.6000000000e+01 2.8851669282e-02 3.7578307092e-02 1.4653997496e-02 6.1932833355e-01 3.8067150423e-01 1.0000000000e-03
4.7000000000e+01 2.8742177412e-02 3.5874348134e-02 1.6831865534e-02 6.2546022887e-01 3.7453960616e-01 1.0000000000e-03
4.8000000000e+01 2.8418600559e-02 3.3721536398e-02 1.9533667713e-02 6.2623483470e-01 3.7376499805e-01 1.0000000000e-03
4.9000000000e+01 2.7886908501e-02 3.1422536820e-02 2.2060010582e-02 6.2236422010e-01 3.7763561068e-01 1.0000000000e-03
5.0000000000e+01 2.6996366680e-02 2.9175370932e-02 2.3508176208e-02 6.1550631183e-01 3.8449351688e-01 1.0000000000e-03
5.1000000000e+01 2.5940969586e-02 2.7140174061e-02 2.4089287966e-02 6.0693333782e-01 3.9306648850e-01 1.0000000000e-03
5.2000000000e+01 2.4898191914e-02 2.5398148224e-02 2.4156050757e-02 5.9749326536e-01 4.0250655815e-01 1.0000000000e-03
5.3000000000e+01 2.3839095607e-02 2.4023095146e-02 2.3576274514e-02 5.8821328384e-01 4.1178653631e-01 1.0000000000e-03
5.4000000000e+01 2.3007094860e-02 2.3224515840e-02 2.2706910968e-02 5.7995539839e-01 4.2004441798e-01 1.0000000000e-03
5.5000000000e+01 2.2634815425e-02 2.3093046620e-02 2.2019537166e-02 5.7314965874e-01 4.2685015382e-01 1.0000000000e-03
5.6000000000e+01 2.2567193955e-02 2.3435022682e-02 2.1425824612e-02 5.6807404828e-01 4.3192576074e-01 1.0000000000e-03
5.7000000000e+01 2.2694217041e-02 2.3996759206e-02 2.1005237475e-02 5.6459039716e-01 4.3540940873e-01 1.0000000000e-03
5.8000000000e+01 2.2958610207e-02 2.4524688721e-02 2.0948663354e-02 5.6206334664e-01 4.3793645667e-01 1.0000000000e-03
5.9000000000e+01 2.3106845096e-02 2.4741901085e-02 2.1026583388e-02 5.5991581677e-01 4.4008398436e-01 1.0000000000e-03
6.0000000000e+01 2.3012008518e-02 2.4533420801e-02 2.1093703806e-02 5.5769360065e-01 4.4230619845e-01 1.0000000000e-03
6.1000000000e+01 2.2720046341e-02 2.3980243132e-02 2.1147953346e-02 5.5506227775e-01 4.4493751928e-01 1.0000000000e-03
6.2000000000e+01 2.2242013365e-02 2.3219188675e-02 2.1037904546e-02 5.5202037092e-01 4.4797942381e-01 1.0000000000e-03
6.3000000000e+01 2.1704338491e-02 2.2404611111e-02 2.0853247494e-02 5.4861147999e-01 4.5138831215e-01 1.0000000000e-03
6.4000000000e+01 2.1255668253e-02 2.1664675325e-02 2.0766140893e-02 5.4480914290e-01 4.5519064646e-01 1.0000000000e-03
6.5000000000e+01 2.0879702643e-02 2.1086277440e-02 2.0636362955e-02 5.4086738957e-01 4.5913239689e-01 1.0000000000e-03
6.6000000000e+01 2.0594432950e-02 2.0795414224e-02 2.0361052826e-02 5.3730833353e-01 4.6269144998e-01 1.0000000000e-03
6.7000000000e+01 2.0409479737e-02 2.0896619186e-02 1.9849324599e-02 5.3486263955e-01 4.6513714107e-01 1.0000000000e-03
6.8000000000e+01 2.0233090967e-02 2.1385932341e-02 1.8909644336e-02 5.3444901730e-01 4.6555076044e-01 1.0000000000e-03
6.9000000000e+01 2.0080558956e-02 2.2186907008e-02 1.7640398815e-02 5.3671187932e-01 4.6328789554e-01 1.0000000000e-03
7.0000000000e+01 1.9991297275e-02 2.3134486750e-02 1.6275485978e-02 5.4174278956e-01 4.5825698244e-01 1.0000000000e-03
7.1000000000e+01 1.9955391064e-02 2.4034034461e-02 1.4987263829e-02 5.4916058815e-01 4.5083918102e-01 1.0000000000e-03
7.2000000000e+01 1.9995994866e-02 2.4776306003e-02 1.3955920935e-02 5.5821270665e-01 4.4178705978e-01 1.0000000000e-03
7.3000000000e+01 2.0064843819e-02 2.5274705142e-02 1.3213152997e-02 5.6806071403e-01 4.3193904978e-01 1.0000000000e-03
7.4000000000e+01 2.0090274513e-02 2.5414248928e-02 1.2805692852e-02 5.7774936003e-01 4.2225040123e-01 1.0000000000e-03
7.5000000000e+01 2.0040258765e-02 2.5106873363e-02 1.2865948491e-02 5.8609241455e-01 4.1390734426e-01 1.0000000000e-03
7.6000000000e+01 1.9871123135e-02 2.4350026622e-02 1.3371370733e-02 5.9203544812e-01 4.0796430829e-01 1.0000000000e-03
7.7000000000e+01 1.9605666399e-02 2.3254964501e-02 1.4247911051e-02 5.9484037055e-01 4.0515938356e-01 1.0000000000e-03
7.8000000000e+01 1.9323665649e-02 2.1984465420e-02 1.5428888611e-02 5.9411732970e-01 4.0588242226e-01 1.0000000000e-03
7.9000000000e+01 1.9079547375e-02 2.0694896579e-02 1.6755366698e-02 5.8996526447e-01 4.1003448560e-01 1.0000000000e-03
8.0000000000e+01 1.8921671435e-02 1.9540928304e-02 1.8056111410e-02 5.8294337021e-01 4.1705637825e-01 1.0000000000e-03
8.1000000000e+01 1.8859460950e-02 1.8631473184e-02 1.9166590646e-02 5.7394115656e-01 4.2605859060e-01 1.0000000000e-03
8.2000000000e+01 1.8844677135e-02 1.8005630001e-02 1.9930107519e-02 5.6401053162e-01 4.3598921447e-01 1.0000000000e-03
8.3000000000e+01 1.8828798085e-02 1.7688391730e-02 2.0246727392e-02 5.5423747773e-01 4.4576226739e-01 1.0000000000e-03
8.4000000000e+01 1.8767351285e-02 1.7702193931e-02 2.0046859980e-02 5.4570812175e-01 4.5429162236e-01 1.0000000000e-03
8.5000000000e+01 1.8649635836e-02 1.8020965159e-02 1.9385615364e-02 5.3931321898e-01 4.6068652399e-01 1.0000000000e-03
8.6000000000e+01 1.8505781889e-02 1.8547624350e-02 1.8457556143e-02 5.3550358029e-01 4.6449616136e-01 1.0000000000e-03
8.7000000000e+01 1.8359735608e-02 1.9169529900e-02 1.7430558801e-02 5.3432884577e-01 4.6567089439e-01 1.0000000000e-03
8.8000000000e+01 1.8240356818e-02 1.9817713648e-02 1.6421306878e-02 5.3558206444e-01 4.6441767412e-01 1.0000000000e-03
8.9000000000e+01 1.8153626472e-02 2.0420694724e-02 1.5504407696e-02 5.3886625415e-01 4.6113348271e-01 1.0000000000e-03
9.0000000000e+01 1.8080534413e-02 2.0874254405e-02 1.4753461815e-02 5.4356954345e-01 4.5643019166e-01 1.0000000000e-03
9.1000000000e+01 1.8009975553e-02 2.1096585318e-02 1.4254335314e-02 5.4889018441e-01 4.5110954890e-01 1.0000000000e-03
9.2000000000e+01 1.7931835726e-02 2.1067550406e-02 1.4036560431e-02 5.5401563123e-01 4.4598410026e-01 1.0000000000e-03
9.3000000000e+01 1.7853101715e-02 2.0828355104e-02 1.4093097299e-02 5.5825748986e-01 4.4174223985e-01 1.0000000000e-03
9.4000000000e+01 1.7788376659e-02 2.0458979532e-02 1.4373290353e-02 5.6116742972e-01 4.3883229830e-01 1.0000000000e-03
9.5000000000e+01 1.7742425203e-02 2.0048523322e-02 1.4775996096e-02 5.6262080660e-01 4.3737891991e-01 1.0000000000e-03
9.6000000000e+01 1.7710316926e-02 1.9660022110e-02 1.5200975351e-02 5.6275417616e-01 4.3724554901e-01 1.0000000000e-03
9.7000000000e+01 1.7668347806e-02 1.9314432517e-02 1.5557409264e-02 5.6186564375e-01 4.3813408022e-01 1.0000000000e-03
9.8000000000e+01 1.7596699297e-02 1.9027452916e-02 1.5773124993e-02 5.6035474453e-01 4.3964497831e-01 1.0000000000e-03
9.9000000000e+01 1.7492724583e-02 1.8828319386e-02 1.5801902860e-02 5.5868887191e-01 4.4131084977e-01 1.0000000000e-03
1.0000000000e+02 1.7369290814e-02 1.8729746342e-02 1.5656748787e-02 5.5728828928e-01 4.4271143115e-01 1.0000000000e-03
1.0100000000e+02 1.7253886908e-02 1.8711233512e-02 1.5426189639e-02 5.5637094377e-01 4.4362877532e-01 1.0000000000e-03
1.0200000000e+02 1.7166087404e-02 1.8735602498e-02 1.5201136470e-02 5.5594126634e-01 4.4405845139e-01 1.0000000000e-03
1.0300000000e+02 1.7109829932e-02 1.8766779453e-02 1.5036053024e-02 5.5586548691e-01 4.4413422946e-01 1.0000000000e-03
1.0400000000e+02 1.7072055489e-02 1.8762787804e-02 1.4955488034e-02 5.5592467269e-01 4.4407504239e-01 1.0000000000e-03
1.0500000000e+02 1.7031904310e-02 1.8678389490e-02 1.4971435070e-02 5.5584032227e-01 4.4415939157e-01 1.0000000000e-03
1.0600000000e+02 1.6976585612e-02 1.8488379195e-02 1.5088665299e-02 5.5531883044e-01 4.4468088223e-01 1.0000000000e-03
1.0700000000e+02 1.6904015094e-02 1.8204314634e-02 1.5287932940e-02 5.5414074721e-01 4.4585896434e-01 1.0000000000e-03
1.0800000000e+02 1.6824420542e-02 1.7877558246e-02 1.5525514260e-02 5.5224735653e-01 4.4775235394e-01 1.0000000000e-03
1.0900000000e+02 1.6749143600e-02 1.7579413950e-02 1.5735238791e-02 5.4979041891e-01 4.5020929049e-01 1.0000000000e-03
1.1000000000e+02 1.6681805253e-02 1.7369333655e-02 1.5851302072e-02 5.4709613330e-01 4.5290357506e-01 1.0000000000e-03
1.1100000000e+02 1.6618901864e-02 1.7275936902e-02 1.5833292156e-02 5.4456511843e-01 4.5543458889e-01 1.0000000000e-03
1.1200000000e+02 1.6553085297e-02 1.7304547131e-02 1.5661653131e-02 5.4260037617e-01 4.5739933008e-01 1.0000000000e-03
1.1300000000e+02 1.6482753679e-02 1.7452901229e-02 1.5336683951e-02 5.4156728794e-01 4.5843241719e-01 1.0000000000e-03
1.1400000000e+02 1.6413303092e-02 1.7703158781e-02 1.4888557605e-02 5.4172851263e-01 4.5827119130e-01 1.0000000000e-03
1.1500000000e+02 1.6354752705e-02 1.8009021878e-02 1.4388044365e-02 5.4314407850e-01 4.5685562418e-01 1.0000000000e-03
1.1600000000e+02 1.6312832013e-02 1.8303764984e-02 1.3922046870e-02 5.4562811342e-01 4.5437158796e-01 1.0000000000e-03
1.1700000000e+02 1.6283677891e-02 1.8521439284e-02 1.3561931439e-02 5.4879437821e-01 4.5120532186e-01 1.0000000000e-03
1.1800000000e+02 1.6256254166e-02 1.8610382453e-02 1.3354033232e-02 5.5213711099e-01 4.4786258779e-01 1.0000000000e-03
1.1900000000e+02 1.6218004748e-02 1.8539758399e-02 1.3321015984e-02 5.5511329935e-01 4.4488639816e-01 1.0000000000e-03
1.2000000000e+02 1.6163811088e-02 1.8309054896e-02 1.3464053161e-02 5.5722632615e-01 4.4277337014e-01 1.0000000000e-03
1.2100000000e+02 1.6097873449e-02 1.7952356488e-02 1.3755547814e-02 5.5812159756e-01 4.4187809756e-01 1.0000000000e-03
1.2200000000e+02 1.6029911116e-02 1.7531141639e-02 1.4137252234e-02 5.5766790080e-01 4.4233179323e-01 1.0000000000e-03
1.2300000000e+02 1.5967980027e-02 1.7115602270e-02 1.4530967921e-02 5.5598468679e-01 4.4401500624e-01 1.0000000000e-03
1.2400000000e+02 1.5913488343e-02 1.6763458028e-02 1.4860288240e-02 5.5339528473e-01 4.4660440738e-01 1.0000000000e-03
1.2500000000e+02 1.5861859545e-02 1.6509758309e-02 1.5068915673e-02 5.5033709362e-01 4.4966259760e-01 1.0000000000e-03
1.2600000000e+02 1.5807520598e-02 1.6371903941e-02 1.5125257894e-02 5.4728234931e-01 4.5271734104e-01 1.0000000000e-03
1.2700000000e+02 1.5749333426e-02 1.6355112195e-02 1.5024692751e-02 5.4467396347e-01 4.5532572598e-01 1.0000000000e-03
1.2800000000e+02 1.5690237284e-02 1.6445333138e-02 1.4793593436e-02 5.4285027060e-01 4.5714941790e-01 1.0000000000e-03
1.2900000000e+02 1.5634872019e-02 1.6604674980e-02 1.4487350360e-02 5.4197015833e-01 4.5802952915e-01 1.0000000000e-03
1.3000000000e+02 1.5585143119e-02 1.6782049090e-02 1.4168756083e-02 5.4199481322e-01 4.5800487320e-01 1.0000000000e-03
1.3100000000e+02 1.5538828447e-02 1.6930010170e-02 1.3887644745e-02 5.4273138957e-01 4.5726829577e-01 1.0000000000e-03
1.3200000000e+02 1.5492093749e-02 1.7014138401e-02 1.3677101582e-02 5.4389469719e-01 4.5610498703e-01 1.0000000000e-03
1.3300000000e+02 1.5442753211e-02 1.7017755657e-02 1.3554938138e-02 5.4516846148e-01 4.5483122161e-01 1.0000000000e-03
1.3400000000e+02 1.5392184258e-02 1.6944760457e-02 1.3522986323e-02 5.4626700107e-01 4.5373268089e-01 1.0000000000e-03
1.3500000000e+02 1.5343461186e-02 1.6817662865e-02 1.3563390821e-02 5.4699604175e-01 4.5300363909e-01 1.0000000000e-03
1.3600000000e+02 1.5298403800e-02 1.6668722034e-02 1.3641811907e-02 5.4728958474e-01 4.5271009503e-01 1.0000000000e-03
1.3700000000e+02 1.5255794860e-02 1.6527451575e-02 1.3719012029e-02 5.4720319978e-01 4.5279647895e-01 1.0000000000e-03
1.3800000000e+02 1.5212090686e-02 1.6412450001e-02 1.3763408177e-02 5.4687220144e-01 4.5312747628e-01 1.0000000000e-03
1.3900000000e+02 1.5164487995e-02 1.6331937164e-02 1.3757851906e-02 5.4646230341e-01 4.5353737331e-01 1.0000000000e-03
1.4000000000e+02 1.5113378875e-02 1.6286846250e-02 1.3701405376e-02 5.4612681123e-01 4.5387286447e-01 1.0000000000e-03
1.4100000000e+02 1.5061894432e-02 1.6268899664e-02 1.3610524125e-02 5.4596261724e-01 4.5403705742e-01 1.0000000000e-03
1.4200000000e+02 1.5013428405e-02 1.6259277239e-02 1.3515280560e-02 5.4597429256e-01 4.5402538104e-01 1.0000000000e-03
1.4300000000e+02 1.4968918636e-02 1.6235245392e-02 1.3445517980e-02 5.4607639956e-01 4.5392327299e-01 1.0000000000e-03
1.4400000000e+02 1.4926560223e-02 1.6179719940e-02 1.3418654911e-02 5.4613295842e-01 4.5386671309e-01 1.0000000000e-03
1.4500000000e+02 1.4883542433e-02 1.6085470095e-02 1.3438043185e-02 5.4600323469e-01 4.5399643580e-01 1.0000000000e-03
1.4600000000e+02 1.4838330448e-02 1.5956236050e-02 1.3496178202e-02 5.4557921913e-01 4.5442045036e-01 1.0000000000e-03
1.4700000000e+02 1.4791646972e-02 1.5806801617e-02 1.3576605357e-02 5.4481627154e-01 4.5518339697e-01 1.0000000000e-03
1.4800000000e+02 1.4745119959e-02 1.5660692006e-02 1.3653935865e-02 5.4375741589e-01 4.5624225166e-01 1.0000000000e-03
1.4900000000e+02 1.4699703082e-02 1.5543451533e-02 1.3699059375e-02 5.4253527067e-01 4.5746439592e-01 1.0000000000e-03
1.5000000000e+02 1.4655042440e-02 1.5473783016e-02 1.3688713312e-02 5.4134228251e-01 4.5865738313e-01 1.0000000000e-03
1.5100000000e+02 1.4610272832e-02 1.5458408743e-02 1.3613114133e-02 5.4038175105e-01 4.5961791363e-01 1.0000000000e-03
1.5200000000e+02 1.4565364458e-02 1.5493057668e-02 1.3477120548e-02 5.3982288906e-01 4.6017677463e-01 1.0000000000e-03
1.5300000000e+02 1.4521602541e-02 1.5563989989e-02 1.3299101032e-02 5.3976408529e-01 4.6023557738e-01 1.0000000000e-03
1.5400000000e+02 1.4480656944e-02 1.5648420900e-02 1.3108689338e-02 5.4020349021e-01 4.5979617143e-01 1.0000000000e-03
1.5500000000e+02 1.4442829415e-02 1.5718689188e-02 1.2938846834e-02 5.4103322910e-01 4.5896643147e-01 1.0000000000e-03
1.5600000000e+02 1.4406776056e-02 1.5750085935e-02 1.2816694565e-02 5.4206415705e-01 4.5793550247e-01 1.0000000000e-03
1.5700000000e+02 1.4370346442e-02 1.5727017075e-02 1.2757930905e-02 5.4306939756e-01 4.5693026089e-01 1.0000000000e-03
1.5800000000e+02 1.4331856743e-02 1.5645720065e-02 1.2765516527e-02 5.4383121382e-01 4.5616844360e-01 1.0000000000e-03
1.5900000000e+02 1.4291468076e-02 1.5514963306e-02 1.2830793858e-02 5.4418276663e-01 4.5581688976e-01 1.0000000000e-03
1.6000000000e+02 1.4250218868e-02 1.5354539268e-02 1.2932552956e-02 5.4404555116e-01 4.5595410424e-01 1.0000000000e-03
1.6100000000e+02 1.4209436253e-02 1.5189989470e-02 1.3042279519e-02 5.4344462088e-01 4.5655503356e-01 1.0000000000e-03
1.6200000000e+02 1.4169252478e-02 1.5045051463e-02 1.3130757958e-02 5.4249719133e-01 4.5750246218e-01 1.0000000000e-03
1.6300000000e+02 1.4129307121e-02 1.4936012216e-02 1.3177055866e-02 5.4137581400e-01 4.5862383858e-01 1.0000000000e-03
1.6400000000e+02 1.4089247212e-02 1.4870476909e-02 1.3171171769e-02 5.4026818022e-01 4.5973147144e-01 1.0000000000e-03
1.6500000000e+02 1.4049395919e-02 1.4847580343e-02 1.3114893809e-02 5.3933957859e-01 4.6066007214e-01 1.0000000000e-03
1.6600000000e+02 1.4010583982e-02 1.4857576229e-02 1.3021492399e-02 5.3869854489e-01 4.6130110490e-01 1.0000000000e-03
1.6700000000e+02 1.3973038644e-02 1.4884124510e-02 1.2910468504e-02 5.3837910270e-01 4.6162054614e-01 1.0000000000e-03
1.6800000000e+02 1.3936473057e-02 1.4909425750e-02 1.2801907957e-02 5.3834380088e-01 4.6165584699e-01 1.0000000000e-03
1.6900000000e+02 1.3900373131e-02 1.4919174835e-02 1.2711575255e-02 5.3850422508e-01 4.6149542181e-01 1.0000000000e-03
1.7000000000e+02 1.3864284381e-02 1.4905453660e-02 1.2648185715e-02 5.3874991687e-01 4.6124972903e-01 1.0000000000e-03
1.7100000000e+02 1.3828427531e-02 1.4868002385e-02 1.2613080442e-02 5.3897758580e-01 4.6102205913e-01 1.0000000000e-03
1.7200000000e+02 1.3793252409e-02 1.4813474379e-02 1.2599856593e-02 5.3911729166e-01 4.6088235230e-01 1.0000000000e-03
1.7300000000e+02 1.3758748770e-02 1.4752090909e-02 1.2596661225e-02 5.3914617902e-01 4.6085346397e-01 1.0000000000e-03
1.7400000000e+02 1.3724643737e-02 1.4693046920e-02 1.2592029758e-02 5.3908166280e-01 4.6091797924e-01 1.0000000000e-03
1.7500000000e+02 1.3690401800e-02 1.4642014168e-02 1.2577946298e-02 5.3896493684e-01 4.6103470426e-01 1.0000000000e-03
1.7600000000e+02 1.3655846938e-02 1.4600806870e-02 1.2551715598e-02 5.3884172153e-01 4.6115791863e-01 1.0000000000e-03
1.7700000000e+02 1.3621347025e-02 1.4567201957e-02 1.2516609393e-02 5.3874317205e-01 4.6125646717e-01 1.0000000000e-03
1.7800000000e+02 1.3587467372e-02 1.4535216615e-02 1.2480839156e-02 5.3867097666e-01 4.6132866163e-01 1.0000000000e-03
1.7900000000e+02 1.3554329053e-02 1.4497443102e-02 1.2453446165e-02 5.3859593602e-01 4.6140370133e-01 1.0000000000e-03
1.8000000000e+02 1.3521601446e-02 1.4448409900e-02 1.2440295890e-02 5.3847044416e-01 4.6152919227e-01 1.0000000000e-03
1.8100000000e+02 1.3488961384e-02 1.4386736788e-02 1.2442472391e-02 5.3824678957e-01 4.6175284594e-01 1.0000000000e-03
1.8200000000e+02 1.3456280343e-02 1.4315839857e-02 1.2455749325e-02 5.3789609160e-01 4.6210354301e-01 1.0000000000e-03
1.8300000000e+02 1.3423629105e-02 1.4243324287e-02 1.2471314520e-02 5.3742301447e-01 4.6257661924e-01 1.0000000000e-03
1.8400000000e+02 1.3391222805e-02 1.4178921469e-02 1.2478113174e-02 5.3687086091e-01 4.6312877192e-01 1.0000000000e-03
1.8500000000e+02 1.3359189034e-02 1.4131180942e-02 1.2466290034e-02 5.3631354660e-01 4.6368608535e-01 1.0000000000e-03
1.8600000000e+02 1.3327527791e-02 1.4104663394e-02 1.2430399656e-02 5.3583698585e-01 4.6416264522e-01 1.0000000000e-03
1.8700000000e+02 1.3296297751e-02 1.4098901302e-02 1.2370960787e-02 5.3551724432e-01 4.6448238586e-01 1.0000000000e-03
1.8800000000e+02 1.3265674934e-02 1.4108379371e-02 1.2294557877e-02 5.3540038547e-01 4.6459924382e-01 1.0000000000e-03
1.8900000000e+02 1.3235921040e-02 1.4123346657e-02 1.2212910689e-02 5.3548733389e-01 4.6451229450e-01 1.0000000000e-03
1.9000000000e+02 1.3207083568e-02 1.4132259414e-02 1.2139511295e-02 5.3573114532e-01 4.6426848216e-01 1.0000000000e-03
1.9100000000e+02 1.3178758323e-02 1.4125172980e-02 1.2085278518e-02 5.3604938627e-01 4.6395024031e-01 1.0000000000e-03
1.9200000000e+02 1.3150596991e-02 1.4096284285e-02 1.2056665495e-02 5.3634383190e-01 4.6365579379e-01 1.0000000000e-03
1.9300000000e+02 1.3122231700e-02 1.4045185409e-02 1.2053819373e-02 5.3652445102e-01 4.6347517378e-01 1.0000000000e-03
1.9400000000e+02 1.3093708083e-02 1.3976825401e-02 1.2071389705e-02 5.3652950214e-01 4.6347012180e-01 1.0000000000e-03
1.9500000000e+02 1.3065248728e-02 1.3900157996e-02 1.2099479325e-02 5.3633942326e-01 4.6366019982e-01 1.0000000000e-03
1.9600000000e+02 1.3036923483e-02 1.3825394213e-02 1.2126188725e-02 5.3597925972e-01 4.6402036252e-01 1.0000000000e-03
1.9700000000e+02 1.3008814305e-02 1.3761225156e-02 1.2141378596e-02 5.3550811581e-01 4.6449150560e-01 1.0000000000e-03
1.9800000000e+02 1.2980937026e-02 1.3713073917e-02 1.2138586491e-02 5.3500251833e-01 4.6499710225e-01 1.0000000000e-03
1.9900000000e+02 1.2953389436e-02 1.3682169840e-02 1.2116469443e-02 5.3453670908e-01 4.6546291069e-01 1.0000000000e-03
2.0000000000e+02 1.2926269323e-02 1.3665587641e-02 1.2078514323e-02 5.3416541934e-01 4.6583419961e-01 1.0000000000e-03
2.0100000000e+02 1.2899635360e-02 1.3657621108e-02 1.2031351216e-02 5.3391416412e-01 4.6608545400e-01 1.0000000000e-03
2.0200000000e+02 1.2873528525e-02 1.3651778921e-02 1.1982515454e-02 5.3377864544e-01 4.6622097186e-01 1.0000000000e-03
2.0300000000e+02 1.2847693637e-02 1.3642568141e-02 1.1937815696e-02 5.3373290795e-01 4.6626670853e-01 1.0000000000e-03
2.0400000000e+02 1.2822253630e-02 1.3626626693e-02 1.1901481077e-02 5.3373851024e-01 4.6626110542e-01 1.0000000000e-03
2.0500000000e+02 1.2797158211e-02 1.3603462838e-02 1.1874100193e-02 5.3375853163e-01 4.6624108321e-01 1.0000000000e-03
2.0600000000e+02 1.2772422284e-02 1.3574856333e-02 1.1853764765e-02 5.3376681968e-01 4.6623279436e-01 1.0000000000e-03
2.0700000000e+02 1.2747958302e-02 1.3543498702e-02 1.1837249622e-02 5.3375142239e-01 4.6624819084e-01 1.0000000000e-03
2.0800000000e+02 1.2723757885e-02 1.3511692174e-02 1.1821903288e-02 5.3371133423e-01 4.6628827821e-01 1.0000000000e-03
2.0900000000e+02 1.2699665502e-02 1.3480734080e-02 1.1805882677e-02 5.3365191458e-01 4.6634769706e-01 1.0000000000e-03
2.1000000000e+02 1.2675741687e-02 1.3450450264e-02 1.1789502576e-02 5.3357701657e-01 4.6642259429e-01 1.0000000000e-03
2.1100000000e+02 1.2652061880e-02 1.3419535942e-02 1.1774429120e-02 5.3348417649e-01 4.6651543359e-01 1.0000000000e-03
2.1200000000e+02 1.2628670782e-02 1.3386428356e-02 1.1762565933e-02 5.3336422149e-01 4.6663538782e-01 1.0000000000e-03
2.1300000000e+02 1.2605490163e-02 1.3350226916e-02 1.1754808947e-02 5.3320526410e-01 4.6679434444e-01 1.0000000000e-03
2.1400000000e+02 1.2582533993e-02 1.3311326504e-02 1.1750758626e-02 5.3299812041e-01 4.6700148738e-01 1.0000000000e-03
2.1500000000e+02 1.2559734285e-02 1.3271757402e-02 1.1747928336e-02 5.3274354737e-01 4.6725605967e-01 1.0000000000e-03
2.1600000000e+02 1.2537116185e-02 1.3234777376e-02 1.1742604896e-02 5.3245621879e-01 4.6754338751e-01 1.0000000000e-03
2.1700000000e+02 1.2514745817e-02 1.3203704730e-02 1.1731065810e-02 5.3216355837e-01 4.6783604720e-01 1.0000000000e-03
2.1800000000e+02 1.2492617592e-02 1.3180795126e-02 1.1710653082e-02 5.3190028795e-01 4.6809931689e-01 1.0000000000e-03
2.1900000000e+02 1.2470863760e-02 1.3166469522e-02 1.1681098491e-02 5.3169920446e-01 4.6830039965e-01 1.0000000000e-03
2.2000000000e+02 1.2449416332e-02 1.3158921152e-02 1.1644245125e-02 5.3158265510e-01 4.6841694828e-01 1.0000000000e-03
2.2100000000e+02 1.2428397313e-02 1.3154392131e-02 1.1604608037e-02 5.3155410698e-01 4.6844549567e-01 1.0000000000e-03
2.2200000000e+02 1.2407708913e-02 1.3148215599e-02 1.1567306705e-02 5.3159688533e-01 4.6840271660e-01 1.0000000000e-03
2.2300000000e+02 1.2387393974e-02 1.3136049733e-02 1.1537471786e-02 5.3167663568e-01 4.6832296553e-01 1.0000000000e-03
2.2400000000e+02 1.2367209420e-02 1.3115108944e-02 1.1517891660e-02 5.3175097795e-01 4.6824862254e-01 1.0000000000e-03
2.2500000000e+02 1.2347131968e-02 1.3084887527e-02 1.1509240605e-02 5.3177915752e-01 4.6822044226e-01 1.0000000000e-03
2.2600000000e+02 1.2327155098e-02 1.3047353365e-02 1.1509356089e-02 5.3173274164e-01 4.6826685744e-01 1.0000000000e-03
2.2700000000e+02 1.2307291850e-02 1.3006185181e-02 1.1514103040e-02 5.3160199194e-01 4.6839760645e-01 1.0000000000e-03
2.2800000000e+02 1.2287502177e-02 1.2965708971e-02 1.1518421583e-02 5.3139733326e-01 4.6860226445e-01 1.0000000000e-03
2.2900000000e+02 1.2267921120e-02 1.2929800898e-02 1.1518117972e-02 5.3114470119e-01 4.6885489584e-01 1.0000000000e-03
2.3000000000e+02 1.2248529121e-02 1.2900903821e-02 1.1510282755e-02 5.3087853690e-01 4.6912105947e-01 1.0000000000e-03
2.3100000000e+02 1.2229340151e-02 1.2879453599e-02 1.1494380422e-02 5.3063197319e-01 4.6936762251e-01 1.0000000000e-03
2.3200000000e+02 1.2210415676e-02 1.2864256278e-02 1.1471843347e-02 5.3042955139e-01 4.6957004365e-01 1.0000000000e-03
2.3300000000e+02 1.2191716582e-02 1.2852937914e-02 1.1445246637e-02 5.3028327500e-01 4.6971631938e-01 1.0000000000e-03
2.3400000000e+02 1.2173304334e-02 1.2842703611e-02 1.1417879723e-02 5.3019142533e-01 4.6980816840e-01 1.0000000000e-03
2.3500000000e+02 1.2155151926e-02 1.2831281871e-02 1.1392281391e-02 5.3014251032e-01 4.6985708275e-01 1.0000000000e-03
2.3600000000e+02 1.2137176469e-02 1.2817353942e-02 1.1369804852e-02 5.3012062913e-01 4.6987896329e-01 1.0000000000e-03
2.3700000000e+02 1.2119516730e-02 1.2800453231e-02 1.1351329274e-02 5.3010857948e-01 4.6989101229e-01 1.0000000000e-03
2.3800000000e+02 1.2101930566e-02 1.2780973688e-02 1.1335923336e-02 5.3009362882e-01 4.6990596231e-01 1.0000000000e-03
2.3900000000e+02 1.2084527873e-02 1.2759603560e-02 1.1323078535e-02 5.3006672948e-01 4.6993286101e-01 1.0000000000e-03
2.4000000000e+02 1.2067284435e-02 1.2736921199e-02 1.1312105693e-02 5.3002234877e-01 4.6997724109e-01 1.0000000000e-03
2.4100000000e+02 1.2050144374e-02 1.2713250704e-02 1.1302525178e-02 5.2995717274e-01 4.7004241650e-01 1.0000000000e-03
2.4200000000e+02 1.2033140287e-02 1.2688776478e-02 1.1294206604e-02 5.2986884878e-01 4.7013073984e-01 1.0000000000e-03
2.4300000000e+02 1.2016251683e-02 1.2663644738e-02 1.1286937632e-02 5.2975599951e-01 4.7024358849e-01 1.0000000000e-03
2.4400000000e+02 1.1999526992e-02 1.2638207525e-02 1.1280426756e-02 5.2961871003e-01 4.7038087737e-01 1.0000000000e-03
2.4500000000e+02 1.1982920580e-02 1.2613305822e-02 1.1273605749e-02 5.2946107244e-01 4.7053851435e-01 1.0000000000e-03
2.4600000000e+02 1.1966443621e-02 1.2590099126e-02 1.1265178211e-02 5.2929194058e-01 4.7070764561e-01 1.0000000000e-03
2.4700000000e+02 1.1950092390e-02 1.2569733895e-02 1.1253806762e-02 5.2912454545e-01 4.7087504015e-01 1.0000000000e-03
2.4800000000e+02 1.1933941394e-02 1.2553082779e-02 1.1238637380e-02 5.2897446966e-01 4.7102511535e-01 1.0000000000e-03
2.4900000000e+02 1.1917942204e-02 1.2540218420e-02 1.1219449341e-02 5.2885643555e-01 4.7114314886e-01 1.0000000000e-03
2.5000000000e+02 1.1902136728e-02 1.2530202977e-02 1.1197363958e-02 5.2877939952e-01 4.7122018431e-01 1.0000000000e-03
2.5100000000e+02 1.1886545457e-02 1.2521373108e-02 1.1174285784e-02 5.2874391430e-01 4.7125566895e-01 1.0000000000e-03
2.5200000000e+02 1.1871125549e-02 1.2511624023e-02 1.1152511463e-02 5.2874117222e-01 4.7125841044e-01 1.0000000000e-03
2.5300000000e+02 1.1855902150e-02 1.2498979457e-02 1.1134356260e-02 5.2875410538e-01 4.7124547670e-01 1.0000000000e-03
2.5400000000e+02 1.1840727180e-02 1.2482248247e-02 1.1120905168e-02 5.2876248854e-01 4.7123709297e-01 1.0000000000e-03
2.5500000000e+02 1.1825672351e-02 1.2461265549e-02 1.1112545617e-02 5.2874684918e-01 4.7125273176e-01 1.0000000000e-03
2.5600000000e+02 1.1810681783e-02 1.2437027879e-02 1.1108078063e-02 5.2869427782e-01 4.7130530256e-01 1.0000000000e-03
2.5700000000e+02 1.1795764789e-02 1.2411316857e-02 1.1105527170e-02 5.2860111357e-01 4.7139846624e-01 1.0000000000e-03
2.5800000000e+02 1.1780919507e-02 1.2386273593e-02 1.1102464981e-02 5.2847379704e-01 4.7152578222e-01 1.0000000000e-03
2.5900000000e+02 1.1766139418e-02 1.2363689020e-02 1.1096827686e-02 5.2832638088e-01 4.7167319783e-01 1.0000000000e-03
2.6000000000e+02 1.1751472950e-02 1.2344661169e-02 1.1087446474e-02 5.2817639554e-01 4.7182318262e-01 1.0000000000e-03
2.6100000000e+02 1.1736929417e-02 1.2329393998e-02 1.1074075475e-02 5.2804064037e-01 4.7195893725e-01 1.0000000000e-03
2.6200000000e+02 1.1722561903e-02 1.2317207642e-02 1.1057558469e-02 5.2793101748e-01 4.7206855959e-01 1.0000000000e-03
2.6300000000e+02 1.1708328500e-02 1.2306883000e-02 1.1039163917e-02 5.2785295469e-01 4.7214662184e-01 1.0000000000e-03
2.6400000000e+02 1.1694198474e-02 1.2297003530e-02 1.1020412669e-02 5.2780505582e-01 4.7219452017e-01 1.0000000000e-03
2.6500000000e+02 1.1680221185e-02 1.2286336161e-02 1.1002802290e-02 5.2778017669e-01 4.7221939876e-01 1.0000000000e-03
2.6600000000e+02 1.1666355655e-02 1.2274092063e-02 1.0987155139e-02 5.2776840444e-01 4.7223117048e-01 1.0000000000e-03
2.6700000000e+02 1.1652595364e-02 1.2259911746e-02 1.0973891243e-02 5.2775910478e-01 4.7224046960e-01 1.0000000000e-03
2.6800000000e+02 1.1638889089e-02 1.2243853882e-02 1.0962856933e-02 5.2774314251e-01 4.7225643135e-01 1.0000000000e-03
2.6900000000e+02 1.1625220999e-02 1.2226236984e-02 1.0953680612e-02 5.2771375998e-01 4.7228581335e-01 1.0000000000e-03
2.7000000000e+02 1.1611668393e-02 1.2207545340e-02 1.0945996270e-02 5.2766667245e-01 4.7233290036e-01 1.0000000000e-03
2.7100000000e+02 1.1598195881e-02 1.2188322842e-02 1.0939120315e-02 5.2760067552e-01 4.7239889676e-01 1.0000000000e-03
2.7200000000e+02 1.1584738269e-02 1.2169161811e-02 1.0932249948e-02 5.2751771996e-01 4.7248185181e-01 1.0000000000e-03
2.7300000000e+02 1.1571366340e-02 1.2150655501e-02 1.0924860835e-02 5.2742197550e-01 4.7257759576e-01 1.0000000000e-03
2.7400000000e+02 1.1558057740e-02 1.2133341283e-02 1.0916283354e-02 5.2731983699e-01 4.7267973376e-01 1.0000000000e-03
2.7500000000e+02 1.1544838548e-02 1.2117723934e-02 1.0905997828e-02 5.2721930357e-01 4.7278026667e-01 1.0000000000e-03
2.7600000000e+02 1.1531693861e-02 1.2104053050e-02 1.0893671773e-02 5.2712887429e-01 4.7287069545e-01 1.0000000000e-03
2.7700000000e+02 1.1518646032e-02 1.2092260644e-02 1.0879410431e-02 5.2705584636e-01 4.7294372286e-01 1.0000000000e-03
2.7800000000e+02 1.1505668983e-02 1.2081878260e-02 1.0863674805e-02 5.2700479117e-01 4.7299477755e-01 1.0000000000e-03
2.7900000000e+02 1.1492765509e-02 1.2072076090e-02 1.0847390629e-02 5.2697600364e-01 4.7302356458e-01 1.0000000000e-03
2.8000000000e+02 1.1480030604e-02 1.2061822228e-02 1.0831921361e-02 5.2696448719e-01 4.7303508053e-01 1.0000000000e-03
2.8100000000e+02 1.1467318982e-02 1.2050156482e-02 1.0818051174e-02 5.2696194170e-01 4.7303762552e-01 1.0000000000e-03
2.8200000000e+02 1.1454680003e-02 1.2036450207e-02 1.0806612670e-02 5.2695765230e-01 4.7304191442e-01 1.0000000000e-03
2.8300000000e+02 1.1442091316e-02 1.2020565569e-02 1.0797738098e-02 5.2694135210e-01 4.7305821412e-01 1.0000000000e-03
2.8400000000e+02 1.1429497041e-02 1.2002921663e-02 1.0790858418e-02 5.2690595254e-01 4.7309361319e-01 1.0000000000e-03
2.8500000000e+02 1.1417010799e-02 1.1984443292e-02 1.0785190389e-02 5.2684878212e-01 4.7315078311e-01 1.0000000000e-03
2.8600000000e+02 1.1404505000e-02 1.1966212653e-02 1.0779248551e-02 5.2677311366e-01 4.7322645109e-01 1.0000000000e-03
2.8700000000e+02 1.1392038316e-02 1.1949255131e-02 1.0771997273e-02 5.2668643268e-01 4.7331313158e-01 1.0000000000e-03
2.8800000000e+02 1.1379623786e-02 1.1934275739e-02 1.0762652382e-02 5.2659878371e-01 4.7340078007e-01 1.0000000000e-03
2.8900000000e+02 1.1367280036e-02 1.1921411380e-02 1.0751085356e-02 5.2651981983e-01 4.7347974346e-01 1.0000000000e-03
2.9000000000e+02 1.1354991235e-02 1.1910337955e-02 1.0737598874e-02 5.2645687846e-01 4.7354268435e-01 1.0000000000e-03
2.9100000000e+02 1.1342779733e-02 1.1900362559e-02 1.0723010637e-02 5.2641323716e-01 4.7358632517e-01 1.0000000000e-03
2.9200000000e+02 1.1330614798e-02 1.1890580878e-02 1.0708261281e-02 5.2638777549e-01 4.7361178635e-01 1.0000000000e-03
2.9300000000e+02 1.1318559758e-02 1.1880176142e-02 1.0694401339e-02 5.2637532457e-01 4.7362423679e-01 1.0000000000e-03
2.9400000000e+02 1.1306543835e-02 1.1868593283e-02 1.0681920685e-02 5.2636891190e-01 4.7363064898e-01 1.0000000000e-03
2.9500000000e+02 1.1294515803e-02 1.1855530553e-02 1.0671061464e-02 5.2636104370e-01 4.7363851670e-01 1.0000000000e-03
2.9600000000e+02 1.1282530613e-02 1.1841114610e-02 1.0661818087e-02 5.2634523335e-01 4.7365432658e-01 1.0000000000e-03
2.9700000000e+02 1.1270567775e-02 1.1825664900e-02 1.0653800331e-02 5.2631720896e-01 4.7368235049e-01 1.0000000000e-03
2.9800000000e+02 1.1258690618e-02 1.1809680611e-02 1.0646588169e-02 5.2627514785e-01 4.7372441112e-01 1.0000000000e-03
2.9900000000e+02 1.1246789247e-02 1.1793797836e-02 1.0639243759e-02 5.2622094341e-01 4.7377861508e-01 1.0000000000e-03
3.0000000000e+02 1.1234948412e-02 1.1778503656e-02 1.0631390847e-02 5.2615821475e-01 4.7384134327e-01 1.0000000000e-03
3.0100000000e+02 1.1223096400e-02 1.1764205992e-02 1.0622411966e-02 5.2609254068e-01 4.7390701687e-01 1.0000000000e-03
3.0200000000e+02 1.1211296543e-02 1.1751140468e-02 1.0612167418e-02 5.2602978498e-01 4.7396977210e-01 1.0000000000e-03
3.0300000000e+02 1.1199522763e-02 1.1739269830e-02 1.0600631125e-02 5.2597522467e-01 4.7402433194e-01 1.0000000000e-03
3.0400000000e+02 1.1187780648e-02 1.1728389189e-02 1.0588035919e-02 5.2593264268e-01 4.7406691346e-01 1.0000000000e-03
3.0500000000e+02 1.1176109314e-02 1.1718081310e-02 1.0574923828e-02 5.2590329244e-01 4.7409626323e-01 1.0000000000e-03
3.0600000000e+02 1.1164487340e-02 1.1707759462e-02 1.0561901145e-02 5.2588562881e-01 4.7411392639e-01 1.0000000000e-03
3.0700000000e+02 1.1152867228e-02 1.1696912348e-02 1.0549446568e-02 5.2587603912e-01 4.7412351561e-01 1.0000000000e-03
3.0800000000e+02 1.1141285300e-02 1.1685029604e-02 1.0538217612e-02 5.2586861952e-01 4.7413093474e-01 1.0000000000e-03
3.0900000000e+02 1.1129707098e-02 1.1671897024e-02 1.0528391227e-02 5.2585716395e-01 4.7414238984e-01 1.0000000000e-03
3.1000000000e+02 1.1118179187e-02 1.1657599360e-02 1.0519983247e-02 5.2583621221e-01 4.7416334111e-01 1.0000000000e-03
3.1100000000e+02 1.1106634513e-02 1.1642490514e-02 1.0512472130e-02 5.2580282746e-01 4.7419672539e-01 1.0000000000e-03
3.1200000000e+02 1.1095114052e-02 1.1627202854e-02 1.0505236685e-02 5.2575718546e-01 4.7424236692e-01 1.0000000000e-03
3.1300000000e+02 1.1083561927e-02 1.1612363160e-02 1.0497459210e-02 5.2570272969e-01 4.7429682222e-01 1.0000000000e-03
3.1400000000e+02 1.1072115973e-02 1.1598493904e-02 1.0488836095e-02 5.2564441110e-01 4.7435514034e-01 1.0000000000e-03
3.1500000000e+02 1.1060632765e-02 1.1585929431e-02 1.0478677228e-02 5.2558906004e-01 4.7441049094e-01 1.0000000000e-03
3.1600000000e+02 1.1049194261e-02 1.1574563570e-02 1.0467269458e-02 5.2554193155e-01 4.7445761896e-01 1.0000000000e-03
3.1700000000e+02 1.1037738994e-02 1.1564081535e-02 1.0454819538e-02 5.2550660046e-01 4.7449294959e-01 1.0000000000e-03
3.1800000000e+02 1.1026341468e-02 1.1553891003e-02 1.0442140512e-02 5.2548307806e-01 4.7451647152e-01 1.0000000000e-03
3.1900000000e+02 1.1014953256e-02 1.1543397792e-02 1.0429793969e-02 5.2546875195e-01 4.7453079716e-01 1.0000000000e-03
3.2000000000e+02 1.1003631167e-02 1.1532111093e-02 1.0418456979e-02 5.2545858470e-01 4.7454096394e-01 1.0000000000e-03
3.2100000000e+02 1.0992288589e-02 1.1519765481e-02 1.0408250615e-02 5.2544716518e-01 4.7455238300e-01 1.0000000000e-03
3.2200000000e+02 1.0980956256e-02 1.1506422423e-02 1.0399186984e-02 5.2542971214e-01 4.7456983557e-01 1.0000000000e-03
3.2300000000e+02 1.0969629511e-02 1.1492340825e-02 1.0390969925e-02 5.2540318007e-01 4.7459636717e-01 1.0000000000e-03
3.2400000000e+02 1.0958299972e-02 1.1477922089e-02 1.0383144952e-02 5.2536678064e-01 4.7463276613e-01 1.0000000000e-03
3.2500000000e+02 1.0946955532e-02 1.1463670060e-02 1.0375119746e-02 5.2532231901e-01 4.7467722730e-01 1.0000000000e-03
3.2600000000e+02 1.0935612954e-02 1.1449965648e-02 1.0366504081e-02 5.2527319066e-01 4.7472635518e-01 1.0000000000e-03
3.2700000000e+02 1.0924285278e-02 1.1437048204e-02 1.0357047431e-02 5.2522358459e-01 4.7477596078e-01 1.0000000000e-03
3.2800000000e+02 1.0913006030e-02 1.1424978264e-02 1.0346748866e-02 5.2517741668e-01 4.7482212822e-01 1.0000000000e-03
3.2900000000e+02 1.0901708156e-02 1.1413642205e-02 1.0335585102e-02 5.2513803112e-01 4.7486151331e-01 1.0000000000e-03
3.3000000000e+02 1.0890418664e-02 1.1402756907e-02 1.0323918425e-02 5.2510695482e-01 4.7489258914e-01 1.0000000000e-03
3.3100000000e+02 1.0879158974e-02 1.1391942389e-02 1.0312218219e-02 5.2508360196e-01 4.7491594154e-01 1.0000000000e-03
3.3200000000e+02 1.0867899284e-02 1.1380804703e-02 1.0300863534e-02 5.2506566514e-01 4.7493387788e-01 1.0000000000e-03
3.3300000000e+02 1.0856665671e-02 1.1369043961e-02 1.0290249251e-02 5.2504944815e-01 4.7495009440e-01 1.0000000000e-03
3.3400000000e+02 1.0845388286e-02 1.1356470175e-02 1.0280447081e-02 5.2503102345e-01 4.7496851863e-01 1.0000000000e-03
3.3500000000e+02 1.0834125802e-02 1.1343130842e-02 1.0271536186e-02 5.2500675679e-01 4.7499278482e-01 1.0000000000e-03
3.3600000000e+02 1.0822867975e-02 1.1329234578e-02 1.0263266973e-02 5.2497443131e-01 4.7502510982e-01 1.0000000000e-03
3.3700000000e+02 1.0811615735e-02 1.1315149255e-02 1.0255237110e-02 5.2493383257e-01 4.7506570809e-01 1.0000000000e-03
3.3800000000e+02 1.0800333694e-02 1.1301318184e-02 1.0246873833e-02 5.2488713686e-01 4.7511240333e-01 1.0000000000e-03
3.3900000000e+02 1.0789057240e-02 1.1288076639e-02 1.0237878188e-02 5.2483777597e-01 4.7516176374e-01 1.0000000000e-03
3.4000000000e+02 1.0777777061e-02 1.1275622062e-02 1.0228002444e-02 5.2478988803e-01 4.7520965120e-01 1.0000000000e-03
3.4100000000e+02 1.0766515508e-02 1.1263913475e-02 1.0217329487e-02 5.2474691632e-01 4.7525262244e-01 1.0000000000e-03
3.4200000000e+02 1.0755240917e-02 1.1252734810e-02 1.0206026025e-02 5.2471108476e-01 4.7528845353e-01 1.0000000000e-03
3.4300000000e+02 1.0743979365e-02 1.1241697706e-02 1.0194580071e-02 5.2468234794e-01 4.7531718987e-01 1.0000000000e-03
3.4400000000e+02 1.0732721537e-02 1.1230375618e-02 1.0183444247e-02 5.2465861135e-01 4.7534092598e-01 1.0000000000e-03
3.4500000000e+02 1.0721429251e-02 1.1218460277e-02 1.0172889568e-02 5.2463663577e-01 4.7536290107e-01 1.0000000000e-03
3.4600000000e+02 1.0710149072e-02 1.1205785908e-02 1.0163201019e-02 5.2461242897e-01 4.7538710739e-01 1.0000000000e-03
3.4700000000e+02 1.0698884726e-02 1.1192410253e-02 1.0154331103e-02 5.2458263134e-01 4.7541690454e-01 1.0000000000e-03
3.4800000000e+02 1.0687601753e-02 1.1178576387e-02 1.0145943612e-02 5.2454557696e-01 4.7545395843e-01 1.0000000000e-03
3.4900000000e+02 1.0676290840e-02 1.1164663360e-02 1.0137598962e-02 5.2450168791e-01 4.7549784701e-01 1.0000000000e-03
3.5000000000e+02 1.0664981790e-02 1.1151023209e-02 1.0128965601e-02 5.2445294690e-01 4.7554658753e-01 1.0000000000e-03
3.5100000000e+02 1.0653641075e-02 1.1137880385e-02 1.0119718499e-02 5.2440244622e-01 4.7559708773e-01 1.0000000000e-03
3.5200000000e+02 1.0642291978e-02 1.1125338264e-02 1.0109792463e-02 5.2435336964e-01 4.7564616382e-01 1.0000000000e-03
3.5300000000e+02 1.0630927980e-02 1.1113324203e-02 1.0099238716e-02 5.2430830257e-01 4.7569123040e-01 1.0000000000e-03
3.5400000000e+02 1.0619588196e-02 1.1101633310e-02 1.0088372976e-02 5.2426833960e-01 4.7573119289e-01 1.0000000000e-03
3.5500000000e+02 1.0608211160e-02 1.1089960113e-02 1.0077396408e-02 5.2423328570e-01 4.7576624629e-01 1.0000000000e-03
3.5600000000e+02 1.0596830398e-02 1.1078067124e-02 1.0066648014e-02 5.2420159170e-01 4.7579793980e-01 1.0000000000e-03
3.5700000000e+02 1.0585452430e-02 1.1065709405e-02 1.0056414641e-02 5.2417059633e-01 4.7582893467e-01 1.0000000000e-03
3.5800000000e+02 1.0574044660e-02 1.1052761227e-02 1.0046774521e-02 5.2413741908e-01 4.7586211143e-01 1.0000000000e-03
3.5900000000e+02 1.0562632233e-02 1.1039301753e-02 1.0037696920e-02 5.2409971366e-01 4.7589981636e-01 1.0000000000e-03
3.6000000000e+02 1.0551184416e-02 1.1025510728e-02 1.0028919205e-02 5.2405642012e-01 4.7594310940e-01 1.0000000000e-03
3.6100000000e+02 1.0539727286e-02 1.1011590250e-02 1.0020275600e-02 5.2400745009e-01 4.7599207893e-01 1.0000000000e-03
3.6200000000e+02 1.0528263636e-02 1.0997881182e-02 1.0011395440e-02 5.2395441864e-01 4.7604510988e-01 1.0000000000e-03
3.6300000000e+02 1.0516765527e-02 1.0984628461e-02 1.0001938790e-02 5.2390018673e-01 4.7609934129e-01 1.0000000000e-03
3.6400000000e+02 1.0505238548e-02 1.0971879587e-02 9.9918656051e-03 5.2384754505e-01 4.7615198247e-01 1.0000000000e-03
3.6500000000e+02 1.0493714362e-02 1.0959533975e-02 9.9813472480e-03 5.2379835668e-01 4.7620117033e-01 1.0000000000e-03
3.6600000000e+02 1.0482164100e-02 1.0947450064e-02 9.9704731256e-03 5.2375375874e-01 4.7624576776e-01 1.0000000000e-03
3.6700000000e+02 1.0470602661e-02 1.0935307480e-02 9.9596343935e-03 5.2371306900e-01 4.7628645699e-01 1.0000000000e-03
3.6800000000e+02 1.0459034704e-02 1.0922811925e-02 9.9491672590e-03 5.2367415758e-01 4.7632536790e-01 1.0000000000e-03
3.6900000000e+02 1.0447436944e-02 1.0909858160e-02 9.9391406402e-03 5.2363468827e-01 4.7636483670e-01 1.0000000000e-03
3.7000000000e+02 1.0435805656e-02 1.0896378197e-02 9.9296271801e-03 5.2359221316e-01 4.7640731129e-01 1.0000000000e-03
3.7100000000e+02 1.0424176231e-02 1.0882497765e-02 9.9205672741e-03 5.2354495892e-01 4.7645456502e-01 1.0000000000e-03
3.7200000000e+02 1.0412462987e-02 1.0868432000e-02 9.9115436897e-03 5.2349286671e-01 4.7650665671e-01 1.0000000000e-03
3.7300000000e+02 1.0400746018e-02 1.0854431428e-02 9.9024465308e-03 5.2343673424e-01 4.7656278866e-01 1.0000000000e-03
3.7400000000e+02 1.0389028117e-02 1.0840705596e-02 9.8930513486e-03 5.2337832873e-01 4.7662119365e-01 1.0000000000e-03
3.7500000000e+02 1.0377250612e-02 1.0827383026e-02 9.8830843344e-03 5.2332023253e-01 4.7667928934e-01 1.0000000000e-03
3.7600000000e+02 1.0365497321e-02 1.0814464651e-02 9.8727215081e-03 5.2326433489e-01 4.7673518644e-01 1.0000000000e-03
3.7700000000e+02 1.0353673249e-02 1.0801827535e-02 9.8618920892e-03 5.2321223779e-01 4.7678728301e-01 1.0000000000e-03
3.7800000000e+02 1.0341854766e-02 1.0789175518e-02 9.8510831594e-03 5.2316347077e-01 4.7683604951e-01 1.0000000000e-03
3.7900000000e+02 1.0329985060e-02 1.0776345618e-02 9.8403589800e-03 5.2311706984e-01 4.7688244991e-01 1.0000000000e-03
3.8000000000e+02 1.0318084620e-02 1.0763086379e-02 9.8300408572e-03 5.2307076688e-01 4.7692875233e-01 1.0000000000e-03
3.8100000000e+02 1.0306171142e-02 1.0749370791e-02 9.8201977089e-03 5.2302227581e-01 4.7697724286e-01 1.0000000000e-03
3.8200000000e+02 1.0294214822e-02 1.0735236108e-02 9.8107317463e-03 5.2296986659e-01 4.7702965155e-01 1.0000000000e-03
3.8300000000e+02 1.0282251984e-02 1.0720950551e-02 9.8014231771e-03 5.2291315909e-01 4.7708635850e-01 1.0000000000e-03
3.8400000000e+02 1.0270320810e-02 1.0706629604e-02 9.7922291607e-03 5.2285218685e-01 4.7714733020e-01 1.0000000000e-03
3.8500000000e+02 1.0258391500e-02 1.0692737065e-02 9.7825713456e-03 5.2278953609e-01 4.7720998041e-01 1.0000000000e-03
3.8600000000e+02 1.0246731341e-02 1.0679109022e-02 9.7731882706e-03 5.2272527332e-01 4.7727424264e-01 1.0000000000e-03
3.8700000000e+02 1.0235522874e-02 1.0666407645e-02 9.7637353465e-03 5.2266188828e-01 4.7733762714e-01 1.0000000000e-03
3.8800000000e+02 1.0225640610e-02 1.0654282756e-02 9.7564337775e-03 5.2259512870e-01 4.7740438619e-01 1.0000000000e-03
3.8900000000e+02 1.0218996555e-02 1.0644667782e-02 9.7531788051e-03 5.2252084292e-01 4.7747867145e-01 1.0000000000e-03
3.9000000000e+02 1.0220570490e-02 1.0638795793e-02 9.7630964592e-03 5.2241485590e-01 4.7758465802e-01 1.0000000000e-03
3.9100000000e+02 1.0243160650e-02 1.0646238923e-02 9.8025724292e-03 5.2223621902e-01 4.7776329461e-01 1.0000000000e-03
3.9200000000e+02 1.0319530964e-02 1.0683014058e-02 9.9228257313e-03 5.2185716634e-01 4.7814234740e-01 1.0000000000e-03
3.9300000000e+02 1.0531784035e-02 1.0798950680e-02 1.0241205804e-02 5.2099685479e-01 4.7900266004e-01 1.0000000000e-03
3.9400000000e+02 1.1061858386e-02 1.1100086384e-02 1.1020607315e-02 5.1907679531e-01 4.8092272283e-01 1.0000000000e-03
3.9500000000e+02 1.2240909040e-02 1.1724245735e-02 1.2789535336e-02 5.1499625806e-01 4.8500326747e-01 1.0000000000e-03
3.9600000000e+02 1.4197368175e-02 1.2847585604e-02 1.5594786964e-02 5.0866719971e-01 4.9133233811e-01 1.0000000000e-03
3.9700000000e+02 1.6149515286e-02 1.3560534455e-02 1.8736315891e-02 4.9978763982e-01 5.0021191325e-01 1.0000000000e-03
3.9800000000e+02 1.5246255323e-02 1.3606823981e-02 1.6849929467e-02 4.9448474563e-01 5.0551481930e-01 1.0000000000e-03
3.9900000000e+02 1.1843243614e-02 1.1595964432e-02 1.2084672228e-02 4.9400437823e-01 5.0599518799e-01 1.0000000000e-03
4.0000000000e+02 1.0085128248e-02 1.1094232090e-02 9.0776355937e-03 4.9960245003e-01 5.0039710999e-01 1.0000000000e-03
4.0100000000e+02 1.1940019205e-02 1.2171326205e-02 1.1708157137e-02 5.0061198915e-01 4.9938757299e-01 1.0000000000e-03
4.0200000000e+02 1.3261824846e-02 1.2737781741e-02 1.3782913797e-02 4.9858036366e-01 5.0141920456e-01 1.0000000000e-03
4.0300000000e+02 1.1326800101e-02 1.1610771529e-02 1.1042865925e-02 4.9997575813e-01 5.0002380912e-01 1.0000000000e-03
4.0400000000e+02 1.0051731020e-02 1.0944169015e-02 9.1432332993e-03 5.0446090435e-01 4.9553865639e-01 1.0000000000e-03
4.0500000000e+02 1.1421264149e-02 1.1515069753e-02 1.1325791478e-02 5.0442913322e-01 4.9557042767e-01 1.0000000000e-03
4.0600000000e+02 1.1804779992e-02 1.1691698804e-02 1.1919468641e-02 5.0350386395e-01 4.9649569850e-01 1.0000000000e-03
4.0700000000e+02 1.0351967998e-02 1.0849567130e-02 9.8431352526e-03 5.0558530442e-01 4.9441425346e-01 1.0000000000e-03
4.0800000000e+02 1.0265309364e-02 1.0810409673e-02 9.7031081095e-03 5.0772570410e-01 4.9227384924e-01 1.0000000000e-03
4.0900000000e+02 1.1254716665e-02 1.1363676749e-02 1.1142472737e-02 5.0744454142e-01 4.9255501216e-01 1.0000000000e-03
4.1000000000e+02 1.0734470561e-02 1.1074932292e-02 1.0382506065e-02 5.0831355085e-01 4.9168600076e-01 1.0000000000e-03
4.1100000000e+02 9.9828056991e-03 1.0713762604e-02 9.2182569206e-03 5.1123368450e-01 4.8876586178e-01 1.0000000000e-03
4.1200000000e+02 1.0614131577e-02 1.0999959894e-02 1.0209380649e-02 5.1197404413e-01 4.8802550037e-01 1.0000000000e-03
4.1300000000e+02 1.0770750232e-02 1.1135885492e-02 1.0386874899e-02 5.1251665873e-01 4.8748288486e-01 1.0000000000e-03
4.1400000000e+02 1.0042789392e-02 1.0774703696e-02 9.2655159533e-03 5.1503036324e-01 4.8496917610e-01 1.0000000000e-03
4.1500000000e+02 1.0200954974e-02 1.0848470032e-02 9.5083713531e-03 5.1681881992e-01 4.8318071636e-01 1.0000000000e-03
4.1600000000e+02 1.0583938099e-02 1.0937270708e-02 1.0205945000e-02 5.1686637060e-01 4.8313316475e-01 1.0000000000e-03
4.1700000000e+02 1.0121488944e-02 1.0685062036e-02 9.5156505704e-03 5.1807418808e-01 4.8192534423e-01 1.0000000000e-03
4.1800000000e+02 9.9972169846e-03 1.0508191772e-02 9.4460407272e-03 5.1892821093e-01 4.8107131804e-01 1.0000000000e-03
4.1900000000e+02 1.0356951505e-02 1.0587039404e-02 1.0109501891e-02 5.1818903014e-01 4.8181049761e-01 1.0000000000e-03
4.2000000000e+02 1.0150985792e-02 1.0421471670e-02 9.8605966195e-03 5.1775278881e-01 4.8224673686e-01 1.0000000000e-03
4.2100000000e+02 9.9098905921e-03 1.0307145305e-02 9.4828736037e-03 5.1806002761e-01 4.8193949497e-01 1.0000000000e-03
4.2200000000e+02 1.0150128976e-02 1.0475322604e-02 9.8007731140e-03 5.1791741006e-01 4.8208211094e-01 1.0000000000e-03
4.2300000000e+02 1.0131297633e-02 1.0532878339e-02 9.6994135529e-03 5.1818538226e-01 4.8181413721e-01 1.0000000000e-03
4.2400000000e+02 9.8881106824e-03 1.0478600860e-02 9.2497505248e-03 5.1948124444e-01 4.8051827240e-01 1.0000000000e-03
4.2500000000e+02 9.9938325584e-03 1.0546058416e-02 9.3945879489e-03 5.2042033807e-01 4.7957917694e-01 1.0000000000e-03
4.2600000000e+02 1.0074475780e-02 1.0578856803e-02 9.5258848742e-03 5.2099699348e-01 4.7900252029e-01 1.0000000000e-03
4.2700000000e+02 9.8910089582e-03 1.0400836356e-02 9.3351611868e-03 5.2159709339e-01 4.7840241833e-01 1.0000000000e-03
4.2800000000e+02 9.8887961358e-03 1.0307802819e-02 9.4318585470e-03 5.2165609948e-01 4.7834341040e-01 1.0000000000e-03
4.2900000000e+02 9.9940029904e-03 1.0271001607e-02 9.6928011626e-03 5.2093858578e-01 4.7906092303e-01 1.0000000000e-03
4.3000000000e+02 9.8909651861e-03 1.0173600167e-02 9.5843756571e-03 5.2033580659e-01 4.7966370072e-01 1.0000000000e-03
4.3100000000e+02 9.8246196285e-03 1.0134601966e-02 9.4888852909e-03 5.1994746446e-01 4.8005204116e-01 1.0000000000e-03
4.3200000000e+02 9.9081583321e-03 1.0206026025e-02 9.5861004665e-03 5.1951878330e-01 4.8048072124e-01 1.0000000000e-03
4.3300000000e+02 9.8784742877e-03 1.0236253962e-02 9.4917360693e-03 5.1945383698e-01 4.8054566642e-01 1.0000000000e-03
4.3400000000e+02 9.7911935300e-03 1.0251476429e-02 9.2926416546e-03 5.1996142731e-01 4.8003807457e-01 1.0000000000e-03
4.3500000000e+02 9.8298713565e-03 1.0310684331e-02 9.3079125509e-03 5.2052092420e-01 4.7947857653e-01 1.0000000000e-03
4.3600000000e+02 9.8491162062e-03 1.0317560285e-02 9.3396976590e-03 5.2095608644e-01 4.7904341334e-01 1.0000000000e-03
4.3700000000e+02 9.7776670009e-03 1.0271300562e-02 9.2396736145e-03 5.2150416029e-01 4.7849533826e-01 1.0000000000e-03
4.3800000000e+02 9.7699984908e-03 1.0233380832e-02 9.2642968521e-03 5.2183884402e-01 4.7816065338e-01 1.0000000000e-03
4.3900000000e+02 9.8029896617e-03 1.0206088424e-02 9.3631325290e-03 5.2180871287e-01 4.7819078370e-01 1.0000000000e-03
4.4000000000e+02 9.7638815641e-03 1.0136338882e-02 9.3577587977e-03 5.2162477855e-01 4.7837471706e-01 1.0000000000e-03
4.4100000000e+02 9.7280312330e-03 1.0082690977e-02 9.3417111784e-03 5.2136961658e-01 4.7862987799e-01 1.0000000000e-03
4.4200000000e+02 9.7497599199e-03 1.0067977011e-02 9.4037363306e-03 5.2093828382e-01 4.7906120993e-01 1.0000000000e-03
4.4300000000e+02 9.7424024716e-03 1.0065340437e-02 9.3917539343e-03 5.2057538233e-01 4.7942411066e-01 1.0000000000e-03
4.4400000000e+02 9.7019821405e-03 1.0056258179e-02 9.3175414950e-03 5.2042430105e-01 4.7957519102e-01 1.0000000000e-03
4.4500000000e+02 9.6998177469e-03 1.0085897520e-02 9.2807998881e-03 5.2046040607e-01 4.7953908516e-01 1.0000000000e-03
4.4600000000e+02 9.7090005875e-03 1.0125678033e-02 9.2564206570e-03 5.2065676176e-01 4.7934272875e-01 1.0000000000e-03
4.4700000000e+02 9.6836201847e-03 1.0136737488e-02 9.1907037422e-03 5.2103844332e-01 4.7896104640e-01 1.0000000000e-03
4.4800000000e+02 9.6635520458e-03 1.0132098570e-02 9.1529656202e-03 5.2147315015e-01 4.7852633874e-01 1.0000000000e-03
4.4900000000e+02 9.6695404500e-03 1.0115581565e-02 9.1829551384e-03 5.2174212182e-01 4.7825736637e-01 1.0000000000e-03
4.5000000000e+02 9.6611557528e-03 1.0067435913e-02 9.2178955674e-03 5.2177043829e-01 4.7822904922e-01 1.0000000000e-03
4.5100000000e+02 9.6366573125e-03 1.0006260127e-02 9.2336889356e-03 5.2160109414e-01 4.7839839265e-01 1.0000000000e-03
4.5200000000e+02 9.6295140684e-03 9.9579235539e-03 9.2719970271e-03 5.2122444547e-01 4.7877504064e-01 1.0000000000e-03
4.5300000000e+02 9.6296854317e-03 9.9274124950e-03 9.3062296510e-03 5.2071680824e-01 4.7928267727e-01 1.0000000000e-03
4.5400000000e+02 9.6135493368e-03 9.9171483889e-03 9.2842727900e-03 5.2029309207e-01 4.7970639280e-01 1.0000000000e-03
4.5500000000e+02 9.5964781940e-03 9.9283857271e-03 9.2368237674e-03 5.2006796768e-01 4.7993151653e-01 1.0000000000e-03
4.5600000000e+02 9.5930397511e-03 9.9592572078e-03 9.1962311417e-03 5.2005280812e-01 4.7994667546e-01 1.0000000000e-03
4.5700000000e+02 9.5871230587e-03 9.9884783849e-03 9.1519262642e-03 5.2023280421e-01 4.7976667877e-01 1.0000000000e-03
4.5800000000e+02 9.5714246854e-03 9.9999429658e-03 9.1061852872e-03 5.2054842574e-01 4.7945105661e-01 1.0000000000e-03
4.5900000000e+02 9.5604266971e-03 9.9945552647e-03 9.0884938836e-03 5.2086755102e-01 4.7913193069e-01 1.0000000000e-03
4.6000000000e+02 9.5562646165e-03 9.9719744176e-03 9.1040134430e-03 5.2105577776e-01 4.7894370335e-01 1.0000000000e-03
4.6100000000e+02 9.5464959741e-03 9.9283410236e-03 9.1311093420e-03 5.2104160674e-01 4.7895787380e-01 1.0000000000e-03
4.6200000000e+02 9.5321014524e-03 9.8813176155e-03 9.1525008902e-03 5.2085194982e-01 4.7914753012e-01 1.0000000000e-03
4.6300000000e+02 9.5230247825e-03 9.8421173170e-03 9.1766342521e-03 5.2051627219e-01 4.7948320718e-01 1.0000000000e-03
4.6400000000e+02 9.5168109983e-03 9.8201930523e-03 9.1879880056e-03 5.2012759923e-01 4.7987187959e-01 1.0000000000e-03
4.6500000000e+02 9.5058754086e-03 9.8162200302e-03 9.1699268669e-03 5.1981682451e-01 4.8018265376e-01 1.0000000000e-03
4.6600000000e+02 9.4932392240e-03 9.8283635452e-03 9.1306688264e-03 5.1967512086e-01 4.8032435684e-01 1.0000000000e-03
4.6700000000e+02 9.4847725704e-03 9.8509499803e-03 9.0885339305e-03 5.1972035012e-01 4.8027912701e-01 1.0000000000e-03
4.6800000000e+02 9.4775520265e-03 9.8737599328e-03 9.0484581888e-03 5.1992906184e-01 4.8007041473e-01 1.0000000000e-03
4.6900000000e+02 9.4672553241e-03 9.8802968860e-03 9.0194204822e-03 5.2021361286e-01 4.7978586314e-01 1.0000000000e-03
4.7000000000e+02 9.4562731683e-03 9.8683508113e-03 9.0090259910e-03 5.2046829441e-01 4.7953118102e-01 1.0000000000e-03
4.7100000000e+02 9.4476770610e-03 9.8387226462e-03 9.0230638161e-03 5.2058363662e-01 4.7941583825e-01 1.0000000000e-03
4.7200000000e+02 9.4393035397e-03 9.7977975383e-03 9.0501531959e-03 5.2050860248e-01 4.7949087184e-01 1.0000000000e-03
4.7300000000e+02 9.4288159162e-03 9.7551215440e-03 9.0749543160e-03 5.2026378081e-01 4.7973569298e-01 1.0000000000e-03
4.7400000000e+02 9.4180945307e-03 9.7221815959e-03 9.0887825936e-03 5.1992096520e-01 4.8007850805e-01 1.0000000000e-03
4.7500000000e+02 9.4090579078e-03 9.7077321261e-03 9.0860445052e-03 5.1958281323e-01 4.8041665948e-01 1.0000000000e-03
4.7600000000e+02 9.4002103433e-03 9.7115729004e-03 9.0637886897e-03 5.1934959553e-01 4.8064987665e-01 1.0000000000e-03
4.7700000000e+02 9.3901026994e-03 9.7253909335e-03 9.0279392898e-03 5.1927414910e-01 4.8072532254e-01 1.0000000000e-03
4.7800000000e+02 9.3798479065e-03 9.7426669672e-03 8.9878067374e-03 5.1936176552e-01 4.8063770557e-01 1.0000000000e-03
4.7900000000e+02 9.3709025532e-03 9.7530772910e-03 8.9576337487e-03 5.1955119797e-01 4.8044827256e-01 1.0000000000e-03
4.8000000000e+02 9.3622915447e-03 9.7487596795e-03 8.9440504089e-03 5.1974850693e-01 4.8025096305e-01 1.0000000000e-03
4.8100000000e+02 9.3527492136e-03 9.7288908437e-03 8.9454818517e-03 5.1987117937e-01 4.8012829007e-01 1.0000000000e-03
4.8200000000e+02 9.3425875530e-03 9.6969958395e-03 8.9588668197e-03 5.1986230987e-01 4.8013715902e-01 1.0000000000e-03
4.8300000000e+02 9.3330023810e-03 9.6610654145e-03 8.9780259877e-03 5.1970832769e-01 4.8029114066e-01 1.0000000000e-03
4.8400000000e+02 9.3238716945e-03 9.6298372373e-03 8.9931534603e-03 5.1944686976e-01 4.8055259806e-01 1.0000000000e-03
4.8500000000e+02 9.3143600971e-03 9.6094310284e-03 8.9957937598e-03 5.1915125434e-01 4.8084821295e-01 1.0000000000e-03
4.8600000000e+02 9.3043567613e-03 9.6029127017e-03 8.9823454618e-03 5.1890561582e-01 4.8109385093e-01 1.0000000000e-03
4.8700000000e+02 9.2945918441e-03 9.6083190292e-03 8.9563997462e-03 5.1877082802e-01 4.8122863819e-01 1.0000000000e-03
4.8800000000e+02 9.2853531241e-03 9.6207084134e-03 8.9238425717e-03 5.1877261375e-01 4.8122685191e-01 1.0000000000e-03
4.8900000000e+02 9.2762056738e-03 9.6320006996e-03 8.8924784213e-03 5.1889139198e-01 4.8110807313e-01 1.0000000000e-03
4.9000000000e+02 9.2667909339e-03 9.6338745207e-03 8.8706137612e-03 5.1906459122e-01 4.8093487335e-01 1.0000000000e-03
4.9100000000e+02 9.2573091388e-03 9.6228308976e-03 8.8625820354e-03 5.1921445200e-01 4.8078501201e-01 1.0000000000e-03
4.9200000000e+02 9.2478971928e-03 9.5989508554e-03 8.8687092066e-03 5.1927006088e-01 4.8072940258e-01 1.0000000000e-03
4.9300000000e+02 9.2385336757e-03 9.5667764544e-03 8.8840937242e-03 5.1919302814e-01 4.8080643478e-01 1.0000000000e-03
4.9400000000e+02 9.2290164903e-03 9.5347156748e-03 8.8991792873e-03 5.1899752283e-01 4.8100193955e-01 1.0000000000e-03
4.9500000000e+02 9.2193447053e-03 9.5104752108e-03 8.9055523276e-03 5.1874012407e-01 4.8125933777e-01 1.0000000000e-03
4.9600000000e+02 9.2097222805e-03 9.4990311190e-03 8.8981930166e-03 5.1849904218e-01 4.8150041912e-01 1.0000000000e-03
4.9700000000e+02 9.2002321035e-03 9.5006432384e-03 8.8769467548e-03 5.1834600394e-01 4.8165345681e-01 1.0000000000e-03
4.9800000000e+02 9.1908760369e-03 9.5104947686e-03 8.8469563052e-03 5.1831864819e-01 4.8168081202e-01 1.0000000000e-03
4.9900000000e+02 9.1815097257e-03 9.5204720274e-03 8.8166482747e-03 5.1840587797e-01 4.8159358169e-01 1.0000000000e-03
5.0000000000e+02 9.1721778736e-03 9.5226597041e-03 8.7946951389e-03 5.1855235155e-01 4.8144710754e-01 1.0000000000e-03
