# time_s Ids_true_A Ids_pred_A Ids_physics_A T_mean_K
2.7995156415e-08 1.0390625000e+01 1.8131011963e+01 1.4448090553e+01 3.4311361694e+02
3.7595100366e-08 1.6546875000e+01 1.8925109863e+01 2.4391786575e+01 3.4368231201e+02
4.7195044317e-08 2.5359375000e+01 2.7586700439e+01 3.8261779785e+01 3.4399459839e+02
5.6794760894e-08 3.8390625000e+01 3.9106567383e+01 4.9689651489e+01 3.4481219482e+02
6.6395159593e-08 4.9750000000e+01 5.2033630371e+01 6.0872058868e+01 3.4536691284e+02
7.5995103543e-08 6.1093750000e+01 7.1694778442e+01 7.5848892212e+01 3.4650784302e+02
8.5595047494e-08 7.3375000000e+01 8.6107177734e+01 9.0686157227e+01 3.4739202881e+02
9.5194991445e-08 8.3984375000e+01 9.2333541870e+01 9.9090354919e+01 3.4873052979e+02
1.0479493540e-07 9.7421875000e+01 1.0677088928e+02 1.1385829163e+02 3.4994525146e+02
1.1439510672e-07 1.0757812500e+02 1.1600808716e+02 1.2545283508e+02 3.5156466675e+02
1.2399505067e-07 1.2150000000e+02 1.2555928040e+02 1.3479589844e+02 3.5298291016e+02
1.3359499462e-07 1.2723437500e+02 1.4344590759e+02 1.5071733093e+02 3.5497387695e+02
1.4319516595e-07 1.3815625000e+02 1.4859548950e+02 1.5577883911e+02 3.5646334839e+02
1.5279510990e-07 1.4676562500e+02 1.5171891785e+02 1.5914112854e+02 3.5854006958e+02
1.6239505385e-07 1.5414062500e+02 1.5607283020e+02 1.6389187622e+02 3.6009982300e+02
1.7199499780e-07 1.6487500000e+02 1.6443922424e+02 1.7151136780e+02 3.6234362793e+02
1.8159494175e-07 1.7009375000e+02 1.7289402771e+02 1.7987306213e+02 3.6405508423e+02
1.9119511308e-07 1.7920312500e+02 1.8091015625e+02 1.8735820007e+02 3.6645541382e+02
2.0079505703e-07 1.8414062500e+02 1.9012182617e+02 1.9546508789e+02 3.6833325195e+02
2.1039500098e-07 1.9231250000e+02 2.0231524658e+02 2.0378520203e+02 3.7092105103e+02
2.1999505861e-07 1.9773437500e+02 2.1394099426e+02 2.1105372620e+02 3.7294091797e+02
2.2959500257e-07 2.0495312500e+02 2.1482260132e+02 2.1151400757e+02 3.7552722168e+02
2.3919494652e-07 2.0971875000e+02 2.1996392822e+02 2.1881141663e+02 3.7766921997e+02
2.4879511784e-07 2.1432812500e+02 2.2145700073e+02 2.1583700562e+02 3.8018878174e+02
2.5839506179e-07 2.1690625000e+02 2.1887303162e+02 2.2173420715e+02 3.8240991211e+02
2.6799500574e-07 2.2323437500e+02 2.2939318848e+02 2.2922776794e+02 3.8507827759e+02
2.7759494969e-07 2.2982812500e+02 2.2610427856e+02 2.3099813843e+02 3.8729663086e+02
2.8719512102e-07 2.3435937500e+02 2.2698245239e+02 2.3256791687e+02 3.8998168945e+02
2.9679495128e-07 2.3885937500e+02 2.4325796509e+02 2.4013862610e+02 3.9235150146e+02
3.0639512261e-07 2.4379687500e+02 2.5506137085e+02 2.4435435486e+02 3.9511938477e+02
3.1599506656e-07 2.4828125000e+02 2.3921093750e+02 2.4298330688e+02 3.9740701294e+02
3.2559501051e-07 2.5103125000e+02 2.6462377930e+02 2.4568005371e+02 4.0025244141e+02
3.3519495446e-07 2.5525000000e+02 2.6859082031e+02 2.5509802246e+02 4.0269735718e+02
3.4479512578e-07 2.5726562500e+02 2.7651718140e+02 2.5936328125e+02 4.0561737061e+02
3.5439495605e-07 2.6187500000e+02 2.5488497925e+02 2.5999896240e+02 4.0800964355e+02
3.6399501369e-07 2.6601562500e+02 2.6427908325e+02 2.6642147827e+02 4.1104977417e+02
3.7359507132e-07 2.6878125000e+02 2.5829525757e+02 2.6117053223e+02 4.1330578613e+02
3.8319501527e-07 2.7359375000e+02 2.6885400391e+02 2.7301669312e+02 4.1656823730e+02
3.9279495923e-07 2.7628125000e+02 2.6168716431e+02 2.6926116943e+02 4.1870965576e+02
4.0239513055e-07 2.7884375000e+02 2.7176852417e+02 2.7624301147e+02 4.2210784912e+02
4.1199507450e-07 2.8143750000e+02 2.9028656006e+02 2.8006994629e+02 4.2431246948e+02
4.2159501845e-07 2.8487500000e+02 3.0265087891e+02 2.8622494507e+02 4.2783221436e+02
4.3119507609e-07 2.8931250000e+02 3.0326483154e+02 2.9242321777e+02 4.3011419678e+02
4.4079513373e-07 2.9070312500e+02 2.8897921753e+02 2.8931546021e+02 4.3354583740e+02
4.5039496399e-07 2.9329687500e+02 2.9086383057e+02 2.9140640259e+02 4.3583432007e+02
4.5999513532e-07 2.9642187500e+02 2.9531262207e+02 2.9690722656e+02 4.3936145020e+02
4.6959507927e-07 2.9868750000e+02 3.0638284302e+02 2.9775588989e+02 4.4164703369e+02
4.7919502322e-07 3.0098437500e+02 2.9255648804e+02 2.9214904785e+02 4.4504345703e+02
4.8879496717e-07 3.0467187500e+02 2.9276397705e+02 2.9451385498e+02 4.4734039307e+02
4.9839513849e-07 3.0707812500e+02 3.0947604370e+02 3.0530343628e+02 4.5094311523e+02
5.0799496876e-07 3.0975000000e+02 3.1019604492e+02 3.0553125000e+02 4.5321133423e+02
5.1759502639e-07 3.1007812500e+02 3.2286328125e+02 3.0808248901e+02 4.5686840820e+02
5.2719508403e-07 3.1509375000e+02 3.0574642944e+02 3.1144314575e+02 4.5913723755e+02
5.3679502798e-07 3.1834375000e+02 3.1865139771e+02 3.1561398315e+02 4.6287777710e+02
5.4639497193e-07 3.1875000000e+02 3.1554260254e+02 3.1184515381e+02 4.6504269409e+02
5.5599502957e-07 3.2320312500e+02 3.1656271362e+02 3.1646652222e+02 4.6885769653e+02
5.6559508721e-07 3.2284375000e+02 3.1204760742e+02 3.2090051270e+02 4.7105905151e+02
5.7519491747e-07 3.2660937500e+02 3.1679241943e+02 3.2067431641e+02 4.7486926270e+02
5.8479508880e-07 3.2826562500e+02 3.2518539429e+02 3.2795227051e+02 4.7717709351e+02
5.9439503275e-07 3.2973437500e+02 3.1517984009e+02 3.1766546631e+02 4.8078561401e+02
6.0399497670e-07 3.3195312500e+02 3.1536450195e+02 3.2288784790e+02 4.8315515137e+02
6.1359492065e-07 3.3482812500e+02 3.3614605713e+02 3.2985806274e+02 4.8690383911e+02
6.2319509198e-07 3.3585937500e+02 3.3457067871e+02 3.3403128052e+02 4.8931341553e+02
6.3279492224e-07 3.3698437500e+02 3.1900170898e+02 3.3223776245e+02 4.9299536133e+02
6.4239497988e-07 3.3912500000e+02 3.3431347656e+02 3.3245108032e+02 4.9540652466e+02
6.5199503752e-07 3.3878125000e+02 3.3031503296e+02 3.3395120239e+02 4.9909588623e+02
6.6159498147e-07 3.4364062500e+02 3.3443493652e+02 3.3927502441e+02 5.0157702637e+02
6.7119492542e-07 3.4415625000e+02 3.3879083252e+02 3.3894168091e+02 5.0525573730e+02
6.8079509674e-07 3.4612500000e+02 3.5503988647e+02 3.4459848022e+02 5.0783499146e+02
6.9039504069e-07 3.4637500000e+02 3.5173031616e+02 3.5010900879e+02 5.1158532715e+02
6.9999498464e-07 3.4785937500e+02 3.3511856079e+02 3.3544006348e+02 5.1386981201e+02
7.0959504228e-07 3.5067187500e+02 3.4995645142e+02 3.5276293945e+02 5.1791986084e+02
7.1919509992e-07 3.5050000000e+02 3.6438034058e+02 3.6419851685e+02 5.2039233398e+02
7.2879493018e-07 3.5420312500e+02 3.4385006714e+02 3.4267364502e+02 5.2404071045e+02
7.3839510151e-07 3.5498437500e+02 3.3923474121e+02 3.4368450928e+02 5.2650061035e+02
7.4799504546e-07 3.5592187500e+02 3.5639935303e+02 3.4994793701e+02 5.3026940918e+02
7.5759498941e-07 3.5725000000e+02 3.5009667969e+02 3.4963897705e+02 5.3269079590e+02
7.6719504705e-07 3.5629687500e+02 3.5773892212e+02 3.5381964111e+02 5.3652941895e+02
7.7679510468e-07 3.5845312500e+02 3.4434619141e+02 3.4645034790e+02 5.3878637695e+02
7.8639493495e-07 3.6010937500e+02 3.6016976929e+02 3.5798699951e+02 5.4282812500e+02
7.9599510627e-07 3.6068750000e+02 3.5146102905e+02 3.6337686157e+02 5.4513226318e+02
8.0559505022e-07 3.6100000000e+02 3.6663800049e+02 3.6681176758e+02 5.4924664307e+02
8.1519499417e-07 3.6465625000e+02 3.6687182617e+02 3.6520425415e+02 5.5150555420e+02
8.2479493813e-07 3.6456250000e+02 3.6094332886e+02 3.6484942627e+02 5.5558880615e+02
8.3439510945e-07 3.6659375000e+02 3.5528494263e+02 3.5860076904e+02 5.5771905518e+02
8.4399505340e-07 3.6534375000e+02 3.6245205688e+02 3.6755212402e+02 5.6194458008e+02
8.5359499735e-07 3.6821875000e+02 3.7003750610e+02 3.6625347900e+02 5.6405444336e+02
8.6319505499e-07 3.6742187500e+02 3.7203625488e+02 3.6600704956e+02 5.6827014160e+02
8.7279511263e-07 3.6687500000e+02 3.7178030396e+02 3.7553594971e+02 5.7050500488e+02
8.8239494289e-07 3.6846875000e+02 3.7034121704e+02 3.6697720337e+02 5.7457464600e+02
8.9199511422e-07 3.6854687500e+02 3.7519207764e+02 3.7000582886e+02 5.7685406494e+02
9.0159494448e-07 3.7029687500e+02 3.6772894287e+02 3.5999148560e+02 5.8074023438e+02
9.1119511580e-07 3.6932812500e+02 3.6150845337e+02 3.5994564819e+02 5.8298583984e+02
9.2079505976e-07 3.7146875000e+02 3.7825338745e+02 3.7865399170e+02 5.8718334961e+02
9.3039500371e-07 3.7184375000e+02 3.6727273560e+02 3.6740527344e+02 5.8921606445e+02
9.3999506134e-07 3.7150000000e+02 3.7116204834e+02 3.7098446655e+02 5.9346411133e+02
9.4959511898e-07 3.7303125000e+02 3.6312619019e+02 3.6908837891e+02 5.9543334961e+02
9.5919506293e-07 3.7278125000e+02 3.5916879272e+02 3.6739324951e+02 5.9963317871e+02
9.6879512057e-07 3.7217187500e+02 3.7455816650e+02 3.7454885864e+02 6.0173657227e+02
9.7839495083e-07 3.7254687500e+02 3.6586276245e+02 3.6715966797e+02 6.0578894043e+02
9.8799512216e-07 3.7181250000e+02 3.7454238892e+02 3.7109185791e+02 6.0796759033e+02
9.9759506611e-07 3.7371875000e+02 3.7630880737e+02 3.7276574707e+02 6.1203729248e+02
1.0071951237e-06 3.7409375000e+02 3.7563354492e+02 3.7013180542e+02 6.1417327881e+02
1.0167950677e-06 3.7575000000e+02 3.7588003540e+02 3.7795068359e+02 6.1832684326e+02
1.0263951253e-06 3.7476562500e+02 3.8129763794e+02 3.8167327881e+02 6.2052612305e+02
1.0359950693e-06 3.7685937500e+02 3.7519732666e+02 3.7470269775e+02 6.2454479980e+02
1.0455951269e-06 3.7487500000e+02 3.7707135010e+02 3.7595791626e+02 6.2676025391e+02
1.0551949572e-06 3.7648437500e+02 3.7068292236e+02 3.7165719604e+02 6.3067907715e+02
1.0647951285e-06 3.7618750000e+02 3.7876095581e+02 3.7725979614e+02 6.3299884033e+02
1.0743950725e-06 3.7678125000e+02 3.8785113525e+02 3.8979776001e+02 6.3711120605e+02
1.0839951301e-06 3.7606250000e+02 3.7422436523e+02 3.7159729004e+02 6.3912011719e+02
1.0935950741e-06 3.7706250000e+02 3.7602947998e+02 3.7530990601e+02 6.4327105713e+02
1.1031951317e-06 3.7462500000e+02 3.7633209229e+02 3.7484082031e+02 6.4527087402e+02
1.1127950756e-06 3.7659375000e+02 3.7361584473e+02 3.7638638306e+02 6.4940930176e+02
1.1223951333e-06 3.7607812500e+02 3.7461901855e+02 3.7579824829e+02 6.5139904785e+02
1.1319950772e-06 3.7485937500e+02 3.7956463623e+02 3.8272857666e+02 6.5563305664e+02
1.1415950212e-06 3.7496875000e+02 3.7672872925e+02 3.7548672485e+02 6.5753271484e+02
1.1511949651e-06 3.7678125000e+02 3.7632800293e+02 3.7685449219e+02 6.6174664307e+02
1.1607951365e-06 3.7567187500e+02 3.8200845337e+02 3.8306591797e+02 6.6375305176e+02
1.1703950804e-06 3.7659375000e+02 3.8547473145e+02 3.9005111694e+02 6.6804711914e+02
1.1799950244e-06 3.7632812500e+02 3.7737393188e+02 3.7805944824e+02 6.6989367676e+02
1.1895950820e-06 3.7581250000e+02 3.7969259644e+02 3.8259613037e+02 6.7420373535e+02
1.1991951396e-06 3.7634375000e+02 3.7983599854e+02 3.8041354370e+02 6.7603033447e+02
1.2087950836e-06 3.7493750000e+02 3.7220721436e+02 3.7057501221e+02 6.8016333008e+02
1.2183950275e-06 3.7612500000e+02 3.7524588013e+02 3.7530569458e+02 6.8205364990e+02
1.2279949715e-06 3.7471875000e+02 3.7630963135e+02 3.7643478394e+02 6.8621105957e+02
1.2375951428e-06 3.7662500000e+02 3.7527532959e+02 3.7551593018e+02 6.8806018066e+02
1.2471950868e-06 3.7446875000e+02 3.7476995850e+02 3.7437539673e+02 6.9220306396e+02
1.2567951444e-06 3.7434375000e+02 3.7685211182e+02 3.7784207153e+02 6.9411132812e+02
1.2663950884e-06 3.7393750000e+02 3.7870693970e+02 3.8054257202e+02 6.9825134277e+02
1.2759951460e-06 3.7406250000e+02 3.8499389648e+02 3.8801644897e+02 7.0028955078e+02
1.2855950899e-06 3.7493750000e+02 3.7561340332e+02 3.7593319702e+02 7.0423150635e+02
1.2951950339e-06 3.7262500000e+02 3.7330529785e+02 3.7378930664e+02 7.0623992920e+02
1.3047950915e-06 3.7300000000e+02 3.8150048828e+02 3.8593051147e+02 7.1036315918e+02
1.3143951492e-06 3.7275000000e+02 3.6715338135e+02 3.6800378418e+02 7.1209161377e+02
1.3239950931e-06 3.7378125000e+02 3.7012365723e+02 3.6889916992e+02 7.1617749023e+02
1.3335951508e-06 3.7318750000e+02 3.7332244873e+02 3.7283261108e+02 7.1796777344e+02
1.3431950947e-06 3.7173437500e+02 3.6894869995e+02 3.7093539429e+02 7.2204284668e+02
1.3527951523e-06 3.7339062500e+02 3.7410614014e+02 3.7402484131e+02 7.2386016846e+02
1.3623950963e-06 3.7212500000e+02 3.8014572144e+02 3.8190136719e+02 7.2803143311e+02
1.3719950402e-06 3.6946875000e+02 3.6931289673e+02 3.7053475952e+02 7.2969824219e+02
1.3815950979e-06 3.7070312500e+02 3.7346453857e+02 3.7539144897e+02 7.3392486572e+02
1.3911951555e-06 3.6923437500e+02 3.6922308350e+02 3.6930456543e+02 7.3549536133e+02
1.4007950995e-06 3.7007812500e+02 3.6592068481e+02 3.6573495483e+02 7.3965136719e+02
1.4103951571e-06 3.6939062500e+02 3.6881866455e+02 3.7027151489e+02 7.4129821777e+02
1.4199949874e-06 3.6939062500e+02 3.7763018799e+02 3.7909490967e+02 7.4555584717e+02
1.4295951587e-06 3.6804687500e+02 3.7029110718e+02 3.6934722900e+02 7.4705407715e+02
1.4391951026e-06 3.6831250000e+02 3.6825692749e+02 3.6800765991e+02 7.5128161621e+02
1.4487950466e-06 3.6756250000e+02 3.6318530273e+02 3.6921792603e+02 7.5282946777e+02
1.4583951042e-06 3.6748437500e+02 3.6461355591e+02 3.6256237793e+02 7.5690173340e+02
1.4679951619e-06 3.6748437500e+02 3.7194482422e+02 3.7221496582e+02 7.5860437012e+02
1.4775951058e-06 3.6565625000e+02 3.6893823242e+02 3.7023193359e+02 7.6263928223e+02
1.4871951635e-06 3.6604687500e+02 3.6484088135e+02 3.6623812866e+02 7.6428790283e+02
1.4967951074e-06 3.6598437500e+02 3.5841766357e+02 3.6373095703e+02 7.6828479004e+02
1.5063951651e-06 3.6576562500e+02 3.6263998413e+02 3.6256890869e+02 7.6989721680e+02
1.5159951090e-06 3.6531250000e+02 3.6484103394e+02 3.6513232422e+02 7.7391558838e+02
1.5255951666e-06 3.6475000000e+02 3.5986370850e+02 3.5793621826e+02 7.7541613770e+02
1.5351951106e-06 3.6314062500e+02 3.6608389282e+02 3.6820190430e+02 7.7958532715e+02
1.5447951682e-06 3.6314062500e+02 3.6271994019e+02 3.6656369019e+02 7.8107409668e+02
1.5543951122e-06 3.6379687500e+02 3.6687405396e+02 3.6551144409e+02 7.8517437744e+02
1.5639951698e-06 3.6198437500e+02 3.5953378296e+02 3.6005673218e+02 7.8661090088e+02
1.5735951138e-06 3.6432812500e+02 3.6048248291e+02 3.6350436401e+02 7.9075390625e+02
1.5831950577e-06 3.6240625000e+02 3.6098403931e+02 3.6040634155e+02 7.9213427734e+02
1.5927951154e-06 3.6014062500e+02 3.6321661377e+02 3.6228369141e+02 7.9628210449e+02
1.6023950593e-06 3.6087500000e+02 3.5501000977e+02 3.5921279907e+02 7.9764837646e+02
1.6119950033e-06 3.6037500000e+02 3.6017718506e+02 3.6281262207e+02 8.0182476807e+02
1.6215949472e-06 3.6026562500e+02 3.5402688599e+02 3.5950433350e+02 8.0315899658e+02
1.6311951185e-06 3.5953125000e+02 3.5392041016e+02 3.5112304688e+02 8.0716143799e+02
1.6407950625e-06 3.5865625000e+02 3.6375872803e+02 3.6262329102e+02 8.0866937256e+02
1.6503951201e-06 3.5981250000e+02 3.6011764526e+02 3.6332431030e+02 8.1269036865e+02
1.6599949504e-06 3.5812500000e+02 3.6100698853e+02 3.5895739746e+02 8.1410931396e+02
1.6695951217e-06 3.5575000000e+02 3.6146423340e+02 3.6110400391e+02 8.1815734863e+02
1.6791950657e-06 3.5579687500e+02 3.5291052246e+02 3.5199169922e+02 8.1945239258e+02
1.6887951233e-06 3.5484375000e+02 3.5118026733e+02 3.4976705933e+02 8.2344940186e+02
1.6983949536e-06 3.5659375000e+02 3.6317443848e+02 3.6335562134e+02 8.2494750977e+02
1.7079951249e-06 3.5459375000e+02 3.5517156982e+02 3.5230270386e+02 8.2875201416e+02
1.7175950688e-06 3.5373437500e+02 3.5548080444e+02 3.5661145020e+02 8.3034283447e+02
1.7271951265e-06 3.5339062500e+02 3.5624932861e+02 3.5716604614e+02 8.3413909912e+02
1.7367950704e-06 3.5496875000e+02 3.4555911255e+02 3.4369055176e+02 8.3553076172e+02
1.7463951281e-06 3.5240625000e+02 3.4653851318e+02 3.5077862549e+02 8.3943688965e+02
1.7559950720e-06 3.5185937500e+02 3.4976898193e+02 3.4875512695e+02 8.4078472900e+02
1.7655951297e-06 3.5301562500e+02 3.4317385864e+02 3.4222845459e+02 8.4458343506e+02
1.7751950736e-06 3.5317187500e+02 3.4774096680e+02 3.4403082275e+02 8.4594384766e+02
1.7847951312e-06 3.5100000000e+02 3.5077893066e+02 3.5239523315e+02 8.4987493896e+02
1.7943950752e-06 3.5185937500e+02 3.5557226562e+02 3.5652944946e+02 8.5129602051e+02
1.8039951328e-06 3.5092187500e+02 3.5644461060e+02 3.5787145996e+02 8.5523175049e+02
1.8135950768e-06 3.5001562500e+02 3.5454354858e+02 3.6138238525e+02 8.5672991943e+02
1.8231951344e-06 3.5007812500e+02 3.5071151733e+02 3.4908166504e+02 8.6043994141e+02
1.8327950784e-06 3.5004687500e+02 3.5629034424e+02 3.5737002563e+02 8.6207281494e+02
1.8423951360e-06 3.4828125000e+02 3.4869125366e+02 3.5040438843e+02 8.6567578125e+02
1.8519950800e-06 3.4785937500e+02 3.4461874390e+02 3.4115798950e+02 8.6715478516e+02
1.8615951376e-06 3.4704687500e+02 3.4331079102e+02 3.4605361938e+02 8.7084442139e+02
1.8711950815e-06 3.4668750000e+02 3.5071917725e+02 3.5058343506e+02 8.7237866211e+02
1.8807951392e-06 3.4575000000e+02 3.4784936523e+02 3.4610369873e+02 8.7598248291e+02
1.8903950831e-06 3.4459375000e+02 3.4560638428e+02 3.4559594727e+02 8.7752520752e+02
1.8999951408e-06 3.4415625000e+02 3.4564013672e+02 3.4510827637e+02 8.8110626221e+02
1.9095950847e-06 3.4421875000e+02 3.4803598022e+02 3.4762966919e+02 8.8268817139e+02
1.9191950287e-06 3.4276562500e+02 3.4673745728e+02 3.4502804565e+02 8.8621112061e+02
1.9287949726e-06 3.4368750000e+02 3.5134078979e+02 3.5016726685e+02 8.8786511230e+02
1.9383949166e-06 3.4354687500e+02 3.4502444458e+02 3.4237313843e+02 8.9125958252e+02
1.9479950879e-06 3.4195312500e+02 3.4071572876e+02 3.3937298584e+02 8.9289202881e+02
1.9575950319e-06 3.4114062500e+02 3.4527438354e+02 3.4455206299e+02 8.9634790039e+02
1.9671949758e-06 3.4200000000e+02 3.4540560913e+02 3.4427450562e+02 8.9797717285e+02
1.9767949198e-06 3.4059375000e+02 3.4213940430e+02 3.4187722778e+02 9.0139447021e+02
1.9863950911e-06 3.3940625000e+02 3.3780804443e+02 3.3412463379e+02 9.0289794922e+02
1.9959950350e-06 3.4003125000e+02 3.3789025879e+02 3.3530844116e+02 9.0632885742e+02
2.0055949790e-06 3.3992187500e+02 3.4092126465e+02 3.3827789307e+02 9.0787243652e+02
2.0151949229e-06 3.3800000000e+02 3.3763940430e+02 3.3548043823e+02 9.1126043701e+02
2.0247950943e-06 3.3734375000e+02 3.3510537720e+02 3.3486184692e+02 9.1281030273e+02
2.0343950382e-06 3.3695312500e+02 3.4217355347e+02 3.4076306152e+02 9.1625665283e+02
2.0439949822e-06 3.3718750000e+02 3.4254614258e+02 3.4146411133e+02 9.1782293701e+02
2.0535949261e-06 3.3667187500e+02 3.3284790039e+02 3.3133343506e+02 9.2112091064e+02
2.0631950974e-06 3.3692187500e+02 3.4356503296e+02 3.4352651978e+02 9.2286145020e+02
2.0727950414e-06 3.3684375000e+02 3.4226477051e+02 3.4283947754e+02 9.2614379883e+02
2.0823949853e-06 3.3464062500e+02 3.3113345337e+02 3.3132009888e+02 9.2772906494e+02
2.0919949293e-06 3.3398437500e+02 3.3674877930e+02 3.3471081543e+02 9.3103125000e+02
2.1015951006e-06 3.3501562500e+02 3.3576513672e+02 3.3301153564e+02 9.3258715820e+02
2.1111950446e-06 3.3367187500e+02 3.3028713989e+02 3.2901831055e+02 9.3584289551e+02
2.1207949885e-06 3.3400000000e+02 3.3499356079e+02 3.3502178955e+02 9.3748962402e+02
2.1303949325e-06 3.3290625000e+02 3.3240383911e+02 3.3072045898e+02 9.4066717529e+02
2.1399951038e-06 3.3439062500e+02 3.3147949219e+02 3.3017523193e+02 9.4231201172e+02
2.1495950477e-06 3.3273437500e+02 3.3073825073e+02 3.3030621338e+02 9.4548620605e+02
2.1591949917e-06 3.3154687500e+02 3.3124221802e+02 3.2908587646e+02 9.4710583496e+02
2.1687949356e-06 3.3150000000e+02 3.2540655518e+02 3.2118432617e+02 9.5014630127e+02
2.1783951070e-06 3.3160937500e+02 3.3070837402e+02 3.3055218506e+02 9.5192449951e+02
2.1879950509e-06 3.3026562500e+02 3.2633425903e+02 3.2289474487e+02 9.5483111572e+02
2.1975949949e-06 3.2889062500e+02 3.1949545288e+02 3.1446713257e+02 9.5649011230e+02
2.2071949388e-06 3.2960937500e+02 3.3327703857e+02 3.3262216187e+02 9.5965496826e+02
2.2167951101e-06 3.2879687500e+02 3.2962051392e+02 3.2726327515e+02 9.6123004150e+02
2.2263950541e-06 3.2857812500e+02 3.2652999878e+02 3.2367300415e+02 9.6433630371e+02
2.2359949980e-06 3.2679687500e+02 3.2784381104e+02 3.2536038208e+02 9.6593731689e+02
2.2455949420e-06 3.2896875000e+02 3.2721884155e+02 3.2995831299e+02 9.6913024902e+02
2.2551951133e-06 3.2470312500e+02 3.3235531616e+02 3.3243325806e+02 9.7075152588e+02
2.2647950573e-06 3.2578125000e+02 3.2733316040e+02 3.2533340454e+02 9.7382086182e+02
2.2743950012e-06 3.2567187500e+02 3.3097448730e+02 3.3234744263e+02 9.7556616211e+02
2.2839949452e-06 3.2523437500e+02 3.2508169556e+02 3.2400451660e+02 9.7850286865e+02
2.2935948891e-06 3.2423437500e+02 3.2099234009e+02 3.1833624268e+02 9.8016516113e+02
2.3031950604e-06 3.2398437500e+02 3.2775070190e+02 3.2709625244e+02 9.8321734619e+02
2.3127950044e-06 3.2384375000e+02 3.2300946045e+02 3.2051296997e+02 9.8478002930e+02
2.3223949484e-06 3.2332812500e+02 3.2130096436e+02 3.1932067871e+02 9.8781744385e+02
2.3319948923e-06 3.2298437500e+02 3.2426364136e+02 3.2255203247e+02 9.8941723633e+02
2.3415950636e-06 3.2178125000e+02 3.1728762817e+02 3.1420068359e+02 9.9233721924e+02
2.3511950076e-06 3.2046875000e+02 3.1660211182e+02 3.1310113525e+02 9.9391986084e+02
2.3607949515e-06 3.2021875000e+02 3.1839996338e+02 3.1583422852e+02 9.9687292480e+02
2.3703948955e-06 3.2039062500e+02 3.1615274048e+02 3.1377185059e+02 9.9843554688e+02
2.3799952942e-06 3.1878125000e+02 3.2239361572e+02 3.2256854248e+02 1.0015091553e+03
2.3895950108e-06 3.1614062500e+02 3.2091210938e+02 3.1941207886e+02 1.0030146484e+03
2.3991951821e-06 3.1846875000e+02 3.1902276611e+02 3.1726770020e+02 1.0060510864e+03
2.4087948987e-06 3.1945312500e+02 3.2202319336e+02 3.2160250854e+02 1.0076257935e+03
2.4183950700e-06 3.1715625000e+02 3.1663232422e+02 3.1499026489e+02 1.0105639648e+03
2.4279952413e-06 3.1742187500e+02 3.1748501587e+02 3.1585427856e+02 1.0121486816e+03
2.4375949579e-06 3.1689062500e+02 3.1359210205e+02 3.1137826538e+02 1.0150209961e+03
2.4471951292e-06 3.1609375000e+02 3.1799020386e+02 3.1693524170e+02 1.0166704102e+03
2.4567950732e-06 3.1573437500e+02 3.1800543213e+02 3.1721148682e+02 1.0195441895e+03
2.4663950171e-06 3.1579687500e+02 3.1813143921e+02 3.1757150269e+02 1.0212064209e+03
2.4759951884e-06 3.1385937500e+02 3.1788851929e+02 3.2091479492e+02 1.0241441650e+03
2.4855949050e-06 3.1407812500e+02 3.1578173828e+02 3.1595239258e+02 1.0257270508e+03
2.4951950763e-06 3.1303125000e+02 3.1650524902e+02 3.1632135010e+02 1.0286545410e+03
2.5047952477e-06 3.1331250000e+02 3.1330245972e+02 3.1187286377e+02 1.0301733398e+03
2.5143949642e-06 3.1310937500e+02 3.1302932739e+02 3.1631692505e+02 1.0331833496e+03
2.5239951356e-06 3.1090625000e+02 3.1204174805e+02 3.1130200195e+02 1.0346164551e+03
2.5335950795e-06 3.1229687500e+02 3.1225912476e+02 3.1214596558e+02 1.0376325684e+03
2.5431950235e-06 3.1204687500e+02 3.1221267700e+02 3.1158273315e+02 1.0390551758e+03
2.5527951948e-06 3.1031250000e+02 3.1064996338e+02 3.1088494873e+02 1.0420629883e+03
2.5623951387e-06 3.1215625000e+02 3.0920108032e+02 3.0760757446e+02 1.0434285889e+03
2.5719950827e-06 3.1028125000e+02 3.1095080566e+02 3.1160833740e+02 1.0464984131e+03
2.5815952540e-06 3.0865625000e+02 3.1467388916e+02 3.1582955933e+02 1.0479157715e+03
2.5911949706e-06 3.1089062500e+02 3.0546893311e+02 3.0319226074e+02 1.0507967529e+03
2.6007951419e-06 3.0837500000e+02 3.1081091309e+02 3.1201937866e+02 1.0523560791e+03
2.6103953132e-06 3.0706250000e+02 3.0954153442e+02 3.0940075684e+02 1.0551781006e+03
2.6199950298e-06 3.0809375000e+02 3.0991995239e+02 3.1008404541e+02 1.0567481689e+03
2.6295952011e-06 3.0817187500e+02 3.1071664429e+02 3.1196453857e+02 1.0596005859e+03
2.6391951451e-06 3.0710937500e+02 3.0660549927e+02 3.0641061401e+02 1.0610958252e+03
2.6487950890e-06 3.0545312500e+02 3.0624603271e+02 3.0649523926e+02 1.0639454346e+03
2.6583952604e-06 3.0560937500e+02 3.0650256348e+02 3.0688827515e+02 1.0654477539e+03
2.6679949769e-06 3.0489062500e+02 3.0530523682e+02 3.0526834106e+02 1.0682653809e+03
2.6775951483e-06 3.0382812500e+02 3.0112518311e+02 2.9905194092e+02 1.0696752930e+03
2.6871953196e-06 3.0529687500e+02 3.0444030762e+02 3.0466110229e+02 1.0725744629e+03
2.6967950362e-06 3.0362500000e+02 3.0339285278e+02 3.0326351929e+02 1.0739669189e+03
2.7063952075e-06 3.0178125000e+02 3.0706420898e+02 3.0870361328e+02 1.0769321289e+03
2.7159949241e-06 3.0307812500e+02 3.0268188477e+02 3.0239471436e+02 1.0782375488e+03
2.7255950954e-06 3.0492187500e+02 3.0319143677e+02 3.0372601318e+02 1.0812183838e+03
2.7351952667e-06 3.0293750000e+02 2.9905422974e+02 2.9963400269e+02 1.0824827881e+03
2.7447949833e-06 3.0028125000e+02 3.0243334961e+02 3.0301223755e+02 1.0854881592e+03
2.7543951546e-06 3.0234375000e+02 2.9734796143e+02 3.0089691162e+02 1.0867548828e+03
2.7639953259e-06 3.0145312500e+02 3.0306604004e+02 3.0691146851e+02 1.0898291016e+03
2.7735950425e-06 3.0132812500e+02 3.0100851440e+02 3.0199990845e+02 1.0910174561e+03
2.7831952139e-06 3.0021875000e+02 3.0075631714e+02 3.0274481201e+02 1.0941008301e+03
2.7927949304e-06 2.9971875000e+02 3.0069177246e+02 3.0269354248e+02 1.0952918701e+03
2.8023951018e-06 2.9962500000e+02 2.9866250610e+02 2.9929226685e+02 1.0983132324e+03
2.8119952731e-06 2.9912500000e+02 2.9804208374e+02 2.9877700806e+02 1.0995040283e+03
2.8215949897e-06 2.9801562500e+02 3.0175872803e+02 3.0492053223e+02 1.1026063232e+03
2.8311951610e-06 2.9942187500e+02 2.9702624512e+02 2.9808029175e+02 1.1037062988e+03
2.8407953323e-06 2.9604687500e+02 3.0050402832e+02 3.0293658447e+02 1.1068509521e+03
2.8503950489e-06 2.9662500000e+02 2.9805725098e+02 2.9932583618e+02 1.1079124756e+03
2.8599952202e-06 2.9795312500e+02 2.9233447266e+02 2.9435253906e+02 1.1110028076e+03
2.8695949368e-06 2.9792187500e+02 2.9641058350e+02 2.9733670044e+02 1.1120860596e+03
2.8791951081e-06 2.9675000000e+02 2.9769064331e+02 3.0008493042e+02 1.1152155762e+03
2.8887952794e-06 2.9429687500e+02 2.9350720215e+02 2.9443478394e+02 1.1161910400e+03
2.8983949960e-06 2.9523437500e+02 2.9272689819e+02 2.9264553833e+02 1.1193096924e+03
2.9079951673e-06 2.9421875000e+02 2.9428436279e+02 2.9518292236e+02 1.1203240967e+03
2.9175953387e-06 2.9345312500e+02 2.9249215698e+02 2.9296130371e+02 1.1234134521e+03
2.9271950552e-06 2.9459375000e+02 2.9303009033e+02 2.9382156372e+02 1.1244421387e+03
2.9367952266e-06 2.9153125000e+02 2.9385821533e+02 2.9574594116e+02 1.1275561523e+03
2.9463949431e-06 2.9245312500e+02 2.9470892334e+02 2.9694924927e+02 1.1285983887e+03
2.9559951145e-06 2.9306250000e+02 2.9017227173e+02 2.9037948608e+02 1.1316186523e+03
2.9655952858e-06 2.9117187500e+02 2.9568023682e+02 2.9924093628e+02 1.1327770996e+03
2.9751950024e-06 2.9109375000e+02 2.9385430908e+02 2.9670104980e+02 1.1357574463e+03
2.9847951737e-06 2.9173437500e+02 2.9061337280e+02 2.9281616211e+02 1.1368458252e+03
2.9943948903e-06 2.9207812500e+02 2.8881243896e+02 2.8920016479e+02 1.1397895508e+03
3.0039952890e-06 2.8979687500e+02 2.8836767578e+02 2.8862817383e+02 1.1408731689e+03
3.0135952329e-06 2.8950000000e+02 2.9162741089e+02 2.9446286011e+02 1.1438885498e+03
3.0231949495e-06 2.9031250000e+02 2.9017111206e+02 2.9195523071e+02 1.1449508057e+03
3.0327951208e-06 2.8882812500e+02 2.8766738892e+02 2.8837231445e+02 1.1479069824e+03
3.0423952921e-06 2.9029687500e+02 2.8890850830e+02 2.9053582764e+02 1.1490015869e+03
3.0519950087e-06 2.8823437500e+02 2.8623379517e+02 2.8677545166e+02 1.1518948975e+03
3.0615951800e-06 2.8554687500e+02 2.9036938477e+02 2.9422875977e+02 1.1530892334e+03
3.0711948966e-06 2.8646875000e+02 2.8594647217e+02 2.8688345337e+02 1.1558813477e+03
3.0807950679e-06 2.8479687500e+02 2.8732125854e+02 2.8893334961e+02 1.1571213379e+03
3.0903952393e-06 2.8696875000e+02 2.8737399292e+02 2.8946432495e+02 1.1599079590e+03
3.0999949558e-06 2.8642187500e+02 2.8718139648e+02 2.8919418335e+02 1.1611496582e+03
3.1095951272e-06 2.8606250000e+02 2.8629840088e+02 2.8822076416e+02 1.1639145508e+03
3.1191952985e-06 2.8620312500e+02 2.8529666138e+02 2.8754034424e+02 1.1651374512e+03
3.1287950151e-06 2.8556250000e+02 2.8486419678e+02 2.8635922241e+02 1.1678925781e+03
3.1383951864e-06 2.8551562500e+02 2.8370767212e+02 2.8473785400e+02 1.1690927734e+03
3.1479949030e-06 2.8250000000e+02 2.8417874146e+02 2.8625167847e+02 1.1718593750e+03
3.1575950743e-06 2.8392187500e+02 2.8619351196e+02 2.8998416138e+02 1.1731125488e+03
3.1671952456e-06 2.8151562500e+02 2.8505886841e+02 2.8738977051e+02 1.1758598633e+03
3.1767949622e-06 2.8207812500e+02 2.8114834595e+02 2.8276669312e+02 1.1770211182e+03
3.1863951335e-06 2.8326562500e+02 2.8363354492e+02 2.8619589233e+02 1.1798238525e+03
3.1959953048e-06 2.8167187500e+02 2.8414367676e+02 2.8680294800e+02 1.1810010986e+03
3.2055950214e-06 2.8281250000e+02 2.8249227905e+02 2.8400570679e+02 1.1837763672e+03
3.2151951928e-06 2.8190625000e+02 2.8347299194e+02 2.8561004639e+02 1.1849777832e+03
3.2247949093e-06 2.8190625000e+02 2.8044454956e+02 2.8298516846e+02 1.1876800537e+03
3.2343950807e-06 2.7948437500e+02 2.8259155273e+02 2.8523489380e+02 1.1889301758e+03
3.2439952520e-06 2.8032812500e+02 2.8067514038e+02 2.8297906494e+02 1.1915900879e+03
3.2535949686e-06 2.8009375000e+02 2.7927706909e+02 2.8009979248e+02 1.1928077393e+03
3.2631951399e-06 2.7957812500e+02 2.7903985596e+02 2.7979296875e+02 1.1954614258e+03
3.2727953112e-06 2.8143750000e+02 2.7965594482e+02 2.8048001099e+02 1.1966966553e+03
3.2823950278e-06 2.8035937500e+02 2.8128326416e+02 2.8519732666e+02 1.1993969727e+03
3.2919951991e-06 2.7653125000e+02 2.7758145142e+02 2.7807855225e+02 1.2005419922e+03
3.3015951431e-06 2.7734375000e+02 2.8256494141e+02 2.8606875610e+02 1.2033574219e+03
3.3111950870e-06 2.7756250000e+02 2.8108901978e+02 2.8536303711e+02 1.2044815674e+03
3.3207952583e-06 2.7620312500e+02 2.8035919189e+02 2.8337158203e+02 1.2072719727e+03
3.3303952023e-06 2.7598437500e+02 2.7749459839e+02 2.8001565552e+02 1.2083414307e+03
3.3399951462e-06 2.7839062500e+02 2.7815283203e+02 2.8117214966e+02 1.2111453857e+03
3.3495953176e-06 2.7501562500e+02 2.7770214844e+02 2.7969372559e+02 1.2122023926e+03
3.3591950341e-06 2.7665625000e+02 2.7659783936e+02 2.7992208862e+02 1.2149929199e+03
3.3687952055e-06 2.7496875000e+02 2.7895153809e+02 2.8307089233e+02 1.2161038818e+03
3.3783949220e-06 2.7456250000e+02 2.7861788940e+02 2.8380340576e+02 1.2188940430e+03
3.3879950934e-06 2.7423437500e+02 2.7716363525e+02 2.7906033325e+02 1.2199550781e+03
3.3975952647e-06 2.7328125000e+02 2.7831503296e+02 2.8094970703e+02 1.2227692871e+03
3.4071949813e-06 2.7348437500e+02 2.7352148438e+02 2.7363088989e+02 1.2237247314e+03
3.4167951526e-06 2.7240625000e+02 2.7409356689e+02 2.7687036133e+02 1.2265689697e+03
3.4263953239e-06 2.7425000000e+02 2.7583294678e+02 2.7850186157e+02 1.2275587158e+03
3.4359950405e-06 2.7356250000e+02 2.7219281006e+02 2.7210571289e+02 1.2303096924e+03
3.4455952118e-06 2.7364062500e+02 2.7402813721e+02 2.7670803833e+02 1.2313605957e+03
3.4551951558e-06 2.7140625000e+02 2.7113192749e+02 2.7014349365e+02 1.2340236816e+03
3.4647950997e-06 2.7121875000e+02 2.7429299927e+02 2.7532025146e+02 1.2351520996e+03
3.4743952710e-06 2.7035937500e+02 2.7408721924e+02 2.7661688232e+02 1.2378223877e+03
3.4839952150e-06 2.7164062500e+02 2.7523434448e+02 2.7865945435e+02 1.2389820557e+03
3.4935951589e-06 2.6981250000e+02 2.7126568604e+02 2.7273489380e+02 1.2415614014e+03
3.5031953303e-06 2.7004687500e+02 2.7125765991e+02 2.7303701782e+02 1.2427266846e+03
3.5127950468e-06 2.7003125000e+02 2.7333477783e+02 2.7438424683e+02 1.2453321533e+03
3.5223952182e-06 2.6965625000e+02 2.7387768555e+02 2.7630987549e+02 1.2465228271e+03
3.5319949347e-06 2.6984375000e+02 2.7158465576e+02 2.7173812866e+02 1.2490634766e+03
3.5415951061e-06 2.6854687500e+02 2.6876913452e+02 2.6961041260e+02 1.2502145996e+03
3.5511952774e-06 2.7017187500e+02 2.7086026001e+02 2.7357498169e+02 1.2528073730e+03
3.5607949940e-06 2.6773437500e+02 2.7038610840e+02 2.7448999023e+02 1.2539664307e+03
3.5703951653e-06 2.6832812500e+02 2.6545068359e+02 2.6749642944e+02 1.2564476318e+03
3.5799953366e-06 2.6525000000e+02 2.6726431274e+02 2.6668560791e+02 1.2576175537e+03
3.5895950532e-06 2.6789062500e+02 2.6679498291e+02 2.6613824463e+02 1.2600871582e+03
3.5991952245e-06 2.6496875000e+02 2.6873147583e+02 2.6761636353e+02 1.2612875977e+03
3.6087951685e-06 2.6623437500e+02 2.6718200684e+02 2.6490335083e+02 1.2637161865e+03
3.6183953398e-06 2.6601562500e+02 2.6478240967e+02 2.6511132812e+02 1.2649042969e+03
3.6279952838e-06 2.6568750000e+02 2.6884191895e+02 2.7114480591e+02 1.2674202881e+03
3.6375950003e-06 2.6335937500e+02 2.6462878418e+02 2.6557116699e+02 1.2685245361e+03
3.6471951717e-06 2.6220312500e+02 2.6576840210e+02 2.6824514771e+02 1.2710734863e+03
3.6567948882e-06 2.6460937500e+02 2.6655874634e+02 2.6559747314e+02 1.2721573486e+03
3.6663950596e-06 2.6350000000e+02 2.6453515625e+02 2.6716540527e+02 1.2747066650e+03
3.6759952309e-06 2.6257812500e+02 2.6114343262e+02 2.6072192383e+02 1.2757026367e+03
3.6855949475e-06 2.6479687500e+02 2.6636630249e+02 2.7032290649e+02 1.2783848877e+03
3.6951951188e-06 2.6409375000e+02 2.6259997559e+02 2.6439672852e+02 1.2792963867e+03
3.7047952901e-06 2.6296875000e+02 2.6271704102e+02 2.6024310303e+02 1.2819328613e+03
3.7143952341e-06 2.6192187500e+02 2.6326428223e+02 2.6544479370e+02 1.2829057617e+03
3.7239951780e-06 2.6207812500e+02 2.6590057373e+02 2.6628576660e+02 1.2855638428e+03
3.7335951220e-06 2.6206250000e+02 2.6265383911e+02 2.6325976562e+02 1.2864880371e+03
3.7431952933e-06 2.6185937500e+02 2.6068682861e+02 2.6022750854e+02 1.2890981445e+03
3.7527952372e-06 2.6060937500e+02 2.5905081177e+02 2.5750430298e+02 1.2899854736e+03
3.7623951812e-06 2.6059375000e+02 2.6327880859e+02 2.6099966431e+02 1.2926549072e+03
3.7719951251e-06 2.5959375000e+02 2.6100256348e+02 2.6077133179e+02 1.2935301514e+03
3.7815952965e-06 2.6025000000e+02 2.5854199219e+02 2.5477604675e+02 1.2961165771e+03
3.7911950130e-06 2.5993750000e+02 2.6146200562e+02 2.6157061768e+02 1.2970854492e+03
3.8007951844e-06 2.5825000000e+02 2.5889263916e+02 2.5995703125e+02 1.2996356201e+03
3.8103949009e-06 2.5907812500e+02 2.6372726440e+02 2.6530596924e+02 1.3006934814e+03
3.8199950723e-06 2.5853125000e+02 2.5806369019e+02 2.5553305054e+02 1.3031019287e+03
3.8295947888e-06 2.5750000000e+02 2.6133822632e+02 2.6310177612e+02 1.3042635498e+03
3.8391954149e-06 2.5785937500e+02 2.5948327637e+02 2.6039581299e+02 1.3066296387e+03
3.8487951315e-06 2.5768750000e+02 2.5664450073e+02 2.5203266907e+02 1.3076843262e+03
3.8583948481e-06 2.5607812500e+02 2.5670300293e+02 2.5354705811e+02 1.3100650635e+03
3.8679954741e-06 2.5845312500e+02 2.5966098022e+02 2.5695953369e+02 1.3111754150e+03
3.8775951907e-06 2.5503125000e+02 2.5615338135e+02 2.5515745544e+02 1.3135146484e+03
3.8871949073e-06 2.5706250000e+02 2.5753152466e+02 2.5714660645e+02 1.3146568604e+03
3.8967955334e-06 2.5581250000e+02 2.5793508911e+02 2.5716653442e+02 1.3169964600e+03
3.9063947952e-06 2.5426562500e+02 2.5427876282e+02 2.5091705322e+02 1.3180500488e+03
3.9159949665e-06 2.4743750000e+02 2.5070791626e+02 2.3208108521e+02 1.3203156738e+03
3.9255955926e-06 2.2657812500e+02 1.8963369751e+02 1.5073731995e+02 1.3202558594e+03
3.9351953092e-06 2.0526562500e+02 1.5125566101e+02 1.1057167816e+02 1.3219459229e+03
3.9447950257e-06 1.8212500000e+02 1.3836026001e+02 8.9848228455e+01 1.3216025391e+03
3.9543956518e-06 1.5715625000e+02 1.2182975769e+02 7.4056838989e+01 1.3230605469e+03
3.9639953684e-06 1.3621875000e+02 1.0320977783e+02 5.8427982330e+01 1.3224835205e+03
3.9735950850e-06 1.1646875000e+02 8.2066558838e+01 4.5157661438e+01 1.3237353516e+03
3.9831948015e-06 9.9796875000e+01 6.5590347290e+01 3.3810501099e+01 1.3229783936e+03
3.9927949729e-06 8.2906250000e+01 5.8715621948e+01 2.6128810883e+01 1.3241093750e+03
4.0023951442e-06 6.7781250000e+01 4.5755325317e+01 1.9263179779e+01 1.3232484131e+03
4.0119948608e-06 5.7062500000e+01 3.3812530518e+01 1.4695498466e+01 1.3243121338e+03
4.0215950321e-06 4.6875000000e+01 2.9176025391e+01 1.2547385216e+01 1.3234210205e+03
4.0311952034e-06 4.1125000000e+01 2.6467559814e+01 1.1261055946e+01 1.3244674072e+03
4.0407949200e-06 3.5546875000e+01 2.2070892334e+01 9.3697996140e+00 1.3235500488e+03
4.0503950913e-06 3.1390625000e+01 2.1987060547e+01 8.7589540482e+00 1.3245895996e+03
4.0599948079e-06 2.4328125000e+01 1.8302124023e+01 7.1880125999e+00 1.3236502686e+03
4.0695949792e-06 2.0421875000e+01 1.5005035400e+01 6.1424746513e+00 1.3246752930e+03
4.0791951506e-06 1.8000000000e+01 1.1208312988e+01 4.9211139679e+00 1.3237186279e+03
4.0887948671e-06 1.4390625000e+01 8.3812561035e+00 3.6810605526e+00 1.3247257080e+03
4.0983950385e-06 1.1531250000e+01 7.7095336914e+00 2.6737883091e+00 1.3237547607e+03
4.1105549826e-06 1.0031250000e+01 9.0989074707e+00 1.9442422390e+00 1.3247587891e+03
