# time_s Ids_A Vds_V Vgs_V
2.7995000096e-08 1.0390625000e+01 5.8696875000e+02 6.9835939407e+00
3.7595000890e-08 1.6546875000e+01 5.7984375000e+02 7.9507813454e+00
4.7195001684e-08 2.5359375000e+01 5.7445312500e+02 8.9195308685e+00
5.6794998926e-08 3.8390625000e+01 5.6737500000e+02 9.5562496185e+00
6.6395003273e-08 4.9750000000e+01 5.6446875000e+02 1.0079687119e+01
7.5994996962e-08 6.1093750000e+01 5.6020312500e+02 1.0694531441e+01
8.5594997756e-08 7.3375000000e+01 5.6207812500e+02 1.1210937500e+01
9.5194998551e-08 8.3984375000e+01 5.6557031250e+02 1.1470312119e+01
1.0479499934e-07 9.7421875000e+01 5.6798437500e+02 1.1896875381e+01
1.1439500014e-07 1.0757812500e+02 5.7384375000e+02 1.2196093559e+01
1.2399499383e-07 1.2150000000e+02 5.7534375000e+02 1.2415624619e+01
1.3359499462e-07 1.2723437500e+02 5.7932812500e+02 1.2783594131e+01
1.4319499542e-07 1.3815625000e+02 5.7578906250e+02 1.2875000000e+01
1.5279499621e-07 1.4676562500e+02 5.7907031250e+02 1.2923437119e+01
1.6239499701e-07 1.5414062500e+02 5.7700781250e+02 1.3000000000e+01
1.7199499780e-07 1.6487500000e+02 5.7827343750e+02 1.3141406059e+01
1.8159499859e-07 1.7009375000e+02 5.7726562500e+02 1.3285156250e+01
1.9119499939e-07 1.7920312500e+02 5.7782812500e+02 1.3411718369e+01
2.0079500018e-07 1.8414062500e+02 5.8028906250e+02 1.3532031059e+01
2.1039500098e-07 1.9231250000e+02 5.8289062500e+02 1.3660156250e+01
2.1999500177e-07 1.9773437500e+02 5.8488281250e+02 1.3753125191e+01
2.2959500257e-07 2.0495312500e+02 5.8542187500e+02 1.3728124619e+01
2.3919500336e-07 2.0971875000e+02 5.8478906250e+02 1.3822656631e+01
2.4879500415e-07 2.1432812500e+02 5.8668750000e+02 1.3731249809e+01
2.5839500495e-07 2.1690625000e+02 5.8427343750e+02 1.3803125381e+01
2.6799500574e-07 2.2323437500e+02 5.8528125000e+02 1.3900781631e+01
2.7759500654e-07 2.2982812500e+02 5.8408593750e+02 1.3892969131e+01
2.8719500733e-07 2.3435937500e+02 5.8425000000e+02 1.3886718750e+01
2.9679500813e-07 2.3885937500e+02 5.8687500000e+02 1.3972656250e+01
3.0639500892e-07 2.4379687500e+02 5.8856250000e+02 1.4006250381e+01
3.1599500971e-07 2.4828125000e+02 5.8589062500e+02 1.3947656631e+01
3.2559501051e-07 2.5103125000e+02 5.9041406250e+02 1.3953125000e+01
3.3519501130e-07 2.5525000000e+02 5.8961718750e+02 1.4068750381e+01
3.4479501210e-07 2.5726562500e+02 5.9032031250e+02 1.4102343559e+01
3.5439501289e-07 2.6187500000e+02 5.8657031250e+02 1.4078906059e+01
3.6399501369e-07 2.6601562500e+02 5.8734375000e+02 1.4146875381e+01
3.7359498606e-07 2.6878125000e+02 5.8774218750e+02 1.4024218559e+01
3.8319498685e-07 2.7359375000e+02 5.8741406250e+02 1.4179687500e+01
3.9279498765e-07 2.7628125000e+02 5.8722656250e+02 1.4081250191e+01
4.0239498844e-07 2.7884375000e+02 5.8790625000e+02 1.4160156250e+01
4.1199498924e-07 2.8143750000e+02 5.9067187500e+02 1.4171875000e+01
4.2159499003e-07 2.8487500000e+02 5.9165625000e+02 1.4235156059e+01
4.3119499082e-07 2.8931250000e+02 5.9109375000e+02 1.4285156250e+01
4.4079499162e-07 2.9070312500e+02 5.8954687500e+02 1.4216405869e+01
4.5039499241e-07 2.9329687500e+02 5.8980468750e+02 1.4207812309e+01
4.5999499321e-07 2.9642187500e+02 5.8973437500e+02 1.4261718750e+01
4.6959499400e-07 2.9868750000e+02 5.9158593750e+02 1.4232812881e+01
4.7919502322e-07 3.0098437500e+02 5.9053125000e+02 1.4130468369e+01
4.8879502401e-07 3.0467187500e+02 5.9043750000e+02 1.4129687309e+01
4.9839502481e-07 3.0707812500e+02 5.9139843750e+02 1.4257031441e+01
5.0799502560e-07 3.0975000000e+02 5.9172656250e+02 1.4224218369e+01
5.1759502639e-07 3.1007812500e+02 5.9329687500e+02 1.4235156059e+01
5.2719502719e-07 3.1509375000e+02 5.9050781250e+02 1.4251562119e+01
5.3679502798e-07 3.1834375000e+02 5.9193750000e+02 1.4285156250e+01
5.4639497193e-07 3.1875000000e+02 5.9226562500e+02 1.4199999809e+01
5.5599497273e-07 3.2320312500e+02 5.9182031250e+02 1.4244531631e+01
5.6559497352e-07 3.2284375000e+02 5.9069531250e+02 1.4273437500e+01
5.7519497432e-07 3.2660937500e+02 5.9153906250e+02 1.4250781059e+01
5.8479497511e-07 3.2826562500e+02 5.9196093750e+02 1.4315625191e+01
5.9439497591e-07 3.2973437500e+02 5.9203125000e+02 1.4160937309e+01
6.0399497670e-07 3.3195312500e+02 5.9146875000e+02 1.4203906059e+01
6.1359497749e-07 3.3482812500e+02 5.9369531250e+02 1.4274218559e+01
6.2319497829e-07 3.3585937500e+02 5.9303906250e+02 1.4302343369e+01
6.3279497908e-07 3.3698437500e+02 5.9095312500e+02 1.4265625000e+01
6.4239497988e-07 3.3912500000e+02 5.9346093750e+02 1.4239062309e+01
6.5199498067e-07 3.3878125000e+02 5.9268750000e+02 1.4243749619e+01
6.6159498147e-07 3.4364062500e+02 5.9271093750e+02 1.4288281441e+01
6.7119498226e-07 3.4415625000e+02 5.9350781250e+02 1.4267187119e+01
6.8079498305e-07 3.4612500000e+02 5.9554687500e+02 1.4313281059e+01
6.9039498385e-07 3.4637500000e+02 5.9421093750e+02 1.4369531631e+01
6.9999498464e-07 3.4785937500e+02 5.9376562500e+02 1.4163281441e+01
7.0959498544e-07 3.5067187500e+02 5.9369531250e+02 1.4369531631e+01
7.1919498623e-07 3.5050000000e+02 5.9467968750e+02 1.4486719131e+01
7.2879498703e-07 3.5420312500e+02 5.9435156250e+02 1.4207812309e+01
7.3839498782e-07 3.5498437500e+02 5.9353125000e+02 1.4203906059e+01
7.4799498861e-07 3.5592187500e+02 5.9564062500e+02 1.4267187119e+01
7.5759498941e-07 3.5725000000e+02 5.9463281250e+02 1.4247655869e+01
7.6719499020e-07 3.5629687500e+02 5.9542968750e+02 1.4287500381e+01
7.7679499100e-07 3.5845312500e+02 5.9423437500e+02 1.4181249619e+01
7.8639499179e-07 3.6010937500e+02 5.9535937500e+02 1.4313281059e+01
7.9599499259e-07 3.6068750000e+02 5.9299218750e+02 1.4367187500e+01
8.0559499338e-07 3.6100000000e+02 5.9533593750e+02 1.4396093369e+01
8.1519499417e-07 3.6465625000e+02 5.9578125000e+02 1.4360937119e+01
8.2479499497e-07 3.6456250000e+02 5.9460937500e+02 1.4350781441e+01
8.3439499576e-07 3.6659375000e+02 5.9460937500e+02 1.4260937691e+01
8.4399499656e-07 3.6534375000e+02 5.9453906250e+02 1.4363281250e+01
8.5359499735e-07 3.6821875000e+02 5.9660156250e+02 1.4331250191e+01
8.6319499815e-07 3.6742187500e+02 5.9723437500e+02 1.4321093559e+01
8.7279499894e-07 3.6687500000e+02 5.9531250000e+02 1.4427343369e+01
8.8239499973e-07 3.6846875000e+02 5.9667187500e+02 1.4316406250e+01
8.9199500053e-07 3.6854687500e+02 5.9756250000e+02 1.4341405869e+01
9.0159500132e-07 3.7029687500e+02 5.9772656250e+02 1.4214062691e+01
9.1119500212e-07 3.6932812500e+02 5.9599218750e+02 1.4207812309e+01
9.2079500291e-07 3.7146875000e+02 5.9653125000e+02 1.4428125381e+01
9.3039500371e-07 3.7184375000e+02 5.9596875000e+02 1.4285937309e+01
9.3999500450e-07 3.7150000000e+02 5.9625000000e+02 1.4324999809e+01
9.4959500530e-07 3.7303125000e+02 5.9460937500e+02 1.4297656059e+01
9.5919494925e-07 3.7278125000e+02 5.9400000000e+02 1.4274999619e+01
9.6879500688e-07 3.7217187500e+02 5.9655468750e+02 1.4350781441e+01
9.7839495083e-07 3.7254687500e+02 5.9566406250e+02 1.4260156631e+01
9.8799500847e-07 3.7181250000e+02 5.9770312500e+02 1.4299219131e+01
9.9759495242e-07 3.7371875000e+02 5.9800781250e+02 1.4316406250e+01
1.0071950101e-06 3.7409375000e+02 5.9927343750e+02 1.4278124809e+01
1.0167949540e-06 3.7575000000e+02 5.9613281250e+02 1.4375781059e+01
1.0263950116e-06 3.7476562500e+02 5.9728125000e+02 1.4414843559e+01
1.0359949556e-06 3.7685937500e+02 5.9688281250e+02 1.4330469131e+01
1.0455950132e-06 3.7487500000e+02 5.9739843750e+02 1.4342187881e+01
1.0551949572e-06 3.7648437500e+02 5.9601562500e+02 1.4291406631e+01
1.0647950148e-06 3.7618750000e+02 5.9803125000e+02 1.4353906631e+01
1.0743949588e-06 3.7678125000e+02 5.9810156250e+02 1.4502344131e+01
1.0839950164e-06 3.7606250000e+02 5.9798437500e+02 1.4283594131e+01
1.0935949604e-06 3.7706250000e+02 5.9721093750e+02 1.4329687119e+01
1.1031950180e-06 3.7462500000e+02 5.9779687500e+02 1.4322656631e+01
1.1127949620e-06 3.7659375000e+02 5.9557031250e+02 1.4345312119e+01
1.1223950196e-06 3.7607812500e+02 5.9617968750e+02 1.4337499619e+01
1.1319949635e-06 3.7485937500e+02 5.9596875000e+02 1.4421875000e+01
1.1415950212e-06 3.7496875000e+02 5.9927343750e+02 1.4329687119e+01
1.1511949651e-06 3.7678125000e+02 5.9664843750e+02 1.4351562500e+01
1.1607950228e-06 3.7567187500e+02 5.9770312500e+02 1.4426562309e+01
1.1703949667e-06 3.7659375000e+02 5.9608593750e+02 1.4514062881e+01
1.1799950244e-06 3.7632812500e+02 5.9988281250e+02 1.4365625381e+01
1.1895949683e-06 3.7581250000e+02 5.9587500000e+02 1.4428906441e+01
1.1991950259e-06 3.7634375000e+02 5.9770312500e+02 1.4402343750e+01
1.2087949699e-06 3.7493750000e+02 5.9749218750e+02 1.4283594131e+01
1.2183950275e-06 3.7612500000e+02 5.9657812500e+02 1.4346875191e+01
1.2279949715e-06 3.7471875000e+02 5.9873437500e+02 1.4358593941e+01
1.2375950291e-06 3.7662500000e+02 5.9639062500e+02 1.4355468750e+01
1.2471949731e-06 3.7446875000e+02 5.9833593750e+02 1.4339843750e+01
1.2567950307e-06 3.7434375000e+02 5.9892187500e+02 1.4385937691e+01
1.2663949747e-06 3.7393750000e+02 5.9594531250e+02 1.4426562309e+01
1.2759950323e-06 3.7406250000e+02 5.9721093750e+02 1.4520312309e+01
1.2855949763e-06 3.7493750000e+02 5.9821875000e+02 1.4373437881e+01
1.2951950339e-06 3.7262500000e+02 5.9892187500e+02 1.4350781441e+01
1.3047949778e-06 3.7300000000e+02 5.9920312500e+02 1.4502344131e+01
1.3143950355e-06 3.7275000000e+02 5.9990625000e+02 1.4285156250e+01
1.3239949794e-06 3.7378125000e+02 5.9622656250e+02 1.4305468559e+01
1.3335950371e-06 3.7318750000e+02 5.9622656250e+02 1.4360937119e+01
1.3431949810e-06 3.7173437500e+02 5.9976562500e+02 1.4333593369e+01
1.3527950387e-06 3.7339062500e+02 5.9756250000e+02 1.4382812500e+01
1.3623949826e-06 3.7212500000e+02 5.9636718750e+02 1.4485937119e+01
1.3719950402e-06 3.6946875000e+02 5.9920312500e+02 1.4346094131e+01
1.3815949842e-06 3.7070312500e+02 5.9871093750e+02 1.4410937309e+01
1.3911950418e-06 3.6923437500e+02 5.9850000000e+02 1.4342187881e+01
1.4007949858e-06 3.7007812500e+02 5.9871093750e+02 1.4299219131e+01
1.4103950434e-06 3.6939062500e+02 5.9903906250e+02 1.4364062309e+01
1.4199949874e-06 3.6939062500e+02 5.9702343750e+02 1.4482030869e+01
1.4295950450e-06 3.6804687500e+02 5.9711718750e+02 1.4367187500e+01
1.4391949890e-06 3.6831250000e+02 5.9793750000e+02 1.4351562500e+01
1.4487950466e-06 3.6756250000e+02 6.0082031250e+02 1.4370312691e+01
1.4583949906e-06 3.6748437500e+02 5.9714062500e+02 1.4294530869e+01
1.4679950482e-06 3.6748437500e+02 5.9737500000e+02 1.4426562309e+01
1.4775949921e-06 3.6565625000e+02 5.9833593750e+02 1.4403124809e+01
1.4871950498e-06 3.6604687500e+02 5.9894531250e+02 1.4359375000e+01
1.4967949937e-06 3.6598437500e+02 6.0067968750e+02 1.4327343941e+01
1.5063950514e-06 3.6576562500e+02 5.9847656250e+02 1.4324999809e+01
1.5159949953e-06 3.6531250000e+02 5.9817187500e+02 1.4362500191e+01
1.5255950530e-06 3.6475000000e+02 5.9777343750e+02 1.4278124809e+01
1.5351949969e-06 3.6314062500e+02 5.9864062500e+02 1.4414062500e+01
1.5447950545e-06 3.6314062500e+02 5.9962500000e+02 1.4400781631e+01
1.5543949985e-06 3.6379687500e+02 5.9578125000e+02 1.4397656441e+01
1.5639950561e-06 3.6198437500e+02 5.9871093750e+02 1.4330469131e+01
1.5735950001e-06 3.6432812500e+02 5.9934375000e+02 1.4378125191e+01
1.5831949440e-06 3.6240625000e+02 5.9791406250e+02 1.4350000381e+01
1.5927950017e-06 3.6014062500e+02 5.9709375000e+02 1.4379687309e+01
1.6023949456e-06 3.6087500000e+02 6.0011718750e+02 1.4343750000e+01
1.6119950033e-06 3.6037500000e+02 5.9901562500e+02 1.4396875381e+01
1.6215949472e-06 3.6026562500e+02 6.0044531250e+02 1.4360937119e+01
1.6311950048e-06 3.5953125000e+02 5.9716406250e+02 1.4257812500e+01
1.6407949488e-06 3.5865625000e+02 5.9648437500e+02 1.4423437119e+01
1.6503950064e-06 3.5981250000e+02 5.9899218750e+02 1.4432031631e+01
1.6599949504e-06 3.5812500000e+02 5.9603906250e+02 1.4389843941e+01
1.6695950080e-06 3.5575000000e+02 5.9711718750e+02 1.4420312881e+01
1.6791949520e-06 3.5579687500e+02 5.9814843750e+02 1.4306249619e+01
1.6887950096e-06 3.5484375000e+02 5.9793750000e+02 1.4279687881e+01
1.6983949536e-06 3.5659375000e+02 5.9702343750e+02 1.4475781441e+01
1.7079950112e-06 3.5459375000e+02 5.9582812500e+02 1.4332812309e+01
1.7175949552e-06 3.5373437500e+02 5.9845312500e+02 1.4396875381e+01
1.7271950128e-06 3.5339062500e+02 5.9812500000e+02 1.4409375191e+01
1.7367949567e-06 3.5496875000e+02 5.9819531250e+02 1.4234375000e+01
1.7463950144e-06 3.5240625000e+02 6.0007031250e+02 1.4332812309e+01
1.7559949583e-06 3.5185937500e+02 5.9798437500e+02 1.4319531441e+01
1.7655950160e-06 3.5301562500e+02 5.9857031250e+02 1.4231249809e+01
1.7751949599e-06 3.5317187500e+02 5.9632031250e+02 1.4271093369e+01
1.7847950176e-06 3.5100000000e+02 5.9866406250e+02 1.4386718750e+01
1.7943949615e-06 3.5185937500e+02 5.9786718750e+02 1.4456250191e+01
1.8039950191e-06 3.5092187500e+02 5.9777343750e+02 1.4478906631e+01
1.8135949631e-06 3.5001562500e+02 5.9985937500e+02 1.4534375191e+01
1.8231950207e-06 3.5007812500e+02 5.9681250000e+02 1.4375000000e+01
1.8327949647e-06 3.5004687500e+02 5.9753906250e+02 1.4499218941e+01
1.8423950223e-06 3.4828125000e+02 5.9864062500e+02 1.4405468941e+01
1.8519949663e-06 3.4785937500e+02 5.9641406250e+02 1.4289843559e+01
1.8615950239e-06 3.4704687500e+02 5.9941406250e+02 1.4357812881e+01
1.8711949679e-06 3.4668750000e+02 5.9746875000e+02 1.4435937881e+01
1.8807950255e-06 3.4575000000e+02 5.9669531250e+02 1.4378906250e+01
1.8903949695e-06 3.4459375000e+02 5.9810156250e+02 1.4379687309e+01
1.8999950271e-06 3.4415625000e+02 5.9767968750e+02 1.4378125191e+01
1.9095950847e-06 3.4421875000e+02 5.9742187500e+02 1.4425000191e+01
1.9191950287e-06 3.4276562500e+02 5.9650781250e+02 1.4394531250e+01
1.9287949726e-06 3.4368750000e+02 5.9561718750e+02 1.4479687691e+01
1.9383949166e-06 3.4354687500e+02 5.9535937500e+02 1.4374218941e+01
1.9479950879e-06 3.4195312500e+02 5.9770312500e+02 1.4336718559e+01
1.9575950319e-06 3.4114062500e+02 5.9714062500e+02 1.4417187691e+01
1.9671949758e-06 3.4200000000e+02 5.9685937500e+02 1.4424219131e+01
1.9767949198e-06 3.4059375000e+02 5.9775000000e+02 1.4392969131e+01
1.9863950911e-06 3.3940625000e+02 5.9599218750e+02 1.4293749809e+01
1.9959950350e-06 3.4003125000e+02 5.9681250000e+02 1.4314062119e+01
2.0055949790e-06 3.3992187500e+02 5.9592187500e+02 1.4369531631e+01
2.0151949229e-06 3.3800000000e+02 5.9697656250e+02 1.4331250191e+01
2.0247950943e-06 3.3734375000e+02 5.9840625000e+02 1.4329687119e+01
2.0343950382e-06 3.3695312500e+02 5.9622656250e+02 1.4425000191e+01
2.0439949822e-06 3.3718750000e+02 5.9650781250e+02 1.4445312500e+01
2.0535949261e-06 3.3667187500e+02 5.9782031250e+02 1.4298437119e+01
2.0631950974e-06 3.3692187500e+02 5.9683593750e+02 1.4489843369e+01
2.0727950414e-06 3.3684375000e+02 5.9730468750e+02 1.4484375000e+01
2.0823949853e-06 3.3464062500e+02 5.9868750000e+02 1.4321874619e+01
2.0919949293e-06 3.3398437500e+02 5.9617968750e+02 1.4382031441e+01
2.1015951006e-06 3.3501562500e+02 5.9521875000e+02 1.4368749619e+01
2.1111950446e-06 3.3367187500e+02 5.9786718750e+02 1.4308593750e+01
2.1207949885e-06 3.3400000000e+02 5.9784375000e+02 1.4408594131e+01
2.1303949325e-06 3.3290625000e+02 5.9707031250e+02 1.4350781441e+01
2.1399951038e-06 3.3439062500e+02 5.9749218750e+02 1.4351562500e+01
2.1495950477e-06 3.3273437500e+02 5.9791406250e+02 1.4357812881e+01
2.1591949917e-06 3.3154687500e+02 5.9667187500e+02 1.4351562500e+01
2.1687949356e-06 3.3150000000e+02 5.9535937500e+02 1.4238281250e+01
2.1783951070e-06 3.3160937500e+02 5.9786718750e+02 1.4385937691e+01
2.1879950509e-06 3.3026562500e+02 5.9599218750e+02 1.4278124809e+01
2.1975949949e-06 3.2889062500e+02 5.9625000000e+02 1.4155468941e+01
2.2071949388e-06 3.2960937500e+02 5.9646093750e+02 1.4439844131e+01
2.2167951101e-06 3.2879687500e+02 5.9535937500e+02 1.4370312691e+01
2.2263950541e-06 3.2857812500e+02 5.9559375000e+02 1.4319531441e+01
2.2359949980e-06 3.2679687500e+02 5.9545312500e+02 1.4355468750e+01
2.2455949420e-06 3.2896875000e+02 5.9896875000e+02 1.4424219131e+01
2.2551951133e-06 3.2470312500e+02 5.9664843750e+02 1.4476562500e+01
2.2647950573e-06 3.2578125000e+02 5.9507812500e+02 1.4375781059e+01
2.2743950012e-06 3.2567187500e+02 5.9760937500e+02 1.4488281250e+01
2.2839949452e-06 3.2523437500e+02 5.9704687500e+02 1.4366406441e+01
2.2935948891e-06 3.2423437500e+02 5.9671875000e+02 1.4287500381e+01
2.3031950604e-06 3.2398437500e+02 5.9617968750e+02 1.4430468559e+01
2.3127950044e-06 3.2384375000e+02 5.9531250000e+02 1.4339062691e+01
2.3223949484e-06 3.2332812500e+02 5.9660156250e+02 1.4322656631e+01
2.3319948923e-06 3.2298437500e+02 5.9505468750e+02 1.4385937691e+01
2.3415950636e-06 3.2178125000e+02 5.9634375000e+02 1.4256250381e+01
2.3511950076e-06 3.2046875000e+02 5.9592187500e+02 1.4248437881e+01
2.3607949515e-06 3.2021875000e+02 5.9599218750e+02 1.4296875000e+01
2.3703948955e-06 3.2039062500e+02 5.9697656250e+02 1.4271093369e+01
2.3799950668e-06 3.1878125000e+02 5.9707031250e+02 1.4415624619e+01
2.3895950108e-06 3.1614062500e+02 5.9524218750e+02 1.4378906250e+01
2.3991949547e-06 3.1846875000e+02 5.9535937500e+02 1.4349218369e+01
2.4087948987e-06 3.1945312500e+02 5.9594531250e+02 1.4426562309e+01
2.4183950700e-06 3.1715625000e+02 5.9641406250e+02 1.4324999809e+01
2.4279950139e-06 3.1742187500e+02 5.9580468750e+02 1.4349218369e+01
2.4375949579e-06 3.1689062500e+02 5.9648437500e+02 1.4280468941e+01
2.4471949018e-06 3.1609375000e+02 5.9423437500e+02 1.4383593559e+01
2.4567950732e-06 3.1573437500e+02 5.9475000000e+02 1.4392187119e+01
2.4663950171e-06 3.1579687500e+02 5.9552343750e+02 1.4405468941e+01
2.4759949611e-06 3.1385937500e+02 5.9842968750e+02 1.4458593369e+01
2.4855949050e-06 3.1407812500e+02 5.9711718750e+02 1.4390625000e+01
2.4951950763e-06 3.1303125000e+02 5.9592187500e+02 1.4403905869e+01
2.5047950203e-06 3.1331250000e+02 5.9554687500e+02 1.4341405869e+01
2.5143949642e-06 3.1310937500e+02 5.9899218750e+02 1.4411718369e+01
2.5239949082e-06 3.1090625000e+02 5.9674218750e+02 1.4343750000e+01
2.5335950795e-06 3.1229687500e+02 5.9690625000e+02 1.4361719131e+01
2.5431950235e-06 3.1204687500e+02 5.9617968750e+02 1.4363281250e+01
2.5527949674e-06 3.1031250000e+02 5.9735156250e+02 1.4353906631e+01
2.5623949114e-06 3.1215625000e+02 5.9557031250e+02 1.4312500000e+01
2.5719950827e-06 3.1028125000e+02 5.9721093750e+02 1.4379687309e+01
2.5815950266e-06 3.0865625000e+02 5.9564062500e+02 1.4461718559e+01
2.5911949706e-06 3.1089062500e+02 5.9535937500e+02 1.4257031441e+01
2.6007949145e-06 3.0837500000e+02 5.9723437500e+02 1.4409375191e+01
2.6103950859e-06 3.0706250000e+02 5.9512500000e+02 1.4375000000e+01
2.6199950298e-06 3.0809375000e+02 5.9503125000e+02 1.4395312309e+01
2.6295949738e-06 3.0817187500e+02 5.9629687500e+02 1.4428906441e+01
2.6391949177e-06 3.0710937500e+02 5.9657812500e+02 1.4344531059e+01
2.6487950890e-06 3.0545312500e+02 5.9685937500e+02 1.4350000381e+01
2.6583950330e-06 3.0560937500e+02 5.9674218750e+02 1.4365625381e+01
2.6679949769e-06 3.0489062500e+02 5.9634375000e+02 1.4343750000e+01
2.6775949209e-06 3.0382812500e+02 5.9540625000e+02 1.4248437881e+01
2.6871950922e-06 3.0529687500e+02 5.9653125000e+02 1.4346094131e+01
2.6967950362e-06 3.0362500000e+02 5.9653125000e+02 1.4331250191e+01
2.7063949801e-06 3.0178125000e+02 5.9587500000e+02 1.4428906441e+01
2.7159949241e-06 3.0307812500e+02 5.9578125000e+02 1.4331250191e+01
2.7255950954e-06 3.0492187500e+02 5.9625000000e+02 1.4357030869e+01
2.7351950393e-06 3.0293750000e+02 5.9817187500e+02 1.4292187691e+01
2.7447949833e-06 3.0028125000e+02 5.9587500000e+02 1.4358593941e+01
2.7543949273e-06 3.0234375000e+02 5.9990625000e+02 1.4323437691e+01
2.7639950986e-06 3.0145312500e+02 5.9857031250e+02 1.4432812691e+01
2.7735950425e-06 3.0132812500e+02 5.9685937500e+02 1.4361719131e+01
2.7831949865e-06 3.0021875000e+02 5.9765625000e+02 1.4376562119e+01
2.7927949304e-06 2.9971875000e+02 5.9763281250e+02 1.4385156631e+01
2.8023951018e-06 2.9962500000e+02 5.9662500000e+02 1.4332031250e+01
2.8119950457e-06 2.9912500000e+02 5.9711718750e+02 1.4331250191e+01
2.8215949897e-06 2.9801562500e+02 5.9732812500e+02 1.4440625191e+01
2.8311949336e-06 2.9942187500e+02 5.9753906250e+02 1.4331250191e+01
2.8407951049e-06 2.9604687500e+02 5.9491406250e+02 1.4424219131e+01
2.8503950489e-06 2.9662500000e+02 5.9608593750e+02 1.4368749619e+01
2.8599949928e-06 2.9795312500e+02 5.9936718750e+02 1.4278124809e+01
2.8695949368e-06 2.9792187500e+02 5.9589843750e+02 1.4346875191e+01
2.8791951081e-06 2.9675000000e+02 5.9697656250e+02 1.4396093369e+01
2.8887950521e-06 2.9429687500e+02 5.9228906250e+02 1.4315625191e+01
2.8983949960e-06 2.9523437500e+02 5.9542968750e+02 1.4280468941e+01
2.9079949400e-06 2.9421875000e+02 5.9526562500e+02 1.4335156441e+01
2.9175951113e-06 2.9345312500e+02 5.9657812500e+02 1.4296093941e+01
2.9271950552e-06 2.9459375000e+02 5.9634375000e+02 1.4321093559e+01
2.9367949992e-06 2.9153125000e+02 5.9700000000e+02 1.4357030869e+01
2.9463949431e-06 2.9245312500e+02 5.9594531250e+02 1.4389843941e+01
2.9559948871e-06 2.9306250000e+02 5.9669531250e+02 1.4274218559e+01
2.9655950584e-06 2.9117187500e+02 5.9500781250e+02 1.4444531441e+01
2.9751950024e-06 2.9109375000e+02 5.9535937500e+02 1.4402343750e+01
2.9847949463e-06 2.9173437500e+02 5.9252343750e+02 1.4347656250e+01
2.9943948903e-06 2.9207812500e+02 5.9550000000e+02 1.4279687881e+01
3.0039950616e-06 2.8979687500e+02 5.9542968750e+02 1.4278124809e+01
3.0135950055e-06 2.8950000000e+02 5.9496093750e+02 1.4387499809e+01
3.0231949495e-06 2.9031250000e+02 5.9641406250e+02 1.4348437309e+01
3.0327948934e-06 2.8882812500e+02 5.9599218750e+02 1.4287500381e+01
3.0423950648e-06 2.9029687500e+02 5.9578125000e+02 1.4335937500e+01
3.0519950087e-06 2.8823437500e+02 5.9517187500e+02 1.4271875381e+01
3.0615949527e-06 2.8554687500e+02 5.9409375000e+02 1.4417968750e+01
3.0711948966e-06 2.8646875000e+02 5.9510156250e+02 1.4285937309e+01
3.0807950679e-06 2.8479687500e+02 5.9721093750e+02 1.4327343941e+01
3.0903950119e-06 2.8696875000e+02 5.9608593750e+02 1.4342968941e+01
3.0999949558e-06 2.8642187500e+02 5.9653125000e+02 1.4345312119e+01
3.1095948998e-06 2.8606250000e+02 5.9608593750e+02 1.4332031250e+01
3.1191950711e-06 2.8620312500e+02 5.9430468750e+02 1.4331250191e+01
3.1287950151e-06 2.8556250000e+02 5.9610937500e+02 1.4309374809e+01
3.1383949590e-06 2.8551562500e+02 5.9566406250e+02 1.4288281441e+01
3.1479949030e-06 2.8250000000e+02 5.9503125000e+02 1.4321093559e+01
3.1575950743e-06 2.8392187500e+02 5.9479687500e+02 1.4398437500e+01
3.1671950182e-06 2.8151562500e+02 5.9805468750e+02 1.4347656250e+01
3.1767949622e-06 2.8207812500e+02 5.9353125000e+02 1.4278905869e+01
3.1863949062e-06 2.8326562500e+02 5.9547656250e+02 1.4342187881e+01
3.1959950775e-06 2.8167187500e+02 5.9617968750e+02 1.4360156059e+01
3.2055950214e-06 2.8281250000e+02 5.9873437500e+02 1.4306249619e+01
3.2151949654e-06 2.8190625000e+02 5.9857031250e+02 1.4344531059e+01
3.2247949093e-06 2.8190625000e+02 5.9383593750e+02 1.4308593750e+01
3.2343950807e-06 2.7948437500e+02 5.9608593750e+02 1.4353906631e+01
3.2439950246e-06 2.8032812500e+02 5.9512500000e+02 1.4317187309e+01
3.2535949686e-06 2.8009375000e+02 5.9594531250e+02 1.4268750191e+01
3.2631949125e-06 2.7957812500e+02 5.9632031250e+02 1.4265625000e+01
3.2727950838e-06 2.8143750000e+02 5.9721093750e+02 1.4284375191e+01
3.2823950278e-06 2.8035937500e+02 5.9510156250e+02 1.4381250381e+01
3.2919949717e-06 2.7653125000e+02 5.9596875000e+02 1.4252344131e+01
3.3015949157e-06 2.7734375000e+02 5.9742187500e+02 1.4403905869e+01
3.3111950870e-06 2.7756250000e+02 5.9531250000e+02 1.4403124809e+01
3.3207950310e-06 2.7620312500e+02 5.9646093750e+02 1.4366406441e+01
3.3303949749e-06 2.7598437500e+02 5.9477343750e+02 1.4314062119e+01
3.3399949189e-06 2.7839062500e+02 5.9519531250e+02 1.4338281631e+01
3.3495950902e-06 2.7501562500e+02 5.9596875000e+02 1.4316406250e+01
3.3591950341e-06 2.7665625000e+02 5.9423437500e+02 1.4327343941e+01
3.3687949781e-06 2.7496875000e+02 5.9538281250e+02 1.4392969131e+01
3.3783949220e-06 2.7456250000e+02 5.9458593750e+02 1.4411718369e+01
3.3879950934e-06 2.7423437500e+02 5.9650781250e+02 1.4324999809e+01
3.3975950373e-06 2.7328125000e+02 5.9697656250e+02 1.4363281250e+01
3.4071949813e-06 2.7348437500e+02 5.9582812500e+02 1.4232030869e+01
3.4167949252e-06 2.7240625000e+02 5.9432812500e+02 1.4300781250e+01
3.4263950965e-06 2.7425000000e+02 5.9568750000e+02 1.4337499619e+01
3.4359950405e-06 2.7356250000e+02 5.9571093750e+02 1.4215624809e+01
3.4455949844e-06 2.7364062500e+02 5.9489062500e+02 1.4314844131e+01
3.4551949284e-06 2.7140625000e+02 5.9603906250e+02 1.4186718941e+01
3.4647950997e-06 2.7121875000e+02 5.9662500000e+02 1.4294530869e+01
3.4743950437e-06 2.7035937500e+02 5.9564062500e+02 1.4324999809e+01
3.4839949876e-06 2.7164062500e+02 5.9578125000e+02 1.4371874809e+01
3.4935949316e-06 2.6981250000e+02 5.9496093750e+02 1.4260937691e+01
3.5031951029e-06 2.7004687500e+02 5.9484375000e+02 1.4274218559e+01
3.5127950468e-06 2.7003125000e+02 5.9674218750e+02 1.4300000191e+01
3.5223949908e-06 2.6965625000e+02 5.9620312500e+02 1.4346094131e+01
3.5319949347e-06 2.6984375000e+02 5.9655468750e+02 1.4258593559e+01
3.5415951061e-06 2.6854687500e+02 5.9456250000e+02 1.4227343559e+01
3.5511950500e-06 2.7017187500e+02 5.9484375000e+02 1.4308593750e+01
3.5607949940e-06 2.6773437500e+02 5.9381250000e+02 1.4335937500e+01
3.5703949379e-06 2.6832812500e+02 5.9184375000e+02 1.4203906059e+01
3.5799951092e-06 2.6525000000e+02 5.9510156250e+02 1.4187500000e+01
3.5895950532e-06 2.6789062500e+02 5.9505468750e+02 1.4179687500e+01
3.5991949972e-06 2.6496875000e+02 5.9641406250e+02 1.4213281631e+01
3.6087949411e-06 2.6623437500e+02 5.9639062500e+02 1.4161718369e+01
3.6183951124e-06 2.6601562500e+02 5.9362500000e+02 1.4178125381e+01
3.6279950564e-06 2.6568750000e+02 5.9500781250e+02 1.4300000191e+01
3.6375950003e-06 2.6335937500e+02 5.9346093750e+02 1.4197656631e+01
3.6471949443e-06 2.6220312500e+02 5.9348437500e+02 1.4254687309e+01
3.6567948882e-06 2.6460937500e+02 5.9575781250e+02 1.4203125000e+01
3.6663950596e-06 2.6350000000e+02 5.9292187500e+02 1.4243749619e+01
3.6759950035e-06 2.6257812500e+02 5.9254687500e+02 1.4119531631e+01
3.6855949475e-06 2.6479687500e+02 5.9360156250e+02 1.4315625191e+01
3.6951948914e-06 2.6409375000e+02 5.9254687500e+02 1.4204687119e+01
3.7047950627e-06 2.6296875000e+02 5.9505468750e+02 1.4116406441e+01
3.7143950067e-06 2.6192187500e+02 5.9308593750e+02 1.4234375000e+01
3.7239949506e-06 2.6207812500e+02 5.9542968750e+02 1.4249218941e+01
3.7335948946e-06 2.6206250000e+02 5.9378906250e+02 1.4197656631e+01
3.7431950659e-06 2.6185937500e+02 5.9336718750e+02 1.4138280869e+01
3.7527950099e-06 2.6060937500e+02 5.9299218750e+02 1.4089062691e+01
3.7623949538e-06 2.6059375000e+02 5.9566406250e+02 1.4158594131e+01
3.7719948978e-06 2.5959375000e+02 5.9371875000e+02 1.4164843559e+01
3.7815950691e-06 2.6025000000e+02 5.9416406250e+02 1.4040624619e+01
3.7911950130e-06 2.5993750000e+02 5.9400000000e+02 1.4189844131e+01
3.8007949570e-06 2.5825000000e+02 5.9221875000e+02 1.4162500381e+01
3.8103949009e-06 2.5907812500e+02 5.9460937500e+02 1.4274999619e+01
3.8199950723e-06 2.5853125000e+02 5.9369531250e+02 1.4075780869e+01
3.8295947888e-06 2.5750000000e+02 5.9360156250e+02 1.4240625381e+01
3.8391949602e-06 2.5785937500e+02 5.9313281250e+02 1.4188281059e+01
3.8487951315e-06 2.5768750000e+02 5.9404687500e+02 1.4015625000e+01
3.8583948481e-06 2.5607812500e+02 5.9357812500e+02 1.4051562309e+01
3.8679950194e-06 2.5845312500e+02 5.9484375000e+02 1.4127344131e+01
3.8775951907e-06 2.5503125000e+02 5.9250000000e+02 1.4096875191e+01
3.8871949073e-06 2.5706250000e+02 5.9308593750e+02 1.4143750191e+01
3.8967950786e-06 2.5581250000e+02 5.9355468750e+02 1.4146093369e+01
3.9063947952e-06 2.5426562500e+02 5.9271093750e+02 1.4020312309e+01
3.9159949665e-06 2.4743750000e+02 6.2735156250e+02 1.3536718369e+01
3.9255951378e-06 2.2657812500e+02 6.4181250000e+02 1.1407031059e+01
3.9351948544e-06 2.0526562500e+02 6.4734375000e+02 1.0062500000e+01
3.9447950257e-06 1.8212500000e+02 6.5789062500e+02 9.2281246185e+00
3.9543951971e-06 1.5715625000e+02 6.6086718750e+02 8.5101566315e+00
3.9639949136e-06 1.3621875000e+02 6.6217968750e+02 7.6937499046e+00
3.9735950850e-06 1.1646875000e+02 6.5620312500e+02 6.8851561546e+00
3.9831948015e-06 9.9796875000e+01 6.4298437500e+02 6.0609374046e+00
3.9927949729e-06 8.2906250000e+01 6.2852343750e+02 5.3937501907e+00
4.0023951442e-06 6.7781250000e+01 6.1617187500e+02 4.6671876907e+00
4.0119948608e-06 5.7062500000e+01 6.0578906250e+02 4.0820312500e+00
4.0215950321e-06 4.6875000000e+01 6.0485156250e+02 3.7570312023e+00
4.0311952034e-06 4.1125000000e+01 6.0536718750e+02 3.5460937023e+00
4.0407949200e-06 3.5546875000e+01 6.0578906250e+02 3.2000000477e+00
4.0503950913e-06 3.1390625000e+01 6.1221093750e+02 3.0765624046e+00
4.0599948079e-06 2.4328125000e+01 6.1321875000e+02 2.7343750000e+00
4.0695949792e-06 2.0421875000e+01 6.1160156250e+02 2.4828124046e+00
4.0791951506e-06 1.8000000000e+01 6.1073437500e+02 2.1429686546e+00
4.0887948671e-06 1.4390625000e+01 6.0035156250e+02 1.7429687977e+00
4.0983950385e-06 1.1531250000e+01 5.9540625000e+02 1.3343750238e+00
4.1105549826e-06 1.0031250000e+01 5.8938281250e+02 9.7109377384e-01
