# time_s Ids_true_A Ids_pred_A Ids_physics_A T_mean_K
4.0500026444e-08 1.0600000381e+01 1.9930084229e+01 2.9494615555e+01 3.4086059570e+02
5.2000018513e-08 2.5200000763e+01 3.0655639648e+01 5.3823989868e+01 3.4229815674e+02
6.1599962464e-08 4.3500000000e+01 5.5383605957e+01 7.4522766113e+01 3.4248150635e+02
7.1200020102e-08 6.2799999237e+01 7.9876953125e+01 9.3980903625e+01 3.4433706665e+02
8.0799964053e-08 9.0300003052e+01 1.0805087280e+02 1.1783437347e+02 3.4498440552e+02
9.0400021691e-08 1.1300000000e+02 1.2138072205e+02 1.3118013000e+02 3.4714263916e+02
9.9999851955e-08 1.3600000000e+02 1.4827569580e+02 1.5801702881e+02 3.4834359741e+02
1.0999997357e-07 1.5900000000e+02 1.6739114380e+02 1.7544351196e+02 3.5109487915e+02
1.1899999208e-07 1.7700000000e+02 1.9264916992e+02 1.9604069519e+02 3.5232464600e+02
1.2900000002e-07 1.9900000000e+02 2.1525851440e+02 2.1574468994e+02 3.5598385620e+02
1.3800001852e-07 2.2100000000e+02 2.3120365906e+02 2.2137461853e+02 3.5683148193e+02
1.4799991277e-07 2.3900000000e+02 2.5263003540e+02 2.4217257690e+02 3.6149542236e+02
1.5800003439e-07 2.5400000000e+02 2.6676040649e+02 2.5438247681e+02 3.6251269531e+02
1.6700005290e-07 2.7200000000e+02 2.7274749756e+02 2.6121582031e+02 3.6679797363e+02
1.7700006083e-07 2.8400000000e+02 2.6758078003e+02 2.7263894653e+02 3.6849517822e+02
1.8599996565e-07 2.9700000000e+02 2.7496218872e+02 2.8635607910e+02 3.7245843506e+02
1.9599985990e-07 3.0700000000e+02 2.8948599243e+02 3.0448345947e+02 3.7509091187e+02
2.0599998152e-07 3.2600000000e+02 3.1684994507e+02 3.2778576660e+02 3.7958602905e+02
2.1500000003e-07 3.3800000000e+02 3.1977990723e+02 3.3527856445e+02 3.8156857300e+02
2.2500000796e-07 3.5100000000e+02 3.4811026001e+02 3.3940783691e+02 3.8698422241e+02
2.3400002647e-07 3.6200000000e+02 3.7116656494e+02 3.5527490234e+02 3.8843746948e+02
2.4400003440e-07 3.7300000000e+02 3.8407614136e+02 3.6469412231e+02 3.9489102173e+02
2.5400004233e-07 3.8300000000e+02 4.0416760254e+02 3.8253659058e+02 3.9656030273e+02
2.6300006084e-07 3.9000000000e+02 4.1094030762e+02 3.8534564209e+02 4.0232946777e+02
2.7300006877e-07 3.9800000000e+02 4.0353341675e+02 3.9419198608e+02 4.0483877563e+02
2.8199997359e-07 4.0400000000e+02 3.8384088135e+02 3.9754373169e+02 4.0982482910e+02
2.9199998153e-07 4.1100000000e+02 4.0288595581e+02 4.0540206909e+02 4.1326278687e+02
3.0199987577e-07 4.2100000000e+02 4.0988021851e+02 4.1817660522e+02 4.1849209595e+02
3.1099989428e-07 4.2800000000e+02 4.3139913940e+02 4.3398764038e+02 4.2129437256e+02
3.2100001590e-07 4.3900000000e+02 4.3870755005e+02 4.3808395386e+02 4.2751388550e+02
3.3000003441e-07 4.4700000000e+02 4.5357696533e+02 4.5503109741e+02 4.2962042236e+02
3.4000004234e-07 4.4900000000e+02 4.4658212280e+02 4.4125488281e+02 4.3652633667e+02
3.4999993659e-07 4.5700000000e+02 4.7828643799e+02 4.5874520874e+02 4.3888693237e+02
3.5899995510e-07 4.6400000000e+02 4.7688293457e+02 4.7001809692e+02 4.4507730103e+02
3.6899996303e-07 4.7000000000e+02 4.6105728149e+02 4.6830578613e+02 4.4821875000e+02
3.7799998154e-07 4.7600000000e+02 4.5258584595e+02 4.7154635620e+02 4.5351150513e+02
3.8799998947e-07 4.7700000000e+02 4.7676266479e+02 4.7759701538e+02 4.5767608643e+02
3.9799988372e-07 4.8300000000e+02 4.8451681519e+02 4.8187753296e+02 4.6302944946e+02
4.0699990222e-07 4.8700000000e+02 4.8225073242e+02 5.0464453125e+02 4.6655212402e+02
4.1700002384e-07 4.9300000000e+02 5.0642807007e+02 4.9939425659e+02 4.7282537842e+02
4.2600004235e-07 4.9600000000e+02 4.8234936523e+02 5.0401678467e+02 4.7532916260e+02
4.3600005029e-07 5.0100000000e+02 5.3316552734e+02 5.1646722412e+02 4.8290765381e+02
4.4600005822e-07 5.0800000000e+02 4.9102551270e+02 4.9353680420e+02 4.8481991577e+02
4.5499996304e-07 5.0900000000e+02 5.1892968750e+02 5.1366839600e+02 4.9182156372e+02
4.6499985729e-07 5.0800000000e+02 5.1071084595e+02 5.2706042480e+02 4.9486694336e+02
4.7399987579e-07 5.1400000000e+02 5.1775451660e+02 5.1968267822e+02 5.0074169922e+02
4.8399999741e-07 5.1600000000e+02 5.1013113403e+02 5.2248992920e+02 5.0475698853e+02
4.9400000535e-07 5.1500000000e+02 5.0226080322e+02 5.2413531494e+02 5.1060537720e+02
5.0300002385e-07 5.1900000000e+02 5.2243469238e+02 5.2714184570e+02 5.1368334961e+02
5.1299991810e-07 5.2200000000e+02 5.1519848633e+02 5.2806530762e+02 5.2048828125e+02
5.2199993661e-07 5.2800000000e+02 5.2083288574e+02 5.2110919189e+02 5.2244567871e+02
5.3200005823e-07 5.2800000000e+02 5.3715856934e+02 5.3159753418e+02 5.3041760254e+02
5.4200006616e-07 5.2900000000e+02 5.2557769775e+02 5.3305273438e+02 5.3232537842e+02
5.5100008467e-07 5.2900000000e+02 5.3856103516e+02 5.2466949463e+02 5.3918664551e+02
5.6099986523e-07 5.3400000000e+02 5.4040881348e+02 5.4457189941e+02 5.4237384033e+02
5.6999988374e-07 5.3400000000e+02 5.3823114014e+02 5.3546270752e+02 5.4804998779e+02
5.8000000536e-07 5.3400000000e+02 5.3723968506e+02 5.3592077637e+02 5.5220092773e+02
5.9000001329e-07 5.3900000000e+02 5.3180572510e+02 5.3589929199e+02 5.5781665039e+02
5.9900003180e-07 5.3700000000e+02 5.4659643555e+02 5.5559265137e+02 5.6129956055e+02
6.0899992604e-07 5.3800000000e+02 5.3812805176e+02 5.3629821777e+02 5.6754736328e+02
6.1799994455e-07 5.3700000000e+02 5.3713720703e+02 5.3597607422e+02 5.7003112793e+02
6.2800006617e-07 5.3900000000e+02 5.5116046143e+02 5.4624114990e+02 5.7744885254e+02
6.3800007410e-07 5.3800000000e+02 5.4820544434e+02 5.4520379639e+02 5.7988922119e+02
6.4699997893e-07 5.3700000000e+02 5.3974951172e+02 5.3507073975e+02 5.8608404541e+02
6.5699998686e-07 5.3900000000e+02 5.3481683350e+02 5.4302172852e+02 5.8957196045e+02
6.6600000537e-07 5.3900000000e+02 5.4013720703e+02 5.4278808594e+02 5.9477795410e+02
6.7600001330e-07 5.4100000000e+02 5.3266583252e+02 5.4129022217e+02 5.9915618896e+02
6.8600002123e-07 5.4000000000e+02 5.3475085449e+02 5.3143841553e+02 6.0419805908e+02
6.9500003974e-07 5.3900000000e+02 5.4697705078e+02 5.5864746094e+02 6.0803082275e+02
7.0500004767e-07 5.3800000000e+02 5.3522406006e+02 5.3841851807e+02 6.1366400146e+02
7.1400006618e-07 5.3500000000e+02 5.3294146729e+02 5.2784930420e+02 6.1639782715e+02
7.2400007411e-07 5.3500000000e+02 5.3153082275e+02 5.2704760742e+02 6.2289813232e+02
7.3400008205e-07 5.3500000000e+02 5.3149926758e+02 5.2524383545e+02 6.2562017822e+02
7.4299998687e-07 5.3700000000e+02 5.3593560791e+02 5.3385302734e+02 6.3129473877e+02
7.5299999480e-07 5.3600000000e+02 5.3751928711e+02 5.4083520508e+02 6.3504302979e+02
7.6200001331e-07 5.3500000000e+02 5.2760473633e+02 5.2974932861e+02 6.3953479004e+02
7.7199990756e-07 5.3300000000e+02 5.3146466064e+02 5.2891302490e+02 6.4422924805e+02
7.8200002918e-07 5.3300000000e+02 5.2820916748e+02 5.2672955322e+02 6.4863037109e+02
7.9100004768e-07 5.3100000000e+02 5.2847113037e+02 5.2542175293e+02 6.5239807129e+02
8.0100005562e-07 5.3100000000e+02 5.2393688965e+02 5.2331939697e+02 6.5759869385e+02
8.1000007413e-07 5.2800000000e+02 5.2489331055e+02 5.2160815430e+02 6.6046191406e+02
8.1999996837e-07 5.3100000000e+02 5.1722979736e+02 5.1125079346e+02 6.6632427979e+02
8.2999997630e-07 5.2900000000e+02 5.1787115479e+02 5.1735803223e+02 6.6927026367e+02
8.3899999481e-07 5.2500000000e+02 5.1579925537e+02 5.0799642944e+02 6.7411657715e+02
8.4900000275e-07 5.2400000000e+02 5.1904321289e+02 5.1479095459e+02 6.7804449463e+02
8.5800002125e-07 5.2300000000e+02 5.1717224121e+02 5.1286779785e+02 6.8194470215e+02
8.6800002919e-07 5.2200000000e+02 5.1480798340e+02 5.1093957520e+02 6.8667749023e+02
8.7800003712e-07 5.2100000000e+02 5.1418164062e+02 5.0920773315e+02 6.9056604004e+02
8.8700005563e-07 5.1800000000e+02 5.0773852539e+02 4.9875708008e+02 6.9425341797e+02
8.9700006356e-07 5.1800000000e+02 5.1565295410e+02 5.1431536865e+02 6.9921380615e+02
9.0600008207e-07 5.1600000000e+02 5.1369580078e+02 5.1178692627e+02 7.0198022461e+02
9.1599997631e-07 5.1400000000e+02 5.0694104004e+02 5.0181246948e+02 7.0759423828e+02
9.2599998425e-07 5.1000000000e+02 5.0577899170e+02 4.9977578735e+02 7.1037933350e+02
9.3500000276e-07 5.1100000000e+02 5.0368670654e+02 4.9866314697e+02 7.1510894775e+02
9.4500001069e-07 5.0700000000e+02 5.0242437744e+02 4.9624865723e+02 7.1867919922e+02
9.5400002920e-07 5.0600000000e+02 4.9560867310e+02 4.8634063721e+02 7.2241748047e+02
9.6400003713e-07 5.0500000000e+02 4.9364819336e+02 4.8386514282e+02 7.2669317627e+02
9.7400004506e-07 5.0600000000e+02 5.0248077393e+02 4.9880935669e+02 7.3068322754e+02
9.8299994988e-07 5.0400000000e+02 4.9560549927e+02 4.8830838013e+02 7.3394744873e+02
9.9299995782e-07 5.0300000000e+02 4.9419689941e+02 4.8694390869e+02 7.3871447754e+02
9.9999999748e-07 5.0200000000e+02 4.9870507812e+02 5.0232360840e+02 7.3979541016e+02
1.0100000054e-06 4.9700000000e+02 4.9080270386e+02 4.8453167725e+02 7.4668707275e+02
1.0199998997e-06 4.9500000000e+02 4.9295501709e+02 4.8965518188e+02 7.4790844727e+02
1.0300000213e-06 4.9400000000e+02 4.9113882446e+02 4.8906030273e+02 7.5472113037e+02
1.0400000292e-06 4.9500000000e+02 4.8472808838e+02 4.7760089111e+02 7.5579382324e+02
1.0500000371e-06 4.9200000000e+02 4.8415048218e+02 4.7654058838e+02 7.6248327637e+02
1.0600000451e-06 4.9100000000e+02 4.9216912842e+02 4.8918807983e+02 7.6377716064e+02
1.0700000530e-06 4.8900000000e+02 4.8558422852e+02 4.8060598755e+02 7.7027551270e+02
1.0799999473e-06 4.9000000000e+02 4.8205065918e+02 4.7819833374e+02 7.7161877441e+02
1.0899999552e-06 4.8600000000e+02 4.8165618896e+02 4.7718295288e+02 7.7801409912e+02
1.0999999631e-06 4.8200000000e+02 4.7986160278e+02 4.7410217285e+02 7.7934271240e+02
1.1099999710e-06 4.8300000000e+02 4.7110665894e+02 4.6610916138e+02 7.8558740234e+02
1.1199999790e-06 4.8000000000e+02 4.7564666748e+02 4.7065225220e+02 7.8699890137e+02
1.1299999869e-06 4.8100000000e+02 4.7448715210e+02 4.6979739380e+02 7.9316149902e+02
1.1399999948e-06 4.7700000000e+02 4.7209796143e+02 4.6596615601e+02 7.9448107910e+02
1.1500000028e-06 4.7700000000e+02 4.7148693848e+02 4.7479406738e+02 8.0084417725e+02
1.1600000107e-06 4.7500000000e+02 4.6847259521e+02 4.6340515137e+02 8.0197717285e+02
1.1700000186e-06 4.7500000000e+02 4.7206234741e+02 4.7044946289e+02 8.0838366699e+02
1.1800000266e-06 4.7300000000e+02 4.6117788696e+02 4.5190380859e+02 8.0924316406e+02
1.1800000266e-06 4.7000000000e+02 4.6128945923e+02 4.5133682251e+02 8.0838366699e+02
1.1900000345e-06 4.6700000000e+02 4.6771746826e+02 4.6755999756e+02 8.1671081543e+02
1.2000000424e-06 4.6800000000e+02 4.6255908203e+02 4.5563473511e+02 8.1570715332e+02
1.2099999367e-06 4.6700000000e+02 4.6498666382e+02 4.6389871216e+02 8.2408709717e+02
1.2199999446e-06 4.6300000000e+02 4.5786676025e+02 4.5258096313e+02 8.2298712158e+02
1.2299999526e-06 4.6300000000e+02 4.6211898804e+02 4.6029031372e+02 8.3137463379e+02
1.2399999605e-06 4.6300000000e+02 4.5974340820e+02 4.5655194092e+02 8.3030047607e+02
1.2499999684e-06 4.6000000000e+02 4.5800997925e+02 4.5705093384e+02 8.3860516357e+02
1.2599998627e-06 4.5800000000e+02 4.5628436279e+02 4.5321154785e+02 8.3754144287e+02
1.2699999843e-06 4.5400000000e+02 4.6450985718e+02 4.6860275269e+02 8.4598852539e+02
1.2799999922e-06 4.5600000000e+02 4.5920159912e+02 4.5672918701e+02 8.4478601074e+02
1.2900000002e-06 4.5400000000e+02 4.5751760864e+02 4.5728723145e+02 8.5315130615e+02
1.3000000081e-06 4.4900000000e+02 4.5540612793e+02 4.5359939575e+02 8.5197503662e+02
1.3100000160e-06 4.4800000000e+02 4.4897659302e+02 4.4677923584e+02 8.6014532471e+02
1.3199999103e-06 4.4800000000e+02 4.4330892944e+02 4.4397100830e+02 8.5905163574e+02
1.3300000319e-06 4.4600000000e+02 4.5039117432e+02 4.5090307617e+02 8.6718902588e+02
1.3400000398e-06 4.4700000000e+02 4.5174316406e+02 4.5487500000e+02 8.6625018311e+02
1.3500000478e-06 4.4400000000e+02 4.4644226074e+02 4.4781796265e+02 8.7418194580e+02
1.3600000557e-06 4.4400000000e+02 4.3953182983e+02 4.3727416992e+02 8.7315270996e+02
1.3699999499e-06 4.4100000000e+02 4.4433898926e+02 4.4438641357e+02 8.8108288574e+02
1.3799999579e-06 4.4000000000e+02 4.5213043213e+02 4.5530862427e+02 8.8028955078e+02
1.3899999658e-06 4.4000000000e+02 4.3994909668e+02 4.4156912231e+02 8.8795043945e+02
1.3999999737e-06 4.3400000000e+02 4.4283688354e+02 4.4533938599e+02 8.8727606201e+02
1.4099999817e-06 4.3800000000e+02 4.4034704590e+02 4.4580957031e+02 8.9488232422e+02
1.4199999896e-06 4.3100000000e+02 4.3587219238e+02 4.3505712891e+02 8.9407519531e+02
1.4199999896e-06 4.3000000000e+02 4.3168377686e+02 4.2825027466e+02 8.9488232422e+02
1.4299999975e-06 4.3300000000e+02 4.3808245850e+02 4.4228475952e+02 9.0093884277e+02
1.4400000055e-06 4.3100000000e+02 4.3208325195e+02 4.3263684082e+02 9.0162939453e+02
1.4500000134e-06 4.2400000000e+02 4.3178387451e+02 4.3201126099e+02 9.0760693359e+02
1.4600000213e-06 4.2700000000e+02 4.3343231201e+02 4.3677124023e+02 9.0842736816e+02
1.4700000293e-06 4.2700000000e+02 4.2671881104e+02 4.2963958740e+02 9.1425994873e+02
1.4800000372e-06 4.2600000000e+02 4.3039190674e+02 4.3393695068e+02 9.1516723633e+02
1.4900000451e-06 4.2100000000e+02 4.2520068359e+02 4.2649984741e+02 9.2083093262e+02
1.5000000531e-06 4.2000000000e+02 4.2225836182e+02 4.2449069214e+02 9.2175769043e+02
1.5099999473e-06 4.1800000000e+02 4.2157238770e+02 4.2394757080e+02 9.2736181641e+02
1.5199999552e-06 4.1700000000e+02 4.2012023926e+02 4.2166302490e+02 9.2828118896e+02
1.5299999632e-06 4.1900000000e+02 4.1995053101e+02 4.2096664429e+02 9.3381402588e+02
1.5399999711e-06 4.1500000000e+02 4.2303311157e+02 4.2547174072e+02 9.3482989502e+02
1.5499999790e-06 4.1500000000e+02 4.1209301758e+02 4.1183767700e+02 9.4012664795e+02
1.5599999870e-06 4.1100000000e+02 4.1570993042e+02 4.1622509766e+02 9.4122351074e+02
1.5699999949e-06 4.1000000000e+02 4.1229391479e+02 4.1627084351e+02 9.4651843262e+02
1.5800000028e-06 4.0900000000e+02 4.2249725342e+02 4.2688027954e+02 9.4775915527e+02
1.5900000108e-06 4.0500000000e+02 4.1601330566e+02 4.1984689331e+02 9.5292352295e+02
1.6000000187e-06 4.0700000000e+02 4.1236367798e+02 4.1828234863e+02 9.5419403076e+02
1.6100000266e-06 4.0600000000e+02 4.0829083252e+02 4.1088485718e+02 9.5919226074e+02
1.6200000346e-06 4.0300000000e+02 4.1254730225e+02 4.1518298340e+02 9.6052752686e+02
1.6300000425e-06 4.0300000000e+02 4.1061572266e+02 4.1482287598e+02 9.6550115967e+02
1.6400000504e-06 4.0200000000e+02 4.0219183350e+02 4.0703579712e+02 9.6677825928e+02
1.6499999447e-06 4.0100000000e+02 4.1152511597e+02 4.1911447144e+02 9.7187567139e+02
1.6599999526e-06 3.9700000000e+02 4.0236346436e+02 4.0401797485e+02 9.7293273926e+02
1.6599999526e-06 3.9800000000e+02 4.0365148926e+02 4.1068640137e+02 9.7187567139e+02
1.6699999605e-06 3.9800000000e+02 4.0398425293e+02 4.1077343750e+02 9.7916607666e+02
1.6799999685e-06 3.9800000000e+02 3.9924697876e+02 4.0147061157e+02 9.7800622559e+02
1.6899999764e-06 3.9400000000e+02 4.0146551514e+02 4.0845220947e+02 9.8535449219e+02
1.6999999843e-06 3.9500000000e+02 3.9471646118e+02 3.9966607666e+02 9.8413073730e+02
1.7099999923e-06 3.9300000000e+02 3.9614050293e+02 3.9949792480e+02 9.9137811279e+02
1.7200000002e-06 3.9100000000e+02 4.0338861084e+02 4.0953698730e+02 9.9035559082e+02
1.7300000081e-06 3.9100000000e+02 3.9729049683e+02 4.0370294189e+02 9.9746795654e+02
1.7400000161e-06 3.9000000000e+02 3.9609243774e+02 4.0110690308e+02 9.9645251465e+02
1.7500000240e-06 3.9200000000e+02 3.9490603638e+02 4.0147540283e+02 1.0035158691e+03
1.7600000319e-06 3.8700000000e+02 3.8963070679e+02 3.9271221924e+02 1.0024129028e+03
1.7700000399e-06 3.8800000000e+02 3.9114868164e+02 3.9962985229e+02 1.0095473022e+03
1.7800000478e-06 3.8500000000e+02 3.8608312988e+02 3.9090563965e+02 1.0083577271e+03
1.7900000557e-06 3.8600000000e+02 3.9092810059e+02 3.9704791260e+02 1.0155016479e+03
1.7999999500e-06 3.8100000000e+02 3.9241455078e+02 4.0103320312e+02 1.0144384766e+03
1.8099999579e-06 3.8000000000e+02 3.8927160645e+02 3.9475103760e+02 1.0214046631e+03
1.8199999658e-06 3.8500000000e+02 3.8692004395e+02 3.9262747192e+02 1.0203726807e+03
1.8299999738e-06 3.8000000000e+02 3.8705615234e+02 3.9268283081e+02 1.0272694092e+03
1.8399999817e-06 3.8000000000e+02 3.8473815918e+02 3.9060916138e+02 1.0262681885e+03
1.8499999896e-06 3.8100000000e+02 3.8689999390e+02 3.9722845459e+02 1.0332244873e+03
1.8599999976e-06 3.7700000000e+02 3.8259921265e+02 3.8858331299e+02 1.0321258545e+03
1.8700000055e-06 3.7700000000e+02 3.8328317261e+02 3.8850677490e+02 1.0390024414e+03
1.8800000134e-06 3.7500000000e+02 3.8111907959e+02 3.8649130249e+02 1.0379344482e+03
1.8900000214e-06 3.7200000000e+02 3.8338107300e+02 3.9304351807e+02 1.0448702393e+03
1.9000000293e-06 3.7200000000e+02 3.8429110718e+02 3.9023873901e+02 1.0437729492e+03
1.9000000293e-06 3.7400000000e+02 3.7782287598e+02 3.8519973755e+02 1.0448702393e+03
1.9100000372e-06 3.7400000000e+02 3.7860946655e+02 3.8439273071e+02 1.0494976807e+03
1.9199999315e-06 3.7000000000e+02 3.7582077026e+02 3.8331271362e+02 1.0506234131e+03
1.9300000531e-06 3.7100000000e+02 3.7483474731e+02 3.8294400024e+02 1.0552227783e+03
1.9399999474e-06 3.6900000000e+02 3.7110684204e+02 3.7528228760e+02 1.0562304688e+03
1.9500000690e-06 3.6700000000e+02 3.7732336426e+02 3.8690142822e+02 1.0609902344e+03
1.9599999632e-06 3.6500000000e+02 3.7193585205e+02 3.7958715820e+02 1.0619150391e+03
1.9700000848e-06 3.6700000000e+02 3.7366558838e+02 3.7856246948e+02 1.0665889893e+03
1.9799999791e-06 3.6600000000e+02 3.7118896484e+02 3.7751214600e+02 1.0675428467e+03
1.9900001007e-06 3.6200000000e+02 3.7129907227e+02 3.7692016602e+02 1.0721667480e+03
1.9999999950e-06 3.6500000000e+02 3.6496920776e+02 3.7013034058e+02 1.0730632324e+03
2.0099998892e-06 3.6300000000e+02 3.6892764282e+02 3.7532949829e+02 1.0777237549e+03
2.0200000108e-06 3.6000000000e+02 3.7130377197e+02 3.7981466675e+02 1.0787128906e+03
2.0299999051e-06 3.5800000000e+02 3.6710040283e+02 3.7357250977e+02 1.0832492676e+03
2.0400000267e-06 3.5800000000e+02 3.6888565063e+02 3.7822299194e+02 1.0843414307e+03
2.0499999209e-06 3.6000000000e+02 3.6185269165e+02 3.6600906372e+02 1.0886485596e+03
2.0600000425e-06 3.5800000000e+02 3.6882452393e+02 3.7610873413e+02 1.0899034424e+03
2.0699999368e-06 3.6100000000e+02 3.6011300659e+02 3.6435009766e+02 1.0940185547e+03
2.0800000584e-06 3.5400000000e+02 3.6650003052e+02 3.7460113525e+02 1.0954455566e+03
2.0899999527e-06 3.5500000000e+02 3.6132974243e+02 3.6862249756e+02 1.0994649658e+03
2.1000000743e-06 3.5600000000e+02 3.6188027954e+02 3.6699972534e+02 1.1008509521e+03
2.1099999685e-06 3.5300000000e+02 3.5916131592e+02 3.6715335083e+02 1.1048930664e+03
2.1200000901e-06 3.5000000000e+02 3.5833880615e+02 3.6595965576e+02 1.1062717285e+03
2.1299999844e-06 3.5500000000e+02 3.5846786499e+02 3.6527368164e+02 1.1102700195e+03
2.1400001060e-06 3.5400000000e+02 3.5764859009e+02 3.6410629272e+02 1.1116414795e+03
2.1400001060e-06 3.5200000000e+02 3.5427304077e+02 3.5803625488e+02 1.1102700195e+03
2.1500000003e-06 3.5200000000e+02 3.5683697510e+02 3.6410629272e+02 1.1169829102e+03
2.1599998945e-06 3.4900000000e+02 3.4789215088e+02 3.5148431396e+02 1.1154779053e+03
2.1700000161e-06 3.4700000000e+02 3.5188357544e+02 3.5694927979e+02 1.1222053223e+03
2.1799999104e-06 3.4800000000e+02 3.4669702148e+02 3.4991424561e+02 1.1206490479e+03
2.1900000320e-06 3.4300000000e+02 3.4996484375e+02 3.5563385010e+02 1.1274122314e+03
2.1999999262e-06 3.4400000000e+02 3.4955889893e+02 3.5361950684e+02 1.1258529053e+03
2.2100000479e-06 3.4600000000e+02 3.5170074463e+02 3.5978012085e+02 1.1326837158e+03
2.2199999421e-06 3.4600000000e+02 3.4804397583e+02 3.5217303467e+02 1.1310308838e+03
2.2300000637e-06 3.4600000000e+02 3.4979873657e+02 3.5846337891e+02 1.1379395752e+03
2.2399999580e-06 3.4500000000e+02 3.4553393555e+02 3.5115032959e+02 1.1362150879e+03
2.2500000796e-06 3.4200000000e+02 3.5229629517e+02 3.6234054565e+02 1.1432384033e+03
2.2599999738e-06 3.4300000000e+02 3.4380044556e+02 3.4985842896e+02 1.1413845215e+03
2.2700000955e-06 3.3900000000e+02 3.4372610474e+02 3.5008682251e+02 1.1483530273e+03
2.2799999897e-06 3.3900000000e+02 3.4586422729e+02 3.5383630371e+02 1.1466079102e+03
2.2900001113e-06 3.3800000000e+02 3.4232739258e+02 3.4869055176e+02 1.1534433594e+03
2.3000000056e-06 3.4100000000e+02 3.4042968750e+02 3.4755133057e+02 1.1517586670e+03
2.3099998998e-06 3.3700000000e+02 3.4482354736e+02 3.5251126099e+02 1.1585766602e+03
2.3200000214e-06 3.4100000000e+02 3.4448165894e+02 3.5055822754e+02 1.1568895264e+03
2.3299999157e-06 3.3700000000e+02 3.4344171143e+02 3.5114083862e+02 1.1636856689e+03
2.3400000373e-06 3.3600000000e+02 3.3922232056e+02 3.4408990479e+02 1.1619295654e+03
2.3499999315e-06 3.3500000000e+02 3.4560684204e+02 3.5512631226e+02 1.1688481445e+03
2.3600000532e-06 3.3500000000e+02 3.3816815186e+02 3.4263641357e+02 1.1669360352e+03
2.3699999474e-06 3.3400000000e+02 3.4075152588e+02 3.4849603271e+02 1.1739094238e+03
2.3800000690e-06 3.2900000000e+02 3.3685467529e+02 3.4135379028e+02 1.1719197998e+03
2.3800000690e-06 3.3200000000e+02 3.3685467529e+02 3.4185653687e+02 1.1739094238e+03
2.3899999633e-06 3.3200000000e+02 3.3914675903e+02 3.4682339478e+02 1.1769774170e+03
2.4000000849e-06 3.2800000000e+02 3.3508041382e+02 3.4084445190e+02 1.1788823242e+03
2.4099999791e-06 3.3200000000e+02 3.3468811035e+02 3.4023654175e+02 1.1819263916e+03
2.4200001008e-06 3.2900000000e+02 3.3752120972e+02 3.4464324951e+02 1.1838981934e+03
2.4299999950e-06 3.3100000000e+02 3.3302935791e+02 3.3924972534e+02 1.1868737793e+03
2.4399998892e-06 3.3200000000e+02 3.3262072754e+02 3.3838461304e+02 1.1888267822e+03
2.4500000109e-06 3.2500000000e+02 3.3183749390e+02 3.3803451538e+02 1.1917995605e+03
2.4599999051e-06 3.2600000000e+02 3.3604724121e+02 3.4163882446e+02 1.1937575684e+03
2.4700000267e-06 3.2700000000e+02 3.3066732788e+02 3.3683020020e+02 1.1967041016e+03
2.4799999210e-06 3.2700000000e+02 3.2702453613e+02 3.3081433105e+02 1.1985603027e+03
2.4900000426e-06 3.2200000000e+02 3.2621487427e+02 3.3062960815e+02 1.2015142822e+03
2.4999999368e-06 3.2300000000e+02 3.2925784302e+02 3.3470065308e+02 1.2034158936e+03
2.5100000585e-06 3.2400000000e+02 3.2542678833e+02 3.2910794067e+02 1.2062750244e+03
2.5199999527e-06 3.2400000000e+02 3.2497338867e+02 3.2831497192e+02 1.2081589355e+03
2.5300000743e-06 3.2100000000e+02 3.2429232788e+02 3.2800402832e+02 1.2110163574e+03
2.5399999686e-06 3.2200000000e+02 3.3000018311e+02 3.3773278809e+02 1.2130672607e+03
2.5500000902e-06 3.1900000000e+02 3.2656283569e+02 3.3183737183e+02 1.2158101807e+03
2.5599999844e-06 3.1900000000e+02 3.2880880737e+02 3.3671710205e+02 1.2179648438e+03
2.5700001061e-06 3.1900000000e+02 3.2188912964e+02 3.2612899780e+02 1.2205421143e+03
2.5800000003e-06 3.1900000000e+02 3.2137017822e+02 3.2554342651e+02 1.2226879883e+03
2.5899998946e-06 3.1600000000e+02 3.2100253296e+02 3.2468331909e+02 1.2252260742e+03
2.6000000162e-06 3.1600000000e+02 3.2041110229e+02 3.2423727417e+02 1.2273731689e+03
2.6099999104e-06 3.1800000000e+02 3.1661315918e+02 3.1902505493e+02 1.2298405762e+03
2.6200000320e-06 3.1800000000e+02 3.1937432861e+02 3.2320596313e+02 1.2320400391e+03
2.6200000320e-06 3.1500000000e+02 3.1609909058e+02 3.1788391113e+02 1.2298405762e+03
2.6299999263e-06 3.1300000000e+02 3.2213031006e+02 3.2809796143e+02 1.2367590332e+03
2.6400000479e-06 3.1500000000e+02 3.2177413940e+02 3.2628686523e+02 1.2345489502e+03
2.6499999422e-06 3.1500000000e+02 3.1787518311e+02 3.2203890991e+02 1.2413800049e+03
2.6600000638e-06 3.1200000000e+02 3.2059576416e+02 3.2550723267e+02 1.2392581787e+03
2.6699999580e-06 3.1100000000e+02 3.1356286621e+02 3.1608294678e+02 1.2459053955e+03
2.6800000796e-06 3.1200000000e+02 3.0684759521e+02 3.0562280273e+02 1.2436831055e+03
2.6899999739e-06 3.0900000000e+02 3.1273287964e+02 3.1550302124e+02 1.2504418945e+03
2.7000000955e-06 3.1300000000e+02 3.1538638306e+02 3.1858621216e+02 1.2482779541e+03
2.7099999897e-06 3.0700000000e+02 3.1166061401e+02 3.1428820801e+02 1.2549432373e+03
2.7200001114e-06 3.0600000000e+02 3.0807180786e+02 3.0832409668e+02 1.2527287598e+03
2.7300000056e-06 3.0700000000e+02 3.1101086426e+02 3.1371597290e+02 1.2594559326e+03
2.7399998999e-06 3.1000000000e+02 3.0716918945e+02 3.0740701294e+02 1.2571635742e+03
2.7500000215e-06 3.0800000000e+02 3.0979302979e+02 3.1243130493e+02 1.2639249268e+03
2.7599999157e-06 3.0800000000e+02 3.0906838989e+02 3.1067971802e+02 1.2616131592e+03
2.7700000373e-06 3.0500000000e+02 3.0911505127e+02 3.1175268555e+02 1.2683963623e+03
2.7799999316e-06 3.0800000000e+02 3.0510668945e+02 3.0537759399e+02 1.2659986572e+03
2.7900000532e-06 3.0600000000e+02 3.0515698242e+02 3.0620874023e+02 1.2727854004e+03
2.7999999475e-06 3.0400000000e+02 3.0422174072e+02 3.0450820923e+02 1.2703688965e+03
2.8100000691e-06 3.0500000000e+02 3.0412863159e+02 3.0522082520e+02 1.2771503906e+03
2.8199999633e-06 3.0600000000e+02 3.0370886230e+02 3.0388424683e+02 1.2747420654e+03
2.8300000849e-06 3.0100000000e+02 3.0310168457e+02 3.0423989868e+02 1.2814916992e+03
2.8399999792e-06 3.0100000000e+02 2.9979437256e+02 2.9850097656e+02 1.2790350342e+03
2.8500001008e-06 3.0100000000e+02 2.9939297485e+02 2.9896981812e+02 1.2857623291e+03
2.8599999951e-06 2.9700000000e+02 2.9505889893e+02 2.9287808228e+02 1.2832233887e+03
2.8599999951e-06 3.0100000000e+02 3.0185238647e+02 3.0258489990e+02 1.2857623291e+03
2.8699998893e-06 2.9700000000e+02 2.9860040283e+02 2.9769085693e+02 1.2874882812e+03
2.8800000109e-06 2.9800000000e+02 2.9794369507e+02 2.9725091553e+02 1.2900102539e+03
2.8899999052e-06 2.9500000000e+02 2.9782113647e+02 2.9689132690e+02 1.2917392578e+03
2.9000000268e-06 3.0000000000e+02 2.9661843872e+02 2.9622552490e+02 1.2942270508e+03
2.9099999210e-06 2.9300000000e+02 2.9370382690e+02 2.9154901123e+02 1.2959042969e+03
2.9200000426e-06 2.9700000000e+02 2.9944442749e+02 3.0015798950e+02 1.2985115967e+03
2.9299999369e-06 2.9400000000e+02 2.9661679077e+02 2.9542330933e+02 1.3001368408e+03
2.9400000585e-06 2.9500000000e+02 2.9156045532e+02 2.9014254761e+02 1.3026300049e+03
2.9499999528e-06 2.9700000000e+02 2.9152447510e+02 2.8980621338e+02 1.3042586670e+03
2.9600000744e-06 2.9300000000e+02 2.9184844971e+02 2.8973754883e+02 1.3067611084e+03
2.9699999686e-06 2.9400000000e+02 2.9418594360e+02 2.9357235718e+02 1.3084388428e+03
2.9800000902e-06 2.9400000000e+02 2.9076306152e+02 2.8888122559e+02 1.3108710938e+03
2.9899999845e-06 2.9300000000e+02 2.9077139282e+02 2.8856140137e+02 1.3125521240e+03
3.0000001061e-06 2.9200000000e+02 2.9492218018e+02 2.9308856201e+02 1.3150736084e+03
3.0100000004e-06 2.9300000000e+02 2.8840756226e+02 2.8382766724e+02 1.3166162109e+03
3.0199998946e-06 2.9300000000e+02 2.8972064209e+02 2.8755102539e+02 1.3191667480e+03
3.0300002436e-06 2.8900000000e+02 2.8640893555e+02 2.8279937744e+02 1.3206435547e+03
3.0399999105e-06 2.9000000000e+02 2.8987304688e+02 2.8706958008e+02 1.3232642822e+03
3.0500000321e-06 2.9100000000e+02 2.8869546509e+02 2.8639468384e+02 1.3247200928e+03
3.0599999263e-06 2.9100000000e+02 2.8197946167e+02 2.7750595093e+02 1.3272034912e+03
3.0700000480e-06 2.8800000000e+02 2.8462606812e+02 2.8132968140e+02 1.3287154541e+03
3.0799999422e-06 2.8800000000e+02 2.8523989868e+02 2.8129226685e+02 1.3312080078e+03
3.0900000638e-06 2.8900000000e+02 2.7861450195e+02 2.7236654663e+02 1.3325880127e+03
3.0999999581e-06 2.8700000000e+02 2.8511294556e+02 2.8075271606e+02 1.3352092285e+03
3.0999999581e-06 2.8600000000e+02 2.8412622070e+02 2.8010131836e+02 1.3325880127e+03
3.1100000797e-06 2.8500000000e+02 2.8234472656e+02 2.8021301270e+02 1.3391583252e+03
3.1199999739e-06 2.8600000000e+02 2.8686724854e+02 2.8379507446e+02 1.3366376953e+03
3.1300000956e-06 2.8900000000e+02 2.8084115601e+02 2.7576776123e+02 1.3430692139e+03
3.1399999898e-06 2.8700000000e+02 2.7890753174e+02 2.7441473389e+02 1.3405314941e+03
3.1500001114e-06 2.8300000000e+02 2.7914871216e+02 2.7492745972e+02 1.3469533691e+03
3.1600002330e-06 2.8100000000e+02 2.8333801270e+02 2.7838885498e+02 1.3445063477e+03
3.1699998999e-06 2.8400000000e+02 2.7798272705e+02 2.7418508911e+02 1.3508188477e+03
3.1800000215e-06 2.8100000000e+02 2.7597210693e+02 2.6927978516e+02 1.3483360596e+03
3.1899999158e-06 2.7800000000e+02 2.7737799072e+02 2.7357611084e+02 1.3546739502e+03
3.2000000374e-06 2.8300000000e+02 2.7289898682e+02 2.6827212524e+02 1.3521241455e+03
3.2099999316e-06 2.8200000000e+02 2.7388116455e+02 2.6887109375e+02 1.3584609375e+03
3.2200000533e-06 2.8000000000e+02 2.7422814941e+02 2.6800277710e+02 1.3559257812e+03
3.2299999475e-06 2.7800000000e+02 2.7458700562e+02 2.6849359131e+02 1.3622536621e+03
3.2400000691e-06 2.8100000000e+02 2.7302731323e+02 2.6732342529e+02 1.3597095947e+03
3.2499999634e-06 2.8000000000e+02 2.7684869385e+02 2.7200097656e+02 1.3660942383e+03
3.2600000850e-06 2.8000000000e+02 2.7099575806e+02 2.6292520142e+02 1.3634420166e+03
3.2699999792e-06 2.7600000000e+02 2.7441970825e+02 2.7110943604e+02 1.3699011230e+03
3.2800003282e-06 2.7600000000e+02 2.6907272339e+02 2.6216418457e+02 1.3671497803e+03
3.2899999951e-06 2.7800000000e+02 2.7165026855e+02 2.6297198486e+02 1.3736229248e+03
3.2999998894e-06 2.7600000000e+02 2.6854580688e+02 2.6162158203e+02 1.3708480225e+03
3.3100000110e-06 2.7500000000e+02 2.7386795044e+02 2.6644177246e+02 1.3773923340e+03
3.3199999052e-06 2.7900000000e+02 2.6802703857e+02 2.6107574463e+02 1.3745371094e+03
3.3300000268e-06 2.8000000000e+02 2.6850784302e+02 2.6158953857e+02 1.3810728760e+03
3.3399999211e-06 2.7300000000e+02 2.6973645020e+02 2.6084716797e+02 1.3782398682e+03
3.3399999211e-06 2.7500000000e+02 2.7173352051e+02 2.6514089966e+02 1.3810728760e+03
3.3500000427e-06 2.7700000000e+02 2.6950189209e+02 2.6084716797e+02 1.3819334717e+03
3.3599999369e-06 2.7900000000e+02 2.6907922363e+02 2.6429315186e+02 1.3847850342e+03
3.3700000586e-06 2.7600000000e+02 2.6557281494e+02 2.5628930664e+02 1.3855550537e+03
3.3800001802e-06 2.7300000000e+02 2.6728509521e+02 2.6000604248e+02 1.3884476318e+03
3.3900000744e-06 2.7500000000e+02 2.6751403809e+02 2.5607492065e+02 1.3891901855e+03
3.3999999687e-06 2.7400000000e+02 2.6304418945e+02 2.5189964294e+02 1.3920062256e+03
3.4100003177e-06 2.7100000000e+02 2.6628985596e+02 2.5548413086e+02 1.3928094482e+03
3.4199999845e-06 2.7200000000e+02 2.6346731567e+02 2.5150706482e+02 1.3955638428e+03
3.4300001062e-06 2.7100000000e+02 2.6505206299e+02 2.5489692688e+02 1.3964127197e+03
3.4400000004e-06 2.7100000000e+02 2.6306478882e+02 2.5102285767e+02 1.3991134033e+03
3.4499998947e-06 2.7000000000e+02 2.6027325439e+02 2.5037274170e+02 1.3999385986e+03
3.4600000163e-06 2.6800000000e+02 2.6005990601e+02 2.5026292419e+02 1.4026331787e+03
3.4699999105e-06 2.7300000000e+02 2.5899761963e+02 2.4630021667e+02 1.4034172363e+03
3.4800000321e-06 2.7100000000e+02 2.6057775879e+02 2.5343765259e+02 1.4061842041e+03
3.4899999264e-06 2.6900000000e+02 2.5943014526e+02 2.4943690491e+02 1.4069272461e+03
3.5000000480e-06 2.6700000000e+02 2.6012084961e+02 2.4943515015e+02 1.4096953125e+03
3.5100001696e-06 2.6700000000e+02 2.6166949463e+02 2.5278976440e+02 1.4104831543e+03
3.5200000639e-06 2.6800000000e+02 2.4672705078e+02 2.2043135071e+02 1.4128331299e+03
3.5299999581e-06 2.6700000000e+02 2.2191184998e+02 1.7239646912e+02 1.4129750977e+03
3.5400000797e-06 2.5800000000e+02 1.9857402039e+02 1.3449676514e+02 1.4148032227e+03
3.5499999740e-06 2.4900000000e+02 1.7343896484e+02 1.0448721313e+02 1.4145211182e+03
3.5600000956e-06 2.3800000000e+02 1.5987040710e+02 8.6824302673e+01 1.4161092529e+03
3.5699999898e-06 2.1900000000e+02 1.4697433472e+02 6.8074890137e+01 1.4155710449e+03
3.5800001115e-06 2.0300000000e+02 1.2661532593e+02 5.2374500275e+01 1.4169216309e+03
3.5800001115e-06 1.7800000000e+02 1.0947985840e+02 4.2622943878e+01 1.4155710449e+03
3.5900000057e-06 1.5700000000e+02 9.6889617920e+01 3.5399246216e+01 1.4174674072e+03
3.5999999000e-06 1.3200000000e+02 8.0666748047e+01 2.6464868546e+01 1.4159758301e+03
3.6100000216e-06 1.1500000000e+02 7.2480712891e+01 2.2587541580e+01 1.4178099365e+03
3.6199999158e-06 9.5199996948e+01 5.6943176270e+01 1.6858543396e+01 1.4162268066e+03
3.6300002648e-06 7.9400001526e+01 4.7850463867e+01 1.4919734955e+01 1.4180295410e+03
3.6399999317e-06 6.7400001526e+01 3.3782745361e+01 1.0669238091e+01 1.4163815918e+03
3.6500000533e-06 5.1799999237e+01 3.0029968262e+01 9.7011747360e+00 1.4181699219e+03
3.6599999476e-06 4.6700000763e+01 2.5272979736e+01 9.0578680038e+00 1.4165112305e+03
3.6700000692e-06 4.0299999237e+01 2.1536682129e+01 6.7081475258e+00 1.4182662354e+03
3.6799999634e-06 3.1399999619e+01 2.0990661621e+01 5.9384331703e+00 1.4165963135e+03
3.6900000850e-06 2.8399999619e+01 2.0595672607e+01 4.9856910706e+00 1.4183382568e+03
3.6999999793e-06 2.2399999619e+01 1.7510803223e+01 3.8880972862e+00 1.4166519775e+03
3.7100001009e-06 2.1600000381e+01 1.2505798340e+01 3.5051243305e+00 1.4183881836e+03
3.7199999952e-06 1.5000000000e+01 1.0733551025e+01 2.7806146145e+00 1.4166912842e+03
3.7300001168e-06 1.3699999809e+01 9.7690734863e+00 2.5529520512e+00 1.4184244385e+03
3.7400000110e-06 1.3899999619e+01 5.4000854492e+00 1.9417581558e+00 1.4167183838e+03
3.7499999053e-06 1.0399999619e+01 5.1748657227e+00 1.7236523628e+00 1.4184487305e+03
