# time_s Ids_true_A Ids_pred_A Ids_physics_A T_mean_K
4.1919975047e-08 1.0281250000e+01 1.0463500977e+01 3.4473350525e+01 3.4423812866e+02
5.1520146371e-08 2.6468750000e+01 2.6954132080e+01 5.5376956940e+01 3.4503091431e+02
6.1119862949e-08 4.6812500000e+01 6.3063629150e+01 7.7471733093e+01 3.4531167603e+02
7.0720034273e-08 6.3468750000e+01 8.7795379639e+01 9.7348670959e+01 3.4635995483e+02
8.0319750850e-08 8.4812500000e+01 1.0605867004e+02 1.1653896332e+02 3.4686801147e+02
8.9919922175e-08 1.0834375000e+02 1.2296470642e+02 1.3709167480e+02 3.4817095947e+02
9.9520093499e-08 1.2962500000e+02 1.4237179565e+02 1.6058802795e+02 3.4897384644e+02
1.0911981008e-07 1.5121875000e+02 1.6241488647e+02 1.8056401062e+02 3.5056549072e+02
1.1871998140e-07 1.7806250000e+02 1.7829502869e+02 1.9255258179e+02 3.5155462646e+02
1.2832015273e-07 1.9500000000e+02 2.0714562988e+02 2.1592506409e+02 3.5351473999e+02
1.3791986930e-07 2.1609375000e+02 2.3632147217e+02 2.3819024658e+02 3.5484396362e+02
1.4752004063e-07 2.3131250000e+02 2.5912890625e+02 2.5234919739e+02 3.5706097412e+02
1.5711975720e-07 2.5487500000e+02 2.8818649292e+02 2.6838601685e+02 3.5865328979e+02
1.6671992853e-07 2.6584375000e+02 3.0015444946e+02 2.7485925293e+02 3.6098294067e+02
1.7632009985e-07 2.7850000000e+02 3.0171484375e+02 2.8478335571e+02 3.6267233276e+02
1.8591981643e-07 2.9393750000e+02 3.1207135010e+02 2.9517687988e+02 3.6515405273e+02
1.9551998776e-07 3.1093750000e+02 3.1469812012e+02 3.0973159790e+02 3.6699212646e+02
2.0512015908e-07 3.1878125000e+02 3.0620343018e+02 3.1293746948e+02 3.6947952271e+02
2.1471987566e-07 3.2896875000e+02 3.1604370117e+02 3.2966299438e+02 3.7151177979e+02
2.2432004698e-07 3.3921875000e+02 3.1502401733e+02 3.3947280884e+02 3.7409274292e+02
2.3391976356e-07 3.5115625000e+02 3.3359399414e+02 3.5519857788e+02 3.7635293579e+02
2.4351993488e-07 3.6068750000e+02 3.4962210083e+02 3.6785958862e+02 3.7912884521e+02
2.5312010621e-07 3.6790625000e+02 3.6346920776e+02 3.7469107056e+02 3.8148764038e+02
2.6271982279e-07 3.7781250000e+02 3.8575982666e+02 3.7776361084e+02 3.8434204102e+02
2.7231999411e-07 3.8943750000e+02 4.1592443848e+02 3.9571533203e+02 3.8695263672e+02
2.8191971069e-07 3.9981250000e+02 4.3507977295e+02 4.0316476440e+02 3.8991436768e+02
2.9151988201e-07 4.0250000000e+02 4.4561987305e+02 4.0547720337e+02 3.9253869629e+02
3.0112005334e-07 4.1271875000e+02 4.5164343262e+02 4.2163439941e+02 3.9570315552e+02
3.1071976991e-07 4.1609375000e+02 4.4108038330e+02 4.1773825073e+02 3.9822467041e+02
3.2031994124e-07 4.2334375000e+02 4.2619537354e+02 4.3386547852e+02 4.0155908203e+02
3.2992011256e-07 4.3065625000e+02 4.1559478760e+02 4.3577627563e+02 4.0404724121e+02
3.3951982914e-07 4.3634375000e+02 4.0575280762e+02 4.3820867920e+02 4.0738122559e+02
3.4912000046e-07 4.4215625000e+02 4.1053582764e+02 4.4512014771e+02 4.0992864990e+02
3.5871971704e-07 4.4309375000e+02 4.2441119385e+02 4.5171701050e+02 4.1335766602e+02
3.6831988837e-07 4.5128125000e+02 4.2915710449e+02 4.5926541138e+02 4.1597131348e+02
3.7792005969e-07 4.5462500000e+02 4.4257122803e+02 4.5691635132e+02 4.1937921143e+02
3.8751977627e-07 4.6406250000e+02 4.6473809814e+02 4.7864727783e+02 4.2226843262e+02
3.9711994759e-07 4.6903125000e+02 4.8281280518e+02 4.7606933594e+02 4.2565164185e+02
4.0672011892e-07 4.7034375000e+02 4.9605682373e+02 4.8152410889e+02 4.2859954834e+02
4.1631983549e-07 4.7790625000e+02 5.1341894531e+02 4.7738732910e+02 4.3193414307e+02
4.2592000682e-07 4.8162500000e+02 5.1184759521e+02 4.9480795288e+02 4.3507534790e+02
4.3551972340e-07 4.8462500000e+02 4.9554370117e+02 4.9957858276e+02 4.3841638184e+02
4.4511989472e-07 4.8718750000e+02 4.9665417480e+02 4.9041464233e+02 4.4141442871e+02
4.5472006605e-07 4.8896875000e+02 4.9582138062e+02 5.0250848389e+02 4.4488418579e+02
4.6431978262e-07 4.9725000000e+02 4.8045242310e+02 5.0531878662e+02 4.4786175537e+02
4.7391995395e-07 4.9584375000e+02 4.8844683838e+02 5.0329476929e+02 4.5129745483e+02
4.8352012527e-07 4.9928125000e+02 4.8050793457e+02 5.1553918457e+02 4.5438601685e+02
4.9311984185e-07 5.0212500000e+02 4.8272109985e+02 5.1505975342e+02 4.5779571533e+02
5.0272001317e-07 5.0540625000e+02 4.9673834229e+02 5.0392807007e+02 4.6074468994e+02
5.1231972975e-07 5.0284375000e+02 5.1282757568e+02 5.1350042725e+02 4.6428009033e+02
5.2191990108e-07 5.0740625000e+02 5.0737408447e+02 5.2152526855e+02 4.6729360962e+02
5.3152007240e-07 5.1187500000e+02 5.3362011719e+02 5.2273321533e+02 4.7087841797e+02
5.4111978898e-07 5.1600000000e+02 5.3244604492e+02 5.3379956055e+02 4.7400466919e+02
5.5071996030e-07 5.1900000000e+02 5.1095446777e+02 5.1511462402e+02 4.7728427124e+02
5.6032013163e-07 5.2021875000e+02 5.2539398193e+02 5.2092553711e+02 4.8049044800e+02
5.6991984820e-07 5.1821875000e+02 5.1875616455e+02 5.3311724854e+02 4.8388442993e+02
5.7952001953e-07 5.2321875000e+02 5.2534576416e+02 5.1905364990e+02 4.8690933228e+02
5.8911973611e-07 5.2228125000e+02 5.1652282715e+02 5.3203186035e+02 4.9042242432e+02
5.9871990743e-07 5.2284375000e+02 5.1621038818e+02 5.1792004395e+02 4.9325335693e+02
6.0832007875e-07 5.2490625000e+02 5.2845880127e+02 5.2471240234e+02 4.9685751343e+02
6.1791979533e-07 5.2715625000e+02 5.2438317871e+02 5.3199285889e+02 4.9974948120e+02
6.2751996666e-07 5.3012500000e+02 5.2529986572e+02 5.2860449219e+02 5.0329330444e+02
6.3712013798e-07 5.2903125000e+02 5.2732312012e+02 5.2328106689e+02 5.0610818481e+02
6.4671985456e-07 5.3218750000e+02 5.2940698242e+02 5.2238366699e+02 5.0962634277e+02
6.5632002588e-07 5.3321875000e+02 5.2813519287e+02 5.2740423584e+02 5.1248455811e+02
6.6591974246e-07 5.2928125000e+02 5.3227111816e+02 5.2696392822e+02 5.1599108887e+02
6.7551991378e-07 5.3312500000e+02 5.3260491943e+02 5.2230822754e+02 5.1877960205e+02
6.8512008511e-07 5.3153125000e+02 5.2506884766e+02 5.2165246582e+02 5.2223492432e+02
6.9471980169e-07 5.3440625000e+02 5.2612115479e+02 5.3201623535e+02 5.2513995361e+02
7.0431997301e-07 5.3496875000e+02 5.3160266113e+02 5.1939343262e+02 5.2844244385e+02
7.1391968959e-07 5.3396875000e+02 5.2939367676e+02 5.3204687500e+02 5.3148248291e+02
7.2351986091e-07 5.3253125000e+02 5.1917333984e+02 5.1434954834e+02 5.3452142334e+02
7.3312003224e-07 5.3321875000e+02 5.2762927246e+02 5.3060552979e+02 5.3777154541e+02
7.4271974881e-07 5.3565625000e+02 5.2232666016e+02 5.2677667236e+02 5.4073107910e+02
7.5231992014e-07 5.3578125000e+02 5.2387774658e+02 5.2326660156e+02 5.4392926025e+02
7.6192009146e-07 5.3337500000e+02 5.2889331055e+02 5.2644665527e+02 5.4694067383e+02
7.7151980804e-07 5.3553125000e+02 5.3002056885e+02 5.1607409668e+02 5.5000488281e+02
7.8111997937e-07 5.3671875000e+02 5.2632623291e+02 5.1499084473e+02 5.5297265625e+02
7.9071969594e-07 5.3496875000e+02 5.2813720703e+02 5.2514300537e+02 5.5616864014e+02
8.0031986727e-07 5.3637500000e+02 5.2297131348e+02 5.2055627441e+02 5.5903674316e+02
8.0992003859e-07 5.3375000000e+02 5.2236859131e+02 5.1949761963e+02 5.6220483398e+02
8.1951975517e-07 5.3537500000e+02 5.2521575928e+02 5.2192340088e+02 5.6511712646e+02
8.2911992649e-07 5.3125000000e+02 5.2454394531e+02 5.0967498779e+02 5.6811608887e+02
8.3872009782e-07 5.3231250000e+02 5.2334906006e+02 5.1166680908e+02 5.7103930664e+02
8.4831981439e-07 5.3103125000e+02 5.2230676270e+02 5.1490045166e+02 5.7406494141e+02
8.5791998572e-07 5.3084375000e+02 5.1708807373e+02 5.1009466553e+02 5.7689306641e+02
8.6751970230e-07 5.3028125000e+02 5.2081250000e+02 5.0717294312e+02 5.7989471436e+02
8.7711987362e-07 5.3125000000e+02 5.1840899658e+02 5.1597308350e+02 5.8281152344e+02
8.8672004495e-07 5.2887500000e+02 5.1823870850e+02 5.1755279541e+02 5.8582897949e+02
8.9631976152e-07 5.2956250000e+02 5.1371221924e+02 5.1019400024e+02 5.8861877441e+02
9.0591993285e-07 5.2900000000e+02 5.1229705811e+02 5.1109683228e+02 5.9163177490e+02
9.1552010417e-07 5.2806250000e+02 5.1397943115e+02 5.1028433228e+02 5.9441662598e+02
9.2511982075e-07 5.2696875000e+02 5.1277709961e+02 5.1642633057e+02 5.9749090576e+02
9.3471999207e-07 5.2975000000e+02 5.1301141357e+02 5.0920336914e+02 6.0018743896e+02
9.4431970865e-07 5.2765625000e+02 5.1380688477e+02 5.0204556274e+02 6.0317565918e+02
9.5391987998e-07 5.2406250000e+02 5.1197149658e+02 5.0696881104e+02 6.0591937256e+02
9.6352005130e-07 5.2446875000e+02 5.0932836914e+02 5.1073541260e+02 6.0892651367e+02
9.7311976788e-07 5.2234375000e+02 5.0985504150e+02 5.0573864746e+02 6.1161505127e+02
9.8271993920e-07 5.2243750000e+02 5.1058691406e+02 4.9577429199e+02 6.1450415039e+02
9.9232011053e-07 5.1981250000e+02 5.0751681519e+02 5.0718038940e+02 6.1730767822e+02
1.0019198271e-06 5.2096875000e+02 5.0845889282e+02 4.9180343628e+02 6.2001049805e+02
1.0115199984e-06 5.1818750000e+02 5.0469952393e+02 5.0128527832e+02 6.2289709473e+02
1.0211201698e-06 5.1684375000e+02 5.0690481567e+02 4.9052926636e+02 6.2549426270e+02
1.0307198863e-06 5.1825000000e+02 5.0093505859e+02 5.0096078491e+02 6.2845141602e+02
1.0403200577e-06 5.1753125000e+02 5.0088757324e+02 5.0915115356e+02 6.3115136719e+02
1.0499197742e-06 5.1462500000e+02 5.0368249512e+02 4.8826394653e+02 6.3387683105e+02
1.0595199456e-06 5.1278125000e+02 5.0172125244e+02 4.9302828979e+02 6.3661907959e+02
1.0691201169e-06 5.1290625000e+02 5.0000082397e+02 4.9788830566e+02 6.3939410400e+02
1.0787198335e-06 5.1296875000e+02 4.9823187256e+02 4.9144174194e+02 6.4203436279e+02
1.0883200048e-06 5.1253125000e+02 4.9865869141e+02 4.8997393799e+02 6.4479949951e+02
1.0979197214e-06 5.0981250000e+02 4.9715478516e+02 4.9112860107e+02 6.4744171143e+02
1.1075198927e-06 5.0868750000e+02 4.9568872070e+02 4.9555999756e+02 6.5027264404e+02
1.1171200640e-06 5.0884375000e+02 4.9658660889e+02 4.7730563354e+02 6.5267639160e+02
1.1267197806e-06 5.0850000000e+02 4.9530670166e+02 4.8284674072e+02 6.5556787109e+02
1.1363199519e-06 5.0525000000e+02 4.8947296143e+02 4.9253854370e+02 6.5804125977e+02
1.1459201232e-06 5.0537500000e+02 4.9171752930e+02 4.8783660889e+02 6.6089343262e+02
1.1555198398e-06 5.0593750000e+02 4.9220318604e+02 4.8153225708e+02 6.6330993652e+02
1.1651200111e-06 5.0090625000e+02 4.9164901733e+02 4.7718432617e+02 6.6611267090e+02
1.1747197277e-06 4.9984375000e+02 4.8863824463e+02 4.8597134399e+02 6.6859564209e+02
1.1843198990e-06 5.0150000000e+02 4.8972418213e+02 4.7404925537e+02 6.7126617432e+02
1.1939200704e-06 4.9831250000e+02 4.8785583496e+02 4.7879058838e+02 6.7379553223e+02
1.2035197869e-06 4.9618750000e+02 4.8636532593e+02 4.8181854248e+02 6.7649523926e+02
1.2131199583e-06 4.9303125000e+02 4.8562866211e+02 4.7448800659e+02 6.7892419434e+02
1.2227201296e-06 4.9431250000e+02 4.8355706787e+02 4.8038922119e+02 6.8167852783e+02
1.2323198462e-06 4.9365625000e+02 4.8270129395e+02 4.8180575562e+02 6.8412683105e+02
1.2419200175e-06 4.9059375000e+02 4.8358374023e+02 4.6848950195e+02 6.8672698975e+02
1.2515197341e-06 4.8875000000e+02 4.8083297729e+02 4.8034649658e+02 6.8930462646e+02
1.2611199054e-06 4.9006250000e+02 4.8068841553e+02 4.7398785400e+02 6.9182928467e+02
1.2707200767e-06 4.8993750000e+02 4.7931994629e+02 4.7289065552e+02 6.9437860107e+02
1.2803197933e-06 4.8596875000e+02 4.7785931396e+02 4.6882040405e+02 6.9684149170e+02
1.2899199646e-06 4.8353125000e+02 4.7643081665e+02 4.7802478027e+02 6.9949822998e+02
1.2995201359e-06 4.8553125000e+02 4.7684436035e+02 4.6768188477e+02 7.0184362793e+02
1.3091198525e-06 4.8371875000e+02 4.7510668945e+02 4.7405120850e+02 7.0457287598e+02
1.3187200238e-06 4.8093750000e+02 4.7431594849e+02 4.7036096191e+02 7.0686614990e+02
1.3283197404e-06 4.8175000000e+02 4.7269421387e+02 4.6657028198e+02 7.0952960205e+02
1.3379199117e-06 4.7965625000e+02 4.7169201660e+02 4.6872021484e+02 7.1184790039e+02
1.3475200831e-06 4.7990625000e+02 4.6875579834e+02 4.7362817383e+02 7.1454382324e+02
1.3571197996e-06 4.7728125000e+02 4.7342059326e+02 4.4891900635e+02 7.1662792969e+02
1.3667199710e-06 4.7615625000e+02 4.6986666870e+02 4.6236999512e+02 7.1944500732e+02
1.3763201423e-06 4.7362500000e+02 4.6838308716e+02 4.6048208618e+02 7.2149896240e+02
1.3859198589e-06 4.7615625000e+02 4.6697064209e+02 4.6592169189e+02 7.2437023926e+02
1.3955200302e-06 4.7284375000e+02 4.6655252075e+02 4.5478628540e+02 7.2629406738e+02
1.4051197468e-06 4.7187500000e+02 4.6598751831e+02 4.5529592896e+02 7.2916534424e+02
1.4147201455e-06 4.7021875000e+02 4.6639730835e+02 4.4636782837e+02 7.3099822998e+02
1.4243198621e-06 4.6646875000e+02 4.6396667480e+02 4.6066448975e+02 7.3402923584e+02
1.4339200334e-06 4.6668750000e+02 4.6158697510e+02 4.5598025513e+02 7.3578253174e+02
1.4435199773e-06 4.6559375000e+02 4.6175225830e+02 4.5633700562e+02 7.3881799316e+02
1.4531201487e-06 4.6784375000e+02 4.6081146240e+02 4.5084875488e+02 7.4050878906e+02
1.4627198652e-06 4.6343750000e+02 4.6050097656e+02 4.4656521606e+02 7.4348675537e+02
1.4723200366e-06 4.6368750000e+02 4.5942736816e+02 4.5374578857e+02 7.4527478027e+02
1.4819199805e-06 4.5856250000e+02 4.5704867554e+02 4.4729269409e+02 7.4814385986e+02
1.4915196971e-06 4.5996875000e+02 4.5800030518e+02 4.4458319092e+02 7.4992138672e+02
1.5011198684e-06 4.5853125000e+02 4.5689532471e+02 4.4705233765e+02 7.5280975342e+02
1.5107200397e-06 4.5878125000e+02 4.5491607666e+02 4.4372055054e+02 7.5453887939e+02
1.5203199837e-06 4.5784375000e+02 4.5368084717e+02 4.4865270996e+02 7.5747204590e+02
1.5299197003e-06 4.5646875000e+02 4.5144226074e+02 4.5357345581e+02 7.5925091553e+02
1.5395198716e-06 4.5546875000e+02 4.5139855957e+02 4.5340170288e+02 7.6218194580e+02
1.5491200429e-06 4.5040625000e+02 4.4981643677e+02 4.3623806763e+02 7.6375921631e+02
1.5587199869e-06 4.5081250000e+02 4.4894515991e+02 4.5411151123e+02 7.6688562012e+02
1.5683197034e-06 4.4934375000e+02 4.4787304688e+02 4.4362158203e+02 7.6834405518e+02
1.5779198748e-06 4.5212500000e+02 4.4678070068e+02 4.5101470947e+02 7.7154162598e+02
1.5875200461e-06 4.4803125000e+02 4.4490753174e+02 4.4761080933e+02 7.7295947266e+02
1.5971199900e-06 4.4418750000e+02 4.4662619019e+02 4.4496224976e+02 7.7613861084e+02
1.6067197066e-06 4.4781250000e+02 4.4555920410e+02 4.4553796387e+02 7.7757019043e+02
1.6163198779e-06 4.4825000000e+02 4.4420785522e+02 4.3545529175e+02 7.8061102295e+02
1.6259200493e-06 4.4381250000e+02 4.4352239990e+02 4.3550985718e+02 7.8205163574e+02
1.6355199932e-06 4.4290625000e+02 4.4141357422e+02 4.4336801147e+02 7.8515991211e+02
1.6451197098e-06 4.4193750000e+02 4.4124606323e+02 4.3022756958e+02 7.8646325684e+02
1.6547198811e-06 4.4384375000e+02 4.3887542725e+02 4.3438464355e+02 7.8959454346e+02
1.6643202798e-06 4.3909375000e+02 4.3748315430e+02 4.3657479858e+02 7.9092620850e+02
1.6739199964e-06 4.3578125000e+02 4.3829370117e+02 4.4019354248e+02 7.9409912109e+02
1.6835197130e-06 4.3796875000e+02 4.3706616211e+02 4.3637768555e+02 7.9539135742e+02
1.6931201117e-06 4.3750000000e+02 4.3687304688e+02 4.3355630493e+02 7.9852478027e+02
1.7027202830e-06 4.4043750000e+02 4.3547811890e+02 4.3330050659e+02 7.9981719971e+02
1.7123199996e-06 4.3240625000e+02 4.3358532715e+02 4.2749212646e+02 8.0286486816e+02
1.7219199435e-06 4.3509375000e+02 4.3653781128e+02 4.2177758789e+02 8.0413134766e+02
1.7315201148e-06 4.3228125000e+02 4.3495748901e+02 4.2572576904e+02 8.0720562744e+02
1.7411198314e-06 4.3334375000e+02 4.3034219360e+02 4.3113134766e+02 8.0850817871e+02
1.7507200027e-06 4.2981250000e+02 4.3046752930e+02 4.2794326782e+02 8.1154211426e+02
1.7603199467e-06 4.2575000000e+02 4.3159698486e+02 4.2600610352e+02 8.1284704590e+02
1.7699201180e-06 4.2821875000e+02 4.2901300049e+02 4.3555364990e+02 8.1596185303e+02
1.7795198346e-06 4.2478125000e+02 4.2996145630e+02 4.2675302124e+02 8.1719140625e+02
1.7891200059e-06 4.2637500000e+02 4.2596350098e+02 4.2471319580e+02 8.2024383545e+02
1.7987199499e-06 4.2478125000e+02 4.2735583496e+02 4.1891763306e+02 8.2143280029e+02
1.8083201212e-06 4.2168750000e+02 4.2564285278e+02 4.2429812622e+02 8.2452593994e+02
1.8179198378e-06 4.2068750000e+02 4.2480163574e+02 4.2285345459e+02 8.2570629883e+02
1.8275200091e-06 4.2221875000e+02 4.2440054321e+02 4.2432177734e+02 8.2880725098e+02
1.8371199531e-06 4.1781250000e+02 4.2523870850e+02 4.1579956055e+02 8.2991448975e+02
1.8467201244e-06 4.2059375000e+02 4.2141430664e+02 4.2581573486e+02 8.3308868408e+02
1.8563198410e-06 4.1525000000e+02 4.2187158203e+02 4.2355169678e+02 8.3419042969e+02
1.8659200123e-06 4.1831250000e+02 4.2413900757e+02 4.0843008423e+02 8.3721051025e+02
1.8755199562e-06 4.1550000000e+02 4.2086093140e+02 4.0806466675e+02 8.3829437256e+02
1.8851201276e-06 4.1603125000e+02 4.1945147705e+02 4.1809777832e+02 8.4140844727e+02
1.8947198441e-06 4.1284375000e+02 4.1638916016e+02 4.1912524414e+02 8.4249340820e+02
1.9043200155e-06 4.1381250000e+02 4.1762945557e+02 4.1706896973e+02 8.4558892822e+02
1.9139199594e-06 4.1290625000e+02 4.1753479004e+02 4.1863702393e+02 8.4670629883e+02
1.9235196760e-06 4.0931250000e+02 4.1439666748e+02 4.1516210938e+02 8.4973120117e+02
1.9331198473e-06 4.1028125000e+02 4.1425805664e+02 4.1458889771e+02 8.5085473633e+02
1.9427200186e-06 4.1000000000e+02 4.1641943359e+02 4.1097708130e+02 8.5385491943e+02
1.9523199626e-06 4.1143750000e+02 4.1284664917e+02 4.0946099854e+02 8.5494433594e+02
1.9619196792e-06 4.0978125000e+02 4.1285134888e+02 4.1684759521e+02 8.5802062988e+02
1.9715198505e-06 4.0775000000e+02 4.1281927490e+02 4.1095126343e+02 8.5905963135e+02
1.9811200218e-06 4.0428125000e+02 4.1068975830e+02 4.1602682495e+02 8.6216760254e+02
1.9907199658e-06 4.0487500000e+02 4.0966452026e+02 4.1151885986e+02 8.6316302490e+02
2.0003196823e-06 4.0778125000e+02 4.0809600830e+02 4.1647216797e+02 8.6630548096e+02
2.0099198537e-06 4.0103125000e+02 4.0733728027e+02 4.0695953369e+02 8.6720715332e+02
2.0195200250e-06 4.0550000000e+02 4.0887985229e+02 4.0771014404e+02 8.7036456299e+02
2.0291199689e-06 4.0062500000e+02 4.0639962769e+02 4.1508279419e+02 8.7133996582e+02
2.0387196855e-06 4.0075000000e+02 4.0499652100e+02 4.0843859863e+02 8.7440734863e+02
2.0483198568e-06 3.9737500000e+02 4.0497186279e+02 4.0117974854e+02 8.7531909180e+02
2.0579200282e-06 4.0018750000e+02 4.0658862305e+02 4.0820355225e+02 8.7847277832e+02
2.0675199721e-06 3.9975000000e+02 4.0296386719e+02 4.0394802856e+02 8.7931994629e+02
2.0771196887e-06 3.9803125000e+02 4.0347097778e+02 4.0570394897e+02 8.8249078369e+02
2.0867198600e-06 3.9393750000e+02 4.0231091309e+02 4.0314215088e+02 8.8331549072e+02
2.0963202587e-06 3.9465625000e+02 4.0309655762e+02 3.9827108765e+02 8.8643493652e+02
2.1059199753e-06 3.9709375000e+02 4.0157214355e+02 4.0038302612e+02 8.8728387451e+02
2.1155196919e-06 3.9493750000e+02 3.9995404053e+02 3.9780987549e+02 8.9035638428e+02
2.1251200906e-06 3.9362500000e+02 3.9973251343e+02 3.9799935913e+02 8.9121990967e+02
2.1347202619e-06 3.9153125000e+02 3.9874713135e+02 4.0046817017e+02 8.9430505371e+02
2.1443199785e-06 3.9150000000e+02 3.9849429321e+02 3.9923931885e+02 8.9516760254e+02
2.1539199224e-06 3.9315625000e+02 3.9667733765e+02 3.9789642334e+02 8.9821728516e+02
2.1635200937e-06 3.8943750000e+02 3.9538198853e+02 3.9879089355e+02 8.9909204102e+02
2.1731202651e-06 3.8496875000e+02 3.9395944214e+02 3.9971353149e+02 9.0213391113e+02
2.1827199816e-06 3.8896875000e+02 3.9465380859e+02 3.8887713623e+02 9.0291461182e+02
2.1923199256e-06 3.8384375000e+02 3.9522790527e+02 4.0302014160e+02 9.0610760498e+02
2.2019200969e-06 3.8553125000e+02 3.9217706299e+02 3.9802902222e+02 9.0682092285e+02
2.2115202682e-06 3.8568750000e+02 3.9285971069e+02 3.9544671631e+02 9.0998724365e+02
2.2211199848e-06 3.8578125000e+02 3.9168591309e+02 3.9760760498e+02 9.1072753906e+02
2.2307199288e-06 3.8950000000e+02 3.9081826782e+02 3.9865454102e+02 9.1389135742e+02
2.2403201001e-06 3.8471875000e+02 3.9028164673e+02 3.8637036133e+02 9.1451300049e+02
2.2499200441e-06 3.8840625000e+02 3.8913592529e+02 3.8735333252e+02 9.1767120361e+02
2.2595199880e-06 3.8096875000e+02 3.9009219360e+02 3.8547161865e+02 9.1829577637e+02
2.2691199320e-06 3.8312500000e+02 3.8811816406e+02 3.8866076660e+02 9.2146423340e+02
2.2787201033e-06 3.8196875000e+02 3.8816198730e+02 3.9035223389e+02 9.2212207031e+02
2.2883200472e-06 3.7896875000e+02 3.8715136719e+02 3.8491836548e+02 9.2521893311e+02
2.2979199912e-06 3.7925000000e+02 3.8626702881e+02 3.8720666504e+02 9.2590679932e+02
2.3075199351e-06 3.8050000000e+02 3.8594381714e+02 3.8547647095e+02 9.2897778320e+02
2.3171201065e-06 3.8096875000e+02 3.8612829590e+02 3.8673822021e+02 9.2969494629e+02
2.3267200504e-06 3.7990625000e+02 3.8453475952e+02 3.8944171143e+02 9.3277441406e+02
2.3363199944e-06 3.7765625000e+02 3.8260406494e+02 3.8903009033e+02 9.3348223877e+02
2.3459199383e-06 3.7743750000e+02 3.8348348999e+02 3.8837783813e+02 9.3655969238e+02
2.3555201096e-06 3.7587500000e+02 3.8234622192e+02 3.8134823608e+02 9.3719763184e+02
2.3651200536e-06 3.7293750000e+02 3.8024139404e+02 3.8561782837e+02 9.4029364014e+02
2.3747199975e-06 3.7421875000e+02 3.8109777832e+02 3.8531356812e+02 9.4095166016e+02
2.3843199415e-06 3.7428125000e+02 3.8139044189e+02 3.8487103271e+02 9.4404162598e+02
2.3939201128e-06 3.7478125000e+02 3.7991281128e+02 3.8098089600e+02 9.4465899658e+02
2.4035200568e-06 3.7584375000e+02 3.7937976074e+02 3.8460412598e+02 9.4777667236e+02
2.4131200007e-06 3.7553125000e+02 3.8019744873e+02 3.7925549316e+02 9.4836077881e+02
2.4227199447e-06 3.7021875000e+02 3.7990423584e+02 3.8439614868e+02 9.5152465820e+02
2.4323198886e-06 3.7471875000e+02 3.7605636597e+02 3.7666702271e+02 9.5200567627e+02
2.4419200599e-06 3.6862500000e+02 3.7493988037e+02 3.8298495483e+02 9.5521575928e+02
2.4515200039e-06 3.6881250000e+02 3.7595693970e+02 3.7989169312e+02 9.5569226074e+02
2.4611199478e-06 3.6915625000e+02 3.7473849487e+02 3.7822033691e+02 9.5886755371e+02
2.4707198918e-06 3.6912500000e+02 3.7431292725e+02 3.7919793701e+02 9.5936450195e+02
2.4803200631e-06 3.6793750000e+02 3.7474096680e+02 3.7567343140e+02 9.6250360107e+02
2.4899200071e-06 3.6771875000e+02 3.7219653320e+02 3.8233724976e+02 9.6305480957e+02
2.4995199510e-06 3.6496875000e+02 3.7235202026e+02 3.7513211060e+02 9.6611968994e+02
2.5091198950e-06 3.6443750000e+02 3.6996795654e+02 3.7190585327e+02 9.6662744141e+02
2.5187200663e-06 3.6668750000e+02 3.7268237305e+02 3.7409649658e+02 9.6973858643e+02
2.5283200102e-06 3.6106250000e+02 3.6933511353e+02 3.7808129883e+02 9.7026281738e+02
2.5379199542e-06 3.6284375000e+02 3.6946224976e+02 3.7873071289e+02 9.7337945557e+02
2.5475198981e-06 3.6646875000e+02 3.6797485352e+02 3.6001910400e+02 9.7371917725e+02
2.5571200695e-06 3.6125000000e+02 3.6823114014e+02 3.7073406982e+02 9.7693719482e+02
2.5667200134e-06 3.6531250000e+02 3.6819577026e+02 3.7003536987e+02 9.7728466797e+02
2.5763199574e-06 3.6228125000e+02 3.6761645508e+02 3.6870309448e+02 9.8047839355e+02
2.5859199013e-06 3.6178125000e+02 3.6776202393e+02 3.8032388306e+02 9.8096051025e+02
2.5955200726e-06 3.5681250000e+02 3.6615893555e+02 3.6608932495e+02 9.8398858643e+02
2.6051200166e-06 3.6128125000e+02 3.6525897217e+02 3.6723370361e+02 9.8448535156e+02
2.6147199605e-06 3.5543750000e+02 3.6435787964e+02 3.7265991211e+02 9.8755187988e+02
2.6243199045e-06 3.5884375000e+02 3.6299240112e+02 3.6765936279e+02 9.8799670410e+02
2.6339200758e-06 3.5971875000e+02 3.6360876465e+02 3.6748541260e+02 9.9106744385e+02
2.6435200198e-06 3.5600000000e+02 3.6301049805e+02 3.7106338501e+02 9.9155407715e+02
2.6531199637e-06 3.5890625000e+02 3.6306799316e+02 3.6243569946e+02 9.9453802490e+02
2.6627199077e-06 3.5575000000e+02 3.6239514160e+02 3.7150042725e+02 9.9512017822e+02
2.6723200790e-06 3.5528125000e+02 3.6127001953e+02 3.7226275635e+02 9.9809381104e+02
2.6819200230e-06 3.5437500000e+02 3.6052288818e+02 3.6861853027e+02 9.9864398193e+02
2.6915199669e-06 3.5440625000e+02 3.6056896973e+02 3.6664108276e+02 1.0015980225e+03
2.7011199109e-06 3.5515625000e+02 3.6005441284e+02 3.6125527954e+02 1.0021024780e+03
2.7107200822e-06 3.5546875000e+02 3.6019979858e+02 3.6280389404e+02 1.0050710449e+03
2.7203200261e-06 3.5171875000e+02 3.5866705322e+02 3.6204736328e+02 1.0055626221e+03
2.7299199701e-06 3.5446875000e+02 3.5892971802e+02 3.6528082275e+02 1.0085642700e+03
2.7395199140e-06 3.5468750000e+02 3.5764309692e+02 3.6066714478e+02 1.0090079346e+03
2.7491200854e-06 3.4962500000e+02 3.5797393799e+02 3.6471261597e+02 1.0120512085e+03
2.7587200293e-06 3.5328125000e+02 3.5676965332e+02 3.6990429688e+02 1.0125439453e+03
2.7683199733e-06 3.4981250000e+02 3.5639062500e+02 3.6221585083e+02 1.0155050659e+03
2.7779199172e-06 3.4956250000e+02 3.5534191895e+02 3.6032598877e+02 1.0159786377e+03
2.7875200885e-06 3.5096875000e+02 3.5543261719e+02 3.6311447144e+02 1.0189669189e+03
2.7971200325e-06 3.5018750000e+02 3.5439306641e+02 3.5777435303e+02 1.0193881836e+03
2.8067199764e-06 3.4837500000e+02 3.5388610840e+02 3.6478210449e+02 1.0224345703e+03
2.8163199204e-06 3.5065625000e+02 3.5375411987e+02 3.6152947998e+02 1.0228377686e+03
2.8259200917e-06 3.4293750000e+02 3.5319378662e+02 3.5792266846e+02 1.0258395996e+03
2.8355200357e-06 3.4771875000e+02 3.5221487427e+02 3.5353713989e+02 1.0262010498e+03
2.8451199796e-06 3.4693750000e+02 3.5227502441e+02 3.5275787354e+02 1.0291942139e+03
2.8547199236e-06 3.4446875000e+02 3.5039175415e+02 3.4979565430e+02 1.0295156250e+03
2.8643200949e-06 3.4712500000e+02 3.5101483154e+02 3.6212707520e+02 1.0326333008e+03
2.8739200388e-06 3.4378125000e+02 3.4998968506e+02 3.5464398193e+02 1.0328822021e+03
2.8835199828e-06 3.4371875000e+02 3.5026739502e+02 3.6113705444e+02 1.0360645752e+03
2.8931199267e-06 3.4278125000e+02 3.4888366699e+02 3.5216357422e+02 1.0362219238e+03
2.9027200981e-06 3.4275000000e+02 3.4837530518e+02 3.5848999023e+02 1.0394510498e+03
2.9123200420e-06 3.4281250000e+02 3.4773016357e+02 3.5125756836e+02 1.0395480957e+03
2.9219199860e-06 3.4371875000e+02 3.4830023193e+02 3.5190487671e+02 1.0427899170e+03
2.9315199299e-06 3.4062500000e+02 3.4735717773e+02 3.5378063965e+02 1.0429063721e+03
2.9411201012e-06 3.4190625000e+02 3.4573831177e+02 3.5342828369e+02 1.0461018066e+03
2.9507200452e-06 3.3859375000e+02 3.4543634033e+02 3.5053720093e+02 1.0462125244e+03
2.9603199891e-06 3.3709375000e+02 3.4531610107e+02 3.4999945068e+02 1.0494025879e+03
2.9699199331e-06 3.3653125000e+02 3.4535205078e+02 3.5494171143e+02 1.0495761719e+03
2.9795201044e-06 3.3659375000e+02 3.4425021362e+02 3.5111724854e+02 1.0527080078e+03
2.9891200484e-06 3.3703125000e+02 3.4385470581e+02 3.5376052856e+02 1.0529111328e+03
2.9987199923e-06 3.3878125000e+02 3.4374105835e+02 3.5904302979e+02 1.0560914307e+03
3.0083199363e-06 3.3434375000e+02 3.4294754028e+02 3.4899072266e+02 1.0562055664e+03
3.0179201076e-06 3.3400000000e+02 3.4253436279e+02 3.4865777588e+02 1.0593751221e+03
3.0275200515e-06 3.3575000000e+02 3.4198928833e+02 3.4863897705e+02 1.0594940186e+03
3.0371199955e-06 3.3678125000e+02 3.4198834229e+02 3.5246325684e+02 1.0626992188e+03
3.0467199394e-06 3.3396875000e+02 3.4209939575e+02 3.4612472534e+02 1.0627756348e+03
3.0563201108e-06 3.2859375000e+02 3.4068051147e+02 3.4683294678e+02 1.0659626465e+03
3.0659200547e-06 3.3543750000e+02 3.4016293335e+02 3.4947497559e+02 1.0660660400e+03
3.0755199987e-06 3.3506250000e+02 3.3994488525e+02 3.5069863892e+02 1.0692619629e+03
3.0851199426e-06 3.3009375000e+02 3.3902041626e+02 3.4523257446e+02 1.0693120117e+03
3.0947198866e-06 3.3393750000e+02 3.3881442261e+02 3.4172531128e+02 1.0724755859e+03
3.1043200579e-06 3.3184375000e+02 3.3775744629e+02 3.3803665161e+02 1.0724882812e+03
3.1139200019e-06 3.3050000000e+02 3.3803128052e+02 3.4719088745e+02 1.0757374268e+03
3.1235199458e-06 3.2887500000e+02 3.3822601318e+02 3.4388223267e+02 1.0757393799e+03
3.1331198898e-06 3.3100000000e+02 3.3713446045e+02 3.4874179077e+02 1.0790095215e+03
3.1427200611e-06 3.3171875000e+02 3.3672140503e+02 3.4931750488e+02 1.0790239258e+03
3.1523200050e-06 3.3071875000e+02 3.3612316895e+02 3.4067355347e+02 1.0822081299e+03
3.1619199490e-06 3.3059375000e+02 3.3540866089e+02 3.4165631104e+02 1.0822297363e+03
3.1715198929e-06 3.3062500000e+02 3.3524362183e+02 3.4493420410e+02 1.0854404297e+03
3.1811200643e-06 3.2828125000e+02 3.3522406006e+02 3.3721011353e+02 1.0854096680e+03
3.1907200082e-06 3.2887500000e+02 3.3397775269e+02 3.4037078857e+02 1.0886195068e+03
3.2003199522e-06 3.2831250000e+02 3.3417733765e+02 3.4981198120e+02 1.0886899414e+03
3.2099198961e-06 3.2659375000e+02 3.3335479736e+02 3.4304782104e+02 1.0918245850e+03
3.2195200674e-06 3.2856250000e+02 3.3284710693e+02 3.4103408813e+02 1.0918833008e+03
3.2291200114e-06 3.2925000000e+02 3.3266958618e+02 3.4490594482e+02 1.0950483398e+03
3.2387199553e-06 3.2871875000e+02 3.3286712646e+02 3.4876123047e+02 1.0951660156e+03
3.2483198993e-06 3.2890625000e+02 3.3159066772e+02 3.4032092285e+02 1.0982269287e+03
3.2579200706e-06 3.2668750000e+02 3.3080426025e+02 3.3464559937e+02 1.0982954102e+03
3.2675200146e-06 3.2209375000e+02 3.3095739746e+02 3.4252285767e+02 1.1014279785e+03
3.2771199585e-06 3.2343750000e+02 3.3025576782e+02 3.3501171875e+02 1.1014349365e+03
3.2867199025e-06 3.2671875000e+02 3.2993841553e+02 3.3674707031e+02 1.1045759277e+03
3.2963200738e-06 3.2359375000e+02 3.2930941772e+02 3.3539743042e+02 1.1045714111e+03
3.3059200177e-06 3.2334375000e+02 3.2908093262e+02 3.3796063232e+02 1.1077299805e+03
3.3155199617e-06 3.2018750000e+02 3.2862289429e+02 3.3760098267e+02 1.1077252197e+03
3.3251196783e-06 3.2350000000e+02 3.2758648682e+02 3.2835260010e+02 1.1107886963e+03
3.3347200770e-06 3.1834375000e+02 3.2771405029e+02 3.3573876953e+02 1.1108598633e+03
3.3443197935e-06 3.1996875000e+02 3.2760626221e+02 3.3775744629e+02 1.1139427490e+03
3.3539199649e-06 3.1909375000e+02 3.2714965820e+02 3.3877130127e+02 1.1140234375e+03
3.3635196814e-06 3.1903125000e+02 3.2663565063e+02 3.3727008057e+02 1.1170770264e+03
3.3731198528e-06 3.2259375000e+02 3.2605822754e+02 3.3443380737e+02 1.1171383057e+03
3.3827200241e-06 3.1843750000e+02 3.2590484619e+02 3.3779074097e+02 1.1202211914e+03
3.3923199680e-06 3.2100000000e+02 3.2517645264e+02 3.3253884888e+02 1.1202381592e+03
3.4019199120e-06 3.1640625000e+02 3.2470889282e+02 3.3163311768e+02 1.1233046875e+03
3.4115200833e-06 3.1846875000e+02 3.2439370728e+02 3.3095446777e+02 1.1233264160e+03
3.4211197999e-06 3.1678125000e+02 3.2358938599e+02 3.2758255005e+02 1.1263444824e+03
3.4307197438e-06 3.1528125000e+02 3.2403292847e+02 3.3406607056e+02 1.1264490967e+03
3.4403196878e-06 3.1703125000e+02 3.2313833618e+02 3.3021234131e+02 1.1294005127e+03
3.4499198591e-06 3.1593750000e+02 3.2258197021e+02 3.2826293945e+02 1.1295029297e+03
3.4595200304e-06 3.1665625000e+02 3.2247396851e+02 3.3193405151e+02 1.1324799805e+03
3.4691197470e-06 3.1687500000e+02 3.2205737305e+02 3.3048629761e+02 1.1325695801e+03
3.4787199183e-06 3.1681250000e+02 3.2169592285e+02 3.2942065430e+02 1.1355234375e+03
3.4883200897e-06 3.1490625000e+02 3.2128384399e+02 3.2539318848e+02 1.1356065674e+03
3.4979198063e-06 3.1659375000e+02 3.2044088745e+02 3.2408786011e+02 1.1385313721e+03
3.5075197502e-06 3.1437500000e+02 3.2054458618e+02 3.3012002563e+02 1.1386762695e+03
3.5171196942e-06 3.1209375000e+02 3.2025592041e+02 3.3097882080e+02 1.1415949707e+03
3.5267198655e-06 3.1200000000e+02 3.1984463501e+02 3.2946371460e+02 1.1417430420e+03
3.5363200368e-06 3.1406250000e+02 3.1972619629e+02 3.3114617920e+02 1.1446529541e+03
3.5459197534e-06 3.1078125000e+02 3.1902035522e+02 3.2825305176e+02 1.1447829590e+03
3.5555199247e-06 3.0846875000e+02 3.1880926514e+02 3.3114279175e+02 1.1477197266e+03
3.5651200960e-06 3.1368750000e+02 3.1846795654e+02 3.3104278564e+02 1.1478559570e+03
3.5747200400e-06 3.1034375000e+02 3.1808615112e+02 3.3051519775e+02 1.1507767334e+03
3.5843199839e-06 3.1153125000e+02 3.1730310059e+02 3.2456326294e+02 1.1508710938e+03
3.5939197005e-06 3.1278125000e+02 3.1704324341e+02 3.2645611572e+02 1.1537933350e+03
3.6035198718e-06 3.1234375000e+02 3.1694079590e+02 3.2938504028e+02 1.1539271240e+03
3.6131198158e-06 3.1456250000e+02 3.1703900146e+02 3.2911813354e+02 1.1568221436e+03
3.6227197597e-06 3.1021875000e+02 3.1630587769e+02 3.2486791992e+02 1.1569522705e+03
3.6323199311e-06 3.0737500000e+02 3.1571862793e+02 3.2683706665e+02 1.1598398438e+03
3.6419201024e-06 3.0765625000e+02 3.1512829590e+02 3.2182656860e+02 1.1599422607e+03
3.6515198190e-06 3.0659375000e+02 3.1463534546e+02 3.2268609619e+02 1.1628186035e+03
3.6611199903e-06 3.0575000000e+02 3.1465274048e+02 3.2650839233e+02 1.1629656982e+03
3.6707197069e-06 3.0878125000e+02 3.1372891235e+02 3.2028167725e+02 1.1657755127e+03
3.6803198782e-06 3.0671875000e+02 3.1465447998e+02 3.3127249146e+02 1.1660233154e+03
3.6899198221e-06 3.0584375000e+02 3.1396197510e+02 3.2843493652e+02 1.1688016357e+03
3.6995197661e-06 3.0684375000e+02 3.1307312012e+02 3.2234860229e+02 1.1689962158e+03
3.7091199374e-06 3.0546875000e+02 3.1267816162e+02 3.2319888306e+02 1.1717879639e+03
3.7187201087e-06 3.0475000000e+02 3.1197271729e+02 3.1905334473e+02 1.1719445801e+03
3.7283198253e-06 3.0509375000e+02 3.1278878784e+02 3.2573059082e+02 1.1747779541e+03
3.7379199966e-06 3.0559375000e+02 3.1200186157e+02 3.2517236328e+02 1.1749442139e+03
3.7475197132e-06 3.0062500000e+02 3.1115481567e+02 3.1852090454e+02 1.1777022705e+03
3.7571198845e-06 3.0528125000e+02 3.1034265137e+02 3.1581976318e+02 1.1778590088e+03
3.7667200559e-06 3.0331250000e+02 3.1052597046e+02 3.1958508301e+02 1.1806389160e+03
3.7763197724e-06 3.0056250000e+02 3.1016641235e+02 3.1805081177e+02 1.1807832031e+03
3.7859199438e-06 3.0246875000e+02 3.0962887573e+02 3.1814898682e+02 1.1835651855e+03
3.7955196603e-06 3.0415625000e+02 3.0941226196e+02 3.1922277832e+02 1.1837268066e+03
3.8051198317e-06 3.0403125000e+02 3.0952426147e+02 3.1886877441e+02 1.1864858398e+03
3.8147200030e-06 3.0368750000e+02 3.0854330444e+02 3.1700640869e+02 1.1866523438e+03
3.8243201743e-06 3.0031250000e+02 3.0918820190e+02 3.1990814209e+02 1.1894130859e+03
3.8339198909e-06 2.9937500000e+02 3.0785412598e+02 3.1419854736e+02 1.1895368652e+03
3.8435200622e-06 3.0068750000e+02 3.0817758179e+02 3.1941268921e+02 1.1923403320e+03
3.8531197788e-06 2.9803125000e+02 3.0694094849e+02 3.1211804199e+02 1.1924019775e+03
3.8627199501e-06 3.0034375000e+02 3.0712130737e+02 3.1843936157e+02 1.1952670898e+03
3.8723201214e-06 2.9865625000e+02 3.0700958252e+02 3.1794094849e+02 1.1953218994e+03
3.8819198380e-06 2.9928125000e+02 3.0577938843e+02 3.1152325439e+02 1.1981257324e+03
3.8915200093e-06 2.9731250000e+02 3.0644104004e+02 3.1899346924e+02 1.1982525635e+03
3.9011201807e-06 2.9478125000e+02 3.0612374878e+02 3.1837753296e+02 1.2010428467e+03
3.9107198972e-06 2.9846875000e+02 3.0559622192e+02 3.1849197388e+02 1.2011866455e+03
3.9203200686e-06 2.9556250000e+02 3.0545571899e+02 3.1975701904e+02 1.2039782715e+03
3.9299197852e-06 2.9678125000e+02 3.0483566284e+02 3.1361935425e+02 1.2040596924e+03
3.9395199565e-06 2.9415625000e+02 3.0439324951e+02 3.1581915283e+02 1.2068807373e+03
3.9491201278e-06 2.9403125000e+02 3.0483990479e+02 3.1502389526e+02 1.2069388428e+03
3.9587198444e-06 2.9621875000e+02 3.0384475708e+02 3.1593533325e+02 1.2097786865e+03
3.9683200157e-06 2.9618750000e+02 3.0361614990e+02 3.1616638184e+02 1.2098433838e+03
3.9779201870e-06 2.9665625000e+02 3.0426730347e+02 3.2082638550e+02 1.2127110596e+03
3.9875199036e-06 2.9512500000e+02 3.0389962769e+02 3.1815206909e+02 1.2127526855e+03
3.9971200749e-06 2.9387500000e+02 3.0272674561e+02 3.1656527710e+02 1.2156141357e+03
4.0067197915e-06 2.9115625000e+02 3.0244238281e+02 3.1335723877e+02 1.2156203613e+03
4.0163199628e-06 2.9509375000e+02 3.0287588501e+02 3.1523690796e+02 1.2184862061e+03
4.0259201342e-06 2.9278125000e+02 3.0187017822e+02 3.1262158203e+02 1.2184787598e+03
4.0355198507e-06 2.9440625000e+02 3.0157217407e+02 3.1600543213e+02 1.2213791504e+03
4.0451200221e-06 2.9587500000e+02 3.0064016724e+02 3.0955841064e+02 1.2213135986e+03
4.0547201934e-06 2.9178125000e+02 3.0089804077e+02 3.1026947021e+02 1.2242052002e+03
4.0643199100e-06 2.9100000000e+02 3.0034109497e+02 3.1297943115e+02 1.2241861572e+03
4.0739200813e-06 2.9384375000e+02 2.9980929565e+02 3.0749087524e+02 1.2270068359e+03
4.0835197979e-06 2.9315625000e+02 2.9967553711e+02 3.1113928223e+02 1.2270346680e+03
4.0931199692e-06 2.9128125000e+02 2.9900399780e+02 3.0844729614e+02 1.2298256836e+03
4.1027201405e-06 2.9256250000e+02 3.0020968628e+02 3.1254653931e+02 1.2298811035e+03
4.1123198571e-06 2.8996875000e+02 2.9853567505e+02 3.0917068481e+02 1.2326505127e+03
4.1219200284e-06 2.8962500000e+02 2.9911300659e+02 3.1062152100e+02 1.2327120361e+03
4.1315201997e-06 2.8906250000e+02 2.9924807739e+02 3.0880929565e+02 1.2354510498e+03
4.1411199163e-06 2.8600000000e+02 2.9786709595e+02 3.0646270752e+02 1.2355047607e+03
4.1507200876e-06 2.8975000000e+02 2.9798345947e+02 3.0757061768e+02 1.2382453613e+03
4.1603198042e-06 2.9034375000e+02 2.9744335938e+02 3.0622665405e+02 1.2382922363e+03
4.1699199755e-06 2.9059375000e+02 2.9701657104e+02 3.0883453369e+02 1.2410601807e+03
4.1795201469e-06 2.8950000000e+02 2.9664328003e+02 3.0609432983e+02 1.2410815430e+03
4.1891198634e-06 2.8800000000e+02 2.9583499146e+02 3.0351306152e+02 1.2438226318e+03
4.1987200348e-06 2.8846875000e+02 2.9528701782e+02 3.0154449463e+02 1.2438309326e+03
4.2083202061e-06 2.8668750000e+02 2.9651257324e+02 3.0812265015e+02 1.2466192627e+03
4.2179199227e-06 2.8668750000e+02 2.9530017090e+02 3.0400689697e+02 1.2465988770e+03
4.2275200940e-06 2.8715625000e+02 2.9525805664e+02 3.0247500610e+02 1.2493608398e+03
4.2371198106e-06 2.8693750000e+02 2.9478741455e+02 3.0537213135e+02 1.2493819580e+03
4.2467199819e-06 2.8328125000e+02 2.9517019653e+02 3.0573666382e+02 1.2521330566e+03
4.2563201532e-06 2.8387500000e+02 2.9458441162e+02 3.0005200195e+02 1.2520994873e+03
4.2659198698e-06 2.8309375000e+02 2.9410876465e+02 3.0692456055e+02 1.2549260254e+03
4.2755200411e-06 2.8359375000e+02 2.9356271362e+02 3.0415765381e+02 1.2548702393e+03
4.2851202124e-06 2.8331250000e+02 2.9458300781e+02 3.0812704468e+02 1.2577180176e+03
4.2947199290e-06 2.8431250000e+02 2.9316549683e+02 3.0399713135e+02 1.2576359863e+03
4.3043201003e-06 2.8406250000e+02 2.9347033691e+02 3.0982388306e+02 1.2605364990e+03
4.3139198169e-06 2.8596875000e+02 2.9179800415e+02 2.9748825073e+02 1.2603383789e+03
4.3235199882e-06 2.8625000000e+02 2.9244842529e+02 2.9920434570e+02 1.2632407227e+03
4.3331201596e-06 2.8075000000e+02 2.9222793579e+02 2.9922229004e+02 1.2630478516e+03
4.3427198761e-06 2.8537500000e+02 2.9177932739e+02 3.0215167236e+02 1.2659793701e+03
4.3523200475e-06 2.8287500000e+02 2.9172497559e+02 3.0006097412e+02 1.2657661133e+03
4.3619202188e-06 2.8090625000e+02 2.9186608887e+02 2.9919006348e+02 1.2686779785e+03
4.3715199354e-06 2.8200000000e+02 2.9157586670e+02 3.0321395874e+02 1.2685145264e+03
4.3811201067e-06 2.8431250000e+02 2.9063372803e+02 2.9751568604e+02 1.2713651123e+03
4.3907198233e-06 2.8128125000e+02 2.8984552002e+02 2.9925238037e+02 1.2712343750e+03
4.4003199946e-06 2.8096875000e+02 2.8957397461e+02 2.9648135376e+02 1.2740467529e+03
4.4099201659e-06 2.8109375000e+02 2.8825894165e+02 2.9298971558e+02 1.2738995361e+03
4.4195198825e-06 2.8256250000e+02 2.8961145020e+02 2.9771200562e+02 1.2767351074e+03
4.4291200538e-06 2.8234375000e+02 2.9009674072e+02 2.9971881104e+02 1.2766077881e+03
4.4387202252e-06 2.7934375000e+02 2.8932199097e+02 2.9851394653e+02 1.2794298096e+03
4.4483199417e-06 2.8331250000e+02 2.8798541260e+02 2.9535656738e+02 1.2792854004e+03
4.4579201131e-06 2.8053125000e+02 2.8751358032e+02 2.9389736938e+02 1.2820881348e+03
4.4675198296e-06 2.7928125000e+02 2.8833566284e+02 2.9572604370e+02 1.2819561768e+03
4.4771200010e-06 2.7706250000e+02 2.8841458130e+02 2.9855703735e+02 1.2847814941e+03
4.4867201723e-06 2.7990625000e+02 2.8686737061e+02 2.9478598022e+02 1.2846284180e+03
4.4963198889e-06 2.7821875000e+02 2.8741363525e+02 2.9627575684e+02 1.2874544678e+03
4.5059200602e-06 2.7971875000e+02 2.8670202637e+02 2.9462347412e+02 1.2872934570e+03
4.5155197768e-06 2.7781250000e+02 2.8705462646e+02 2.9603759766e+02 1.2901229248e+03
4.5251199481e-06 2.7965625000e+02 2.8592233276e+02 2.9456600952e+02 1.2899616699e+03
4.5347201194e-06 2.7968750000e+02 2.8580780029e+02 2.9334161377e+02 1.2927695312e+03
4.5443198360e-06 2.7703125000e+02 2.8587921143e+02 2.9548403931e+02 1.2926336670e+03
4.5539200073e-06 2.7700000000e+02 2.8573919678e+02 2.9615069580e+02 1.2954425049e+03
4.5635201786e-06 2.7768750000e+02 2.8492053223e+02 2.9140341187e+02 1.2952647705e+03
4.5731198952e-06 2.7731250000e+02 2.8442672729e+02 2.9326870728e+02 1.2980937500e+03
4.5827200665e-06 2.7321875000e+02 2.8525000000e+02 2.9587988281e+02 1.2979366455e+03
4.5923197831e-06 2.7275000000e+02 2.8583447266e+02 2.9750976562e+02 1.3007698975e+03
4.6019199544e-06 2.8212500000e+02 2.8331814575e+02 2.8769860840e+02 1.3005325928e+03
4.6115201258e-06 2.7903125000e+02 2.8359753418e+02 2.9318521118e+02 1.3034173584e+03
4.6211198423e-06 2.7506250000e+02 2.8405764771e+02 2.9387289429e+02 1.3031839600e+03
4.6307200137e-06 2.7034375000e+02 2.8358715820e+02 2.9297363281e+02 1.3060559082e+03
4.6403201850e-06 2.7171875000e+02 2.8308361816e+02 2.9281082153e+02 1.3058291016e+03
4.6499199016e-06 2.7496875000e+02 2.8293112183e+02 2.9628228760e+02 1.3087362061e+03
4.6595200729e-06 2.7378125000e+02 2.8500442505e+02 2.9630654907e+02 1.3084898682e+03
4.6691197895e-06 2.7543750000e+02 2.8480279541e+02 2.9686123657e+02 1.3113969727e+03
4.6787199608e-06 2.7459375000e+02 2.8188940430e+02 2.8905908203e+02 1.3110947266e+03
4.6883201321e-06 2.7481250000e+02 2.8294885254e+02 2.9329672241e+02 1.3140302734e+03
4.6979198487e-06 2.7468750000e+02 2.8219250488e+02 2.8966107178e+02 1.3136981201e+03
4.7075200200e-06 2.7475000000e+02 2.8137017822e+02 2.9432034302e+02 1.3166885986e+03
4.7171201913e-06 2.7303125000e+02 2.8142785645e+02 2.8932070923e+02 1.3163004150e+03
4.7267199079e-06 2.7153125000e+02 2.7966036987e+02 2.8426348877e+02 1.3192452393e+03
4.7363200792e-06 2.7046875000e+02 2.8089657593e+02 2.9283984375e+02 1.3189426270e+03
4.7459197958e-06 2.7134375000e+02 2.7904946899e+02 2.8399197388e+02 1.3218009033e+03
4.7555199671e-06 2.7000000000e+02 2.8205758667e+02 2.9365301514e+02 1.3215778809e+03
4.7651201385e-06 2.6715625000e+02 2.7995159912e+02 2.8983477783e+02 1.3244064941e+03
4.7747198550e-06 2.7062500000e+02 2.7998297119e+02 2.8502670288e+02 1.3241323242e+03
4.7843200264e-06 2.7037500000e+02 2.8079675293e+02 2.9218515015e+02 1.3270250244e+03
4.7939201977e-06 2.7012500000e+02 2.7941394043e+02 2.8842425537e+02 1.3267252197e+03
4.8035199143e-06 2.7409375000e+02 2.7947369385e+02 2.8896142578e+02 1.3296157227e+03
4.8131200856e-06 2.7218750000e+02 2.7927560425e+02 2.8809509277e+02 1.3293112793e+03
4.8227198022e-06 2.7287500000e+02 2.7899804688e+02 2.8427023315e+02 1.3321551514e+03
4.8323199735e-06 2.7075000000e+02 2.7749838257e+02 2.8644635010e+02 1.3318936768e+03
4.8419201448e-06 2.7081250000e+02 2.7789825439e+02 2.8838247681e+02 1.3347462158e+03
4.8515198614e-06 2.6615625000e+02 2.7836581421e+02 2.8695260620e+02 1.3344665527e+03
4.8611200327e-06 2.6762500000e+02 2.7723590088e+02 2.8723754883e+02 1.3373266602e+03
4.8707202041e-06 2.6762500000e+02 2.7679690552e+02 2.8486230469e+02 1.3370273438e+03
4.8803199206e-06 2.6893750000e+02 2.7858657837e+02 2.8866326904e+02 1.3399055176e+03
4.8899200920e-06 2.6834375000e+02 2.7667080688e+02 2.8667941284e+02 1.3396049805e+03
4.8995198085e-06 2.6862500000e+02 2.7554818726e+02 2.8086822510e+02 1.3424219971e+03
4.9091199799e-06 2.7162500000e+02 2.7583990479e+02 2.8355065918e+02 1.3421511230e+03
4.9187201512e-06 2.7053125000e+02 2.7756985474e+02 2.8673651123e+02 1.3449809570e+03
4.9283198678e-06 2.6546875000e+02 2.7588378906e+02 2.8652090454e+02 1.3447253418e+03
4.9379200391e-06 2.6984375000e+02 2.7680523682e+02 2.8991192627e+02 1.3475764160e+03
4.9475202104e-06 2.6718750000e+02 2.7743395996e+02 2.9005731201e+02 1.3473203125e+03
4.9571199270e-06 2.6890625000e+02 2.7626080322e+02 2.8308752441e+02 1.3500988770e+03
4.9667200983e-06 2.6671875000e+02 2.7544769287e+02 2.8598907471e+02 1.3498836670e+03
4.9763198149e-06 2.6590625000e+02 2.7694711304e+02 2.8859265137e+02 1.3526718750e+03
4.9859199862e-06 2.6337500000e+02 2.7493902588e+02 2.8299160767e+02 1.3524146729e+03
4.9955201575e-06 2.6812500000e+02 2.7450167847e+02 2.8701333618e+02 1.3552449951e+03
5.0051198741e-06 2.6762500000e+02 2.7314566040e+02 2.8208587646e+02 1.3549501953e+03
5.0147200454e-06 2.6359375000e+02 2.7499667358e+02 2.8161062622e+02 1.3577507324e+03
5.0243202168e-06 2.6681250000e+02 2.7287164307e+02 2.7818328857e+02 1.3574385986e+03
5.0339199333e-06 2.6528125000e+02 2.7430575562e+02 2.8300906372e+02 1.3602731934e+03
5.0435201047e-06 2.6475000000e+02 2.7272036743e+02 2.7899359131e+02 1.3599333496e+03
5.0531198212e-06 2.6196875000e+02 2.7291442871e+02 2.7979736328e+02 1.3627683105e+03
5.0627199926e-06 2.6181250000e+02 2.7248333740e+02 2.8052243042e+02 1.3624432373e+03
5.0723201639e-06 2.6634375000e+02 2.7245166016e+02 2.7973550415e+02 1.3652630615e+03
5.0819198805e-06 2.6518750000e+02 2.7240090942e+02 2.7976733398e+02 1.3649414062e+03
5.0915200518e-06 2.6265625000e+02 2.7282241821e+02 2.8226272583e+02 1.3677786865e+03
5.1011202231e-06 2.6159375000e+02 2.7109442139e+02 2.7349920654e+02 1.3673776855e+03
5.1107199397e-06 2.6150000000e+02 2.7123156738e+02 2.7779385376e+02 1.3702548828e+03
5.1203201110e-06 2.6162500000e+02 2.7070739746e+02 2.7675149536e+02 1.3698499756e+03
5.1299198276e-06 2.6259375000e+02 2.6974917603e+02 2.7540301514e+02 1.3727148438e+03
5.1395199989e-06 2.6034375000e+02 2.6960736084e+02 2.7341033936e+02 1.3722911377e+03
5.1491201702e-06 2.6165625000e+02 2.6867666626e+02 2.7227157593e+02 1.3751461182e+03
5.1587198868e-06 2.6118750000e+02 2.6978134155e+02 2.7715930176e+02 1.3747686768e+03
5.1683200581e-06 2.6243750000e+02 2.7103717041e+02 2.7657818604e+02 1.3776004639e+03
5.1779197747e-06 2.6268750000e+02 2.6853213501e+02 2.7192669678e+02 1.3771950684e+03
5.1875199460e-06 2.6287500000e+02 2.6937731934e+02 2.7866796875e+02 1.3800882568e+03
5.1971201174e-06 2.6306250000e+02 2.6953625488e+02 2.7727264404e+02 1.3796683350e+03
5.2067198340e-06 2.6053125000e+02 2.6857925415e+02 2.7336929321e+02 1.3825200195e+03
5.2163200053e-06 2.5753125000e+02 2.6852795410e+02 2.7526782227e+02 1.3821246338e+03
5.2259201766e-06 2.5987500000e+02 2.6982110596e+02 2.7821401978e+02 1.3849915771e+03
5.2355198932e-06 2.6362500000e+02 2.6783670044e+02 2.7341036987e+02 1.3845626221e+03
5.2451200645e-06 2.6203125000e+02 2.6710031128e+02 2.7440084839e+02 1.3874425049e+03
5.2547197811e-06 2.6075000000e+02 2.6777465820e+02 2.7362918091e+02 1.3869998779e+03
5.2643199524e-06 2.6131250000e+02 2.6709210205e+02 2.7269677734e+02 1.3898692627e+03
5.2739201237e-06 2.5784375000e+02 2.6615545654e+02 2.6999053955e+02 1.3894077148e+03
5.2835198403e-06 2.5615625000e+02 2.6780682373e+02 2.7620294189e+02 1.3923247070e+03
5.2931200116e-06 2.5753125000e+02 2.6718756104e+02 2.7633462524e+02 1.3918731689e+03
5.3027201830e-06 2.5975000000e+02 2.6708709717e+02 2.7907110596e+02 1.3948156738e+03
5.3123198995e-06 2.6071875000e+02 2.6593463135e+02 2.6998898315e+02 1.3942752686e+03
5.3219200709e-06 2.5700000000e+02 2.6622372437e+02 2.7426818848e+02 1.3972567139e+03
5.3315197874e-06 2.5996875000e+02 2.6556842041e+02 2.7214041138e+02 1.3967014160e+03
5.3411199588e-06 2.5887500000e+02 2.6584542847e+02 2.7549832153e+02 1.3997115479e+03
5.3507201301e-06 2.6031250000e+02 2.6530444336e+02 2.6949935913e+02 1.3990966797e+03
5.3603198467e-06 2.5678125000e+02 2.6481478882e+02 2.7365267944e+02 1.4021527100e+03
5.3699200180e-06 2.5884375000e+02 2.6518304443e+02 2.7098828125e+02 1.4015062256e+03
5.3795201893e-06 2.6153125000e+02 2.6451974487e+02 2.6995846558e+02 1.4045499268e+03
5.3891199059e-06 2.5484375000e+02 2.6369540405e+02 2.6988955688e+02 1.4039144287e+03
5.3987200772e-06 2.5412500000e+02 2.6336532593e+02 2.6741162109e+02 1.4069257812e+03
5.4083197938e-06 2.5728125000e+02 2.6400994873e+02 2.6984277344e+02 1.4063144531e+03
5.4179199651e-06 2.5612500000e+02 2.6467370605e+02 2.7086148071e+02 1.4093250732e+03
5.4275201364e-06 2.5609375000e+02 2.6519369507e+02 2.7221820068e+02 1.4087279053e+03
5.4371198530e-06 2.5881250000e+02 2.6362042236e+02 2.7148632812e+02 1.4117370605e+03
5.4467200243e-06 2.5681250000e+02 2.6285684204e+02 2.7145687866e+02 1.4111514893e+03
5.4563201957e-06 2.5937500000e+02 2.6458111572e+02 2.7472723389e+02 1.4141730957e+03
5.4659199122e-06 2.5828125000e+02 2.6154092407e+02 2.6716836548e+02 1.4135360107e+03
5.4755200836e-06 2.5671875000e+02 2.6323834229e+02 2.7023684692e+02 1.4165676270e+03
5.4851198001e-06 2.5453125000e+02 2.6241653442e+02 2.6782290649e+02 1.4159136963e+03
5.4947199715e-06 2.5540625000e+02 2.6212341309e+02 2.7018759155e+02 1.4189686279e+03
5.5043201428e-06 2.5700000000e+02 2.6208981323e+02 2.6589056396e+02 1.4182695312e+03
5.5139198594e-06 2.5521875000e+02 2.6307968140e+02 2.7034930420e+02 1.4213593750e+03
5.5235200307e-06 2.5712500000e+02 2.6169848633e+02 2.6789425659e+02 1.4206478271e+03
5.5331202020e-06 2.5509375000e+02 2.6213140869e+02 2.6869784546e+02 1.4237364502e+03
5.5427199186e-06 2.5900000000e+02 2.6042547607e+02 2.6604980469e+02 1.4230140381e+03
5.5523200899e-06 2.5359375000e+02 2.6140203857e+02 2.7013555908e+02 1.4261326904e+03
5.5619198065e-06 2.5687500000e+02 2.6202056885e+02 2.6925823975e+02 1.4253984375e+03
5.5715199778e-06 2.5346875000e+02 2.6129373169e+02 2.6711993408e+02 1.4284930420e+03
5.5811201491e-06 2.5346875000e+02 2.6097308350e+02 2.6675561523e+02 1.4277606201e+03
5.5907198657e-06 2.5475000000e+02 2.6125418091e+02 2.6859530640e+02 1.4308668213e+03
5.6003200370e-06 2.5346875000e+02 2.5918927002e+02 2.6459982300e+02 1.4301115723e+03
5.6099202084e-06 2.5534375000e+02 2.6131216431e+02 2.6437496948e+02 1.4331912842e+03
5.6195199249e-06 2.5456250000e+02 2.5919363403e+02 2.6445211792e+02 1.4324569092e+03
5.6291200963e-06 2.5496875000e+02 2.5822131348e+02 2.6267953491e+02 1.4355196533e+03
5.6387198129e-06 2.5031250000e+02 2.5915124512e+02 2.6272891235e+02 1.4347799072e+03
5.6483199842e-06 2.5153125000e+02 2.5844018555e+02 2.6349600220e+02 1.4378514404e+03
5.6579201555e-06 2.5515625000e+02 2.5897918701e+02 2.6328128052e+02 1.4371075439e+03
5.6675198721e-06 2.5078125000e+02 2.6008139038e+02 2.6654348755e+02 1.4402004395e+03
5.6771200434e-06 2.5512500000e+02 2.5865533447e+02 2.6491842651e+02 1.4394532471e+03
5.6867202147e-06 2.5356250000e+02 2.5705383301e+02 2.6145272827e+02 1.4425155029e+03
5.6963199313e-06 2.5109375000e+02 2.5710922241e+02 2.6100765991e+02 1.4417653809e+03
5.7059201026e-06 2.4984375000e+02 2.5653527832e+02 2.6117422485e+02 1.4448293457e+03
5.7155198192e-06 2.5459375000e+02 2.5887640381e+02 2.6584683228e+02 1.4441135254e+03
5.7251199905e-06 2.5146875000e+02 2.5650201416e+02 2.5858300781e+02 1.4471098633e+03
5.7347201619e-06 2.5006250000e+02 2.5718847656e+02 2.6213595581e+02 1.4464311523e+03
5.7443198784e-06 2.5056250000e+02 2.5807260132e+02 2.6028546143e+02 1.4493940430e+03
5.7539200498e-06 2.4984375000e+02 2.5639001465e+02 2.6050894165e+02 1.4487342529e+03
5.7635202211e-06 2.5059375000e+02 2.5882409668e+02 2.6486181641e+02 1.4517208252e+03
5.7731199377e-06 2.5296875000e+02 2.5566403198e+02 2.5847393799e+02 1.4510174561e+03
5.7827201090e-06 2.5025000000e+02 2.5577494812e+02 2.6202819824e+02 1.4540379639e+03
5.7923198256e-06 2.5206250000e+02 2.5532734680e+02 2.5992395020e+02 1.4533173828e+03
5.8019199969e-06 2.5103125000e+02 2.5687939453e+02 2.6261520386e+02 1.4563489990e+03
5.8115201682e-06 2.5125000000e+02 2.5563865662e+02 2.5814892578e+02 1.4555914307e+03
5.8211198848e-06 2.4806250000e+02 2.5500663757e+02 2.5879461670e+02 1.4586296387e+03
5.8307200561e-06 2.5265625000e+02 2.5703262329e+02 2.6160858154e+02 1.4578907471e+03
5.8403197727e-06 2.5262500000e+02 2.5479449463e+02 2.5960507202e+02 1.4609183350e+03
5.8499199440e-06 2.4987500000e+02 2.5404060364e+02 2.5705758667e+02 1.4601601562e+03
5.8595201153e-06 2.5087500000e+02 2.5523568726e+02 2.6209606934e+02 1.4632283936e+03
5.8691198319e-06 2.5050000000e+02 2.5478317261e+02 2.5932595825e+02 1.4624458008e+03
5.8787200032e-06 2.4978125000e+02 2.5267472839e+02 2.5652709961e+02 1.4654965820e+03
5.8883201746e-06 2.4953125000e+02 2.5468853760e+02 2.5987484741e+02 1.4647357178e+03
5.8979198911e-06 2.4565625000e+02 2.5575216675e+02 2.6336172485e+02 1.4678110352e+03
5.9075200625e-06 2.5078125000e+02 2.5305662537e+02 2.5774557495e+02 1.4670130615e+03
5.9171197790e-06 2.5303125000e+02 2.5293730164e+02 2.6011187744e+02 1.4701115723e+03
5.9267199504e-06 2.4831250000e+02 2.5264485168e+02 2.5574885559e+02 1.4692680664e+03
5.9363201217e-06 2.5028125000e+02 2.5327215576e+02 2.6083847046e+02 1.4724130859e+03
5.9459198383e-06 2.4468750000e+02 2.5188320923e+02 2.5550529480e+02 1.4715244141e+03
5.9555200096e-06 2.4784375000e+02 2.5164143372e+02 2.5619485474e+02 1.4746739502e+03
5.9651201809e-06 2.4796875000e+02 2.5214926147e+02 2.5864788818e+02 1.4738118896e+03
5.9747198975e-06 2.4775000000e+02 2.5047489929e+02 2.5211033630e+02 1.4768952637e+03
5.9843200688e-06 2.4743750000e+02 2.5203323364e+02 2.5502175903e+02 1.4760551758e+03
5.9939197854e-06 2.5078125000e+02 2.5121620178e+02 2.5376559448e+02 1.4791253662e+03
6.0035199567e-06 2.4934375000e+02 2.5221656799e+02 2.5896182251e+02 1.4783388672e+03
6.0131201280e-06 2.4715625000e+02 2.5166929626e+02 2.5479267883e+02 1.4813605957e+03
6.0227198446e-06 2.4334375000e+02 2.5057113647e+02 2.5527035522e+02 1.4805926514e+03
6.0323200159e-06 2.4346875000e+02 2.5080746460e+02 2.5483956909e+02 1.4836010742e+03
6.0419201873e-06 2.4737500000e+02 2.4989212036e+02 2.5169128418e+02 1.4828079834e+03
6.0515199038e-06 2.4893750000e+02 2.4956800842e+02 2.5408445740e+02 1.4858425293e+03
6.0611200752e-06 2.4584375000e+02 2.5160394287e+02 2.5881765747e+02 1.4850866699e+03
6.0707197918e-06 2.4831250000e+02 2.5010330200e+02 2.5313217163e+02 1.4880638428e+03
6.0803199631e-06 2.4625000000e+02 2.5026437378e+02 2.5407681274e+02 1.4873201904e+03
6.0899201344e-06 2.4306250000e+02 2.5069406128e+02 2.5709973145e+02 1.4903226318e+03
6.0995198510e-06 2.4790625000e+02 2.4834970093e+02 2.5188929749e+02 1.4895446777e+03
6.1091200223e-06 2.4309375000e+02 2.4974526978e+02 2.5279324341e+02 1.4925377197e+03
6.1187201936e-06 2.4856250000e+02 2.5003939819e+02 2.5407473755e+02 1.4917746582e+03
6.1283199102e-06 2.4293750000e+02 2.4877064514e+02 2.5317539978e+02 1.4947633057e+03
6.1379200815e-06 2.4790625000e+02 2.4794952393e+02 2.5070198059e+02 1.4939820557e+03
6.1475197981e-06 2.4453125000e+02 2.4786557007e+02 2.5082041931e+02 1.4969671631e+03
6.1571199694e-06 2.4646875000e+02 2.4702807617e+02 2.4900210571e+02 1.4961759033e+03
6.1667201408e-06 2.4362500000e+02 2.4688615417e+02 2.4736340332e+02 1.4991368408e+03
6.1763198573e-06 2.4365625000e+02 2.4793519592e+02 2.5264828491e+02 1.4984001465e+03
6.1859200287e-06 2.4315625000e+02 2.4680293274e+02 2.5019416809e+02 1.5013386230e+03
6.1955202000e-06 2.4290625000e+02 2.4711004639e+02 2.5019868469e+02 1.5006007080e+03
6.2051199166e-06 2.4250000000e+02 2.4688146973e+02 2.4673745728e+02 1.5034949951e+03
6.2147200879e-06 2.4143750000e+02 2.4781098938e+02 2.5048930359e+02 1.5027951660e+03
6.2243198045e-06 2.3971875000e+02 2.4639625549e+02 2.4903312683e+02 1.5056804199e+03
6.2339199758e-06 2.4350000000e+02 2.4581036377e+02 2.4493083191e+02 1.5049398193e+03
6.2435201471e-06 2.4337500000e+02 2.4568923950e+02 2.4793125916e+02 1.5078570557e+03
6.2531198637e-06 2.4293750000e+02 2.4652101135e+02 2.4912501526e+02 1.5071243896e+03
6.2627200350e-06 2.4162500000e+02 2.4607104492e+02 2.4820913696e+02 1.5100300293e+03
6.2723202063e-06 2.4484375000e+02 2.4591810608e+02 2.4835377502e+02 1.5093028564e+03
6.2819199229e-06 2.4253125000e+02 2.4567874146e+02 2.5250906372e+02 1.5122583008e+03
6.2915200942e-06 2.4596875000e+02 2.4475076294e+02 2.4473837280e+02 1.5114468994e+03
6.3011198108e-06 2.4171875000e+02 2.4496681213e+02 2.4889544678e+02 1.5144449463e+03
6.3107199821e-06 2.4287500000e+02 2.4537998962e+02 2.4783959961e+02 1.5136188965e+03
6.3203201535e-06 2.4196875000e+02 2.4642822266e+02 2.4950477600e+02 1.5166215820e+03
6.3299198700e-06 2.4165625000e+02 2.4368537903e+02 2.4500474548e+02 1.5157714844e+03
6.3395200414e-06 2.4100000000e+02 2.4470979309e+02 2.4672219849e+02 1.5187785645e+03
6.3491202127e-06 2.4293750000e+02 2.4406996155e+02 2.4637062073e+02 1.5179333496e+03
6.3587199293e-06 2.3906250000e+02 2.4443492126e+02 2.4743409729e+02 1.5209437256e+03
6.3683201006e-06 2.4228125000e+02 2.4285856628e+02 2.4227394104e+02 1.5200551758e+03
6.3779198172e-06 2.3903125000e+02 2.4388497925e+02 2.4516555786e+02 1.5230843506e+03
6.3875199885e-06 2.4284375000e+02 2.4244194031e+02 2.4284721375e+02 1.5221856689e+03
6.3971201598e-06 2.4062500000e+02 2.4333905029e+02 2.4620288086e+02 1.5252402344e+03
6.4067198764e-06 2.4234375000e+02 2.4296234131e+02 2.4598112488e+02 1.5243455811e+03
6.4163200477e-06 2.3809375000e+02 2.4306434631e+02 2.4294458008e+02 1.5273566895e+03
6.4259202190e-06 2.4265625000e+02 2.4257063293e+02 2.4383332825e+02 1.5264803467e+03
6.4355199356e-06 2.4000000000e+02 2.4315597534e+02 2.4690663147e+02 1.5295168457e+03
6.4451201069e-06 2.4053125000e+02 2.4298233032e+02 2.4466903687e+02 1.5286181641e+03
6.4547198235e-06 2.4443750000e+02 2.4273893738e+02 2.4544190979e+02 1.5316607666e+03
6.4643199948e-06 2.4053125000e+02 2.4170207214e+02 2.4140408325e+02 1.5307264404e+03
6.4739201662e-06 2.3884375000e+02 2.4236080933e+02 2.4307263184e+02 1.5337772217e+03
6.4835198827e-06 2.3925000000e+02 2.4200692749e+02 2.4536885071e+02 1.5328769531e+03
6.4931200541e-06 2.3896875000e+02 2.4048190308e+02 2.3968809509e+02 1.5358691406e+03
6.5027202254e-06 2.4040625000e+02 2.4230499268e+02 2.4321658325e+02 1.5349954834e+03
6.5123199420e-06 2.4109375000e+02 2.4187281799e+02 2.4381535339e+02 1.5379937744e+03
6.5219201133e-06 2.3925000000e+02 2.4207540894e+02 2.4362997437e+02 1.5371184082e+03
6.5315198299e-06 2.3793750000e+02 2.3966867065e+02 2.3926289368e+02 1.5400833740e+03
6.5411200012e-06 2.3871875000e+02 2.4083265686e+02 2.4285379028e+02 1.5392418213e+03
6.5507201725e-06 2.3975000000e+02 2.4063131714e+02 2.4226574707e+02 1.5421964111e+03
6.5603198891e-06 2.3793750000e+02 2.3932023621e+02 2.3732646179e+02 1.5413099365e+03
6.5699200604e-06 2.3925000000e+02 2.4108537292e+02 2.4464474487e+02 1.5443305664e+03
6.5795197770e-06 2.3956250000e+02 2.3941235352e+02 2.4061003113e+02 1.5434155273e+03
6.5891199483e-06 2.4093750000e+02 2.4107197571e+02 2.4405303955e+02 1.5464549561e+03
6.5987201197e-06 2.3931250000e+02 2.3915145874e+02 2.4042254639e+02 1.5455187988e+03
6.6083198362e-06 2.3909375000e+02 2.3977896118e+02 2.4236225891e+02 1.5485694580e+03
6.6179200076e-06 2.3850000000e+02 2.3953233337e+02 2.4154154968e+02 1.5476284180e+03
6.6275201789e-06 2.3640625000e+02 2.3838641357e+02 2.3929745483e+02 1.5506589355e+03
6.6371198955e-06 2.3712500000e+02 2.3917727661e+02 2.4056439209e+02 1.5497266846e+03
6.6467200668e-06 2.3690625000e+02 2.3795019531e+02 2.3960781860e+02 1.5527551270e+03
6.6563197834e-06 2.3496875000e+02 2.3763468933e+02 2.3740950012e+02 1.5518001709e+03
6.6659199547e-06 2.3962500000e+02 2.3836268616e+02 2.3887095642e+02 1.5548331299e+03
6.6755201260e-06 2.3843750000e+02 2.3797634888e+02 2.3818386841e+02 1.5538762207e+03
6.6851198426e-06 2.3650000000e+02 2.3795581055e+02 2.4021252441e+02 1.5569298096e+03
6.6947200139e-06 2.3775000000e+02 2.3700149536e+02 2.3889155579e+02 1.5559721680e+03
6.7043201852e-06 2.3684375000e+02 2.3790155029e+02 2.4026972961e+02 1.5590246582e+03
6.7139199018e-06 2.3231250000e+02 2.3515325928e+02 2.3278059387e+02 1.5580080566e+03
6.7235200731e-06 2.3500000000e+02 2.3771519470e+02 2.4286927795e+02 1.5611538086e+03
6.7331193350e-06 2.3928125000e+02 2.3627673340e+02 2.3788951111e+02 1.5600936279e+03
6.7427199610e-06 2.3390625000e+02 2.3618170166e+02 2.3615888977e+02 1.5632109375e+03
6.7523201324e-06 2.3525000000e+02 2.3707215881e+02 2.3798786926e+02 1.5621655273e+03
6.7619198489e-06 2.3668750000e+02 2.3701774597e+02 2.3941505432e+02 1.5652960205e+03
6.7715200203e-06 2.3471875000e+02 2.3586485291e+02 2.3504492188e+02 1.5642110596e+03
6.7811201916e-06 2.3681250000e+02 2.3481837463e+02 2.3486116028e+02 1.5673488770e+03
6.7907199082e-06 2.3537500000e+02 2.3688664246e+02 2.3955482483e+02 1.5662988281e+03
6.8003200795e-06 2.3678125000e+02 2.3599012756e+02 2.3702018738e+02 1.5694096680e+03
6.8099197961e-06 2.3571875000e+02 2.3654664612e+02 2.3821380615e+02 1.5683704834e+03
6.8195199674e-06 2.3715625000e+02 2.3551176453e+02 2.3737397766e+02 1.5714781494e+03
6.8291201387e-06 2.3587500000e+02 2.3527661133e+02 2.3543843079e+02 1.5704188232e+03
6.8387198553e-06 2.3706250000e+02 2.3492501831e+02 2.3561051941e+02 1.5735277100e+03
6.8483200266e-06 2.3484375000e+02 2.3447732544e+02 2.3342478943e+02 1.5724476318e+03
6.8579201979e-06 2.3784375000e+02 2.3430307007e+02 2.3514842224e+02 1.5755766602e+03
6.8675199145e-06 2.3437500000e+02 2.3533795166e+02 2.3659550476e+02 1.5745037842e+03
6.8771200858e-06 2.3268750000e+02 2.3482725525e+02 2.3596955872e+02 1.5776256104e+03
6.8867198024e-06 2.3265625000e+02 2.3353674316e+02 2.3229360962e+02 1.5765233154e+03
6.8963199737e-06 2.3356250000e+02 2.3365637207e+02 2.3427597046e+02 1.5796649170e+03
6.9059201451e-06 2.3475000000e+02 2.3453009033e+02 2.3532687378e+02 1.5785667725e+03
6.9155194069e-06 2.3175000000e+02 2.3449176025e+02 2.3715283203e+02 1.5817271729e+03
6.9251200330e-06 2.3087500000e+02 2.3465708923e+02 2.3670216370e+02 1.5806235352e+03
6.9347197496e-06 2.3065625000e+02 2.3389414978e+02 2.3342701721e+02 1.5837441406e+03
6.9443199209e-06 2.3393750000e+02 2.3298907471e+02 2.3397622681e+02 1.5826639404e+03
6.9539200922e-06 2.3215625000e+02 2.3404003906e+02 2.3717906189e+02 1.5858063965e+03
6.9635198088e-06 2.3243750000e+02 2.3436933899e+02 2.3639552307e+02 1.5847136230e+03
6.9731199801e-06 2.3062500000e+02 2.3318188477e+02 2.3443412781e+02 1.5878404541e+03
6.9827201514e-06 2.3331250000e+02 2.3313970947e+02 2.3433776855e+02 1.5867491455e+03
6.9923198680e-06 2.3171875000e+02 2.3200685120e+02 2.3227397156e+02 1.5898587646e+03
7.0019200393e-06 2.3159375000e+02 2.3241647339e+02 2.3339620972e+02 1.5887789307e+03
7.0115202107e-06 2.3112500000e+02 2.3170133972e+02 2.3035198975e+02 1.5918505859e+03
7.0211199272e-06 2.3112500000e+02 2.3261473083e+02 2.3498254395e+02 1.5908238525e+03
7.0307200986e-06 2.3137500000e+02 2.3284576416e+02 2.3520768738e+02 1.5938895264e+03
7.0403198151e-06 2.3384375000e+02 2.3193992615e+02 2.3466435242e+02 1.5928724365e+03
7.0499199865e-06 2.3284375000e+02 2.3108506775e+02 2.3091844177e+02 1.5958919678e+03
7.0595201578e-06 2.3259375000e+02 2.2995936584e+02 2.2847526550e+02 1.5948607178e+03
7.0691198744e-06 2.3056250000e+02 2.3072227478e+02 2.3001506042e+02 1.5978831787e+03
7.0787200457e-06 2.3246875000e+02 2.3045788574e+02 2.3045761108e+02 1.5968652344e+03
7.0883202170e-06 2.3000000000e+02 2.2891966248e+02 2.2638183594e+02 1.5998487549e+03
7.0979194788e-06 2.3012500000e+02 2.2961505127e+02 2.2784057617e+02 1.5988410645e+03
7.1075201049e-06 2.2665625000e+02 2.2973043823e+02 2.2857754517e+02 1.6018280029e+03
7.1171198215e-06 2.3368750000e+02 2.2937072754e+02 2.2807226562e+02 1.6008209229e+03
7.1267199928e-06 2.2868750000e+02 2.2895889282e+02 2.2726148987e+02 1.6037972412e+03
7.1363201641e-06 2.3218750000e+02 2.2891574097e+02 2.2829776001e+02 1.6028096924e+03
7.1459198807e-06 2.2843750000e+02 2.2832804871e+02 2.2685745239e+02 1.6057690430e+03
7.1555200520e-06 2.2981250000e+02 2.2918208313e+02 2.2805387878e+02 1.6047838135e+03
7.1651202234e-06 2.2950000000e+02 2.2815545654e+02 2.2567198181e+02 1.6077197266e+03
7.1747199399e-06 2.2615625000e+02 2.2799249268e+02 2.2599230957e+02 1.6067447510e+03
7.1843201113e-06 2.2890625000e+02 2.2800033569e+02 2.2644239807e+02 1.6096817627e+03
7.1939198278e-06 2.2946875000e+02 2.2808638000e+02 2.2547375488e+02 1.6086888428e+03
7.2035199992e-06 2.3025000000e+02 2.2801174927e+02 2.2682809448e+02 1.6116447754e+03
7.2131201705e-06 2.2950000000e+02 2.2619206238e+02 2.2193821716e+02 1.6106121826e+03
7.2227198871e-06 2.2793750000e+02 2.2800196838e+02 2.2828617859e+02 1.6136273193e+03
7.2323200584e-06 2.2412500000e+02 2.2808720398e+02 2.2828584290e+02 1.6125941162e+03
7.2419197750e-06 2.2587500000e+02 2.2754147339e+02 2.2719155884e+02 1.6155970459e+03
7.2515199463e-06 2.2568750000e+02 2.2727987671e+02 2.2583697510e+02 1.6145482178e+03
7.2611201176e-06 2.2703125000e+02 2.2720849609e+02 2.2663951111e+02 1.6175600586e+03
7.2707198342e-06 2.2987500000e+02 2.2665098572e+02 2.2487191772e+02 1.6164953613e+03
7.2803200055e-06 2.2409375000e+02 2.2625314331e+02 2.2371067810e+02 1.6194891357e+03
7.2899201768e-06 2.2587500000e+02 2.2678973389e+02 2.2616047668e+02 1.6184562988e+03
7.2995198934e-06 2.3018750000e+02 2.2558869934e+02 2.2268835449e+02 1.6214113770e+03
7.3091200647e-06 2.2768750000e+02 2.2556694031e+02 2.2336891174e+02 1.6203937988e+03
7.3187197813e-06 2.2850000000e+02 2.2572218323e+02 2.2361070251e+02 1.6233411865e+03
7.3283199526e-06 2.2790625000e+02 2.2542808533e+02 2.2324546814e+02 1.6223262939e+03
7.3379201240e-06 2.2737500000e+02 2.2442446899e+02 2.2118989563e+02 1.6252574463e+03
7.3475198406e-06 2.2793750000e+02 2.2506179810e+02 2.2262107849e+02 1.6242508545e+03
7.3571200119e-06 2.2646875000e+02 2.2425373840e+02 2.2094186401e+02 1.6271662598e+03
7.3667201832e-06 2.2587500000e+02 2.2532920837e+02 2.2382534790e+02 1.6261844482e+03
7.3763198998e-06 2.2565625000e+02 2.2494834900e+02 2.2328295898e+02 1.6290932617e+03
7.3859200711e-06 2.2743750000e+02 2.2520343018e+02 2.2492703247e+02 1.6281378174e+03
7.3955197877e-06 2.2468750000e+02 2.2362046814e+02 2.2048397827e+02 1.6310002441e+03
7.4051199590e-06 2.2946875000e+02 2.2339192200e+02 2.1988003540e+02 1.6300397949e+03
7.4147201303e-06 2.2290625000e+02 2.2291595459e+02 2.1888667297e+02 1.6328889160e+03
7.4243198469e-06 2.2625000000e+02 2.2379286194e+02 2.2133311462e+02 1.6319505615e+03
7.4339200182e-06 2.2462500000e+02 2.2355021667e+02 2.2121464539e+02 1.6347984619e+03
7.4435201896e-06 2.2821875000e+02 2.2428982544e+02 2.2311869812e+02 1.6338746338e+03
7.4531199061e-06 2.2656250000e+02 2.2326843262e+02 2.2120756531e+02 1.6367113037e+03
7.4627200775e-06 2.2731250000e+02 2.2177798462e+02 2.1713388062e+02 1.6357517090e+03
7.4723197940e-06 2.2668750000e+02 2.2249855042e+02 2.1940158081e+02 1.6386032715e+03
7.4819199654e-06 2.2346875000e+02 2.2252316284e+02 2.1965078735e+02 1.6376489258e+03
7.4915201367e-06 2.2296875000e+02 2.2176605225e+02 2.1824676514e+02 1.6404945068e+03
7.5011198533e-06 2.2318750000e+02 2.2218345642e+02 2.1917672729e+02 1.6395388184e+03
7.5107200246e-06 2.2331250000e+02 2.2184068298e+02 2.1875704956e+02 1.6423815918e+03
7.5203201959e-06 2.2196875000e+02 2.2163259888e+02 2.1843386841e+02 1.6414283447e+03
7.5299199125e-06 2.2175000000e+02 2.2064440918e+02 2.1615122986e+02 1.6442520752e+03
7.5395200838e-06 2.2456250000e+02 2.2014305115e+02 2.1488742065e+02 1.6432856445e+03
7.5491198004e-06 2.2181250000e+02 2.2088800049e+02 2.1727354431e+02 1.6461263428e+03
7.5587199717e-06 2.2534375000e+02 2.2035653687e+02 2.1596426392e+02 1.6451455078e+03
7.5683201430e-06 2.2234375000e+02 2.2136531067e+02 2.1921858215e+02 1.6480208740e+03
7.5779198596e-06 2.2340625000e+02 2.1942192078e+02 2.1400202942e+02 1.6469947510e+03
7.5875200309e-06 2.2415625000e+02 2.1975096130e+02 2.1527616882e+02 1.6498758545e+03
7.5971202023e-06 2.2550000000e+02 2.2077041626e+02 2.1822856140e+02 1.6488815918e+03
7.6067199188e-06 2.2362500000e+02 2.2091690063e+02 2.1898112488e+02 1.6517639160e+03
7.6163200902e-06 2.2112500000e+02 2.1960678101e+02 2.1553997803e+02 1.6507485352e+03
7.6259198067e-06 2.2350000000e+02 2.2037631226e+02 2.1801420593e+02 1.6536350098e+03
7.6355199781e-06 2.2121875000e+02 2.1841738892e+02 2.1291555786e+02 1.6525854492e+03
7.6451196946e-06 2.2362500000e+02 2.1881634521e+02 2.1438020325e+02 1.6554805908e+03
7.6547203207e-06 2.2421875000e+02 2.1911091614e+02 2.1527479553e+02 1.6544439697e+03
7.6643200373e-06 2.2168750000e+02 2.1924049377e+02 2.1602180481e+02 1.6573416748e+03
7.6739197539e-06 2.1971875000e+02 2.1812507629e+02 2.1323251343e+02 1.6562810059e+03
7.6835203799e-06 2.2225000000e+02 2.1830213928e+02 2.1414775085e+02 1.6591820068e+03
7.6931200965e-06 2.1987500000e+02 2.1764114380e+02 2.1233531189e+02 1.6581143799e+03
7.7027198131e-06 2.2443750000e+02 2.1835003662e+02 2.1453219604e+02 1.6610361328e+03
7.7123204392e-06 2.2293750000e+02 2.1531370544e+02 2.0695806885e+02 1.6598973389e+03
7.7219201557e-06 2.1915625000e+02 2.1687899780e+02 2.1125402832e+02 1.6628557129e+03
7.7315198723e-06 2.2193750000e+02 2.1681982422e+02 2.1141546631e+02 1.6617169189e+03
7.7411195889e-06 2.2021875000e+02 2.1626266479e+02 2.0994587708e+02 1.6646673584e+03
7.7507202150e-06 2.2112500000e+02 2.1713285828e+02 2.1244670105e+02 1.6635522461e+03
7.7603199315e-06 2.1656250000e+02 2.1567175293e+02 2.0941914368e+02 1.6664658203e+03
7.7699196481e-06 2.2156250000e+02 2.1651452637e+02 2.1135369873e+02 1.6653762207e+03
7.7795202742e-06 2.1803125000e+02 2.1645843506e+02 2.1147779846e+02 1.6682904053e+03
7.7891199908e-06 2.2134375000e+02 2.1724479675e+02 2.1379098511e+02 1.6672222900e+03
7.7987197074e-06 2.2143750000e+02 2.1806726074e+02 2.1644613647e+02 1.6701569824e+03
7.8083203334e-06 2.2456250000e+02 2.1650895691e+02 2.1226924133e+02 1.6690555420e+03
7.8179200500e-06 2.1993750000e+02 2.1438497925e+02 2.0708715820e+02 1.6719407959e+03
7.8275197666e-06 2.1862500000e+02 2.1576919556e+02 2.1106896973e+02 1.6708731689e+03
7.8371203927e-06 2.1946875000e+02 2.1581599426e+02 2.1172941589e+02 1.6737593994e+03
7.8467201092e-06 2.1671875000e+02 2.1330259705e+02 2.0521130371e+02 1.6726394043e+03
7.8563198258e-06 2.2215625000e+02 2.1529873657e+02 2.1096343994e+02 1.6755699463e+03
7.8659204519e-06 2.1918750000e+02 2.1465814209e+02 2.0859082031e+02 1.6744421387e+03
7.8755201685e-06 2.1934375000e+02 2.1478111267e+02 2.0983038330e+02 1.6773740234e+03
7.8851198850e-06 2.1834375000e+02 2.1409242249e+02 2.0822741699e+02 1.6762337646e+03
7.8947196016e-06 2.1753125000e+02 2.1383340454e+02 2.0754106140e+02 1.6791613770e+03
7.9043202277e-06 2.1634375000e+02 2.1352975464e+02 2.0729522705e+02 1.6780169678e+03
7.9139199443e-06 2.1990625000e+02 2.1241723633e+02 2.0444097900e+02 1.6809205322e+03
7.9235196608e-06 2.1903125000e+02 2.1306826782e+02 2.0646723938e+02 1.6797937012e+03
7.9331202869e-06 2.2003125000e+02 2.1340226746e+02 2.0776356506e+02 1.6827056885e+03
7.9427200035e-06 2.1759375000e+02 2.1282864380e+02 2.0654406738e+02 1.6815690918e+03
7.9523197201e-06 2.1587500000e+02 2.1410629272e+02 2.1021894836e+02 1.6845103760e+03
7.9619203461e-06 2.1640625000e+02 2.1335766602e+02 2.0847622681e+02 1.6833603516e+03
7.9715200627e-06 2.1815625000e+02 2.1160694885e+02 2.0438732910e+02 1.6862636719e+03
7.9811197793e-06 2.1771875000e+02 2.1325227356e+02 2.0880781555e+02 1.6851530762e+03
7.9907204054e-06 2.1534375000e+02 2.1220785522e+02 2.0592318726e+02 1.6880338135e+03
8.0003201219e-06 2.1862500000e+02 2.1027630615e+02 2.0053329468e+02 1.6868823242e+03
8.0099198385e-06 2.1896875000e+02 2.1329386902e+02 2.0928253174e+02 1.6898325195e+03
8.0195195551e-06 2.1528125000e+02 2.1110816956e+02 2.0364701843e+02 1.6886347656e+03
8.0291201812e-06 2.1537500000e+02 2.1066728210e+02 2.0334748840e+02 1.6915769043e+03
8.0387198977e-06 2.1337500000e+02 2.1041491699e+02 2.0239024353e+02 1.6903757324e+03
8.0483196143e-06 2.1496875000e+02 2.0946006775e+02 2.0080780029e+02 1.6932989502e+03
8.0579202404e-06 2.1793750000e+02 2.0949479675e+02 2.0081542969e+02 1.6921011963e+03
8.0675199570e-06 2.1596875000e+02 2.1018148804e+02 2.0304827881e+02 1.6950402832e+03
8.0771196735e-06 2.1546875000e+02 2.0736593628e+02 1.9694941711e+02 1.6937884521e+03
8.0867202996e-06 2.1778125000e+02 2.1010365295e+02 2.0229754639e+02 1.6967814941e+03
8.0963200162e-06 2.1246875000e+02 2.1097991943e+02 2.0573930359e+02 1.6955545654e+03
8.1059197328e-06 2.1578125000e+02 2.1045756531e+02 2.0335459900e+02 1.6985336914e+03
8.1155203588e-06 2.1721875000e+02 2.0884164429e+02 2.0075234985e+02 1.6972777100e+03
8.1251200754e-06 2.1521875000e+02 2.0960214233e+02 2.0254693604e+02 1.7002725830e+03
8.1347197920e-06 2.1325000000e+02 2.0927687073e+02 2.0099142456e+02 1.6990102539e+03
8.1443204181e-06 2.1356250000e+02 2.0741329956e+02 1.9905886841e+02 1.7019738770e+03
8.1539201346e-06 2.1675000000e+02 2.0795584106e+02 2.0041886902e+02 1.7007253418e+03
8.1635198512e-06 2.1312500000e+02 2.0832917786e+02 2.0016880798e+02 1.7036920166e+03
8.1731195678e-06 2.1581250000e+02 2.0878222656e+02 2.0145739746e+02 1.7024566650e+03
8.1827201939e-06 2.1378125000e+02 2.0928485107e+02 2.0304472351e+02 1.7054351807e+03
8.1923199104e-06 2.1456250000e+02 2.0691943359e+02 1.9776275635e+02 1.7041530762e+03
8.2019196270e-06 2.1690625000e+02 2.0799508667e+02 2.0016001892e+02 1.7071531982e+03
8.2115202531e-06 2.1359375000e+02 2.0784638977e+02 2.0010177612e+02 1.7058717041e+03
8.2211199697e-06 2.1428125000e+02 2.0813894653e+02 2.0073635864e+02 1.7088771973e+03
8.2307196863e-06 2.1362500000e+02 2.0444200134e+02 1.9355073547e+02 1.7075278320e+03
8.2403203123e-06 2.1506250000e+02 2.0545216370e+02 1.9720587158e+02 1.7105592041e+03
8.2499200289e-06 2.1381250000e+02 2.0606976318e+02 1.9749133301e+02 1.7092192383e+03
8.2595197455e-06 2.1562500000e+02 2.0701681519e+02 1.9816416931e+02 1.7122634277e+03
8.2691203716e-06 2.0965625000e+02 2.0592578125e+02 1.9652429199e+02 1.7109067383e+03
8.2787200881e-06 2.1228125000e+02 2.0635498047e+02 1.9777680969e+02 1.7139600830e+03
8.2883198047e-06 2.1500000000e+02 2.0639282227e+02 1.9840434265e+02 1.7126090088e+03
8.2979204308e-06 2.1196875000e+02 2.0484684753e+02 1.9480857849e+02 1.7156295166e+03
8.3075201474e-06 2.1321875000e+02 2.0411703491e+02 1.9213751221e+02 1.7142611084e+03
8.3171198639e-06 2.1353125000e+02 2.0415798950e+02 1.9460845947e+02 1.7172928467e+03
8.3267195805e-06 2.1021875000e+02 2.0535908508e+02 1.9651913452e+02 1.7159473877e+03
8.3363202066e-06 2.1068750000e+02 2.0447933960e+02 1.9449081421e+02 1.7189602051e+03
8.3459199232e-06 2.1309375000e+02 2.0545742798e+02 1.9672383118e+02 1.7176372070e+03
8.3555196397e-06 2.1506250000e+02 2.0345046997e+02 1.9352825928e+02 1.7206147461e+03
8.3651202658e-06 2.1387500000e+02 2.0519226074e+02 1.9788703918e+02 1.7193314209e+03
8.3747199824e-06 2.1025000000e+02 2.0397830200e+02 1.9311334229e+02 1.7222735596e+03
8.3843196990e-06 2.1275000000e+02 2.0296507263e+02 1.9162672424e+02 1.7209758301e+03
8.3939203250e-06 2.1359375000e+02 2.0326724243e+02 1.9326177979e+02 1.7239279785e+03
8.4035200416e-06 2.1128125000e+02 2.0319152832e+02 1.9265174866e+02 1.7226286621e+03
8.4131197582e-06 2.1318750000e+02 2.0301498413e+02 1.9520651245e+02 1.7255916748e+03
8.4227203843e-06 2.1475000000e+02 2.0346936035e+02 1.9383317566e+02 1.7242913818e+03
8.4323201008e-06 2.0993750000e+02 2.0209356689e+02 1.9094102478e+02 1.7272266846e+03
8.4419198174e-06 2.1515625000e+02 2.0273202515e+02 1.9149928284e+02 1.7259368896e+03
8.4515204435e-06 2.1193750000e+02 2.0347126770e+02 1.9540853882e+02 1.7288978271e+03
8.4611201601e-06 2.0859375000e+02 2.0358380127e+02 1.9434454346e+02 1.7276058350e+03
8.4707198766e-06 2.1337500000e+02 2.0313893127e+02 1.9335174561e+02 1.7305567627e+03
8.4803195932e-06 2.1096875000e+02 2.0195260620e+02 1.9135008240e+02 1.7292463379e+03
8.4899202193e-06 2.1221875000e+02 2.0224981689e+02 1.9246278381e+02 1.7322048340e+03
8.4995199359e-06 2.1287500000e+02 2.0046545410e+02 1.8755651855e+02 1.7308558350e+03
8.5091196524e-06 2.0750000000e+02 2.0075897217e+02 1.9021960449e+02 1.7338300781e+03
8.5187202785e-06 2.0968750000e+02 2.0139173889e+02 1.9008549500e+02 1.7324875488e+03
8.5283199951e-06 2.1018750000e+02 2.0132498169e+02 1.9097512817e+02 1.7354648438e+03
8.5379197117e-06 2.1306250000e+02 2.0069470215e+02 1.9031402588e+02 1.7341160889e+03
8.5475203377e-06 2.1018750000e+02 2.0091940308e+02 1.9087321472e+02 1.7370972900e+03
8.5571200543e-06 2.1103125000e+02 2.0026953125e+02 1.8866600037e+02 1.7357333984e+03
8.5667197709e-06 2.0871875000e+02 2.0201873779e+02 1.9347526550e+02 1.7387534180e+03
8.5763203970e-06 2.0731250000e+02 2.0007795715e+02 1.8919053650e+02 1.7373533936e+03
8.5859201135e-06 2.0790625000e+02 1.9895458984e+02 1.8805371094e+02 1.7403579102e+03
8.5955198301e-06 2.0896875000e+02 2.0079626465e+02 1.9017082214e+02 1.7389852295e+03
8.6051195467e-06 2.0812500000e+02 1.9858459473e+02 1.8837684631e+02 1.7419630127e+03
8.6147201728e-06 2.1296875000e+02 1.9852938843e+02 1.8685348511e+02 1.7405831299e+03
8.6243198893e-06 2.0918750000e+02 1.9849319458e+02 1.8646890259e+02 1.7435571289e+03
8.6339196059e-06 2.0946875000e+02 1.9818447876e+02 1.8734385681e+02 1.7421824951e+03
8.6435202320e-06 2.0809375000e+02 1.9840692139e+02 1.8840818787e+02 1.7451632080e+03
8.6531199486e-06 2.0687500000e+02 1.9626718140e+02 1.8396212769e+02 1.7437510986e+03
8.6627196652e-06 2.0637500000e+02 1.9845150757e+02 1.8668276978e+02 1.7467601318e+03
8.6723202912e-06 2.0831250000e+02 1.9878201294e+02 1.9019075012e+02 1.7453731689e+03
8.6819200078e-06 2.0843750000e+02 1.9580172729e+02 1.8549589539e+02 1.7483354492e+03
8.6915197244e-06 2.1146875000e+02 1.9577127075e+02 1.8327224731e+02 1.7469362793e+03
8.7011203505e-06 2.1012500000e+02 1.9841390991e+02 1.8601829529e+02 1.7499302979e+03
8.7107200670e-06 2.1018750000e+02 1.9814431763e+02 1.8833016968e+02 1.7485447998e+03
8.7203197836e-06 2.0946875000e+02 1.9599609375e+02 1.8404832458e+02 1.7514990234e+03
8.7299204097e-06 2.1125000000e+02 1.9644152832e+02 1.8428865051e+02 1.7501195068e+03
8.7395201263e-06 2.1065625000e+02 1.9702795410e+02 1.8623719788e+02 1.7530878906e+03
8.7491198428e-06 2.0625000000e+02 1.9656362915e+02 1.8527629089e+02 1.7517016602e+03
8.7587195594e-06 2.0934375000e+02 1.9470446777e+02 1.8210455322e+02 1.7546390381e+03
8.7683201855e-06 2.0775000000e+02 1.9587564087e+02 1.8195399475e+02 1.7532603760e+03
8.7779199021e-06 2.0962500000e+02 1.9570664978e+02 1.8151705933e+02 1.7561927490e+03
8.7875196186e-06 2.0743750000e+02 1.9562438965e+02 1.8263180542e+02 1.7548223877e+03
8.7971202447e-06 2.0596875000e+02 1.9500588989e+02 1.8109793091e+02 1.7577407227e+03
8.8067199613e-06 2.0693750000e+02 1.9524877930e+02 1.8356466675e+02 1.7563887939e+03
8.8163196779e-06 2.1003125000e+02 1.9367799377e+02 1.8078520203e+02 1.7592802734e+03
8.8259203039e-06 2.0915625000e+02 1.9558789062e+02 1.8414533997e+02 1.7579616699e+03
8.8355200205e-06 2.0612500000e+02 1.9469653320e+02 1.7961709595e+02 1.7608186035e+03
8.8451197371e-06 2.0759375000e+02 1.9509748840e+02 1.8158328247e+02 1.7595163574e+03
8.8547203632e-06 2.0846875000e+02 1.9532904053e+02 1.8221281433e+02 1.7623775635e+03
8.8643200797e-06 2.0506250000e+02 1.9348171997e+02 1.8201133728e+02 1.7610660400e+03
8.8739197963e-06 2.0656250000e+02 1.9438172913e+02 1.8130671692e+02 1.7639261475e+03
8.8835204224e-06 2.0321875000e+02 1.9325839233e+02 1.7884921265e+02 1.7625949707e+03
8.8931201390e-06 2.0653125000e+02 1.9409674072e+02 1.8348538208e+02 1.7654877930e+03
8.9027198555e-06 2.0846875000e+02 1.9353704834e+02 1.8009458923e+02 1.7641337891e+03
8.9123195721e-06 2.0490625000e+02 1.9277146912e+02 1.7986392212e+02 1.7670201416e+03
8.9219201982e-06 2.0725000000e+02 1.9400610352e+02 1.8211105347e+02 1.7656887207e+03
8.9315199148e-06 2.0684375000e+02 1.9137744141e+02 1.7745925903e+02 1.7685308838e+03
8.9411196313e-06 2.0562500000e+02 1.9308584595e+02 1.8087458801e+02 1.7672315674e+03
8.9507202574e-06 2.0756250000e+02 1.9198973083e+02 1.7930871582e+02 1.7700573730e+03
8.9603199740e-06 2.0509375000e+02 1.9237832642e+02 1.7944351196e+02 1.7687623291e+03
8.9699196906e-06 2.0675000000e+02 1.9186001587e+02 1.7807505798e+02 1.7715755615e+03
8.9795203166e-06 2.0575000000e+02 1.9167831421e+02 1.7904151917e+02 1.7702878418e+03
8.9891200332e-06 2.0678125000e+02 1.9200476074e+02 1.7926602173e+02 1.7731029053e+03
8.9987197498e-06 2.0421875000e+02 1.9138203430e+02 1.7773635864e+02 1.7718038330e+03
9.0083203759e-06 2.0706250000e+02 1.9166827393e+02 1.7967745972e+02 1.7746320801e+03
9.0179200924e-06 2.0471875000e+02 1.9111584473e+02 1.7937254333e+02 1.7733300781e+03
9.0275198090e-06 2.0553125000e+02 1.9109315491e+02 1.7592030334e+02 1.7761342773e+03
9.0371204351e-06 2.0262500000e+02 1.9128565979e+02 1.7734873962e+02 1.7748443604e+03
9.0467201517e-06 2.0137500000e+02 1.9076449585e+02 1.7696197510e+02 1.7776424561e+03
9.0563198683e-06 2.0678125000e+02 1.8992004395e+02 1.7618392944e+02 1.7763452148e+03
9.0659195848e-06 2.0690625000e+02 1.9072589111e+02 1.7727661133e+02 1.7791530762e+03
9.0755202109e-06 2.0340625000e+02 1.9003784180e+02 1.7700648499e+02 1.7778527832e+03
9.0851199275e-06 2.0490625000e+02 1.9000085449e+02 1.7568951416e+02 1.7806503906e+03
9.0947196441e-06 2.0443750000e+02 1.8985797119e+02 1.7713131714e+02 1.7793608398e+03
9.1043202701e-06 2.0118750000e+02 1.9063104248e+02 1.7532826233e+02 1.7821489258e+03
9.1139199867e-06 2.0121875000e+02 1.9059054565e+02 1.7798576355e+02 1.7808782959e+03
9.1235197033e-06 2.0143750000e+02 1.9138098145e+02 1.7745068359e+02 1.7836654053e+03
9.1331203294e-06 2.0365625000e+02 1.8898083496e+02 1.7393980408e+02 1.7823621826e+03
9.1427200459e-06 2.0678125000e+02 1.8954634094e+02 1.7478474426e+02 1.7851562500e+03
9.1523197625e-06 2.0403125000e+02 1.8644003296e+02 1.7140786743e+02 1.7838192139e+03
9.1619203886e-06 2.0259375000e+02 1.8830955505e+02 1.7296165466e+02 1.7866302490e+03
9.1715201052e-06 2.0362500000e+02 1.8562010193e+02 1.6927680969e+02 1.7852589111e+03
9.1811198217e-06 2.0212500000e+02 1.8888713074e+02 1.7446102905e+02 1.7881170654e+03
9.1907204478e-06 2.0393750000e+02 1.8933981323e+02 1.7538793945e+02 1.7867557373e+03
9.2003201644e-06 2.0553125000e+02 1.8710871887e+02 1.7268070984e+02 1.7895850830e+03
9.2099198810e-06 1.9975000000e+02 1.9030288696e+02 1.7780375671e+02 1.7882734375e+03
9.2195195975e-06 1.9903125000e+02 1.8804690552e+02 1.7165837097e+02 1.7910504150e+03
9.2291202236e-06 2.0525000000e+02 1.8599588013e+02 1.7138357544e+02 1.7897304688e+03
9.2387199402e-06 2.0243750000e+02 1.8483654785e+02 1.7036608887e+02 1.7924951172e+03
9.2483196568e-06 1.9734375000e+02 1.8698379517e+02 1.7153292847e+02 1.7911925049e+03
9.2579202828e-06 1.9975000000e+02 1.8660165405e+02 1.7134126282e+02 1.7939534912e+03
9.2675199994e-06 2.0531250000e+02 1.8503344727e+02 1.7105268860e+02 1.7926445312e+03
9.2771197160e-06 2.0156250000e+02 1.8771844482e+02 1.7520544434e+02 1.7954431152e+03
9.2867203421e-06 2.0159375000e+02 1.8480358887e+02 1.6902384949e+02 1.7940821533e+03
9.2963200586e-06 1.9881250000e+02 1.8668222046e+02 1.6880218506e+02 1.7968851318e+03
9.3059197752e-06 2.0287500000e+02 1.8599411011e+02 1.7106166077e+02 1.7955385742e+03
9.3155204013e-06 2.0068750000e+02 1.8278083801e+02 1.6893338013e+02 1.7983148193e+03
9.3251201179e-06 2.0050000000e+02 1.8555386353e+02 1.7167700195e+02 1.7969980469e+03
9.3347198344e-06 2.0350000000e+02 1.8618685913e+02 1.7231565857e+02 1.7997800293e+03
9.3443195510e-06 2.0287500000e+02 1.8681866455e+02 1.7281927490e+02 1.7984705811e+03
9.3539201771e-06 2.0184375000e+02 1.8241052246e+02 1.6676109314e+02 1.8011938477e+03
9.3635198937e-06 1.9903125000e+02 1.8545242310e+02 1.7062701416e+02 1.7999232178e+03
9.3731196102e-06 1.9862500000e+02 1.8712283325e+02 1.7201675415e+02 1.8026614990e+03
9.3827202363e-06 2.0306250000e+02 1.8498162842e+02 1.6907180786e+02 1.8013637695e+03
9.3923199529e-06 2.0143750000e+02 1.8256140137e+02 1.6792727661e+02 1.8040847168e+03
9.4019196695e-06 2.0434375000e+02 1.8182202148e+02 1.6661579895e+02 1.8027767334e+03
9.4115202955e-06 2.0146875000e+02 1.8460671997e+02 1.6861714172e+02 1.8055201416e+03
9.4211200121e-06 2.0065625000e+02 1.8392691040e+02 1.6910685730e+02 1.8042144775e+03
9.4307197287e-06 1.9731250000e+02 1.8452941895e+02 1.6710272217e+02 1.8069449463e+03
9.4403203548e-06 1.9903125000e+02 1.8326330566e+02 1.6810771179e+02 1.8056434326e+03
9.4499200713e-06 2.0081250000e+02 1.8501132202e+02 1.6921014404e+02 1.8083865967e+03
9.4595197879e-06 1.9868750000e+02 1.8307031250e+02 1.6792681885e+02 1.8070706787e+03
9.4691204140e-06 2.0059375000e+02 1.8239604187e+02 1.6594415283e+02 1.8097967529e+03
9.4787201306e-06 1.9903125000e+02 1.8365246582e+02 1.6722212219e+02 1.8084952393e+03
9.4883198472e-06 2.0046875000e+02 1.8199255371e+02 1.6600054932e+02 1.8112061768e+03
9.4979195637e-06 1.9859375000e+02 1.8207412720e+02 1.6588996887e+02 1.8099055176e+03
9.5075201898e-06 1.9962500000e+02 1.8343875122e+02 1.6767945862e+02 1.8126328125e+03
9.5171199064e-06 1.9978125000e+02 1.8106417847e+02 1.6587377930e+02 1.8113128662e+03
9.5267196230e-06 1.9915625000e+02 1.8068441772e+02 1.6345310974e+02 1.8140206299e+03
9.5363202490e-06 1.9843750000e+02 1.8058999634e+02 1.6363681030e+02 1.8127031250e+03
9.5459199656e-06 2.0071875000e+02 1.8084799194e+02 1.6358192444e+02 1.8154102783e+03
9.5555196822e-06 1.9875000000e+02 1.8217703247e+02 1.6625505066e+02 1.8141173096e+03
9.5651203083e-06 1.9803125000e+02 1.7857632446e+02 1.6365251160e+02 1.8167941895e+03
9.5747200248e-06 2.0184375000e+02 1.7830534363e+02 1.6129248047e+02 1.8154844971e+03
9.5843197414e-06 1.9915625000e+02 1.7967071533e+02 1.6285031128e+02 1.8181756592e+03
9.5939203675e-06 1.9896875000e+02 1.7986444092e+02 1.6166432190e+02 1.8168593750e+03
9.6035200841e-06 1.9871875000e+02 1.8170288086e+02 1.6440689087e+02 1.8195748291e+03
9.6131198006e-06 1.9712500000e+02 1.7904306030e+02 1.6269294739e+02 1.8182393799e+03
9.6227204267e-06 1.9721875000e+02 1.7958312988e+02 1.6297175598e+02 1.8209576416e+03
9.6323201433e-06 1.9759375000e+02 1.7915374756e+02 1.6165705872e+02 1.8196125488e+03
9.6419198599e-06 2.0056250000e+02 1.7980508423e+02 1.6351773071e+02 1.8223452148e+03
9.6515195764e-06 1.9718750000e+02 1.8113050842e+02 1.6414083862e+02 1.8210098877e+03
9.6611202025e-06 1.9612500000e+02 1.7904672241e+02 1.6209297180e+02 1.8237207031e+03
9.6707199191e-06 1.9615625000e+02 1.7899824524e+02 1.6361309814e+02 1.8223973389e+03
9.6803196357e-06 2.0056250000e+02 1.7696878052e+02 1.6034945679e+02 1.8250778809e+03
9.6899202617e-06 1.9721875000e+02 1.7589701843e+02 1.5736328125e+02 1.8237312012e+03
9.6995199783e-06 1.9778125000e+02 1.7880123901e+02 1.6023147583e+02 1.8264396973e+03
9.7091196949e-06 1.9475000000e+02 1.7704428101e+02 1.6172637939e+02 1.8251000977e+03
9.7187203210e-06 1.9746875000e+02 1.7909631348e+02 1.5947874451e+02 1.8277973633e+03
9.7283200375e-06 1.9625000000e+02 1.7591143799e+02 1.5807965088e+02 1.8264396973e+03
9.7379197541e-06 1.9659375000e+02 1.8103283691e+02 1.6554911804e+02 1.8292048340e+03
9.7475203802e-06 1.9425000000e+02 1.7663110352e+02 1.5882279968e+02 1.8277869873e+03
9.7571200968e-06 1.9768750000e+02 1.7691806030e+02 1.5797674561e+02 1.8305456543e+03
9.7667198133e-06 1.9809375000e+02 1.7844430542e+02 1.6011032104e+02 1.8291489258e+03
9.7763204394e-06 1.9621875000e+02 1.7476931763e+02 1.6062010193e+02 1.8319007568e+03
9.7859201560e-06 1.9681250000e+02 1.7571528625e+02 1.5837117004e+02 1.8304908447e+03
9.7955198726e-06 1.9703125000e+02 1.7709161377e+02 1.6057212830e+02 1.8332615967e+03
9.8051195891e-06 1.9434375000e+02 1.7597702026e+02 1.5686984253e+02 1.8318227539e+03
9.8147202152e-06 1.9609375000e+02 1.4698384094e+02 1.0257491302e+02 1.8341330566e+03
9.8243199318e-06 1.9731250000e+02 1.5143016052e+02 1.0002226257e+02 1.8326873779e+03
9.8339196484e-06 1.9712500000e+02 1.4085887146e+02 8.3842071533e+01 1.8348680420e+03
9.8435202744e-06 1.8493750000e+02 1.2979434204e+02 7.1190902710e+01 1.8333160400e+03
9.8531199910e-06 1.8084375000e+02 1.2095999146e+02 6.1647743225e+01 1.8354229736e+03
9.8627197076e-06 1.7100000000e+02 1.1137361145e+02 5.1757236481e+01 1.8337906494e+03
9.8723203337e-06 1.6068750000e+02 1.0271794128e+02 4.2776344299e+01 1.8358226318e+03
9.8819200502e-06 1.4465625000e+02 9.0543792725e+01 3.5282566071e+01 1.8341209717e+03
9.8915197668e-06 1.3181250000e+02 8.1370071411e+01 2.9739566803e+01 1.8361026611e+03
9.9011203929e-06 1.1253125000e+02 7.1510726929e+01 2.5464595795e+01 1.8343597412e+03
9.9107201095e-06 1.0212500000e+02 5.8605712891e+01 2.0636587143e+01 1.8362940674e+03
9.9203198261e-06 8.7531250000e+01 4.9396118164e+01 1.6983901978e+01 1.8345157471e+03
9.9299204521e-06 7.3031250000e+01 4.3485397339e+01 1.4741434097e+01 1.8364279785e+03
9.9395201687e-06 6.6375000000e+01 3.9496276855e+01 1.3078926086e+01 1.8346318359e+03
9.9491198853e-06 5.6062500000e+01 3.2889846802e+01 1.0560552597e+01 1.8365209961e+03
9.9587196019e-06 4.8687500000e+01 2.9380645752e+01 9.3742237091e+00 1.8347128906e+03
9.9683202279e-06 4.4531250000e+01 2.7265106201e+01 8.6831369400e+00 1.8365959473e+03
9.9779199445e-06 3.8968750000e+01 2.2693908691e+01 7.1424956322e+00 1.8347740479e+03
9.9875196611e-06 3.4750000000e+01 2.0699371338e+01 6.4248008728e+00 1.8366512451e+03
9.9971202872e-06 2.8687500000e+01 1.8204925537e+01 5.6316757202e+00 1.8348225098e+03
1.0006720004e-05 2.7750000000e+01 1.6734741211e+01 5.1741704941e+00 1.8366960449e+03
1.0016319720e-05 2.7656250000e+01 1.5445404053e+01 4.8524498940e+00 1.8348645020e+03
1.0025920346e-05 2.3156250000e+01 1.4472259521e+01 4.5917739868e+00 1.8367359619e+03
1.0035520063e-05 2.3437500000e+01 1.3253326416e+01 4.2545990944e+00 1.8349013672e+03
1.0045119780e-05 1.7562500000e+01 1.2032836914e+01 3.7777047157e+00 1.8367685547e+03
1.0054720406e-05 1.7843750000e+01 1.0557250977e+01 3.2510817051e+00 1.8349290771e+03
1.0064320122e-05 1.7812500000e+01 1.0888610840e+01 3.2773451805e+00 1.8367966309e+03
1.0073919839e-05 1.8250000000e+01 1.0870605469e+01 3.0931005478e+00 1.8349552002e+03
1.0083519555e-05 1.7031250000e+01 1.0792236328e+01 2.8272545338e+00 1.8368205566e+03
1.0093120181e-05 1.9218750000e+01 1.0083526611e+01 2.7240006924e+00 1.8349781494e+03
1.0102719898e-05 1.6000000000e+01 9.8870239258e+00 2.6874897480e+00 1.8368433838e+03
1.0112319615e-05 1.6781250000e+01 9.3956909180e+00 2.5804660320e+00 1.8349998779e+03
1.0121920241e-05 1.4718750000e+01 8.5346069336e+00 2.4390654564e+00 1.8368641357e+03
1.0131519957e-05 1.7406250000e+01 6.8504333496e+00 2.2733876705e+00 1.8350192871e+03
1.0141119674e-05 1.4906250000e+01 6.9136047363e+00 2.2311394215e+00 1.8368833008e+03
1.0150720300e-05 1.4562500000e+01 5.8718566895e+00 2.0692908764e+00 1.8350369873e+03
1.0160320016e-05 1.3031250000e+01 6.1716918945e+00 2.1033680439e+00 1.8369013672e+03
1.0169919733e-05 1.3250000000e+01 6.9691772461e+00 2.1538114548e+00 1.8350552979e+03
1.0185600331e-05 1.2062500000e+01 7.0436401367e+00 2.0835151672e+00 1.8369304199e+03
1.0196159565e-05 1.0531250000e+01 6.9755554199e+00 1.8614631891e+00 1.8350725098e+03
1.0208959793e-05 1.1656250000e+01 8.0101013184e+00 2.0007364750e+00 1.8369530029e+03
1.0224959624e-05 1.0531250000e+01 6.3692321777e+00 1.8183541298e+00 1.8350981445e+03
1.0238079994e-05 1.3562500000e+01 7.1475524902e+00 1.9540730715e+00 1.8369757080e+03
1.0250560081e-05 1.5125000000e+01 6.3814392090e+00 1.9099217653e+00 1.8351191406e+03
1.0263999684e-05 1.1625000000e+01 6.2142639160e+00 2.0079324245e+00 1.8369997559e+03
1.0278399714e-05 1.0750000000e+01 5.5283813477e+00 1.9871599674e+00 1.8351446533e+03
1.0293440027e-05 1.2875000000e+01 5.5005187988e+00 1.8959083557e+00 1.8370252686e+03
1.0305920114e-05 1.1593750000e+01 5.8316650391e+00 1.8322243690e+00 1.8351649170e+03
1.0319039575e-05 1.3187500000e+01 7.0326538086e+00 1.8744992018e+00 1.8370469971e+03
1.0341120287e-05 1.1156250000e+01 6.0291442871e+00 1.7366741896e+00 1.8351987305e+03
1.0358719919e-05 1.0062500000e+01 5.8102416992e+00 1.7583138943e+00 1.8370745850e+03
1.0371520148e-05 1.2187500000e+01 6.9337158203e+00 1.8742004633e+00 1.8352198486e+03
1.0388480405e-05 1.2250000000e+01 6.2715454102e+00 1.9087907076e+00 1.8371033936e+03
1.0404160093e-05 1.1437500000e+01 6.1925659180e+00 2.0059278011e+00 1.8352478027e+03
1.0419200407e-05 1.1625000000e+01 6.5841369629e+00 1.8681151867e+00 1.8371284180e+03
1.0439999642e-05 1.0750000000e+01 6.5406188965e+00 1.9038267136e+00 1.8352827148e+03
1.0456959899e-05 1.0218750000e+01 7.2513427734e+00 1.8808280230e+00 1.8371566162e+03
1.0489599845e-05 1.1687500000e+01 6.9065246582e+00 1.9222403765e+00 1.8353380127e+03
1.0552959793e-05 1.0125000000e+01 7.8411865234e+00 1.9207179546e+00 1.8372642822e+03
1.0607360309e-05 1.0062500000e+01 7.9036254883e+00 1.9855083227e+00 1.8354329834e+03
1.0687999747e-05 1.1187500000e+01 7.9387207031e+00 1.7933704853e+00 1.8373919678e+03
1.0811199900e-05 1.0937500000e+01 7.5149230957e+00 1.7528570890e+00 1.8356226807e+03
