# epoch total_loss data_loss physics_loss w_data w_physics lr
1.0000000000e+00 1.2031805515e+00 1.0691058636e+00 1.3343285322e+00 4.9448242319e-01 5.0551757639e-01 1.0000000000e-03
2.0000000000e+00 8.5279446840e-01 7.6282382011e-01 9.3918609619e-01 4.8985318036e-01 5.1014681868e-01 1.0000000000e-03
3.0000000000e+00 5.5600512028e-01 5.2486848831e-01 5.8569765091e-01 4.8812920634e-01 5.1187079189e-01 1.0000000000e-03
4.0000000000e+00 3.2791292667e-01 3.5309612751e-01 3.0341529846e-01 4.9309998362e-01 5.0690001326e-01 1.0000000000e-03
5.0000000000e+00 1.9656175375e-01 2.5415557623e-01 1.3690887392e-01 5.0878069706e-01 4.9121929758e-01 1.0000000000e-03
6.0000000000e+00 1.8326348066e-01 2.3824265599e-01 1.2276532501e-01 5.2389636210e-01 4.7610363031e-01 1.0000000000e-03
7.0000000000e+00 2.3292067647e-01 2.7402830124e-01 1.8637391925e-01 5.3102605118e-01 4.6897393981e-01 1.0000000000e-03
8.0000000000e+00 2.6521161199e-01 2.9965516925e-01 2.2558712959e-01 5.3497428988e-01 4.6502570011e-01 1.0000000000e-03
9.0000000000e+00 2.5789275765e-01 2.9462069273e-01 2.1489864588e-01 5.3930011991e-01 4.6069986911e-01 1.0000000000e-03
1.0000000000e+01 2.2005385160e-01 2.6565390825e-01 1.6497834027e-01 5.4705938061e-01 4.5294060719e-01 1.0000000000e-03
1.1000000000e+01 1.7371021211e-01 2.2981098294e-01 1.0182969272e-01 5.6164861437e-01 4.3835137164e-01 1.0000000000e-03
1.2000000000e+01 1.4293074608e-01 2.0558010042e-01 5.4824821651e-02 5.8443006888e-01 4.1556991469e-01 1.0000000000e-03
1.3000000000e+01 1.4315643907e-01 2.0613439381e-01 4.5517493039e-02 6.0789957543e-01 3.9210040581e-01 1.0000000000e-03
1.4000000000e+01 1.6299174726e-01 2.2300173342e-01 6.2932357192e-02 6.2510022234e-01 3.7489975727e-01 1.0000000000e-03
1.5000000000e+01 1.7981779575e-01 2.3621782660e-01 8.0802112818e-02 6.3710217547e-01 3.6289780303e-01 1.0000000000e-03
1.6000000000e+01 1.8079902232e-01 2.3461334407e-01 8.1946283579e-02 6.4750543171e-01 3.5249454578e-01 1.0000000000e-03
1.7000000000e+01 1.6796168685e-01 2.2050720453e-01 6.6101647913e-02 6.5969152010e-01 3.4030845615e-01 1.0000000000e-03
1.8000000000e+01 1.5144023299e-01 2.0253503323e-01 4.5067962259e-02 6.7552066163e-01 3.2447931296e-01 1.0000000000e-03
1.9000000000e+01 1.4101760089e-01 1.8905736506e-01 3.2404344529e-02 6.9333656127e-01 3.0666341134e-01 1.0000000000e-03
2.0000000000e+01 1.4022608101e-01 1.8403381109e-01 3.3746242523e-02 7.0850733959e-01 2.9149263117e-01 1.0000000000e-03
2.1000000000e+01 1.4558777213e-01 1.8530414999e-01 4.4281400740e-02 7.1836906394e-01 2.8163090539e-01 1.0000000000e-03
2.2000000000e+01 1.5008696914e-01 1.8654982746e-01 5.4470483214e-02 7.2393219873e-01 2.7606776952e-01 1.0000000000e-03
2.3000000000e+01 1.4837171137e-01 1.8251857162e-01 5.7114738971e-02 7.2770475212e-01 2.7229521513e-01 1.0000000000e-03
2.4000000000e+01 1.4030326903e-01 1.7294131219e-01 5.1100391895e-02 7.3212584496e-01 2.6787412110e-01 1.0000000000e-03
2.5000000000e+01 1.3011032343e-01 1.6165311635e-01 4.0934871882e-02 7.3870728467e-01 2.6129267985e-01 1.0000000000e-03
2.6000000000e+01 1.2252655625e-01 1.5289163589e-01 3.2786659896e-02 7.4717877450e-01 2.5282118818e-01 1.0000000000e-03
2.7000000000e+01 1.1945976317e-01 1.4836615324e-01 3.0091829598e-02 7.5559875537e-01 2.4440120544e-01 1.0000000000e-03
2.8000000000e+01 1.1947420985e-01 1.4675977826e-01 3.2061815262e-02 7.6210937656e-01 2.3789058258e-01 1.0000000000e-03
2.9000000000e+01 1.1955279857e-01 1.4521619678e-01 3.5404145718e-02 7.6629701789e-01 2.3370293979e-01 1.0000000000e-03
3.0000000000e+01 1.1720003933e-01 1.4132048190e-01 3.6924898624e-02 7.6895154415e-01 2.3104841216e-01 1.0000000000e-03
3.1000000000e+01 1.1171717942e-01 1.3438607752e-01 3.5282064229e-02 7.7126163605e-01 2.2873831873e-01 1.0000000000e-03
3.2000000000e+01 1.0435451567e-01 1.2562194467e-01 3.1477056444e-02 7.7409902141e-01 2.2590093153e-01 1.0000000000e-03
3.3000000000e+01 9.7370892763e-02 1.1725878716e-01 2.7883945033e-02 7.7747771771e-01 2.2252223304e-01 1.0000000000e-03
3.4000000000e+01 9.2479728162e-02 1.1108821630e-01 2.6271328330e-02 7.8060398241e-01 2.1939596599e-01 1.0000000000e-03
3.5000000000e+01 8.9681342244e-02 1.0723432153e-01 2.6430785656e-02 7.8276969236e-01 2.1723025372e-01 1.0000000000e-03
3.6000000000e+01 8.7374091148e-02 1.0408988595e-01 2.6666602120e-02 7.8409862225e-01 2.1590132158e-01 1.0000000000e-03
3.7000000000e+01 8.3743043244e-02 9.9668614566e-02 2.5483433157e-02 7.8532677507e-01 2.1467316638e-01 1.0000000000e-03
3.8000000000e+01 7.8274145722e-02 9.3265928328e-02 2.2841984406e-02 7.8712102628e-01 2.1287891241e-01 1.0000000000e-03
3.9000000000e+01 7.2053819895e-02 8.5891902447e-02 2.0191811025e-02 7.8937506967e-01 2.1062486573e-01 1.0000000000e-03
4.0000000000e+01 6.6702008247e-02 7.9215385020e-02 1.9413003698e-02 7.9075457692e-01 2.0924535480e-01 1.0000000000e-03
4.1000000000e+01 6.2979072332e-02 7.4110388756e-02 2.1257966757e-02 7.8938873327e-01 2.1061119479e-01 1.0000000000e-03
4.2000000000e+01 6.0236185789e-02 7.0052236319e-02 2.4492878467e-02 7.8454382986e-01 2.1545609482e-01 1.0000000000e-03
4.3000000000e+01 5.7102221996e-02 6.5799102187e-02 2.6769785210e-02 7.7717066750e-01 2.2282925391e-01 1.0000000000e-03
4.4000000000e+01 5.2804127336e-02 6.0677889735e-02 2.6595303789e-02 7.6897996999e-01 2.3101994782e-01 1.0000000000e-03
4.5000000000e+01 4.7897100449e-02 5.5248089135e-02 2.4437377229e-02 7.6141466906e-01 2.3858524442e-01 1.0000000000e-03
4.6000000000e+01 4.3703991920e-02 5.0734952092e-02 2.2038374096e-02 7.5498960482e-01 2.4501030357e-01 1.0000000000e-03
4.7000000000e+01 4.0998440236e-02 4.7742038965e-02 2.0866952837e-02 7.4907632218e-01 2.5092358079e-01 1.0000000000e-03
4.8000000000e+01 3.9204567671e-02 4.5477099717e-02 2.1122183651e-02 7.4245334798e-01 2.5754654968e-01 1.0000000000e-03
4.9000000000e+01 3.7088096142e-02 4.2499460280e-02 2.2160960361e-02 7.3393516634e-01 2.6606472609e-01 1.0000000000e-03
5.0000000000e+01 3.4282755107e-02 3.8317173719e-02 2.3792648688e-02 7.2223425494e-01 2.7776563215e-01 1.0000000000e-03
5.1000000000e+01 3.1704530120e-02 3.3838644624e-02 2.6579314843e-02 7.0601841282e-01 2.9398146900e-01 1.0000000000e-03
5.2000000000e+01 3.0345492065e-02 3.0200378969e-02 3.0661121011e-02 6.8503804656e-01 3.1496183066e-01 1.0000000000e-03
5.3000000000e+01 3.0017487705e-02 2.7594564483e-02 3.4737724811e-02 6.6080433108e-01 3.3919554237e-01 1.0000000000e-03
5.4000000000e+01 2.9616031796e-02 2.5499904528e-02 3.6797303706e-02 6.3565655155e-01 3.6434331851e-01 1.0000000000e-03
5.5000000000e+01 2.8617721051e-02 2.3862015456e-02 3.6115091294e-02 6.1187609573e-01 3.8812377064e-01 1.0000000000e-03
5.6000000000e+01 2.7671670541e-02 2.3423284292e-02 3.3825889230e-02 5.9160310336e-01 4.0839675891e-01 1.0000000000e-03
5.7000000000e+01 2.7513664216e-02 2.4503739551e-02 3.1604558229e-02 5.7611500579e-01 4.2388485243e-01 1.0000000000e-03
5.8000000000e+01 2.7830872685e-02 2.5895303115e-02 3.0340313911e-02 5.6455136576e-01 4.3544848885e-01 1.0000000000e-03
5.9000000000e+01 2.7723345906e-02 2.5887150317e-02 3.0007980764e-02 5.5441000498e-01 4.4558984629e-01 1.0000000000e-03
6.0000000000e+01 2.7153845876e-02 2.4200947955e-02 3.0663564801e-02 5.4307938171e-01 4.5692046620e-01 1.0000000000e-03
6.1000000000e+01 2.6880294085e-02 2.1971469745e-02 3.2397665083e-02 5.2918309580e-01 4.7081674892e-01 1.0000000000e-03
6.2000000000e+01 2.7144726366e-02 2.0387411118e-02 3.4278765321e-02 5.1355915857e-01 4.8644068339e-01 1.0000000000e-03
6.3000000000e+01 2.7264546603e-02 1.9985795021e-02 3.4510679543e-02 4.9887679180e-01 5.0112304761e-01 1.0000000000e-03
6.4000000000e+01 2.6803558692e-02 2.1041207016e-02 3.2305307686e-02 4.8843162014e-01 5.1156821659e-01 1.0000000000e-03
6.5000000000e+01 2.6253294200e-02 2.3667164147e-02 2.8686784208e-02 4.8479452256e-01 5.1520531139e-01 1.0000000000e-03
6.6000000000e+01 2.6160124689e-02 2.6854192838e-02 2.5499640033e-02 4.8760871250e-01 5.1239111896e-01 1.0000000000e-03
6.7000000000e+01 2.6152640581e-02 2.8616234660e-02 2.3752367124e-02 4.9349170842e-01 5.0650812080e-01 1.0000000000e-03
6.8000000000e+01 2.5697305799e-02 2.7923813090e-02 2.3484474048e-02 4.9846025406e-01 5.0153957278e-01 1.0000000000e-03
6.9000000000e+01 2.5074368343e-02 2.5540580973e-02 2.4609014392e-02 4.9954300623e-01 5.0045681798e-01 1.0000000000e-03
7.0000000000e+01 2.4832267314e-02 2.3108417168e-02 2.6529733092e-02 4.9614243977e-01 5.0385738188e-01 1.0000000000e-03
7.1000000000e+01 2.4780657142e-02 2.1787822247e-02 2.7662908658e-02 4.9058784353e-01 5.0941197573e-01 1.0000000000e-03
7.2000000000e+01 2.4389322847e-02 2.1883873269e-02 2.6763178408e-02 4.8651404391e-01 5.1348577287e-01 1.0000000000e-03
7.3000000000e+01 2.3782679811e-02 2.3345019668e-02 2.4198111147e-02 4.8696545281e-01 5.1303436126e-01 1.0000000000e-03
7.4000000000e+01 2.3480046540e-02 2.5513898581e-02 2.1506074816e-02 4.9253072716e-01 5.0746908423e-01 1.0000000000e-03
7.5000000000e+01 2.3439839482e-02 2.7024777606e-02 1.9841386005e-02 5.0094137120e-01 4.9905843771e-01 1.0000000000e-03
7.6000000000e+01 2.3176185787e-02 2.6806693524e-02 1.9414952025e-02 5.0884319551e-01 4.9115661088e-01 1.0000000000e-03
7.7000000000e+01 2.2667292506e-02 2.5037577376e-02 2.0167006180e-02 5.1334611740e-01 4.8665368623e-01 1.0000000000e-03
7.8000000000e+01 2.2346926853e-02 2.2964578122e-02 2.1695181727e-02 5.1343268002e-01 4.8656712086e-01 1.0000000000e-03
7.9000000000e+01 2.2301115096e-02 2.1634142846e-02 2.2996883839e-02 5.1056272667e-01 4.8943707171e-01 1.0000000000e-03
8.0000000000e+01 2.2174486890e-02 2.1265970543e-02 2.3110417649e-02 5.0742825796e-01 4.9257153805e-01 1.0000000000e-03
8.1000000000e+01 2.1863531321e-02 2.1751696244e-02 2.1978287026e-02 5.0642634136e-01 4.9357345218e-01 1.0000000000e-03
8.2000000000e+01 2.1661033854e-02 2.2856839001e-02 2.0423406735e-02 5.0859494554e-01 4.9140484554e-01 1.0000000000e-03
8.3000000000e+01 2.1682240069e-02 2.3988919333e-02 1.9250327721e-02 5.1321494108e-01 4.8678484777e-01 1.0000000000e-03
8.4000000000e+01 2.1661756560e-02 2.4343850091e-02 1.8775297329e-02 5.1835060325e-01 4.8164918352e-01 1.0000000000e-03
8.5000000000e+01 2.1446604282e-02 2.3696929216e-02 1.8988844007e-02 5.2203034768e-01 4.7796943698e-01 1.0000000000e-03
8.6000000000e+01 2.1241694689e-02 2.2646954283e-02 1.9699020311e-02 5.2330807266e-01 4.7669170992e-01 1.0000000000e-03
8.7000000000e+01 2.1195961162e-02 2.1860569715e-02 2.0468374714e-02 5.2262174849e-01 4.7737803221e-01 1.0000000000e-03
8.8000000000e+01 2.1151302382e-02 2.1600106731e-02 2.0662236959e-02 5.2146914243e-01 4.7853063654e-01 1.0000000000e-03
8.9000000000e+01 2.0970478654e-02 2.1874150261e-02 1.9985301420e-02 5.2157839533e-01 4.7842138185e-01 1.0000000000e-03
9.0000000000e+01 2.0787078887e-02 2.2592544556e-02 1.8799541518e-02 5.2400234000e-01 4.7599743531e-01 1.0000000000e-03
9.1000000000e+01 2.0738620311e-02 2.3395001888e-02 1.7761763185e-02 5.2844572858e-01 4.7155404490e-01 1.0000000000e-03
9.2000000000e+01 2.0709622651e-02 2.3699669167e-02 1.7291270196e-02 5.3341798977e-01 4.6658178197e-01 1.0000000000e-03
9.3000000000e+01 2.0562279969e-02 2.3236319423e-02 1.7458681017e-02 5.3717488464e-01 4.6282488535e-01 1.0000000000e-03
9.4000000000e+01 2.0383853465e-02 2.2283187136e-02 1.8167227507e-02 5.3854504317e-01 4.6145472510e-01 1.0000000000e-03
9.5000000000e+01 2.0296467468e-02 2.1374268457e-02 1.9043527544e-02 5.3757383603e-01 4.6242593067e-01 1.0000000000e-03
9.6000000000e+01 2.0229345188e-02 2.0873608068e-02 1.9486509264e-02 5.3553484245e-01 4.6446492280e-01 1.0000000000e-03
9.7000000000e+01 2.0081836730e-02 2.0872881636e-02 1.9175000489e-02 5.3410115909e-01 4.6589860466e-01 1.0000000000e-03
9.8000000000e+01 1.9926775247e-02 2.1279884502e-02 1.8374010921e-02 5.3435507520e-01 4.6564468696e-01 1.0000000000e-03
9.9000000000e+01 1.9854363054e-02 2.1766174585e-02 1.7644578591e-02 5.3614857831e-01 4.6385118226e-01 1.0000000000e-03
1.0000000000e+02 1.9792379811e-02 2.1856231615e-02 1.7386822030e-02 5.3822822949e-01 4.6177152955e-01 1.0000000000e-03
1.0100000000e+02 1.9656345248e-02 2.1300964057e-02 1.7733661458e-02 5.3897480055e-01 4.6102495696e-01 1.0000000000e-03
1.0200000000e+02 1.9512429833e-02 2.0349083468e-02 1.8540496007e-02 5.3740259249e-01 4.6259716356e-01 1.0000000000e-03
1.0300000000e+02 1.9432302564e-02 1.9483044744e-02 1.9374214113e-02 5.3380235933e-01 4.6619739537e-01 1.0000000000e-03
1.0400000000e+02 1.9355759025e-02 1.9019471481e-02 1.9734226167e-02 5.2949993462e-01 4.7049981881e-01 1.0000000000e-03
1.0500000000e+02 1.9230434671e-02 1.9043019041e-02 1.9438451156e-02 5.2603613281e-01 4.7396361929e-01 1.0000000000e-03
1.0600000000e+02 1.9118487835e-02 1.9432026893e-02 1.8772933632e-02 5.2429508172e-01 4.7570466900e-01 1.0000000000e-03
1.0700000000e+02 1.9057806581e-02 1.9825607538e-02 1.8212640658e-02 5.2398575065e-01 4.7601399871e-01 1.0000000000e-03
1.0800000000e+02 1.8982544541e-02 1.9812066108e-02 1.8069794402e-02 5.2388677389e-01 4.7611297413e-01 1.0000000000e-03
1.0900000000e+02 1.8866326660e-02 1.9318362698e-02 1.8371194601e-02 5.2275462207e-01 4.7724512462e-01 1.0000000000e-03
1.1000000000e+02 1.8771477044e-02 1.8647957593e-02 1.8905371428e-02 5.2013641559e-01 4.7986332980e-01 1.0000000000e-03
1.1100000000e+02 1.8709592521e-02 1.8182575703e-02 1.9272968173e-02 5.1666717886e-01 4.8333256529e-01 1.0000000000e-03
1.1200000000e+02 1.8623050302e-02 1.8140891567e-02 1.9132325426e-02 5.1367049314e-01 4.8632924977e-01 1.0000000000e-03
1.1300000000e+02 1.8515573815e-02 1.8506024033e-02 1.8525617197e-02 5.1227697570e-01 4.8772276591e-01 1.0000000000e-03
1.1400000000e+02 1.8439397216e-02 1.9021965563e-02 1.7826542258e-02 5.1267134243e-01 4.8732839788e-01 1.0000000000e-03
1.1500000000e+02 1.8377864733e-02 1.9308283925e-02 1.7393803224e-02 5.1401232986e-01 4.8598740917e-01 1.0000000000e-03
1.1600000000e+02 1.8286399543e-02 1.9140293822e-02 1.7379615456e-02 5.1502165583e-01 4.8497808192e-01 1.0000000000e-03
1.1700000000e+02 1.8190458417e-02 1.8659869209e-02 1.7692320049e-02 5.1485027515e-01 4.8514946132e-01 1.0000000000e-03
1.1800000000e+02 1.8122166395e-02 1.8230361864e-02 1.8007896841e-02 5.1367218148e-01 4.8632755374e-01 1.0000000000e-03
1.1900000000e+02 1.8050331622e-02 1.8113672733e-02 1.7983756959e-02 5.1248490099e-01 4.8751483301e-01 1.0000000000e-03
1.2000000000e+02 1.7957858741e-02 1.8348269165e-02 1.7547678202e-02 5.1235155173e-01 4.8764818101e-01 1.0000000000e-03
1.2100000000e+02 1.7879884690e-02 1.8754847348e-02 1.6955869272e-02 5.1363520287e-01 4.8636452859e-01 1.0000000000e-03
1.2200000000e+02 1.7819639295e-02 1.9000617787e-02 1.6562100500e-02 5.1570014183e-01 4.8429958837e-01 1.0000000000e-03
1.2300000000e+02 1.7741011456e-02 1.8851350993e-02 1.6550712287e-02 5.1737941291e-01 4.8262031602e-01 1.0000000000e-03
1.2400000000e+02 1.7651127651e-02 1.8393721431e-02 1.6853636131e-02 5.1782613874e-01 4.8217358892e-01 1.0000000000e-03
1.2500000000e+02 1.7579024658e-02 1.7928440124e-02 1.7204912379e-02 5.1707319822e-01 4.8292652821e-01 1.0000000000e-03
1.2600000000e+02 1.7508514225e-02 1.7717685550e-02 1.7285540700e-02 5.1598315683e-01 4.8401656840e-01 1.0000000000e-03
1.2700000000e+02 1.7423059791e-02 1.7826681957e-02 1.6993483528e-02 5.1558125733e-01 4.8441846666e-01 1.0000000000e-03
1.2800000000e+02 1.7346713692e-02 1.8103279173e-02 1.6539227217e-02 5.1628053394e-01 4.8371918878e-01 1.0000000000e-03
1.2900000000e+02 1.7284821719e-02 1.8270464614e-02 1.6227211803e-02 5.1761390061e-01 4.8238582085e-01 1.0000000000e-03
1.3000000000e+02 1.7211897299e-02 1.8124403432e-02 1.6228841618e-02 5.1861142205e-01 4.8138829815e-01 1.0000000000e-03
1.3100000000e+02 1.7132248729e-02 1.7721684650e-02 1.6497431323e-02 5.1853910889e-01 4.8146061007e-01 1.0000000000e-03
1.3200000000e+02 1.7065880820e-02 1.7322866246e-02 1.6790302470e-02 5.1746576697e-01 4.8253395078e-01 1.0000000000e-03
1.3300000000e+02 1.7000233755e-02 1.7150426283e-02 1.6840007156e-02 5.1617580263e-01 4.8382391393e-01 1.0000000000e-03
1.3400000000e+02 1.6924764961e-02 1.7256723717e-02 1.6571475193e-02 5.1557104354e-01 4.8442867180e-01 1.0000000000e-03
1.3500000000e+02 1.6857245937e-02 1.7505776137e-02 1.6165835783e-02 5.1600364190e-01 4.8399607220e-01 1.0000000000e-03
1.3600000000e+02 1.6798492521e-02 1.7647538334e-02 1.5889599919e-02 5.1702414518e-01 4.8297556770e-01 1.0000000000e-03
1.3700000000e+02 1.6730869189e-02 1.7524683848e-02 1.5878506005e-02 5.1778581771e-01 4.8221389394e-01 1.0000000000e-03
1.3800000000e+02 1.6661260277e-02 1.7208915204e-02 1.6073385254e-02 5.1771312705e-01 4.8228658339e-01 1.0000000000e-03
1.3900000000e+02 1.6600720584e-02 1.6921298578e-02 1.6257666051e-02 5.1694187920e-01 4.8305783006e-01 1.0000000000e-03
1.4000000000e+02 1.6537249088e-02 1.6837444156e-02 1.6216976568e-02 5.1618623049e-01 4.8381347759e-01 1.0000000000e-03
1.4100000000e+02 1.6468992457e-02 1.6964895651e-02 1.5940047801e-02 5.1612487731e-01 4.8387482957e-01 1.0000000000e-03
1.4200000000e+02 1.6408948228e-02 1.7151260749e-02 1.5614846721e-02 5.1685689077e-01 4.8314281491e-01 1.0000000000e-03
1.4300000000e+02 1.6351001337e-02 1.7186539248e-02 1.5453693457e-02 5.1782564854e-01 4.8217405593e-01 1.0000000000e-03
1.4400000000e+02 1.6285620630e-02 1.6989788041e-02 1.5527985059e-02 5.1829076610e-01 4.8170893717e-01 1.0000000000e-03
1.4500000000e+02 1.6222523525e-02 1.6685903072e-02 1.5724657103e-02 5.1794459455e-01 4.8205510754e-01 1.0000000000e-03
1.4600000000e+02 1.6163747758e-02 1.6470540315e-02 1.5835192055e-02 5.1713345603e-01 4.8286624489e-01 1.0000000000e-03
1.4700000000e+02 1.6099886969e-02 1.6450334340e-02 1.5725459903e-02 5.1654652274e-01 4.8345317702e-01 1.0000000000e-03
1.4800000000e+02 1.6036475077e-02 1.6568163410e-02 1.5468260273e-02 5.1660849902e-01 4.8339119955e-01 1.0000000000e-03
1.4900000000e+02 1.5979075804e-02 1.6650978476e-02 1.5259516425e-02 5.1712789047e-01 4.8287180690e-01 1.0000000000e-03
1.5000000000e+02 1.5918737277e-02 1.6552641988e-02 1.5238911845e-02 5.1748124726e-01 4.8251844892e-01 1.0000000000e-03
1.5100000000e+02 1.5855694190e-02 1.6292596236e-02 1.5387743711e-02 5.1716120418e-01 4.8283849082e-01 1.0000000000e-03
1.5200000000e+02 1.5797320753e-02 1.6035536304e-02 1.5543139540e-02 5.1622470259e-01 4.8377499124e-01 1.0000000000e-03
1.5300000000e+02 1.5738448128e-02 1.5928314999e-02 1.5536666848e-02 5.1522457184e-01 4.8477512082e-01 1.0000000000e-03
1.5400000000e+02 1.5676846728e-02 1.5991182998e-02 1.5343429521e-02 5.1473570534e-01 4.8526398615e-01 1.0000000000e-03
1.5500000000e+02 1.5619546175e-02 1.6102651134e-02 1.5106861480e-02 5.1485744862e-01 4.8514224167e-01 1.0000000000e-03
1.5600000000e+02 1.5563532710e-02 1.6103604808e-02 1.4989688993e-02 5.1516293480e-01 4.8483675431e-01 1.0000000000e-03
1.5700000000e+02 1.5504294075e-02 1.5940412879e-02 1.5041028149e-02 5.1509811422e-01 4.8490157370e-01 1.0000000000e-03
1.5800000000e+02 1.5447165817e-02 1.5717558563e-02 1.5160643496e-02 5.1449007953e-01 4.8550960721e-01 1.0000000000e-03
1.5900000000e+02 1.5391820110e-02 1.5586431138e-02 1.5186260454e-02 5.1369125935e-01 4.8630842622e-01 1.0000000000e-03
1.6000000000e+02 1.5333825722e-02 1.5610961244e-02 1.5041613020e-02 5.1325082872e-01 4.8674885567e-01 1.0000000000e-03
1.6100000000e+02 1.5277595259e-02 1.5721330419e-02 1.4809394255e-02 5.1341920183e-01 4.8658048137e-01 1.0000000000e-03
1.6200000000e+02 1.5224043280e-02 1.5771927312e-02 1.4644765295e-02 5.1393013209e-01 4.8606954991e-01 1.0000000000e-03
1.6300000000e+02 1.5168320388e-02 1.5677025542e-02 1.4629744925e-02 5.1426490157e-01 4.8573477923e-01 1.0000000000e-03
1.6400000000e+02 1.5112907626e-02 1.5489897691e-02 1.4714011922e-02 5.1412280725e-01 4.8587687237e-01 1.0000000000e-03
1.6500000000e+02 1.5059459955e-02 1.5346247703e-02 1.4756535180e-02 5.1369000794e-01 4.8630967050e-01 1.0000000000e-03
1.6600000000e+02 1.5004318208e-02 1.5326210298e-02 1.4664676040e-02 5.1342388224e-01 4.8657579500e-01 1.0000000000e-03
1.6700000000e+02 1.4949560165e-02 1.5398384072e-02 1.4475598000e-02 5.1362594123e-01 4.8637373482e-01 1.0000000000e-03
1.6800000000e+02 1.4897168614e-02 1.5437358990e-02 1.4325565659e-02 5.1413107847e-01 4.8586859638e-01 1.0000000000e-03
1.6900000000e+02 1.4843621291e-02 1.5361204743e-02 1.4295096509e-02 5.1451539281e-01 4.8548428084e-01 1.0000000000e-03
1.7000000000e+02 1.4789652079e-02 1.5184494667e-02 1.4371335506e-02 5.1443946856e-01 4.8556020389e-01 1.0000000000e-03
1.7100000000e+02 1.4737466350e-02 1.5040491708e-02 1.4416922815e-02 5.1405392871e-01 4.8594574254e-01 1.0000000000e-03
1.7200000000e+02 1.4684466645e-02 1.4980483800e-02 1.4371799305e-02 5.1368537901e-01 4.8631429104e-01 1.0000000000e-03
1.7300000000e+02 1.4632504433e-02 1.5037365258e-02 1.4204773121e-02 5.1374044058e-01 4.8625922827e-01 1.0000000000e-03
1.7400000000e+02 1.4584271237e-02 1.5026410110e-02 1.4116805978e-02 5.1392695493e-01 4.8607271272e-01 1.0000000000e-03
1.7500000000e+02 1.4544108883e-02 1.5015507117e-02 1.4045153745e-02 5.1420377247e-01 4.8579589401e-01 1.0000000000e-03
1.7600000000e+02 1.4524340630e-02 1.4777545817e-02 1.4256899245e-02 5.1367997925e-01 4.8631968614e-01 1.0000000000e-03
1.7700000000e+02 1.4581309631e-02 1.4853382483e-02 1.4294411056e-02 5.1327082103e-01 4.8672884351e-01 1.0000000000e-03
1.7800000000e+02 1.4862544835e-02 1.4640313573e-02 1.5094951726e-02 5.1117924600e-01 4.8882041846e-01 1.0000000000e-03
1.7900000000e+02 1.5761602670e-02 1.5566313639e-02 1.5964409336e-02 5.0943002352e-01 4.9056964278e-01 1.0000000000e-03
1.8000000000e+02 1.7943521962e-02 1.5454629436e-02 2.0447738469e-02 5.0153327698e-01 4.9846639483e-01 1.0000000000e-03
1.8100000000e+02 1.9773274660e-02 1.7826337367e-02 2.1693063900e-02 4.9648775022e-01 5.0351192911e-01 1.0000000000e-03
1.8200000000e+02 1.8247082829e-02 1.5554408543e-02 2.0829929039e-02 4.8958924991e-01 5.1041043400e-01 1.0000000000e-03
1.8300000000e+02 1.4346267097e-02 1.5605391003e-02 1.3112227432e-02 4.9497113178e-01 5.0502854892e-01 1.0000000000e-03
1.8400000000e+02 1.5797685832e-02 1.6487412155e-02 1.5114433132e-02 4.9764631040e-01 5.0235337058e-01 1.0000000000e-03
1.8500000000e+02 1.7700733617e-02 1.5818994492e-02 1.9527856261e-02 4.9263528451e-01 5.0736440009e-01 1.0000000000e-03
1.8600000000e+02 1.4701276086e-02 1.5461773612e-02 1.3953049667e-02 4.9593630220e-01 5.0406337994e-01 1.0000000000e-03
1.8700000000e+02 1.4717575163e-02 1.5458404087e-02 1.3980145566e-02 4.9885340711e-01 5.0114627284e-01 1.0000000000e-03
1.8800000000e+02 1.6522381455e-02 1.5656620264e-02 1.7375661060e-02 4.9636599018e-01 5.0363369151e-01 1.0000000000e-03
1.8900000000e+02 1.4418654144e-02 1.5472802334e-02 1.3362878002e-02 5.0038790307e-01 4.9961177577e-01 1.0000000000e-03
1.9000000000e+02 1.4487624168e-02 1.5547015704e-02 1.3410992920e-02 5.0403723247e-01 4.9596244395e-01 1.0000000000e-03
1.9100000000e+02 1.5635026619e-02 1.5054494143e-02 1.6219696030e-02 5.0177061284e-01 4.9822906396e-01 1.0000000000e-03
1.9200000000e+02 1.3971323147e-02 1.5050141141e-02 1.2868515216e-02 5.0550064350e-01 4.9449902981e-01 1.0000000000e-03
1.9300000000e+02 1.4491479844e-02 1.5320649371e-02 1.3635835610e-02 5.0785977752e-01 4.9213989392e-01 1.0000000000e-03
1.9400000000e+02 1.4920935035e-02 1.4794893563e-02 1.5050383285e-02 5.0664575945e-01 4.9335391134e-01 1.0000000000e-03
1.9500000000e+02 1.3678327203e-02 1.4525862411e-02 1.2799235061e-02 5.0914058068e-01 4.9085908643e-01 1.0000000000e-03
1.9600000000e+02 1.4457654208e-02 1.4824697748e-02 1.4076369815e-02 5.0952114205e-01 4.9047852375e-01 1.0000000000e-03
1.9700000000e+02 1.4311704785e-02 1.4191807248e-02 1.4435581863e-02 5.0814323887e-01 4.9185642542e-01 1.0000000000e-03
1.9800000000e+02 1.3555873185e-02 1.3943383470e-02 1.3154514134e-02 5.0878448740e-01 4.9121517356e-01 1.0000000000e-03
1.9900000000e+02 1.4296874404e-02 1.4528272673e-02 1.4057263732e-02 5.0872987973e-01 4.9126978015e-01 1.0000000000e-03
2.0000000000e+02 1.3819303364e-02 1.3869877905e-02 1.3767085038e-02 5.0804284350e-01 4.9195681421e-01 1.0000000000e-03
2.0100000000e+02 1.3523362577e-02 1.3854140416e-02 1.3181175105e-02 5.0848314433e-01 4.9151651062e-01 1.0000000000e-03
2.0200000000e+02 1.4042546973e-02 1.4349563047e-02 1.3724606484e-02 5.0874785720e-01 4.9125179664e-01 1.0000000000e-03
2.0300000000e+02 1.3479151763e-02 1.3663244434e-02 1.3288649730e-02 5.0856798472e-01 4.9143166663e-01 1.0000000000e-03
2.0400000000e+02 1.3490596786e-02 1.3549677096e-02 1.3429619372e-02 5.0793366737e-01 4.9206598178e-01 1.0000000000e-03
2.0500000000e+02 1.3748655096e-02 1.3851165771e-02 1.3643024489e-02 5.0751880097e-01 4.9248084689e-01 1.0000000000e-03
2.0600000000e+02 1.3268565759e-02 1.3508014381e-02 1.3021652587e-02 5.0768353926e-01 4.9231610612e-01 1.0000000000e-03
2.0700000000e+02 1.3410037383e-02 1.3558474369e-02 1.3257103972e-02 5.0747709804e-01 4.9252254551e-01 1.0000000000e-03
2.0800000000e+02 1.3468001038e-02 1.3913965784e-02 1.3006781228e-02 5.0841428617e-01 4.9158535588e-01 1.0000000000e-03
2.0900000000e+02 1.3131173328e-02 1.3614812866e-02 1.2628906406e-02 5.0945120428e-01 4.9054843546e-01 1.0000000000e-03
2.1000000000e+02 1.3300435618e-02 1.3509809971e-02 1.3083125465e-02 5.0930831636e-01 4.9069132181e-01 1.0000000000e-03
2.1100000000e+02 1.3236353174e-02 1.3674785383e-02 1.2779910117e-02 5.1006880059e-01 4.8993083595e-01 1.0000000000e-03
2.1200000000e+02 1.3030722737e-02 1.3469989412e-02 1.2572095729e-02 5.1078582884e-01 4.8921380565e-01 1.0000000000e-03
2.1300000000e+02 1.3167848811e-02 1.3395362534e-02 1.2930497527e-02 5.1059013227e-01 4.8940950079e-01 1.0000000000e-03
2.1400000000e+02 1.3052701950e-02 1.3495840132e-02 1.2589136139e-02 5.1126908046e-01 4.8873055096e-01 1.0000000000e-03
2.1500000000e+02 1.2937071733e-02 1.3374779373e-02 1.2478073128e-02 5.1187640251e-01 4.8812322708e-01 1.0000000000e-03
2.1600000000e+02 1.3022882864e-02 1.3239552267e-02 1.2795985676e-02 5.1154059106e-01 4.8845903717e-01 1.0000000000e-03
2.1700000000e+02 1.2898277491e-02 1.3297498226e-02 1.2479478493e-02 5.1197323745e-01 4.8802638915e-01 1.0000000000e-03
2.1800000000e+02 1.2836153619e-02 1.3229189441e-02 1.2423225679e-02 5.1234682515e-01 4.8765279982e-01 1.0000000000e-03
2.1900000000e+02 1.2879728340e-02 1.3084926642e-02 1.2664509006e-02 5.1192848572e-01 4.8807113792e-01 1.0000000000e-03
2.2000000000e+02 1.2767213397e-02 1.3108465821e-02 1.2409035116e-02 5.1210610918e-01 4.8789351290e-01 1.0000000000e-03
2.2100000000e+02 1.2730976567e-02 1.3011043891e-02 1.2437118217e-02 5.1202311496e-01 4.8797650562e-01 1.0000000000e-03
2.2200000000e+02 1.2747045606e-02 1.2839020230e-02 1.2650869787e-02 5.1118985246e-01 4.8880976682e-01 1.0000000000e-03
2.2300000000e+02 1.2652569450e-02 1.2844960205e-02 1.2451655231e-02 5.1084823370e-01 4.8915138413e-01 1.0000000000e-03
2.2400000000e+02 1.2622939423e-02 1.2836039066e-02 1.2400594540e-02 5.1062611326e-01 4.8937350316e-01 1.0000000000e-03
2.2500000000e+02 1.2622723356e-02 1.2766061351e-02 1.2473459356e-02 5.1014313235e-01 4.8985648281e-01 1.0000000000e-03
2.2600000000e+02 1.2545617297e-02 1.2824447826e-02 1.2255109847e-02 5.1026386256e-01 4.8973575121e-01 1.0000000000e-03
2.2700000000e+02 1.2515326962e-02 1.2789899483e-02 1.2229147367e-02 5.1035810631e-01 4.8964150611e-01 1.0000000000e-03
2.2800000000e+02 1.2507872656e-02 1.2658961117e-02 1.2350665405e-02 5.0993862953e-01 4.9006098167e-01 1.0000000000e-03
2.2900000000e+02 1.2445798144e-02 1.2670614757e-02 1.2211940251e-02 5.0986642499e-01 4.9013318490e-01 1.0000000000e-03
2.3000000000e+02 1.2411687523e-02 1.2648414820e-02 1.2165453285e-02 5.0985293052e-01 4.9014667807e-01 1.0000000000e-03
2.3100000000e+02 1.2400375679e-02 1.2605300173e-02 1.2187344022e-02 5.0971052050e-01 4.9028908690e-01 1.0000000000e-03
2.3200000000e+02 1.2350806966e-02 1.2665960006e-02 1.2022745796e-02 5.1004209638e-01 4.8995750978e-01 1.0000000000e-03
2.3300000000e+02 1.2311341241e-02 1.2641953304e-02 1.1966680177e-02 5.1040989070e-01 4.8958971421e-01 1.0000000000e-03
2.3400000000e+02 1.2296568602e-02 1.2567135505e-02 1.2014412321e-02 5.1049314524e-01 4.8950645850e-01 1.0000000000e-03
2.3500000000e+02 1.2257529423e-02 1.2579739094e-02 1.1921118014e-02 5.1078788739e-01 4.8921171516e-01 1.0000000000e-03
2.3600000000e+02 1.2214482762e-02 1.2523231097e-02 1.1891849339e-02 5.1100209357e-01 4.8899750776e-01 1.0000000000e-03
2.3700000000e+02 1.2195914984e-02 1.2466304004e-02 1.1913329363e-02 5.1103595462e-01 4.8896364556e-01 1.0000000000e-03
2.3800000000e+02 1.2165792286e-02 1.2484239414e-02 1.1832664721e-02 5.1127209472e-01 4.8872750432e-01 1.0000000000e-03
2.3900000000e+02 1.2121388689e-02 1.2412590906e-02 1.1816638522e-02 5.1137468527e-01 4.8862491259e-01 1.0000000000e-03
2.4000000000e+02 1.2097958475e-02 1.2347501703e-02 1.1836891063e-02 5.1129285712e-01 4.8870673961e-01 1.0000000000e-03
2.4100000000e+02 1.2073790655e-02 1.2343073264e-02 1.1792058125e-02 5.1130507112e-01 4.8869452450e-01 1.0000000000e-03
2.4200000000e+02 1.2030461803e-02 1.2274246663e-02 1.1775503866e-02 5.1121144085e-01 4.8878815363e-01 1.0000000000e-03
2.4300000000e+02 1.2002149597e-02 1.2235690840e-02 1.1758025736e-02 5.1108567175e-01 4.8891392160e-01 1.0000000000e-03
2.4400000000e+02 1.1981386691e-02 1.2230083346e-02 1.1721469462e-02 5.1103883881e-01 4.8896075346e-01 1.0000000000e-03
2.4500000000e+02 1.1942975223e-02 1.2144019827e-02 1.1733067222e-02 5.1079549213e-01 4.8920409903e-01 1.0000000000e-03
2.4600000000e+02 1.1912189424e-02 1.2099488638e-02 1.1716850102e-02 5.1051923258e-01 4.8948035747e-01 1.0000000000e-03
2.4700000000e+02 1.1891199276e-02 1.2084386311e-02 1.1689899489e-02 5.1029693815e-01 4.8970265084e-01 1.0000000000e-03
2.4800000000e+02 1.1858875863e-02 1.2034989893e-02 1.1675565504e-02 5.1002516466e-01 4.8997442325e-01 1.0000000000e-03
2.4900000000e+02 1.1827840470e-02 1.2036268599e-02 1.1610982940e-02 5.0992185519e-01 4.9007773164e-01 1.0000000000e-03
2.5000000000e+02 1.1802934110e-02 1.2024308555e-02 1.1572639458e-02 5.0988669790e-01 4.9011288787e-01 1.0000000000e-03
2.5100000000e+02 1.1775450781e-02 1.1970316991e-02 1.1572850868e-02 5.0974212852e-01 4.9025745620e-01 1.0000000000e-03
2.5200000000e+02 1.1747563258e-02 1.1956342496e-02 1.1530556716e-02 5.0967432650e-01 4.9032525717e-01 1.0000000000e-03
2.5300000000e+02 1.1718891561e-02 1.1924437247e-02 1.1505307630e-02 5.0960131127e-01 4.9039827135e-01 1.0000000000e-03
2.5400000000e+02 1.1693696491e-02 1.1898522265e-02 1.1480918154e-02 5.0953425955e-01 4.9046532204e-01 1.0000000000e-03
2.5500000000e+02 1.1669980362e-02 1.1909602210e-02 1.1420956813e-02 5.0962803350e-01 4.9037154706e-01 1.0000000000e-03
2.5600000000e+02 1.1640124023e-02 1.1878667399e-02 1.1392141692e-02 5.0971056445e-01 4.9028901509e-01 1.0000000000e-03
2.5700000000e+02 1.1614523828e-02 1.1850167066e-02 1.1369492859e-02 5.0977454470e-01 4.9022503382e-01 1.0000000000e-03
2.5800000000e+02 1.1592163704e-02 1.1831453070e-02 1.1343266815e-02 5.0985034146e-01 4.9014923606e-01 1.0000000000e-03
2.5900000000e+02 1.1564020067e-02 1.1784887873e-02 1.1334293522e-02 5.0983978852e-01 4.9015978799e-01 1.0000000000e-03
2.6000000000e+02 1.1538282968e-02 1.1768407188e-02 1.1298895814e-02 5.0987348645e-01 4.9012608906e-01 1.0000000000e-03
2.6100000000e+02 1.1514328420e-02 1.1747828685e-02 1.1271383613e-02 5.0992100133e-01 4.9007857319e-01 1.0000000000e-03
2.6200000000e+02 1.1489007622e-02 1.1705521494e-02 1.1263765395e-02 5.0989050246e-01 4.9010907107e-01 1.0000000000e-03
2.6300000000e+02 1.1465312913e-02 1.1682671495e-02 1.1239212938e-02 5.0986875568e-01 4.9013081687e-01 1.0000000000e-03
2.6400000000e+02 1.1439363472e-02 1.1641179211e-02 1.1229502037e-02 5.0978186859e-01 4.9021770298e-01 1.0000000000e-03
2.6500000000e+02 1.1415198445e-02 1.1607045308e-02 1.1215803213e-02 5.0966078755e-01 4.9033878305e-01 1.0000000000e-03
2.6600000000e+02 1.1393055320e-02 1.1590583250e-02 1.1187820695e-02 5.0957877507e-01 4.9042079456e-01 1.0000000000e-03
2.6700000000e+02 1.1367399246e-02 1.1552055366e-02 1.1175638996e-02 5.0944897585e-01 4.9055059282e-01 1.0000000000e-03
2.6800000000e+02 1.1344006285e-02 1.1525807902e-02 1.1155307293e-02 5.0932081599e-01 4.9067875173e-01 1.0000000000e-03
2.6900000000e+02 1.1321537197e-02 1.1497438885e-02 1.1139064096e-02 5.0918029798e-01 4.9081926879e-01 1.0000000000e-03
2.7000000000e+02 1.1298127472e-02 1.1463465169e-02 1.1126731522e-02 5.0900755496e-01 4.9099201087e-01 1.0000000000e-03
2.7100000000e+02 1.1276507750e-02 1.1452749372e-02 1.1093886569e-02 5.0890260032e-01 4.9109696457e-01 1.0000000000e-03
2.7200000000e+02 1.1253086850e-02 1.1430658400e-02 1.1069149710e-02 5.0881567720e-01 4.9118388675e-01 1.0000000000e-03
2.7300000000e+02 1.1230992153e-02 1.1410127394e-02 1.1045488529e-02 5.0874599704e-01 4.9125356599e-01 1.0000000000e-03
2.7400000000e+02 1.1210286990e-02 1.1392259970e-02 1.1021882296e-02 5.0869758891e-01 4.9130197320e-01 1.0000000000e-03
2.7500000000e+02 1.1187638156e-02 1.1361518875e-02 1.1007666588e-02 5.0861874422e-01 4.9138081698e-01 1.0000000000e-03
2.7600000000e+02 1.1166743934e-02 1.1348150671e-02 1.0979011655e-02 5.0858350608e-01 4.9141605421e-01 1.0000000000e-03
2.7700000000e+02 1.1145379394e-02 1.1332434602e-02 1.0951802135e-02 5.0857917238e-01 4.9142038701e-01 1.0000000000e-03
2.7800000000e+02 1.1124321260e-02 1.1314566247e-02 1.0927433148e-02 5.0859150722e-01 4.9140805127e-01 1.0000000000e-03
2.7900000000e+02 1.1104619130e-02 1.1300350539e-02 1.0902022012e-02 5.0862937403e-01 4.9137018357e-01 1.0000000000e-03
2.8000000000e+02 1.1083233170e-02 1.1270360090e-02 1.0889545083e-02 5.0862565699e-01 4.9137389972e-01 1.0000000000e-03
2.8100000000e+02 1.1063200422e-02 1.1248363182e-02 1.0871554725e-02 5.0861480848e-01 4.9138474735e-01 1.0000000000e-03
2.8200000000e+02 1.1043078266e-02 1.1226427741e-02 1.0853322223e-02 5.0859820891e-01 4.9140134604e-01 1.0000000000e-03
2.8300000000e+02 1.1022712104e-02 1.1203167960e-02 1.0835970752e-02 5.0857142203e-01 4.9142813206e-01 1.0000000000e-03
2.8400000000e+02 1.1003658175e-02 1.1186435819e-02 1.0814525187e-02 5.0855947123e-01 4.9144008199e-01 1.0000000000e-03
2.8500000000e+02 1.0983353481e-02 1.1157738976e-02 1.0802936740e-02 5.0851131363e-01 4.9148823874e-01 1.0000000000e-03
2.8600000000e+02 1.0964222252e-02 1.1133553460e-02 1.0789081454e-02 5.0844581285e-01 4.9155373867e-01 1.0000000000e-03
2.8700000000e+02 1.0945092887e-02 1.1108908802e-02 1.0775714181e-02 5.0836246119e-01 4.9163708948e-01 1.0000000000e-03
2.8800000000e+02 1.0925784707e-02 1.1083880439e-02 1.0762386024e-02 5.0826200274e-01 4.9173754709e-01 1.0000000000e-03
2.8900000000e+02 1.0907568038e-02 1.1066053994e-02 1.0743821971e-02 5.0817450881e-01 4.9182504018e-01 1.0000000000e-03
2.9000000000e+02 1.0888367891e-02 1.1040762067e-02 1.0730984621e-02 5.0806845539e-01 4.9193109278e-01 1.0000000000e-03
2.9100000000e+02 1.0870233178e-02 1.1020592414e-02 1.0715016164e-02 5.0796452578e-01 4.9203502157e-01 1.0000000000e-03
2.9200000000e+02 1.0852018371e-02 1.0999780148e-02 1.0699547827e-02 5.0785985080e-01 4.9213969572e-01 1.0000000000e-03
2.9300000000e+02 1.0833868757e-02 1.0980580933e-02 1.0682540014e-02 5.0776174163e-01 4.9223780408e-01 1.0000000000e-03
2.9400000000e+02 1.0816613212e-02 1.0966875590e-02 1.0661663488e-02 5.0769112128e-01 4.9230842363e-01 1.0000000000e-03
2.9500000000e+02 1.0798605159e-02 1.0947143659e-02 1.0645478033e-02 5.0762052434e-01 4.9237901976e-01 1.0000000000e-03
2.9600000000e+02 1.0781590827e-02 1.0931033641e-02 1.0627567768e-02 5.0756226462e-01 4.9243727868e-01 1.0000000000e-03
2.9700000000e+02 1.0764190927e-02 1.0911575519e-02 1.0612325743e-02 5.0750117152e-01 4.9249837099e-01 1.0000000000e-03
2.9800000000e+02 1.0747175664e-02 1.0895287618e-02 1.0594594292e-02 5.0745064683e-01 4.9254889490e-01 1.0000000000e-03
2.9900000000e+02 1.0730570182e-02 1.0882204399e-02 1.0574374348e-02 5.0742289107e-01 4.9257664988e-01 1.0000000000e-03
3.0000000000e+02 1.0713594966e-02 1.0865701362e-02 1.0556927882e-02 5.0740124958e-01 4.9259829059e-01 1.0000000000e-03
3.0100000000e+02 1.0697478428e-02 1.0850971565e-02 1.0539390147e-02 5.0738942290e-01 4.9261011651e-01 1.0000000000e-03
3.0200000000e+02 1.0680798441e-02 1.0830087587e-02 1.0527059436e-02 5.0735988718e-01 4.9263965146e-01 1.0000000000e-03
3.0300000000e+02 1.0664785281e-02 1.0812206194e-02 1.0512991808e-02 5.0732542594e-01 4.9267411195e-01 1.0000000000e-03
3.0400000000e+02 1.0648651980e-02 1.0794058442e-02 1.0498954915e-02 5.0728581812e-01 4.9271371901e-01 1.0000000000e-03
3.0500000000e+02 1.0632639751e-02 1.0776811279e-02 1.0484237224e-02 5.0724526427e-01 4.9275427212e-01 1.0000000000e-03
3.0600000000e+02 1.0617075488e-02 1.0760367848e-02 1.0469600558e-02 5.0720551784e-01 4.9279401781e-01 1.0000000000e-03
3.0700000000e+02 1.0601187125e-02 1.0739877820e-02 1.0458481498e-02 5.0714866409e-01 4.9285087082e-01 1.0000000000e-03
3.0800000000e+02 1.0586005636e-02 1.0721958242e-02 1.0446153581e-02 5.0708523635e-01 4.9291429783e-01 1.0000000000e-03
3.0900000000e+02 1.0570401326e-02 1.0701693594e-02 1.0435385630e-02 5.0700664326e-01 4.9299289018e-01 1.0000000000e-03
3.1000000000e+02 1.0555443354e-02 1.0685333982e-02 1.0421910323e-02 5.0692996739e-01 4.9306956534e-01 1.0000000000e-03
3.1100000000e+02 1.0540286079e-02 1.0667613707e-02 1.0409430601e-02 5.0684942129e-01 4.9315011072e-01 1.0000000000e-03
3.1200000000e+02 1.0525455698e-02 1.0650757700e-02 1.0396726429e-02 5.0676792694e-01 4.9323160436e-01 1.0000000000e-03
3.1300000000e+02 1.0510808788e-02 1.0634172708e-02 1.0384110734e-02 5.0668597791e-01 4.9331355268e-01 1.0000000000e-03
3.1400000000e+02 1.0496141389e-02 1.0617664084e-02 1.0371374898e-02 5.0660406507e-01 4.9339546481e-01 1.0000000000e-03
3.1500000000e+02 1.0481914505e-02 1.0603924282e-02 1.0356684215e-02 5.0653340754e-01 4.9346612164e-01 1.0000000000e-03
3.1600000000e+02 1.0467455722e-02 1.0588479228e-02 1.0343270376e-02 5.0646577687e-01 4.9353375163e-01 1.0000000000e-03
3.1700000000e+02 1.0453597642e-02 1.0574975051e-02 1.0329078883e-02 5.0640732924e-01 4.9359219856e-01 1.0000000000e-03
3.1800000000e+02 1.0439418256e-02 1.0558861308e-02 1.0316913947e-02 5.0634606521e-01 4.9365346192e-01 1.0000000000e-03
3.1900000000e+02 1.0425791144e-02 1.0545594618e-02 1.0302945040e-02 5.0629336865e-01 4.9370615779e-01 1.0000000000e-03
3.2000000000e+02 1.0411910713e-02 1.0531281121e-02 1.0289532132e-02 5.0624455396e-01 4.9375497182e-01 1.0000000000e-03
3.2100000000e+02 1.0398468003e-02 1.0518986732e-02 1.0274929926e-02 5.0620692088e-01 4.9379260423e-01 1.0000000000e-03
3.2200000000e+02 1.0384902358e-02 1.0504609905e-02 1.0262214579e-02 5.0616981636e-01 4.9382970809e-01 1.0000000000e-03
3.2300000000e+02 1.0371653363e-02 1.0490139015e-02 1.0250236839e-02 5.0613115611e-01 4.9386836767e-01 1.0000000000e-03
3.2400000000e+02 1.0358387604e-02 1.0474666022e-02 1.0239252821e-02 5.0608626491e-01 4.9391325821e-01 1.0000000000e-03
3.2500000000e+02 1.0345300660e-02 1.0459955782e-02 1.0227850638e-02 5.0603858487e-01 4.9396093761e-01 1.0000000000e-03
3.2600000000e+02 1.0332314298e-02 1.0445815511e-02 1.0216071270e-02 5.0599066334e-01 4.9400885849e-01 1.0000000000e-03
3.2700000000e+02 1.0319400579e-02 1.0431309231e-02 1.0204810649e-02 5.0594036410e-01 4.9405915709e-01 1.0000000000e-03
3.2800000000e+02 1.0306692682e-02 1.0416718200e-02 1.0194055736e-02 5.0588646354e-01 4.9411305701e-01 1.0000000000e-03
3.2900000000e+02 1.0293962434e-02 1.0401018895e-02 1.0184391402e-02 5.0582396018e-01 4.9417555974e-01 1.0000000000e-03
3.3000000000e+02 1.0281523690e-02 1.0386590846e-02 1.0174018331e-02 5.0575848078e-01 4.9424103851e-01 1.0000000000e-03
3.3100000000e+02 1.0268982500e-02 1.0371613316e-02 1.0164000094e-02 5.0568810365e-01 4.9431141501e-01 1.0000000000e-03
3.3200000000e+02 1.0256828740e-02 1.0358499363e-02 1.0152855888e-02 5.0562056045e-01 4.9437895760e-01 1.0000000000e-03
3.3300000000e+02 1.0244464502e-02 1.0343696922e-02 1.0143013671e-02 5.0554826861e-01 4.9445124882e-01 1.0000000000e-03
3.3400000000e+02 1.0232632980e-02 1.0331192054e-02 1.0131899267e-02 5.0548037377e-01 4.9451914304e-01 1.0000000000e-03
3.3500000000e+02 1.0220397264e-02 1.0316477157e-02 1.0122225620e-02 5.0540751685e-01 4.9459199936e-01 1.0000000000e-03
3.3600000000e+02 1.0208949447e-02 1.0305773467e-02 1.0110041127e-02 5.0534610495e-01 4.9465341065e-01 1.0000000000e-03
3.3700000000e+02 1.0196778923e-02 1.0291039012e-02 1.0100516491e-02 5.0527863005e-01 4.9472088495e-01 1.0000000000e-03
3.3800000000e+02 1.0185834952e-02 1.0281883180e-02 1.0087767616e-02 5.0522722458e-01 4.9477228984e-01 1.0000000000e-03
3.3900000000e+02 1.0173613206e-02 1.0265302844e-02 1.0080021806e-02 5.0515981790e-01 4.9483969592e-01 1.0000000000e-03
3.4000000000e+02 1.0163531639e-02 1.0258895345e-02 1.0066205636e-02 5.0511783035e-01 4.9488168289e-01 1.0000000000e-03
3.4100000000e+02 1.0151127353e-02 1.0239743628e-02 1.0060715489e-02 5.0504696850e-01 4.9495254416e-01 1.0000000000e-03
3.4200000000e+02 1.0142814368e-02 1.0238992050e-02 1.0044695809e-02 5.0502119379e-01 4.9497831830e-01 1.0000000000e-03
3.4300000000e+02 1.0130498558e-02 1.0213131085e-02 1.0046229698e-02 5.0493096131e-01 4.9506855021e-01 1.0000000000e-03
3.4400000000e+02 1.0126949288e-02 1.0222704150e-02 1.0029301979e-02 5.0491532917e-01 4.9508418182e-01 1.0000000000e-03
3.4500000000e+02 1.0117454454e-02 1.0183889419e-02 1.0049753822e-02 5.0475523812e-01 4.9524427234e-01 1.0000000000e-03
3.4600000000e+02 1.0130229406e-02 1.0219958611e-02 1.0038796812e-02 5.0472680917e-01 4.9527270089e-01 1.0000000000e-03
3.4700000000e+02 1.0140920989e-02 1.0159795173e-02 1.0121725500e-02 5.0434795666e-01 4.9565155309e-01 1.0000000000e-03
3.4800000000e+02 1.0221011937e-02 1.0267004371e-02 1.0174260475e-02 5.0413999101e-01 4.9585951884e-01 1.0000000000e-03
3.4900000000e+02 1.0351173580e-02 1.0183813982e-02 1.0520505719e-02 5.0291287277e-01 4.9708663780e-01 1.0000000000e-03
3.5000000000e+02 1.0743362829e-02 1.0520539246e-02 1.0967611335e-02 5.0158128684e-01 4.9841822613e-01 1.0000000000e-03
3.5100000000e+02 1.1525843292e-02 1.0506744497e-02 1.2532901950e-02 4.9702602780e-01 5.0297349047e-01 1.0000000000e-03
3.5200000000e+02 1.3264685869e-02 1.1681839824e-02 1.4794295654e-02 4.9144555690e-01 5.0855397177e-01 1.0000000000e-03
3.5300000000e+02 1.6526935622e-02 1.2009391561e-02 2.0680947229e-02 4.7903781194e-01 5.2096173328e-01 1.0000000000e-03
3.5400000000e+02 1.9567456096e-02 1.4991654083e-02 2.3624546826e-02 4.6995620861e-01 5.3004335619e-01 1.0000000000e-03
3.5500000000e+02 1.4109853655e-02 1.1306461878e-02 1.6532534733e-02 4.6357432816e-01 5.3642524424e-01 1.0000000000e-03
3.5600000000e+02 1.0190352798e-02 1.1321067810e-02 9.1777639464e-03 4.7244473672e-01 5.2755482965e-01 1.0000000000e-03
3.5700000000e+02 1.1503256857e-02 1.1920372024e-02 1.1122942902e-02 4.7693052360e-01 5.2306904274e-01 1.0000000000e-03
3.5800000000e+02 1.4759993181e-02 1.2364690192e-02 1.6896912828e-02 4.7149313973e-01 5.2850643580e-01 1.0000000000e-03
3.5900000000e+02 1.3954660855e-02 1.2199544348e-02 1.5501034446e-02 4.6838456597e-01 5.3161501591e-01 1.0000000000e-03
3.6000000000e+02 1.0692114010e-02 1.1243173853e-02 1.0195560753e-02 4.7398935668e-01 5.2601022037e-01 1.0000000000e-03
3.6100000000e+02 1.0332081467e-02 1.1191054247e-02 9.5373485237e-03 4.8057937989e-01 5.1942019121e-01 1.0000000000e-03
3.6200000000e+02 1.2468930334e-02 1.2518969364e-02 1.2422244065e-02 4.8271532834e-01 5.1728424556e-01 1.0000000000e-03
3.6300000000e+02 1.1971950531e-02 1.1280078441e-02 1.2614848092e-02 4.8165077773e-01 5.1834879693e-01 1.0000000000e-03
3.6400000000e+02 1.0028481483e-02 1.1057223193e-02 9.0460544452e-03 4.8848776425e-01 5.1151180319e-01 1.0000000000e-03
3.6500000000e+02 1.0903563350e-02 1.1514914222e-02 1.0310533457e-02 4.9239808407e-01 5.0760148081e-01 1.0000000000e-03
3.6600000000e+02 1.1796490289e-02 1.1364951730e-02 1.2213378213e-02 4.9135908945e-01 5.0864047654e-01 1.0000000000e-03
3.6700000000e+02 1.0378410108e-02 1.0832508095e-02 9.9344067276e-03 4.9438549239e-01 5.0561406884e-01 1.0000000000e-03
3.6800000000e+02 1.0159333237e-02 1.0538448580e-02 9.7850477323e-03 4.9680043938e-01 5.0319911652e-01 1.0000000000e-03
3.6900000000e+02 1.1168576777e-02 1.0705037042e-02 1.1623064987e-02 4.9506460599e-01 5.0493494954e-01 1.0000000000e-03
3.7000000000e+02 1.0538768023e-02 1.0653520934e-02 1.0425802320e-02 4.9609826829e-01 5.0390128424e-01 1.0000000000e-03
3.7100000000e+02 9.8935700953e-03 1.0301398113e-02 9.4881216064e-03 4.9854323134e-01 5.0145631541e-01 1.0000000000e-03
3.7200000000e+02 1.0596094653e-02 1.0215589777e-02 1.0971927084e-02 4.9690402007e-01 5.0309552481e-01 1.0000000000e-03
3.7300000000e+02 1.0507263243e-02 1.0436360724e-02 1.0577294976e-02 4.9687825475e-01 5.0312128805e-01 1.0000000000e-03
3.7400000000e+02 9.8520237952e-03 9.8551567644e-03 9.8489345983e-03 4.9720619291e-01 5.0279334486e-01 1.0000000000e-03
3.7500000000e+02 1.0220659897e-02 9.9413748831e-03 1.0495662689e-02 4.9612946334e-01 5.0387007172e-01 1.0000000000e-03
3.7600000000e+02 1.0419785976e-02 1.0189427063e-02 1.0645975359e-02 4.9542088644e-01 5.0457864713e-01 1.0000000000e-03
3.7700000000e+02 9.8907696083e-03 9.9958647043e-03 9.7871832550e-03 4.9640619717e-01 5.0359333249e-01 1.0000000000e-03
3.7800000000e+02 9.9624330178e-03 9.9951885641e-03 9.9300881848e-03 4.9692891357e-01 5.0307061293e-01 1.0000000000e-03
3.7900000000e+02 1.0254001245e-02 1.0233172216e-02 1.0274603032e-02 4.9713498542e-01 5.0286453967e-01 1.0000000000e-03
3.8000000000e+02 9.9208727479e-03 9.8950471729e-03 9.9464282393e-03 4.9729198280e-01 5.0270753938e-01 1.0000000000e-03
3.8100000000e+02 9.8359044641e-03 9.9472301081e-03 9.7254207358e-03 4.9812650941e-01 5.0187300972e-01 1.0000000000e-03
3.8200000000e+02 1.0102619417e-02 1.0272584856e-02 9.9332379177e-03 4.9915355892e-01 5.0084595881e-01 1.0000000000e-03
3.8300000000e+02 9.9376067519e-03 1.0084990412e-02 9.7902445123e-03 4.9997966785e-01 5.0001984779e-01 1.0000000000e-03
3.8400000000e+02 9.7884591669e-03 1.0047180578e-02 9.5283910632e-03 5.0130676901e-01 4.9869274398e-01 1.0000000000e-03
3.8500000000e+02 9.9768126383e-03 1.0120905936e-02 9.8316287622e-03 5.0190098004e-01 4.9809853154e-01 1.0000000000e-03
3.8600000000e+02 9.9260322750e-03 9.9999597296e-03 9.8514948040e-03 5.0208479632e-01 4.9791471372e-01 1.0000000000e-03
3.8700000000e+02 9.7647290677e-03 9.9925855175e-03 9.5340842381e-03 5.0305032908e-01 4.9694917875e-01 1.0000000000e-03
3.8800000000e+02 9.8619572818e-03 1.0066766292e-02 9.6540264785e-03 5.0379172876e-01 4.9620777758e-01 1.0000000000e-03
3.8900000000e+02 9.8801441491e-03 9.8780384287e-03 9.8822889850e-03 5.0340177531e-01 4.9659772979e-01 1.0000000000e-03
3.9000000000e+02 9.7535923123e-03 9.8492000252e-03 9.6566239372e-03 5.0355520930e-01 4.9644429402e-01 1.0000000000e-03
3.9100000000e+02 9.7795873880e-03 9.8244547844e-03 9.7341099754e-03 5.0343062240e-01 4.9656887946e-01 1.0000000000e-03
3.9200000000e+02 9.8301004618e-03 9.7582107410e-03 9.9027864635e-03 5.0271986353e-01 4.9727963729e-01 1.0000000000e-03
3.9300000000e+02 9.7528081387e-03 9.7786989063e-03 9.7266575322e-03 5.0258125425e-01 4.9741824521e-01 1.0000000000e-03
3.9400000000e+02 9.7228772938e-03 9.7223771736e-03 9.7233913839e-03 5.0232049532e-01 4.9767900277e-01 1.0000000000e-03
3.9500000000e+02 9.7727794200e-03 9.6377618611e-03 9.9085615948e-03 5.0139570785e-01 4.9860378927e-01 1.0000000000e-03
3.9600000000e+02 9.7442474216e-03 9.6729975194e-03 9.8157618195e-03 5.0088983816e-01 4.9910965794e-01 1.0000000000e-03
3.9700000000e+02 9.6849128604e-03 9.6407821402e-03 9.7291553393e-03 5.0057270917e-01 4.9942678569e-01 1.0000000000e-03
3.9800000000e+02 9.7162071615e-03 9.6581922844e-03 9.7742816433e-03 5.0021671330e-01 4.9978278062e-01 1.0000000000e-03
3.9900000000e+02 9.7278468311e-03 9.7611639649e-03 9.6944915131e-03 5.0036636083e-01 4.9963313229e-01 1.0000000000e-03
4.0000000000e+02 9.6682533622e-03 9.6892202273e-03 9.6472585574e-03 5.0043820274e-01 4.9956128935e-01 1.0000000000e-03
4.0100000000e+02 9.6735367551e-03 9.6750594676e-03 9.6720214933e-03 5.0040220787e-01 4.9959728333e-01 1.0000000000e-03
4.0200000000e+02 9.7021758556e-03 9.7429817542e-03 9.6612852067e-03 5.0057247302e-01 4.9942701753e-01 1.0000000000e-03
4.0300000000e+02 9.6592409536e-03 9.7284065560e-03 9.5898434520e-03 5.0087383230e-01 4.9912565743e-01 1.0000000000e-03
4.0400000000e+02 9.6421269700e-03 9.7696175799e-03 9.5139043406e-03 5.0144945842e-01 4.9855003048e-01 1.0000000000e-03
4.0500000000e+02 9.6653532237e-03 9.8204324022e-03 9.5089673996e-03 5.0211016315e-01 4.9788932512e-01 1.0000000000e-03
4.0600000000e+02 9.6464492381e-03 9.7465077415e-03 9.5454268157e-03 5.0242027348e-01 4.9757921413e-01 1.0000000000e-03
4.0700000000e+02 9.6243359149e-03 9.7474539652e-03 9.4998311251e-03 5.0282148675e-01 4.9717800014e-01 1.0000000000e-03
4.0800000000e+02 9.6310256049e-03 9.7547313198e-03 9.5057431608e-03 5.0318568256e-01 4.9681380372e-01 1.0000000000e-03
4.0900000000e+02 9.6281562001e-03 9.7120227292e-03 9.5431823283e-03 5.0330551606e-01 4.9669396966e-01 1.0000000000e-03
4.1000000000e+02 9.6124429256e-03 9.7119202837e-03 9.5115751028e-03 5.0349603274e-01 4.9650345239e-01 1.0000000000e-03
4.1100000000e+02 9.6011329442e-03 9.6680177376e-03 9.5333168283e-03 5.0349716248e-01 4.9650232206e-01 1.0000000000e-03
4.1200000000e+02 9.6016088501e-03 9.6142431721e-03 9.5888217911e-03 5.0321361111e-01 4.9678587290e-01 1.0000000000e-03
4.1300000000e+02 9.5968479291e-03 9.6265897155e-03 9.5667503774e-03 5.0304810955e-01 4.9695137396e-01 1.0000000000e-03
4.1400000000e+02 9.5773953944e-03 9.5903277397e-03 9.5643280074e-03 5.0281114037e-01 4.9718834258e-01 1.0000000000e-03
4.1500000000e+02 9.5748919994e-03 9.5593137667e-03 9.5906341448e-03 5.0244822360e-01 4.9755125883e-01 1.0000000000e-03
4.1600000000e+02 9.5789236948e-03 9.5563959330e-03 9.6016498283e-03 5.0208526844e-01 4.9791421355e-01 1.0000000000e-03
4.1700000000e+02 9.5623759553e-03 9.5039848238e-03 9.6211461350e-03 5.0157041363e-01 4.9842906788e-01 1.0000000000e-03
4.1800000000e+02 9.5551405102e-03 9.5049366355e-03 9.6055865288e-03 5.0115000993e-01 4.9884947110e-01 1.0000000000e-03
4.1900000000e+02 9.5577389002e-03 9.5357066020e-03 9.5798633993e-03 5.0091948328e-01 4.9907999733e-01 1.0000000000e-03
4.2000000000e+02 9.5474943519e-03 9.5257358626e-03 9.5693254843e-03 5.0071337036e-01 4.9928610982e-01 1.0000000000e-03
4.2100000000e+02 9.5392353833e-03 9.5401601866e-03 9.5383170992e-03 5.0064683739e-01 4.9935264236e-01 1.0000000000e-03
4.2200000000e+02 9.5349140465e-03 9.5384260640e-03 9.5314038917e-03 5.0060053916e-01 4.9939894018e-01 1.0000000000e-03
4.2300000000e+02 9.5301885158e-03 9.5263216645e-03 9.5340749249e-03 5.0052012036e-01 4.9947935858e-01 1.0000000000e-03
4.2400000000e+02 9.5264269039e-03 9.5614762977e-03 9.4912955537e-03 5.0065225661e-01 4.9934722195e-01 1.0000000000e-03
4.2500000000e+02 9.5171276480e-03 9.5677077770e-03 9.4663845375e-03 5.0085316706e-01 4.9914631110e-01 1.0000000000e-03
4.2600000000e+02 9.5129776746e-03 9.5673603937e-03 9.4583760947e-03 5.0105423675e-01 4.9894524104e-01 1.0000000000e-03
4.2700000000e+02 9.5121413469e-03 9.5767397434e-03 9.4472188503e-03 5.0128920181e-01 4.9871027563e-01 1.0000000000e-03
4.2800000000e+02 9.5021482557e-03 9.5542790368e-03 9.4497278333e-03 5.0143533191e-01 4.9856414517e-01 1.0000000000e-03
4.2900000000e+02 9.4961356372e-03 9.5546683297e-03 9.4372369349e-03 5.0160093393e-01 4.9839854279e-01 1.0000000000e-03
4.3000000000e+02 9.4935335219e-03 9.5585221425e-03 9.4280904159e-03 5.0178429743e-01 4.9821517895e-01 1.0000000000e-03
4.3100000000e+02 9.4861909747e-03 9.5311729237e-03 9.4408849254e-03 5.0184379114e-01 4.9815568489e-01 1.0000000000e-03
4.3200000000e+02 9.4810817391e-03 9.5201591030e-03 9.4417221844e-03 5.0186621344e-01 4.9813326225e-01 1.0000000000e-03
4.3300000000e+02 9.4751585275e-03 9.4972029328e-03 9.4529632479e-03 5.0179629203e-01 4.9820318332e-01 1.0000000000e-03
4.3400000000e+02 9.4697978348e-03 9.4754025340e-03 9.4641670585e-03 5.0164629779e-01 4.9835317723e-01 1.0000000000e-03
4.3500000000e+02 9.4665531069e-03 9.4750402495e-03 9.4580249861e-03 5.0152657689e-01 4.9847289781e-01 1.0000000000e-03
4.3600000000e+02 9.4587365165e-03 9.4522684813e-03 9.4652501866e-03 5.0133958145e-01 4.9865989291e-01 1.0000000000e-03
4.3700000000e+02 9.4535090029e-03 9.4353221357e-03 9.4717871398e-03 5.0110916492e-01 4.9889030912e-01 1.0000000000e-03
4.3800000000e+02 9.4503918663e-03 9.4292508438e-03 9.4716176391e-03 5.0088614572e-01 4.9911332801e-01 1.0000000000e-03
4.3900000000e+02 9.4437003136e-03 9.4155771658e-03 9.4719072804e-03 5.0064838454e-01 4.9935108887e-01 1.0000000000e-03
4.4000000000e+02 9.4392970204e-03 9.4240102917e-03 9.4546256587e-03 5.0050243495e-01 4.9949703815e-01 1.0000000000e-03
4.4100000000e+02 9.4345696270e-03 9.4245290384e-03 9.4446372241e-03 5.0039888180e-01 4.9960059099e-01 1.0000000000e-03
4.4200000000e+02 9.4295423478e-03 9.4156078994e-03 9.4435038045e-03 5.0028500845e-01 4.9971446403e-01 1.0000000000e-03
4.4300000000e+02 9.4262994826e-03 9.4202440232e-03 9.4323689118e-03 5.0022432405e-01 4.9977514814e-01 1.0000000000e-03
4.4400000000e+02 9.4202142209e-03 9.4176586717e-03 9.4227818772e-03 5.0018826882e-01 4.9981120308e-01 1.0000000000e-03
4.4500000000e+02 9.4156088307e-03 9.4258589670e-03 9.4053605571e-03 5.0022384202e-01 4.9977562959e-01 1.0000000000e-03
4.4600000000e+02 9.4120986760e-03 9.4361947849e-03 9.3879802153e-03 5.0032949675e-01 4.9966997457e-01 1.0000000000e-03
4.4700000000e+02 9.4065051526e-03 9.4290580601e-03 9.3839243054e-03 5.0041647418e-01 4.9958299686e-01 1.0000000000e-03
4.4800000000e+02 9.4025721774e-03 9.4286343083e-03 9.3764662743e-03 5.0051350724e-01 4.9948596352e-01 1.0000000000e-03
4.4900000000e+02 9.3978755176e-03 9.4224745408e-03 9.3732271343e-03 5.0059313694e-01 4.9940633354e-01 1.0000000000e-03
4.5000000000e+02 9.3931071460e-03 9.4156023115e-03 9.3705626205e-03 5.0065367120e-01 4.9934579900e-01 1.0000000000e-03
4.5100000000e+02 9.3895383179e-03 9.4148069620e-03 9.3642054126e-03 5.0072300637e-01 4.9927646355e-01 1.0000000000e-03
4.5200000000e+02 9.3840006739e-03 9.4001675025e-03 9.3677984551e-03 5.0073691388e-01 4.9926255577e-01 1.0000000000e-03
4.5300000000e+02 9.3795508146e-03 9.3891080469e-03 9.3699749559e-03 5.0071419268e-01 4.9928527670e-01 1.0000000000e-03
4.5400000000e+02 9.3753691763e-03 9.3796793371e-03 9.3710571527e-03 5.0066573833e-01 4.9933373078e-01 1.0000000000e-03
4.5500000000e+02 9.3702515587e-03 9.3666240573e-03 9.3738976866e-03 5.0057973167e-01 4.9941973717e-01 1.0000000000e-03
4.5600000000e+02 9.3664117157e-03 9.3610975891e-03 9.3717463315e-03 5.0049330917e-01 4.9950615940e-01 1.0000000000e-03
4.5700000000e+02 9.3615967780e-03 9.3475766480e-03 9.3756467104e-03 5.0036899104e-01 4.9963047726e-01 1.0000000000e-03
4.5800000000e+02 9.3572586775e-03 9.3359965831e-03 9.3785496429e-03 5.0021837548e-01 4.9978109256e-01 1.0000000000e-03
4.5900000000e+02 9.3535836786e-03 9.3316081911e-03 9.3755759299e-03 5.0007899562e-01 4.9992047216e-01 1.0000000000e-03
4.6000000000e+02 9.3487566337e-03 9.3255639076e-03 9.3719540164e-03 4.9994701519e-01 5.0005245233e-01 1.0000000000e-03
4.6100000000e+02 9.3449056149e-03 9.3267979100e-03 9.3630133197e-03 4.9985540154e-01 5.0014406573e-01 1.0000000000e-03
4.6200000000e+02 9.3406625092e-03 9.3238158152e-03 9.3575045466e-03 4.9977966778e-01 5.0021979923e-01 1.0000000000e-03
4.6300000000e+02 9.3364156783e-03 9.3193296343e-03 9.3534933403e-03 4.9971019451e-01 5.0028927224e-01 1.0000000000e-03
4.6400000000e+02 9.3329120427e-03 9.3209957704e-03 9.3448227271e-03 4.9967532320e-01 5.0032414330e-01 1.0000000000e-03
4.6500000000e+02 9.3285012990e-03 9.3200691044e-03 9.3369316310e-03 4.9966257323e-01 5.0033689303e-01 1.0000000000e-03
4.6600000000e+02 9.3247871846e-03 9.3231685460e-03 9.3264142051e-03 4.9968758740e-01 5.0031187860e-01 1.0000000000e-03
4.6700000000e+02 9.3209501356e-03 9.3227773905e-03 9.3191349879e-03 4.9972857123e-01 5.0027089454e-01 1.0000000000e-03
4.6800000000e+02 9.3167871237e-03 9.3181179836e-03 9.3154674396e-03 4.9976279954e-01 5.0023666598e-01 1.0000000000e-03
4.6900000000e+02 9.3132499605e-03 9.3168728054e-03 9.3096420169e-03 4.9980590267e-01 5.0019356261e-01 1.0000000000e-03
4.7000000000e+02 9.3089863658e-03 9.3120532110e-03 9.3059316278e-03 4.9984172551e-01 5.0015773953e-01 1.0000000000e-03
4.7100000000e+02 9.3051921576e-03 9.3087619171e-03 9.3016326427e-03 4.9987668009e-01 5.0012278471e-01 1.0000000000e-03
4.7200000000e+02 9.3014035374e-03 9.3029290438e-03 9.2998892069e-03 4.9989715557e-01 5.0010230900e-01 1.0000000000e-03
4.7300000000e+02 9.2973075807e-03 9.2932227999e-03 9.3014016747e-03 4.9988542056e-01 5.0011404378e-01 1.0000000000e-03
4.7400000000e+02 9.2937462032e-03 9.2867128551e-03 9.3007851392e-03 4.9985899746e-01 5.0014046664e-01 1.0000000000e-03
4.7500000000e+02 9.2896725982e-03 9.2780645937e-03 9.3012806028e-03 4.9981059283e-01 5.0018887104e-01 1.0000000000e-03
4.7600000000e+02 9.2859156430e-03 9.2712091282e-03 9.3006184325e-03 4.9975032947e-01 5.0024913417e-01 1.0000000000e-03
4.7700000000e+02 9.2822108418e-03 9.2638134956e-03 9.3005960807e-03 4.9967620216e-01 5.0032326124e-01 1.0000000000e-03
4.7800000000e+02 9.2782648280e-03 9.2548308894e-03 9.3016698956e-03 4.9958234861e-01 5.0041711457e-01 1.0000000000e-03
4.7900000000e+02 9.2747984454e-03 9.2500951141e-03 9.2994617298e-03 4.9949102003e-01 5.0050844292e-01 1.0000000000e-03
4.8000000000e+02 9.2709641904e-03 9.2450901866e-03 9.2967869714e-03 4.9940248566e-01 5.0059697706e-01 1.0000000000e-03
4.8100000000e+02 9.2674316838e-03 9.2423399910e-03 9.2924656346e-03 4.9932698988e-01 5.0067247262e-01 1.0000000000e-03
4.8200000000e+02 9.2639401555e-03 9.2393457890e-03 9.2884721234e-03 4.9926168945e-01 5.0073777283e-01 1.0000000000e-03
4.8300000000e+02 9.2602744699e-03 9.2352507636e-03 9.2852283269e-03 4.9920056844e-01 5.0079889361e-01 1.0000000000e-03
4.8400000000e+02 9.2569543049e-03 9.2343566939e-03 9.2794867232e-03 4.9915860281e-01 5.0084085903e-01 1.0000000000e-03
4.8500000000e+02 9.2533212155e-03 9.2329857871e-03 9.2735951766e-03 4.9913299949e-01 5.0086646212e-01 1.0000000000e-03
4.8600000000e+02 9.2499293387e-03 9.2330221087e-03 9.2667862773e-03 4.9912841711e-01 5.0087104429e-01 1.0000000000e-03
4.8700000000e+02 9.2465253547e-03 9.2317191884e-03 9.2612905428e-03 4.9913559561e-01 5.0086386557e-01 1.0000000000e-03
4.8800000000e+02 9.2430254444e-03 9.2286495492e-03 9.2573631555e-03 4.9914434599e-01 5.0085511498e-01 1.0000000000e-03
4.8900000000e+02 9.2397835106e-03 9.2267505825e-03 9.2527829111e-03 4.9915944880e-01 5.0084001196e-01 1.0000000000e-03
4.9000000000e+02 9.2362668365e-03 9.2232795432e-03 9.2492206022e-03 4.9917326155e-01 5.0082619900e-01 1.0000000000e-03
4.9100000000e+02 9.2329699546e-03 9.2203337699e-03 9.2455763370e-03 4.9918755925e-01 5.0081190109e-01 1.0000000000e-03
4.9200000000e+02 9.2295669019e-03 9.2155663297e-03 9.2435339466e-03 4.9919302065e-01 5.0080643949e-01 1.0000000000e-03
4.9300000000e+02 9.2261657119e-03 9.2097492889e-03 9.2425383627e-03 4.9918484327e-01 5.0081461665e-01 1.0000000000e-03
4.9400000000e+02 9.2229023576e-03 9.2047564685e-03 9.2409979552e-03 4.9916809388e-01 5.0083136585e-01 1.0000000000e-03
4.9500000000e+02 9.2194583267e-03 9.1987699270e-03 9.2400852591e-03 4.9913922409e-01 5.0086023543e-01 1.0000000000e-03
4.9600000000e+02 9.2162471265e-03 9.1936709359e-03 9.2387516052e-03 4.9910298828e-01 5.0089647103e-01 1.0000000000e-03
4.9700000000e+02 9.2129204422e-03 9.1874143109e-03 9.2383408919e-03 4.9905446838e-01 5.0094499073e-01 1.0000000000e-03
4.9800000000e+02 9.2096775770e-03 9.1816792265e-03 9.2375725508e-03 4.9899726919e-01 5.0100218971e-01 1.0000000000e-03
4.9900000000e+02 9.2065017670e-03 9.1771669686e-03 9.2357220128e-03 4.9893850962e-01 5.0106094909e-01 1.0000000000e-03
5.0000000000e+02 9.2032328248e-03 9.1729154810e-03 9.2334235087e-03 4.9888026422e-01 5.0111919429e-01 1.0000000000e-03
