# time_s Ids_A Vds_V Vgs_V
4.1919999916e-08 1.0281250000e+01 3.6728125000e+02 9.5156250000e+00
5.1520000710e-08 2.6468750000e+01 3.5714062500e+02 1.0822656631e+01
6.1119997952e-08 4.6812500000e+01 3.4790625000e+02 1.1864843369e+01
7.0719998746e-08 6.3468750000e+01 3.4207812500e+02 1.2649999619e+01
8.0319999540e-08 8.4812500000e+01 3.3687500000e+02 1.3289062500e+01
8.9920000335e-08 1.0834375000e+02 3.3275000000e+02 1.3911718369e+01
9.9520001129e-08 1.2962500000e+02 3.3271875000e+02 1.4518750191e+01
1.0912000192e-07 1.5121875000e+02 3.3637500000e+02 1.4987500191e+01
1.1872000272e-07 1.7806250000e+02 3.4260937500e+02 1.5207031250e+01
1.2831999641e-07 1.9500000000e+02 3.4903125000e+02 1.5678906441e+01
1.3791999720e-07 2.1609375000e+02 3.5618750000e+02 1.6057031631e+01
1.4751999800e-07 2.3131250000e+02 3.6260937500e+02 1.6274999619e+01
1.5711999879e-07 2.5487500000e+02 3.6962500000e+02 1.6485937119e+01
1.6671999958e-07 2.6584375000e+02 3.7200000000e+02 1.6546092987e+01
1.7632000038e-07 2.7850000000e+02 3.7104687500e+02 1.6648437500e+01
1.8592000117e-07 2.9393750000e+02 3.7203125000e+02 1.6771093369e+01
1.9552000197e-07 3.1093750000e+02 3.7035937500e+02 1.6939062119e+01
2.0512000276e-07 3.1878125000e+02 3.6765625000e+02 1.6941406250e+01
2.1472000356e-07 3.2896875000e+02 3.6753125000e+02 1.7132030487e+01
2.2432000435e-07 3.3921875000e+02 3.6528125000e+02 1.7228124619e+01
2.3392000514e-07 3.5115625000e+02 3.6904687500e+02 1.7380468369e+01
2.4351999173e-07 3.6068750000e+02 3.7201562500e+02 1.7493749619e+01
2.5311999252e-07 3.6790625000e+02 3.7507812500e+02 1.7508594513e+01
2.6271999332e-07 3.7781250000e+02 3.7903125000e+02 1.7481250763e+01
2.7231999411e-07 3.8943750000e+02 3.8193750000e+02 1.7646875381e+01
2.8191999490e-07 3.9981250000e+02 3.8390625000e+02 1.7677343369e+01
2.9151999570e-07 4.0250000000e+02 3.8510937500e+02 1.7635156631e+01
3.0111999649e-07 4.1271875000e+02 3.8531250000e+02 1.7782812119e+01
3.1071999729e-07 4.1609375000e+02 3.8467187500e+02 1.7665624619e+01
3.2031999808e-07 4.2334375000e+02 3.8257812500e+02 1.7819530487e+01
3.2991999888e-07 4.3065625000e+02 3.8154687500e+02 1.7778125763e+01
3.3951999967e-07 4.3634375000e+02 3.8040625000e+02 1.7762500763e+01
3.4912000046e-07 4.4215625000e+02 3.8096875000e+02 1.7783594131e+01
3.5872000126e-07 4.4309375000e+02 3.8257812500e+02 1.7814062119e+01
3.6832000205e-07 4.5128125000e+02 3.8304687500e+02 1.7844532013e+01
3.7792000285e-07 4.5462500000e+02 3.8481250000e+02 1.7771093369e+01
3.8752000364e-07 4.6406250000e+02 3.8657812500e+02 1.7966405869e+01
3.9712000444e-07 4.6903125000e+02 3.8859375000e+02 1.7890625000e+01
4.0672000523e-07 4.7034375000e+02 3.8993750000e+02 1.7903125763e+01
4.1632000602e-07 4.7790625000e+02 3.9184375000e+02 1.7814062119e+01
4.2592000682e-07 4.8162500000e+02 3.9164062500e+02 1.7968750000e+01
4.3552000761e-07 4.8462500000e+02 3.8996875000e+02 1.7989063263e+01
4.4512000841e-07 4.8718750000e+02 3.9031250000e+02 1.7851562500e+01
4.5472000920e-07 4.8896875000e+02 3.9017187500e+02 1.7954687119e+01
4.6432001000e-07 4.9725000000e+02 3.8865625000e+02 1.7956249237e+01
4.7392001079e-07 4.9584375000e+02 3.8960937500e+02 1.7906250000e+01
4.8352001158e-07 4.9928125000e+02 3.8868750000e+02 1.8012500763e+01
4.9312001238e-07 5.0212500000e+02 3.8903125000e+02 1.7983592987e+01
5.0272001317e-07 5.0540625000e+02 3.9073437500e+02 1.7836719513e+01
5.1232001397e-07 5.0284375000e+02 3.9248437500e+02 1.7917186737e+01
5.2192001476e-07 5.0740625000e+02 3.9190625000e+02 1.7983592987e+01
5.3152001556e-07 5.1187500000e+02 3.9542187500e+02 1.7972656250e+01
5.4112001635e-07 5.1600000000e+02 3.9543750000e+02 1.8071874619e+01
5.5072001715e-07 5.1900000000e+02 3.9262500000e+02 1.7868749619e+01
5.6032001794e-07 5.2021875000e+02 3.9453125000e+02 1.7914062500e+01
5.6992001873e-07 5.1821875000e+02 3.9375000000e+02 1.8033594131e+01
5.7952001953e-07 5.2321875000e+02 3.9473437500e+02 1.7874217987e+01
5.8912002032e-07 5.2228125000e+02 3.9365625000e+02 1.8006250381e+01
5.9872002112e-07 5.2284375000e+02 3.9371875000e+02 1.7850780487e+01
6.0832002191e-07 5.2490625000e+02 3.9559375000e+02 1.7914062500e+01
6.1792002271e-07 5.2715625000e+02 3.9512500000e+02 1.7987499237e+01
6.2752002350e-07 5.3012500000e+02 3.9537500000e+02 1.7949218750e+01
6.3712002429e-07 5.2903125000e+02 3.9579687500e+02 1.7890625000e+01
6.4672002509e-07 5.3218750000e+02 3.9629687500e+02 1.7879688263e+01
6.5632002588e-07 5.3321875000e+02 3.9628125000e+02 1.7933593750e+01
6.6592002668e-07 5.2928125000e+02 3.9729687500e+02 1.7928125381e+01
6.7552002747e-07 5.3312500000e+02 3.9748437500e+02 1.7881250381e+01
6.8512002827e-07 5.3153125000e+02 3.9612500000e+02 1.7880468369e+01
6.9471997222e-07 5.3440625000e+02 3.9664062500e+02 1.7993749619e+01
7.0431997301e-07 5.3496875000e+02 3.9784375000e+02 1.7861719131e+01
7.1391997380e-07 5.3396875000e+02 3.9784375000e+02 1.8002344131e+01
7.2351997460e-07 5.3253125000e+02 3.9564062500e+02 1.7825000763e+01
7.3311997539e-07 5.3321875000e+02 3.9784375000e+02 1.8000782013e+01
7.4271997619e-07 5.3565625000e+02 3.9671875000e+02 1.7971094131e+01
7.5231997698e-07 5.3578125000e+02 3.9720312500e+02 1.7940624237e+01
7.6191997778e-07 5.3337500000e+02 3.9909375000e+02 1.7979686737e+01
7.7151997857e-07 5.3553125000e+02 3.9948437500e+02 1.7876562119e+01
7.8111997937e-07 5.3671875000e+02 3.9842187500e+02 1.7877344131e+01
7.9071998016e-07 5.3496875000e+02 4.0031250000e+02 1.7992969513e+01
8.0031998095e-07 5.3637500000e+02 3.9820312500e+02 1.7960155487e+01
8.0991998175e-07 5.3375000000e+02 3.9829687500e+02 1.7959375381e+01
8.1951998254e-07 5.3537500000e+02 4.0020312500e+02 1.7993749619e+01
8.2911998334e-07 5.3125000000e+02 3.9948437500e+02 1.7873437881e+01
8.3871998413e-07 5.3231250000e+02 3.9954687500e+02 1.7907812119e+01
8.4831998493e-07 5.3103125000e+02 3.9979687500e+02 1.7955469131e+01
8.5791998572e-07 5.3084375000e+02 3.9795312500e+02 1.7920312881e+01
8.6751998651e-07 5.3028125000e+02 3.9960937500e+02 1.7896875381e+01
8.7711998731e-07 5.3125000000e+02 3.9953125000e+02 1.8008594513e+01
8.8671998810e-07 5.2887500000e+02 4.0029687500e+02 1.8038280487e+01
8.9631998890e-07 5.2956250000e+02 3.9821875000e+02 1.7976562500e+01
9.0591998969e-07 5.2900000000e+02 3.9814062500e+02 1.8000782013e+01
9.1551999049e-07 5.2806250000e+02 3.9915625000e+02 1.8004688263e+01
9.2511999128e-07 5.2696875000e+02 3.9953125000e+02 1.8086719513e+01
9.3471999207e-07 5.2975000000e+02 3.9975000000e+02 1.8021875381e+01
9.4431999287e-07 5.2765625000e+02 4.0042187500e+02 1.7953907013e+01
9.5391999366e-07 5.2406250000e+02 4.0043750000e+02 1.8025781631e+01
9.6352005130e-07 5.2446875000e+02 3.9970312500e+02 1.8085155487e+01
9.7311999525e-07 5.2234375000e+02 4.0043750000e+02 1.8043750763e+01
9.8272005289e-07 5.2243750000e+02 4.0093750000e+02 1.7943750381e+01
9.9231999684e-07 5.1981250000e+02 4.0062500000e+02 1.8091405869e+01
1.0019200545e-06 5.2096875000e+02 4.0045312500e+02 1.7931249619e+01
1.0115199984e-06 5.1818750000e+02 3.9954687500e+02 1.8058593750e+01
1.0211200561e-06 5.1684375000e+02 4.0121875000e+02 1.7946874619e+01
1.0307200000e-06 5.1825000000e+02 3.9878125000e+02 1.8089061737e+01
1.0403199440e-06 5.1753125000e+02 4.0010937500e+02 1.8197656631e+01
1.0499200016e-06 5.1462500000e+02 4.0101562500e+02 1.7969532013e+01
1.0595199456e-06 5.1278125000e+02 4.0087500000e+02 1.8042186737e+01
1.0691200032e-06 5.1290625000e+02 4.0121875000e+02 1.8114843369e+01
1.0787199471e-06 5.1296875000e+02 3.9964062500e+02 1.8060155869e+01
1.0883200048e-06 5.1253125000e+02 4.0081250000e+02 1.8056249619e+01
1.0979199487e-06 5.0981250000e+02 4.0060937500e+02 1.8087499619e+01
1.1075200064e-06 5.0868750000e+02 4.0254687500e+02 1.8151561737e+01
1.1171199503e-06 5.0884375000e+02 4.0028125000e+02 1.7957031250e+01
1.1267200080e-06 5.0850000000e+02 4.0112500000e+02 1.8036718369e+01
1.1363199519e-06 5.0525000000e+02 3.9871875000e+02 1.8176563263e+01
1.1459200095e-06 5.0537500000e+02 4.0045312500e+02 1.8132030487e+01
1.1555199535e-06 5.0593750000e+02 4.0178125000e+02 1.8071094513e+01
1.1651200111e-06 5.0090625000e+02 4.0245312500e+02 1.8032032013e+01
1.1747199551e-06 4.9984375000e+02 4.0059375000e+02 1.8160938263e+01
1.1843200127e-06 5.0150000000e+02 4.0114062500e+02 1.8030467987e+01
1.1939199567e-06 4.9831250000e+02 4.0120312500e+02 1.8105468750e+01
1.2035200143e-06 4.9618750000e+02 4.0157812500e+02 1.8157812119e+01
1.2131199583e-06 4.9303125000e+02 4.0040625000e+02 1.8088281631e+01
1.2227200159e-06 4.9431250000e+02 4.0039062500e+02 1.8176563263e+01
1.2323199599e-06 4.9365625000e+02 4.0109375000e+02 1.8210155487e+01
1.2419200175e-06 4.9059375000e+02 4.0096875000e+02 1.8061717987e+01
1.2515199614e-06 4.8875000000e+02 4.0154687500e+02 1.8224218369e+01
1.2611200191e-06 4.9006250000e+02 4.0153125000e+02 1.8162500381e+01
1.2707199630e-06 4.8993750000e+02 4.0078125000e+02 1.8167186737e+01
1.2803200207e-06 4.8596875000e+02 3.9985937500e+02 1.8135156631e+01
1.2899199646e-06 4.8353125000e+02 4.0109375000e+02 1.8263280869e+01
1.2995200223e-06 4.8553125000e+02 4.0096875000e+02 1.8151561737e+01
1.3091199662e-06 4.8371875000e+02 4.0200000000e+02 1.8244531631e+01
1.3187200238e-06 4.8093750000e+02 4.0126562500e+02 1.8217967987e+01
1.3283199678e-06 4.8175000000e+02 3.9996875000e+02 1.8188282013e+01
1.3379200254e-06 4.7965625000e+02 4.0040625000e+02 1.8232030869e+01
1.3475199694e-06 4.7990625000e+02 3.9950000000e+02 1.8311717987e+01
1.3571200270e-06 4.7728125000e+02 4.0210937500e+02 1.8005468369e+01
1.3667199710e-06 4.7615625000e+02 4.0106250000e+02 1.8196094513e+01
1.3763200286e-06 4.7362500000e+02 4.0029687500e+02 1.8192188263e+01
1.3859199726e-06 4.7615625000e+02 4.0090625000e+02 1.8274219513e+01
1.3955200302e-06 4.7284375000e+02 3.9987500000e+02 1.8151561737e+01
1.4051199742e-06 4.7187500000e+02 4.0039062500e+02 1.8169530869e+01
1.4147200318e-06 4.7021875000e+02 4.0056250000e+02 1.8070312500e+01
1.4243199757e-06 4.6646875000e+02 4.0231250000e+02 1.8265625000e+01
1.4339200334e-06 4.6668750000e+02 3.9957812500e+02 1.8231250763e+01
1.4435199773e-06 4.6559375000e+02 4.0075000000e+02 1.8244531631e+01
1.4531200350e-06 4.6784375000e+02 4.0007812500e+02 1.8193750381e+01
1.4627199789e-06 4.6343750000e+02 4.0014062500e+02 1.8147655487e+01
1.4723200366e-06 4.6368750000e+02 4.0171875000e+02 1.8258594513e+01
1.4819199805e-06 4.5856250000e+02 3.9925000000e+02 1.8190624237e+01
1.4915200381e-06 4.5996875000e+02 4.0062500000e+02 1.8169530869e+01
1.5011199821e-06 4.5853125000e+02 4.0101562500e+02 1.8213281631e+01
1.5107200397e-06 4.5878125000e+02 3.9965625000e+02 1.8190624237e+01
1.5203199837e-06 4.5784375000e+02 4.0009375000e+02 1.8267187119e+01
1.5299200413e-06 4.5646875000e+02 3.9975000000e+02 1.8353124619e+01
1.5395199853e-06 4.5546875000e+02 4.0068750000e+02 1.8360157013e+01
1.5491200429e-06 4.5040625000e+02 3.9843750000e+02 1.8152343750e+01
1.5587199869e-06 4.5081250000e+02 4.0040625000e+02 1.8399999619e+01
1.5683200445e-06 4.4934375000e+02 3.9912500000e+02 1.8282032013e+01
1.5779199884e-06 4.5212500000e+02 3.9987500000e+02 1.8389842987e+01
1.5875200461e-06 4.4803125000e+02 3.9889062500e+02 1.8367187500e+01
1.5971199900e-06 4.4418750000e+02 4.0095312500e+02 1.8335155487e+01
1.6067200477e-06 4.4781250000e+02 4.0110937500e+02 1.8363281250e+01
1.6163199916e-06 4.4825000000e+02 3.9931250000e+02 1.8238281250e+01
1.6259200493e-06 4.4381250000e+02 3.9960937500e+02 1.8257812500e+01
1.6355199932e-06 4.4290625000e+02 3.9959375000e+02 1.8375782013e+01
1.6451200509e-06 4.4193750000e+02 3.9890625000e+02 1.8214843750e+01
1.6547199948e-06 4.4384375000e+02 3.9835937500e+02 1.8282812119e+01
1.6643200524e-06 4.3909375000e+02 3.9831250000e+02 1.8333593369e+01
1.6739199964e-06 4.3578125000e+02 3.9998437500e+02 1.8388280869e+01
1.6835200540e-06 4.3796875000e+02 3.9937500000e+02 1.8357030869e+01
1.6931199980e-06 4.3750000000e+02 3.9965625000e+02 1.8325000763e+01
1.7027200556e-06 4.4043750000e+02 3.9934375000e+02 1.8342187881e+01
1.7123199996e-06 4.3240625000e+02 3.9817187500e+02 1.8271093369e+01
1.7219199435e-06 4.3509375000e+02 4.0060937500e+02 1.8202342987e+01
1.7315200012e-06 4.3228125000e+02 4.0051562500e+02 1.8267187119e+01
1.7411199451e-06 4.3334375000e+02 3.9823437500e+02 1.8369531631e+01
1.7507200027e-06 4.2981250000e+02 3.9865625000e+02 1.8331249237e+01
1.7603199467e-06 4.2575000000e+02 4.0017187500e+02 1.8318750381e+01
1.7699200043e-06 4.2821875000e+02 3.9982812500e+02 1.8464061737e+01
1.7795199483e-06 4.2478125000e+02 4.0057812500e+02 1.8356250763e+01
1.7891200059e-06 4.2637500000e+02 3.9790625000e+02 1.8341405869e+01
1.7987199499e-06 4.2478125000e+02 3.9903125000e+02 1.8273437500e+01
1.8083200075e-06 4.2168750000e+02 3.9892187500e+02 1.8359375000e+01
1.8179199515e-06 4.2068750000e+02 3.9889062500e+02 1.8357812881e+01
1.8275200091e-06 4.2221875000e+02 3.9942187500e+02 1.8385156631e+01
1.8371199531e-06 4.1781250000e+02 4.0004687500e+02 1.8278125763e+01
1.8467200107e-06 4.2059375000e+02 3.9864062500e+02 1.8435155869e+01
1.8563199546e-06 4.1525000000e+02 3.9959375000e+02 1.8419530869e+01
1.8659200123e-06 4.1831250000e+02 4.0070312500e+02 1.8200000763e+01
1.8755199562e-06 4.1550000000e+02 3.9871875000e+02 1.8217967987e+01
1.8851200139e-06 4.1603125000e+02 3.9921875000e+02 1.8372655869e+01
1.8947199578e-06 4.1284375000e+02 3.9770312500e+02 1.8410938263e+01
1.9043200155e-06 4.1381250000e+02 3.9909375000e+02 1.8383594513e+01
1.9139199594e-06 4.1290625000e+02 4.0003125000e+02 1.8423437119e+01
1.9235199034e-06 4.0931250000e+02 3.9781250000e+02 1.8384374619e+01
1.9331200747e-06 4.1028125000e+02 3.9832812500e+02 1.8392969131e+01
1.9427200186e-06 4.1000000000e+02 4.0057812500e+02 1.8339843750e+01
1.9523199626e-06 4.1143750000e+02 3.9815625000e+02 1.8341405869e+01
1.9619199065e-06 4.0978125000e+02 3.9951562500e+02 1.8455469131e+01
1.9715200779e-06 4.0775000000e+02 3.9968750000e+02 1.8385156631e+01
1.9811200218e-06 4.0428125000e+02 3.9903125000e+02 1.8469532013e+01
1.9907199658e-06 4.0487500000e+02 3.9850000000e+02 1.8421875000e+01
2.0003199097e-06 4.0778125000e+02 3.9828125000e+02 1.8503124237e+01
2.0099200810e-06 4.0103125000e+02 3.9764062500e+02 1.8379688263e+01
2.0195200250e-06 4.0550000000e+02 3.9962500000e+02 1.8391407013e+01
2.0291199689e-06 4.0062500000e+02 3.9890625000e+02 1.8524219513e+01
2.0387199129e-06 4.0075000000e+02 3.9779687500e+02 1.8432031631e+01
2.0483200842e-06 3.9737500000e+02 3.9792187500e+02 1.8338281631e+01
2.0579200282e-06 4.0018750000e+02 4.0075000000e+02 1.8444530487e+01
2.0675199721e-06 3.9975000000e+02 3.9781250000e+02 1.8405467987e+01
2.0771199161e-06 3.9803125000e+02 3.9904687500e+02 1.8434375763e+01
2.0867200874e-06 3.9393750000e+02 3.9854687500e+02 1.8414844513e+01
2.0963200313e-06 3.9465625000e+02 3.9948437500e+02 1.8341405869e+01
2.1059199753e-06 3.9709375000e+02 3.9907812500e+02 1.8393749237e+01
2.1155199192e-06 3.9493750000e+02 3.9812500000e+02 1.8360937119e+01
2.1251200906e-06 3.9362500000e+02 3.9865625000e+02 1.8380468369e+01
2.1347200345e-06 3.9153125000e+02 3.9865625000e+02 1.8424219131e+01
2.1443199785e-06 3.9150000000e+02 3.9907812500e+02 1.8421875000e+01
2.1539199224e-06 3.9315625000e+02 3.9800000000e+02 1.8408594131e+01
2.1635200937e-06 3.8943750000e+02 3.9762500000e+02 1.8441406250e+01
2.1731200377e-06 3.8496875000e+02 3.9706250000e+02 1.8462499619e+01
2.1827199816e-06 3.8896875000e+02 3.9765625000e+02 1.8306249619e+01
2.1923199256e-06 3.8384375000e+02 4.0003125000e+02 1.8528905869e+01
2.2019200969e-06 3.8553125000e+02 3.9737500000e+02 1.8475780487e+01
2.2115200409e-06 3.8568750000e+02 3.9850000000e+02 1.8435937881e+01
2.2211199848e-06 3.8578125000e+02 3.9829687500e+02 1.8489063263e+01
2.2307199288e-06 3.8950000000e+02 3.9821875000e+02 1.8510156631e+01
2.2403201001e-06 3.8471875000e+02 3.9759375000e+02 1.8332813263e+01
2.2499200441e-06 3.8840625000e+02 3.9726562500e+02 1.8353124619e+01
2.2595199880e-06 3.8096875000e+02 3.9867187500e+02 1.8336719513e+01
2.2691199320e-06 3.8312500000e+02 3.9771875000e+02 1.8394531250e+01
2.2787201033e-06 3.8196875000e+02 3.9860937500e+02 1.8437500000e+01
2.2883200472e-06 3.7896875000e+02 3.9792187500e+02 1.8354686737e+01
2.2979199912e-06 3.7925000000e+02 3.9793750000e+02 1.8409374237e+01
2.3075199351e-06 3.8050000000e+02 3.9817187500e+02 1.8384374619e+01
2.3171201065e-06 3.8096875000e+02 3.9918750000e+02 1.8419530869e+01
2.3267200504e-06 3.7990625000e+02 3.9846875000e+02 1.8469532013e+01
2.3363199944e-06 3.7765625000e+02 3.9715625000e+02 1.8483592987e+01
2.3459199383e-06 3.7743750000e+02 3.9876562500e+02 1.8472656250e+01
2.3555201096e-06 3.7587500000e+02 3.9785937500e+02 1.8376562119e+01
2.3651200536e-06 3.7293750000e+02 3.9659375000e+02 1.8453907013e+01
2.3747199975e-06 3.7421875000e+02 3.9825000000e+02 1.8461719513e+01
2.3843199415e-06 3.7428125000e+02 3.9923437500e+02 1.8455469131e+01
2.3939201128e-06 3.7478125000e+02 3.9815625000e+02 1.8410938263e+01
2.4035200568e-06 3.7584375000e+02 3.9853125000e+02 1.8473438263e+01
2.4131200007e-06 3.7553125000e+02 3.9975000000e+02 1.8398437500e+01
2.4227199447e-06 3.7021875000e+02 4.0051562500e+02 1.8485157013e+01
2.4323198886e-06 3.7471875000e+02 3.9667187500e+02 1.8383594513e+01
2.4419200599e-06 3.6862500000e+02 3.9629687500e+02 1.8492969513e+01
2.4515200039e-06 3.6881250000e+02 3.9815625000e+02 1.8453907013e+01
2.4611199478e-06 3.6915625000e+02 3.9739062500e+02 1.8430469513e+01
2.4707198918e-06 3.6912500000e+02 3.9771875000e+02 1.8463281631e+01
2.4803200631e-06 3.6793750000e+02 3.9870312500e+02 1.8403905869e+01
2.4899200071e-06 3.6771875000e+02 3.9676562500e+02 1.8538280487e+01
2.4995199510e-06 3.6496875000e+02 3.9743750000e+02 1.8417968750e+01
2.5091198950e-06 3.6443750000e+02 3.9528125000e+02 1.8385156631e+01
2.5187200663e-06 3.6668750000e+02 3.9920312500e+02 1.8414844513e+01
2.5283200102e-06 3.6106250000e+02 3.9598437500e+02 1.8507812500e+01
2.5379199542e-06 3.6284375000e+02 3.9706250000e+02 1.8518749237e+01
2.5475198981e-06 3.6646875000e+02 3.9573437500e+02 1.8216405869e+01
2.5571200695e-06 3.6125000000e+02 3.9676562500e+02 1.8401561737e+01
2.5667200134e-06 3.6531250000e+02 3.9746875000e+02 1.8404687881e+01
2.5763199574e-06 3.6228125000e+02 3.9743750000e+02 1.8383594513e+01
2.5859199013e-06 3.6178125000e+02 3.9903125000e+02 1.8595312119e+01
2.5955200726e-06 3.5681250000e+02 3.9704687500e+02 1.8358592987e+01
2.6051200166e-06 3.6128125000e+02 3.9668750000e+02 1.8395313263e+01
2.6147199605e-06 3.5543750000e+02 3.9628125000e+02 1.8492969513e+01
2.6243199045e-06 3.5884375000e+02 3.9503125000e+02 1.8425781250e+01
2.6339200758e-06 3.5971875000e+02 3.9681250000e+02 1.8420312881e+01
2.6435200198e-06 3.5600000000e+02 3.9685937500e+02 1.8498437881e+01
2.6531199637e-06 3.5890625000e+02 3.9751562500e+02 1.8348438263e+01
2.6627199077e-06 3.5575000000e+02 3.9771875000e+02 1.8521875381e+01
2.6723200790e-06 3.5528125000e+02 3.9679687500e+02 1.8540624619e+01
2.6819200230e-06 3.5437500000e+02 3.9640625000e+02 1.8493749619e+01
2.6915199669e-06 3.5440625000e+02 3.9737500000e+02 1.8459375381e+01
2.7011199109e-06 3.5515625000e+02 3.9732812500e+02 1.8379688263e+01
2.7107200822e-06 3.5546875000e+02 3.9832812500e+02 1.8407032013e+01
2.7203200261e-06 3.5171875000e+02 3.9695312500e+02 1.8412500381e+01
2.7299199701e-06 3.5446875000e+02 3.9825000000e+02 1.8468750000e+01
2.7395199140e-06 3.5468750000e+02 3.9706250000e+02 1.8405467987e+01
2.7491200854e-06 3.4962500000e+02 3.9846875000e+02 1.8475780487e+01
2.7587200293e-06 3.5328125000e+02 3.9762500000e+02 1.8585155487e+01
2.7683199733e-06 3.4981250000e+02 3.9770312500e+02 1.8451562881e+01
2.7779199172e-06 3.4956250000e+02 3.9684375000e+02 1.8435155869e+01
2.7875200885e-06 3.5096875000e+02 3.9793750000e+02 1.8484375000e+01
2.7971200325e-06 3.5018750000e+02 3.9704687500e+02 1.8406250000e+01
2.8067199764e-06 3.4837500000e+02 3.9710937500e+02 1.8533594131e+01
2.8163199204e-06 3.5065625000e+02 3.9781250000e+02 1.8489063263e+01
2.8259200917e-06 3.4293750000e+02 3.9770312500e+02 1.8426563263e+01
2.8355200357e-06 3.4771875000e+02 3.9695312500e+02 1.8364063263e+01
2.8451199796e-06 3.4693750000e+02 3.9785937500e+02 1.8349218369e+01
2.8547199236e-06 3.4446875000e+02 3.9567187500e+02 1.8315624237e+01
2.8643200949e-06 3.4712500000e+02 3.9760937500e+02 1.8535938263e+01
2.8739200388e-06 3.4378125000e+02 3.9662500000e+02 1.8418750763e+01
2.8835199828e-06 3.4371875000e+02 3.9812500000e+02 1.8533594131e+01
2.8931199267e-06 3.4278125000e+02 3.9650000000e+02 1.8390625000e+01
2.9027200981e-06 3.4275000000e+02 3.9612500000e+02 1.8507812500e+01
2.9123200420e-06 3.4281250000e+02 3.9618750000e+02 1.8391407013e+01
2.9219199860e-06 3.4371875000e+02 3.9817187500e+02 1.8398437500e+01
2.9315199299e-06 3.4062500000e+02 3.9742187500e+02 1.8450780869e+01
2.9411201012e-06 3.4190625000e+02 3.9351562500e+02 1.8455469131e+01
2.9507200452e-06 3.3859375000e+02 3.9517187500e+02 1.8413280487e+01
2.9603199891e-06 3.3709375000e+02 3.9631250000e+02 1.8400781631e+01
2.9699199331e-06 3.3653125000e+02 3.9732812500e+02 1.8504688263e+01
2.9795201044e-06 3.3659375000e+02 3.9584375000e+02 1.8439062119e+01
2.9891200484e-06 3.3703125000e+02 3.9554687500e+02 1.8503906250e+01
2.9987199923e-06 3.3878125000e+02 3.9650000000e+02 1.8599218369e+01
3.0083199363e-06 3.3434375000e+02 3.9634375000e+02 1.8429687500e+01
3.0179201076e-06 3.3400000000e+02 3.9656250000e+02 1.8423437119e+01
3.0275200515e-06 3.3575000000e+02 3.9628125000e+02 1.8439062119e+01
3.0371199955e-06 3.3678125000e+02 3.9737500000e+02 1.8507812500e+01
3.0467199394e-06 3.3396875000e+02 3.9859375000e+02 1.8401561737e+01
3.0563201108e-06 3.2859375000e+02 3.9671875000e+02 1.8420312881e+01
3.0659200547e-06 3.3543750000e+02 3.9609375000e+02 1.8486719131e+01
3.0755199987e-06 3.3506250000e+02 3.9692187500e+02 1.8507812500e+01
3.0851199426e-06 3.3009375000e+02 3.9581250000e+02 1.8423437119e+01
3.0947198866e-06 3.3393750000e+02 3.9703125000e+02 1.8353906631e+01
3.1043200579e-06 3.3184375000e+02 3.9581250000e+02 1.8301563263e+01
3.1139200019e-06 3.3050000000e+02 3.9690625000e+02 1.8472656250e+01
3.1235199458e-06 3.2887500000e+02 3.9848437500e+02 1.8421092987e+01
3.1331198898e-06 3.3100000000e+02 3.9664062500e+02 1.8517969131e+01
3.1427200611e-06 3.3171875000e+02 3.9654687500e+02 1.8544530869e+01
3.1523200050e-06 3.3071875000e+02 3.9715625000e+02 1.8378906250e+01
3.1619199490e-06 3.3059375000e+02 3.9601562500e+02 1.8415624619e+01
3.1715198929e-06 3.3062500000e+02 3.9662500000e+02 1.8476562500e+01
3.1811200643e-06 3.2828125000e+02 3.9823437500e+02 1.8339061737e+01
3.1907200082e-06 3.2887500000e+02 3.9557812500e+02 1.8407032013e+01
3.2003199522e-06 3.2831250000e+02 3.9623437500e+02 1.8600000381e+01
3.2099198961e-06 3.2659375000e+02 3.9590625000e+02 1.8472656250e+01
3.2195200674e-06 3.2856250000e+02 3.9593750000e+02 1.8448436737e+01
3.2291200114e-06 3.2925000000e+02 3.9631250000e+02 1.8521875381e+01
3.2387199553e-06 3.2871875000e+02 3.9823437500e+02 1.8604686737e+01
3.2483198993e-06 3.2890625000e+02 3.9625000000e+02 1.8449218750e+01
3.2579200706e-06 3.2668750000e+02 3.9592187500e+02 1.8353906631e+01
3.2675200146e-06 3.2209375000e+02 3.9673437500e+02 1.8504688263e+01
3.2771199585e-06 3.2343750000e+02 3.9698437500e+02 1.8372655869e+01
3.2867199025e-06 3.2671875000e+02 3.9709375000e+02 1.8406250000e+01
3.2963200738e-06 3.2359375000e+02 3.9637500000e+02 1.8396093369e+01
3.3059200177e-06 3.2334375000e+02 3.9665625000e+02 1.8445312500e+01
3.3155199617e-06 3.2018750000e+02 3.9618750000e+02 1.8453907013e+01
3.3251199056e-06 3.2350000000e+02 3.9617187500e+02 1.8271875381e+01
3.3347200770e-06 3.1834375000e+02 3.9620312500e+02 1.8431249619e+01
3.3443200209e-06 3.1996875000e+02 3.9732812500e+02 1.8467967987e+01
3.3539199649e-06 3.1909375000e+02 3.9651562500e+02 1.8503906250e+01
3.3635199088e-06 3.1903125000e+02 3.9564062500e+02 1.8477344513e+01
3.3731200801e-06 3.2259375000e+02 3.9570312500e+02 1.8435155869e+01
3.3827200241e-06 3.1843750000e+02 3.9648437500e+02 1.8499217987e+01
3.3923199680e-06 3.2100000000e+02 3.9626562500e+02 1.8410156250e+01
3.4019199120e-06 3.1640625000e+02 3.9629687500e+02 1.8392187119e+01
3.4115200833e-06 3.1846875000e+02 3.9689062500e+02 1.8390625000e+01
3.4211200273e-06 3.1678125000e+02 3.9573437500e+02 1.8326562881e+01
3.4307199712e-06 3.1528125000e+02 3.9781250000e+02 1.8463281631e+01
3.4403199152e-06 3.1703125000e+02 3.9484375000e+02 1.8395313263e+01
3.4499200865e-06 3.1593750000e+02 3.9615625000e+02 1.8365625381e+01
3.4595200304e-06 3.1665625000e+02 3.9601562500e+02 1.8439844131e+01
3.4691199744e-06 3.1687500000e+02 3.9537500000e+02 1.8425781250e+01
3.4787199183e-06 3.1681250000e+02 3.9457812500e+02 1.8407032013e+01
3.4883200897e-06 3.1490625000e+02 3.9787500000e+02 1.8329687119e+01
3.4979200336e-06 3.1659375000e+02 3.9662500000e+02 1.8307031631e+01
3.5075199776e-06 3.1437500000e+02 3.9662500000e+02 1.8441406250e+01
3.5171199215e-06 3.1209375000e+02 3.9573437500e+02 1.8461719513e+01
3.5267200929e-06 3.1200000000e+02 3.9723437500e+02 1.8439844131e+01
3.5363200368e-06 3.1406250000e+02 3.9500000000e+02 1.8480468750e+01
3.5459199808e-06 3.1078125000e+02 3.9545312500e+02 1.8433593750e+01
3.5555199247e-06 3.0846875000e+02 3.9635937500e+02 1.8489843369e+01
3.5651200960e-06 3.1368750000e+02 3.9656250000e+02 1.8500000000e+01
3.5747200400e-06 3.1034375000e+02 3.9604687500e+02 1.8491405487e+01
3.5843199839e-06 3.1153125000e+02 3.9707812500e+02 1.8380468369e+01
3.5939199279e-06 3.1278125000e+02 3.9590625000e+02 1.8422657013e+01
3.6035200992e-06 3.1234375000e+02 3.9676562500e+02 1.8492187500e+01
3.6131200432e-06 3.1456250000e+02 3.9446875000e+02 1.8493749619e+01
3.6227199871e-06 3.1021875000e+02 3.9845312500e+02 1.8408594131e+01
3.6323199311e-06 3.0737500000e+02 3.9595312500e+02 1.8456249237e+01
3.6419201024e-06 3.0765625000e+02 3.9773437500e+02 1.8360937119e+01
3.6515200463e-06 3.0659375000e+02 3.9609375000e+02 1.8383594513e+01
3.6611199903e-06 3.0575000000e+02 3.9660937500e+02 1.8472656250e+01
3.6707199342e-06 3.0878125000e+02 3.9631250000e+02 1.8346094131e+01
3.6803201056e-06 3.0671875000e+02 3.9553125000e+02 1.8585155487e+01
3.6899200495e-06 3.0584375000e+02 3.9568750000e+02 1.8528125763e+01
3.6995199935e-06 3.0684375000e+02 3.9545312500e+02 1.8415624619e+01
3.7091199374e-06 3.0546875000e+02 3.9700000000e+02 1.8429687500e+01
3.7187201087e-06 3.0475000000e+02 3.9642187500e+02 1.8357030869e+01
3.7283200527e-06 3.0509375000e+02 3.9462500000e+02 1.8500782013e+01
3.7379199966e-06 3.0559375000e+02 3.9589062500e+02 1.8497655869e+01
3.7475199406e-06 3.0062500000e+02 3.9487500000e+02 1.8363281250e+01
3.7571201119e-06 3.0528125000e+02 3.9631250000e+02 1.8314062119e+01
3.7667200559e-06 3.0331250000e+02 3.9539062500e+02 1.8396093369e+01
3.7763199998e-06 3.0056250000e+02 3.9500000000e+02 1.8376562119e+01
3.7859199438e-06 3.0246875000e+02 3.9595312500e+02 1.8376562119e+01
3.7955198877e-06 3.0415625000e+02 3.9634375000e+02 1.8409374237e+01
3.8051200590e-06 3.0403125000e+02 3.9448437500e+02 1.8407812119e+01
3.8147200030e-06 3.0368750000e+02 3.9684375000e+02 1.8373437881e+01
3.8243201743e-06 3.0031250000e+02 3.9426562500e+02 1.8442188263e+01
3.8339198909e-06 2.9937500000e+02 3.9496875000e+02 1.8331249237e+01
3.8435200622e-06 3.0068750000e+02 3.9506250000e+02 1.8441406250e+01
3.8531197788e-06 2.9803125000e+02 3.9510937500e+02 1.8298437119e+01
3.8627199501e-06 3.0034375000e+02 3.9640625000e+02 1.8428905487e+01
3.8723201214e-06 2.9865625000e+02 3.9542187500e+02 1.8432811737e+01
3.8819198380e-06 2.9928125000e+02 3.9596875000e+02 1.8295312881e+01
3.8915200093e-06 2.9731250000e+02 3.9576562500e+02 1.8465625763e+01
3.9011201807e-06 2.9478125000e+02 3.9550000000e+02 1.8453907013e+01
3.9107198972e-06 2.9846875000e+02 3.9704687500e+02 1.8463281631e+01
3.9203200686e-06 2.9556250000e+02 3.9645312500e+02 1.8492187500e+01
3.9299197852e-06 2.9678125000e+02 3.9501562500e+02 1.8377344131e+01
3.9395199565e-06 2.9415625000e+02 3.9707812500e+02 1.8418750763e+01
3.9491201278e-06 2.9403125000e+02 3.9423437500e+02 1.8421092987e+01
3.9587198444e-06 2.9621875000e+02 3.9650000000e+02 1.8434375763e+01
3.9683200157e-06 2.9618750000e+02 3.9645312500e+02 1.8450780869e+01
3.9779201870e-06 2.9665625000e+02 3.9525000000e+02 1.8553125381e+01
3.9875199036e-06 2.9512500000e+02 3.9479687500e+02 1.8509374619e+01
3.9971200749e-06 2.9387500000e+02 3.9675000000e+02 1.8470312119e+01
4.0067197915e-06 2.9115625000e+02 3.9529687500e+02 1.8417186737e+01
4.0163199628e-06 2.9509375000e+02 3.9434375000e+02 1.8460155487e+01
4.0259201342e-06 2.9278125000e+02 3.9509375000e+02 1.8413280487e+01
4.0355198507e-06 2.9440625000e+02 3.9643750000e+02 1.8482030869e+01
4.0451200221e-06 2.9587500000e+02 3.9587500000e+02 1.8356250763e+01
4.0547201934e-06 2.9178125000e+02 3.9459375000e+02 1.8375000000e+01
4.0643199100e-06 2.9100000000e+02 3.9693750000e+02 1.8438282013e+01
4.0739200813e-06 2.9384375000e+02 3.9487500000e+02 1.8325000763e+01
4.0835197979e-06 2.9315625000e+02 3.9614062500e+02 1.8411718369e+01
4.0931199692e-06 2.9128125000e+02 3.9621875000e+02 1.8353124619e+01
4.1027201405e-06 2.9256250000e+02 3.9421875000e+02 1.8458593369e+01
4.1123198571e-06 2.8996875000e+02 3.9629687500e+02 1.8379688263e+01
4.1219200284e-06 2.8962500000e+02 3.9467187500e+02 1.8426563263e+01
4.1315201997e-06 2.8906250000e+02 3.9350000000e+02 1.8390625000e+01
4.1411199163e-06 2.8600000000e+02 3.9481250000e+02 1.8346094131e+01
4.1507200876e-06 2.8975000000e+02 3.9435937500e+02 1.8371875763e+01
4.1603198042e-06 2.9034375000e+02 3.9454687500e+02 1.8352344513e+01
4.1699199755e-06 2.9059375000e+02 3.9578125000e+02 1.8406250000e+01
4.1795201469e-06 2.8950000000e+02 3.9510937500e+02 1.8358592987e+01
4.1891198634e-06 2.8800000000e+02 3.9542187500e+02 1.8300781250e+01
4.1987200348e-06 2.8846875000e+02 3.9550000000e+02 1.8267187119e+01
4.2083202061e-06 2.8668750000e+02 3.9445312500e+02 1.8415624619e+01
4.2179199227e-06 2.8668750000e+02 3.9509375000e+02 1.8333593369e+01
4.2275200940e-06 2.8715625000e+02 3.9407812500e+02 1.8302343369e+01
4.2371198106e-06 2.8693750000e+02 3.9564062500e+02 1.8372655869e+01
4.2467199819e-06 2.8328125000e+02 3.9437500000e+02 1.8384374619e+01
4.2563201532e-06 2.8387500000e+02 3.9331250000e+02 1.8271093369e+01
4.2659198698e-06 2.8309375000e+02 3.9596875000e+02 1.8416406631e+01
4.2755200411e-06 2.8359375000e+02 3.9573437500e+02 1.8366405487e+01
4.2851202124e-06 2.8331250000e+02 3.9442187500e+02 1.8457813263e+01
4.2947199290e-06 2.8431250000e+02 3.9540625000e+02 1.8374217987e+01
4.3043201003e-06 2.8406250000e+02 3.9614062500e+02 1.8500782013e+01
4.3139198169e-06 2.8596875000e+02 3.9495312500e+02 1.8239843369e+01
4.3235199882e-06 2.8625000000e+02 3.9375000000e+02 1.8281250000e+01
4.3331201596e-06 2.8075000000e+02 3.9381250000e+02 1.8292186737e+01
4.3427198761e-06 2.8537500000e+02 3.9503125000e+02 1.8353906631e+01
4.3523200475e-06 2.8287500000e+02 3.9412500000e+02 1.8320312500e+01
4.3619202188e-06 2.8090625000e+02 3.9325000000e+02 1.8302343369e+01
4.3715199354e-06 2.8200000000e+02 3.9453125000e+02 1.8399999619e+01
4.3811201067e-06 2.8431250000e+02 3.9390625000e+02 1.8272655487e+01
4.3907198233e-06 2.8128125000e+02 3.9576562500e+02 1.8317188263e+01
4.4003199946e-06 2.8096875000e+02 3.9462500000e+02 1.8257030487e+01
4.4099201659e-06 2.8109375000e+02 3.9623437500e+02 1.8182811737e+01
4.4195198825e-06 2.8256250000e+02 3.9414062500e+02 1.8296092987e+01
4.4291200538e-06 2.8234375000e+02 3.9373437500e+02 1.8353124619e+01
4.4387202252e-06 2.7934375000e+02 3.9412500000e+02 1.8324218750e+01
4.4483199417e-06 2.8331250000e+02 3.9520312500e+02 1.8259374619e+01
4.4579201131e-06 2.8053125000e+02 3.9506250000e+02 1.8225780487e+01
4.4675198296e-06 2.7928125000e+02 3.9384375000e+02 1.8281250000e+01
4.4771200010e-06 2.7706250000e+02 3.9415625000e+02 1.8344532013e+01
4.4867201723e-06 2.7990625000e+02 3.9543750000e+02 1.8264842987e+01
4.4963198889e-06 2.7821875000e+02 3.9434375000e+02 1.8301563263e+01
4.5059200602e-06 2.7971875000e+02 3.9473437500e+02 1.8272655487e+01
4.5155197768e-06 2.7781250000e+02 3.9414062500e+02 1.8306249619e+01
4.5251199481e-06 2.7965625000e+02 3.9542187500e+02 1.8278905869e+01
4.5347201194e-06 2.7968750000e+02 3.9462500000e+02 1.8252344131e+01
4.5443198360e-06 2.7703125000e+02 3.9490625000e+02 1.8310937881e+01
4.5539200073e-06 2.7700000000e+02 3.9490625000e+02 1.8325780869e+01
4.5635201786e-06 2.7768750000e+02 3.9443750000e+02 1.8227344513e+01
4.5731198952e-06 2.7731250000e+02 3.9570312500e+02 1.8266407013e+01
4.5827200665e-06 2.7321875000e+02 3.9460937500e+02 1.8339843750e+01
4.5923197831e-06 2.7275000000e+02 3.9385937500e+02 1.8378906250e+01
4.6019199544e-06 2.8212500000e+02 3.9443750000e+02 1.8159374237e+01
4.6115201258e-06 2.7903125000e+02 3.9551562500e+02 1.8283594131e+01
4.6211198423e-06 2.7506250000e+02 3.9453125000e+02 1.8312500000e+01
4.6307200137e-06 2.7034375000e+02 3.9459375000e+02 1.8290624619e+01
4.6403201850e-06 2.7171875000e+02 3.9515625000e+02 1.8295312881e+01
4.6499199016e-06 2.7496875000e+02 3.9651562500e+02 1.8371093750e+01
4.6595200729e-06 2.7378125000e+02 3.9292187500e+02 1.8392187119e+01
4.6691197895e-06 2.7543750000e+02 3.9300000000e+02 1.8403905869e+01
4.6787199608e-06 2.7459375000e+02 3.9445312500e+02 1.8228124619e+01
4.6883201321e-06 2.7481250000e+02 3.9379687500e+02 1.8328125000e+01
4.6979198487e-06 2.7468750000e+02 3.9356250000e+02 1.8253906250e+01
4.7075200200e-06 2.7475000000e+02 3.9629687500e+02 1.8353906631e+01
4.7171201913e-06 2.7303125000e+02 3.9396875000e+02 1.8253906250e+01
4.7267199079e-06 2.7153125000e+02 3.9478125000e+02 1.8130468369e+01
4.7363200792e-06 2.7046875000e+02 3.9534375000e+02 1.8341405869e+01
4.7459197958e-06 2.7134375000e+02 3.9510937500e+02 1.8132030487e+01
4.7555199671e-06 2.7000000000e+02 3.9334375000e+02 1.8375000000e+01
4.7651201385e-06 2.6715625000e+02 3.9479687500e+02 1.8280467987e+01
4.7747198550e-06 2.7062500000e+02 3.9298437500e+02 1.8181249619e+01
4.7843200264e-06 2.7037500000e+02 3.9370312500e+02 1.8347656250e+01
4.7939201977e-06 2.7012500000e+02 3.9429687500e+02 1.8267187119e+01
4.8035199143e-06 2.7409375000e+02 3.9401562500e+02 1.8279687881e+01
4.8131200856e-06 2.7218750000e+02 3.9382812500e+02 1.8269531250e+01
4.8227198022e-06 2.7287500000e+02 3.9271875000e+02 1.8180469513e+01
4.8323199735e-06 2.7075000000e+02 3.9568750000e+02 1.8233592987e+01
4.8419201448e-06 2.7081250000e+02 3.9509375000e+02 1.8280467987e+01
4.8515198614e-06 2.6615625000e+02 3.9367187500e+02 1.8260156631e+01
4.8611200327e-06 2.6762500000e+02 3.9517187500e+02 1.8261718750e+01
4.8707202041e-06 2.6762500000e+02 3.9479687500e+02 1.8215625763e+01
4.8803199206e-06 2.6893750000e+02 3.9312500000e+02 1.8310155869e+01
4.8899200920e-06 2.6834375000e+02 3.9500000000e+02 1.8267187119e+01
4.8995198085e-06 2.6862500000e+02 3.9437500000e+02 1.8128124237e+01
4.9091199799e-06 2.7162500000e+02 3.9462500000e+02 1.8201562881e+01
4.9187201512e-06 2.7053125000e+02 3.9292187500e+02 1.8282032013e+01
4.9283198678e-06 2.6546875000e+02 3.9496875000e+02 1.8280467987e+01
4.9379200391e-06 2.6984375000e+02 3.9428125000e+02 1.8362499237e+01
4.9475202104e-06 2.6718750000e+02 3.9339062500e+02 1.8378124237e+01
4.9571199270e-06 2.6890625000e+02 3.9256250000e+02 1.8212499619e+01
4.9667200983e-06 2.6671875000e+02 3.9428125000e+02 1.8286718369e+01
4.9763198149e-06 2.6590625000e+02 3.9290625000e+02 1.8352344513e+01
4.9859199862e-06 2.6337500000e+02 3.9354687500e+02 1.8225000381e+01
4.9955201575e-06 2.6812500000e+02 3.9518750000e+02 1.8316406250e+01
5.0051198741e-06 2.6762500000e+02 3.9564062500e+02 1.8205469131e+01
5.0147200454e-06 2.6359375000e+02 3.9235937500e+02 1.8202342987e+01
5.0243202168e-06 2.6681250000e+02 3.9384375000e+02 1.8123437881e+01
5.0339199333e-06 2.6528125000e+02 3.9315625000e+02 1.8242187500e+01
5.0435201047e-06 2.6475000000e+02 3.9381250000e+02 1.8151561737e+01
5.0531198212e-06 2.6196875000e+02 3.9348437500e+02 1.8171092987e+01
5.0627199926e-06 2.6181250000e+02 3.9415625000e+02 1.8196094513e+01
5.0723201639e-06 2.6634375000e+02 3.9360937500e+02 1.8177343369e+01
5.0819198805e-06 2.6518750000e+02 3.9351562500e+02 1.8187500000e+01
5.0915200518e-06 2.6265625000e+02 3.9345312500e+02 1.8247655869e+01
5.1011202231e-06 2.6159375000e+02 3.9267187500e+02 1.8042968750e+01
5.1107199397e-06 2.6150000000e+02 3.9367187500e+02 1.8145313263e+01
5.1203201110e-06 2.6162500000e+02 3.9389062500e+02 1.8128124237e+01
5.1299198276e-06 2.6259375000e+02 3.9459375000e+02 1.8091405869e+01
5.1395199989e-06 2.6034375000e+02 3.9379687500e+02 1.8053125381e+01
5.1491201702e-06 2.6165625000e+02 3.9457812500e+02 1.8021093369e+01
5.1587198868e-06 2.6118750000e+02 3.9439062500e+02 1.8152343750e+01
5.1683200581e-06 2.6243750000e+02 3.9221875000e+02 1.8142969131e+01
5.1779197747e-06 2.6268750000e+02 3.9381250000e+02 1.8031250000e+01
5.1875199460e-06 2.6287500000e+02 3.9468750000e+02 1.8195312500e+01
5.1971201174e-06 2.6306250000e+02 3.9375000000e+02 1.8172657013e+01
5.2067198340e-06 2.6053125000e+02 3.9342187500e+02 1.8075000763e+01
5.2163200053e-06 2.5753125000e+02 3.9401562500e+02 1.8129688263e+01
5.2259201766e-06 2.5987500000e+02 3.9296875000e+02 1.8204687119e+01
5.2355198932e-06 2.6362500000e+02 3.9385937500e+02 1.8091405869e+01
5.2451200645e-06 2.6203125000e+02 3.9523437500e+02 1.8110937119e+01
5.2547197811e-06 2.6075000000e+02 3.9353125000e+02 1.8105468750e+01
5.2643199524e-06 2.6131250000e+02 3.9387500000e+02 1.8079687119e+01
5.2739201237e-06 2.5784375000e+02 3.9412500000e+02 1.8019531250e+01
5.2835198403e-06 2.5615625000e+02 3.9360937500e+02 1.8175781250e+01
5.2931200116e-06 2.5753125000e+02 3.9439062500e+02 1.8185937881e+01
5.3027201830e-06 2.5975000000e+02 3.9529687500e+02 1.8250000000e+01
5.3123198995e-06 2.6071875000e+02 3.9340625000e+02 1.8036718369e+01
5.3219200709e-06 2.5700000000e+02 3.9426562500e+02 1.8140625000e+01
5.3315197874e-06 2.5996875000e+02 3.9431250000e+02 1.8096094131e+01
5.3411199588e-06 2.5887500000e+02 3.9484375000e+02 1.8177343369e+01
5.3507201301e-06 2.6031250000e+02 3.9318750000e+02 1.8039844513e+01
5.3603198467e-06 2.5678125000e+02 3.9542187500e+02 1.8136718750e+01
5.3699200180e-06 2.5884375000e+02 3.9345312500e+02 1.8084375381e+01
5.3795201893e-06 2.6153125000e+02 3.9371875000e+02 1.8055469513e+01
5.3891199059e-06 2.5484375000e+02 3.9496875000e+02 1.8059375763e+01
5.3987200772e-06 2.5412500000e+02 3.9401562500e+02 1.7996875763e+01
5.4083197938e-06 2.5728125000e+02 3.9379687500e+02 1.8068750381e+01
5.4179199651e-06 2.5612500000e+02 3.9293750000e+02 1.8095312119e+01
5.4275201364e-06 2.5609375000e+02 3.9262500000e+02 1.8139842987e+01
5.4371198530e-06 2.5881250000e+02 3.9421875000e+02 1.8114843369e+01
5.4467200243e-06 2.5681250000e+02 3.9550000000e+02 1.8119531631e+01
5.4563201957e-06 2.5937500000e+02 3.9354687500e+02 1.8206249237e+01
5.4659199122e-06 2.5828125000e+02 3.9548437500e+02 1.8017187119e+01
5.4755200836e-06 2.5671875000e+02 3.9337500000e+02 1.8100000381e+01
5.4851198001e-06 2.5453125000e+02 3.9350000000e+02 1.8046875000e+01
5.4947199715e-06 2.5540625000e+02 3.9460937500e+02 1.8102344513e+01
5.5043201428e-06 2.5700000000e+02 3.9278125000e+02 1.8006250381e+01
5.5139198594e-06 2.5521875000e+02 3.9281250000e+02 1.8118749619e+01
5.5235200307e-06 2.5712500000e+02 3.9367187500e+02 1.8062500000e+01
5.5331202020e-06 2.5509375000e+02 3.9306250000e+02 1.8082813263e+01
5.5427199186e-06 2.5900000000e+02 3.9450000000e+02 1.8019531250e+01
5.5523200899e-06 2.5359375000e+02 3.9421875000e+02 1.8123437881e+01
5.5619198065e-06 2.5687500000e+02 3.9289062500e+02 1.8114063263e+01
5.5715199778e-06 2.5346875000e+02 3.9279687500e+02 1.8057031631e+01
5.5811201491e-06 2.5346875000e+02 3.9296875000e+02 1.8056249619e+01
5.5907198657e-06 2.5475000000e+02 3.9298437500e+02 1.8101562500e+01
5.6003200370e-06 2.5346875000e+02 3.9439062500e+02 1.8003124237e+01
5.6099202084e-06 2.5534375000e+02 3.9104687500e+02 1.8004688263e+01
5.6195199249e-06 2.5456250000e+02 3.9378125000e+02 1.8007812500e+01
5.6291200963e-06 2.5496875000e+02 3.9431250000e+02 1.7957813263e+01
5.6387198129e-06 2.5031250000e+02 3.9268750000e+02 1.7972656250e+01
5.6483199842e-06 2.5153125000e+02 3.9376562500e+02 1.7987499237e+01
5.6579201555e-06 2.5515625000e+02 3.9273437500e+02 1.7993749619e+01
5.6675198721e-06 2.5078125000e+02 3.9225000000e+02 1.8078125000e+01
5.6771200434e-06 2.5512500000e+02 3.9342187500e+02 1.8041406631e+01
5.6867202147e-06 2.5356250000e+02 3.9420312500e+02 1.7946094513e+01
5.6963199313e-06 2.5109375000e+02 3.9371875000e+02 1.7944530487e+01
5.7059201026e-06 2.4984375000e+02 3.9450000000e+02 1.7944530487e+01
5.7155198192e-06 2.5459375000e+02 3.9267187500e+02 1.8081249237e+01
5.7251199905e-06 2.5146875000e+02 3.9279687500e+02 1.7887500763e+01
5.7347201619e-06 2.5006250000e+02 3.9315625000e+02 1.7989063263e+01
5.7443198784e-06 2.5056250000e+02 3.9096875000e+02 1.7944530487e+01
5.7539200498e-06 2.4984375000e+02 3.9323437500e+02 1.7952342987e+01
5.7635202211e-06 2.5059375000e+02 3.9145312500e+02 1.8070312500e+01
5.7731199377e-06 2.5296875000e+02 3.9301562500e+02 1.7905467987e+01
5.7827201090e-06 2.5025000000e+02 3.9414062500e+02 1.7994531631e+01
5.7923198256e-06 2.5206250000e+02 3.9376562500e+02 1.7948436737e+01
5.8019199969e-06 2.5103125000e+02 3.9231250000e+02 1.8021875381e+01
5.8115201682e-06 2.5125000000e+02 3.9207812500e+02 1.7912500381e+01
5.8211198848e-06 2.4806250000e+02 3.9298437500e+02 1.7924999237e+01
5.8307200561e-06 2.5265625000e+02 3.9129687500e+02 1.8013280869e+01
5.8403197727e-06 2.5262500000e+02 3.9323437500e+02 1.7952342987e+01
5.8499199440e-06 2.4987500000e+02 3.9314062500e+02 1.7892969131e+01
5.8595201153e-06 2.5087500000e+02 3.9320312500e+02 1.8024999619e+01
5.8691198319e-06 2.5050000000e+02 3.9259375000e+02 1.7961719513e+01
5.8787200032e-06 2.4978125000e+02 3.9454687500e+02 1.7878906250e+01
5.8883201746e-06 2.4953125000e+02 3.9256250000e+02 1.7982812881e+01
5.8979198911e-06 2.4565625000e+02 3.9225000000e+02 1.8074218750e+01
5.9075200625e-06 2.5078125000e+02 3.9371875000e+02 1.7928905487e+01
5.9171197790e-06 2.5303125000e+02 3.9485937500e+02 1.7986719131e+01
5.9267199504e-06 2.4831250000e+02 3.9298437500e+02 1.7883594513e+01
5.9363201217e-06 2.5028125000e+02 3.9401562500e+02 1.8014842987e+01
5.9459198383e-06 2.4468750000e+02 3.9370312500e+02 1.7881250381e+01
5.9555200096e-06 2.4784375000e+02 3.9417187500e+02 1.7896093369e+01
5.9651201809e-06 2.4796875000e+02 3.9434375000e+02 1.7970312119e+01
5.9747198975e-06 2.4775000000e+02 3.9364062500e+02 1.7792968750e+01
5.9843200688e-06 2.4743750000e+02 3.9232812500e+02 1.7884374619e+01
5.9939197854e-06 2.5078125000e+02 3.9270312500e+02 1.7846874237e+01
6.0035199567e-06 2.4934375000e+02 3.9340625000e+02 1.7993749619e+01
6.0131201280e-06 2.4715625000e+02 3.9207812500e+02 1.7882812500e+01
6.0227198446e-06 2.4334375000e+02 3.9400000000e+02 1.7898437500e+01
6.0323200159e-06 2.4346875000e+02 3.9301562500e+02 1.7887500763e+01
6.0419201873e-06 2.4737500000e+02 3.9284375000e+02 1.7810155869e+01
6.0515199038e-06 2.4893750000e+02 3.9446875000e+02 1.7868749619e+01
6.0611200752e-06 2.4584375000e+02 3.9304687500e+02 1.8009374619e+01
6.0707197918e-06 2.4831250000e+02 3.9246875000e+02 1.7854686737e+01
6.0803199631e-06 2.4625000000e+02 3.9254687500e+02 1.7888280869e+01
6.0899201344e-06 2.4306250000e+02 3.9298437500e+02 1.7967187881e+01
6.0995198510e-06 2.4790625000e+02 3.9445312500e+02 1.7828907013e+01
6.1091200223e-06 2.4309375000e+02 3.9204687500e+02 1.7858592987e+01
6.1187201936e-06 2.4856250000e+02 3.9209375000e+02 1.7901561737e+01
6.1283199102e-06 2.4293750000e+02 3.9340625000e+02 1.7871093750e+01
6.1379200815e-06 2.4790625000e+02 3.9343750000e+02 1.7810937881e+01
6.1475197981e-06 2.4453125000e+02 3.9331250000e+02 1.7812500000e+01
6.1571199694e-06 2.4646875000e+02 3.9376562500e+02 1.7768749237e+01
6.1667201408e-06 2.4362500000e+02 3.9268750000e+02 1.7724218369e+01
6.1763198573e-06 2.4365625000e+02 3.9356250000e+02 1.7875782013e+01
6.1859200287e-06 2.4315625000e+02 3.9406250000e+02 1.7804687500e+01
6.1955202000e-06 2.4290625000e+02 3.9326562500e+02 1.7814844131e+01
6.2051199166e-06 2.4250000000e+02 3.9143750000e+02 1.7721874237e+01
6.2147200879e-06 2.4143750000e+02 3.9179687500e+02 1.7832813263e+01
6.2243198045e-06 2.3971875000e+02 3.9312500000e+02 1.7786718369e+01
6.2339199758e-06 2.4350000000e+02 3.9168750000e+02 1.7683593750e+01
6.2435201471e-06 2.4337500000e+02 3.9335937500e+02 1.7760936737e+01
6.2531198637e-06 2.4293750000e+02 3.9235937500e+02 1.7804687500e+01
6.2627200350e-06 2.4162500000e+02 3.9232812500e+02 1.7777343750e+01
6.2723202063e-06 2.4484375000e+02 3.9254687500e+02 1.7788280487e+01
6.2819199229e-06 2.4253125000e+02 3.9556250000e+02 1.7892969131e+01
6.2915200942e-06 2.4596875000e+02 3.9212500000e+02 1.7693750381e+01
6.3011198108e-06 2.4171875000e+02 3.9390625000e+02 1.7803125381e+01
6.3107199821e-06 2.4287500000e+02 3.9232812500e+02 1.7785938263e+01
6.3203201535e-06 2.4196875000e+02 3.9120312500e+02 1.7833593369e+01
6.3299198700e-06 2.4165625000e+02 3.9343750000e+02 1.7708593369e+01
6.3395200414e-06 2.4100000000e+02 3.9212500000e+02 1.7758594513e+01
6.3491202127e-06 2.4293750000e+02 3.9298437500e+02 1.7753906250e+01
6.3587199293e-06 2.3906250000e+02 3.9257812500e+02 1.7782812119e+01
6.3683201006e-06 2.4228125000e+02 3.9231250000e+02 1.7645313263e+01
6.3779198172e-06 2.3903125000e+02 3.9181250000e+02 1.7726562500e+01
6.3875199885e-06 2.4284375000e+02 3.9306250000e+02 1.7664844513e+01
6.3971201598e-06 2.4062500000e+02 3.9300000000e+02 1.7757812500e+01
6.4067198764e-06 2.4234375000e+02 3.9351562500e+02 1.7757812500e+01
6.4163200477e-06 2.3809375000e+02 3.9106250000e+02 1.7676563263e+01
6.4259202190e-06 2.4265625000e+02 3.9242187500e+02 1.7705469131e+01
6.4355199356e-06 2.4000000000e+02 3.9282812500e+02 1.7789062500e+01
6.4451201069e-06 2.4053125000e+02 3.9170312500e+02 1.7736719131e+01
6.4547198235e-06 2.4443750000e+02 3.9228125000e+02 1.7754688263e+01
6.4643199948e-06 2.4053125000e+02 3.9160937500e+02 1.7649219513e+01
6.4739201662e-06 2.3884375000e+02 3.9109375000e+02 1.7696094513e+01
6.4835198827e-06 2.3925000000e+02 3.9307812500e+02 1.7763280869e+01
6.4931200541e-06 2.3896875000e+02 3.9207812500e+02 1.7601562500e+01
6.5027202254e-06 2.4040625000e+02 3.9073437500e+02 1.7714061737e+01
6.5123199420e-06 2.4109375000e+02 3.9156250000e+02 1.7726562500e+01
6.5219201133e-06 2.3925000000e+02 3.9096875000e+02 1.7730468750e+01
6.5315198299e-06 2.3793750000e+02 3.9251562500e+02 1.7598438263e+01
6.5411200012e-06 2.3871875000e+02 3.9237500000e+02 1.7709375381e+01
6.5507201725e-06 2.3975000000e+02 3.9204687500e+02 1.7691406250e+01
6.5603198891e-06 2.3793750000e+02 3.9115625000e+02 1.7558593750e+01
6.5699200604e-06 2.3925000000e+02 3.9220312500e+02 1.7764062881e+01
6.5795197770e-06 2.3956250000e+02 3.9287500000e+02 1.7653905869e+01
6.5891199483e-06 2.4093750000e+02 3.9142187500e+02 1.7754688263e+01
6.5987201197e-06 2.3931250000e+02 3.9279687500e+02 1.7653905869e+01
6.6083198362e-06 2.3909375000e+02 3.9240625000e+02 1.7708593369e+01
6.6179200076e-06 2.3850000000e+02 3.9223437500e+02 1.7692968369e+01
6.6275201789e-06 2.3640625000e+02 3.9279687500e+02 1.7624217987e+01
6.6371198955e-06 2.3712500000e+02 3.9181250000e+02 1.7671092987e+01
6.6467200668e-06 2.3690625000e+02 3.9360937500e+02 1.7635936737e+01
6.6563197834e-06 2.3496875000e+02 3.9240625000e+02 1.7582813263e+01
6.6659199547e-06 2.3962500000e+02 3.9146875000e+02 1.7625782013e+01
6.6755201260e-06 2.3843750000e+02 3.9167187500e+02 1.7612499237e+01
6.6851198426e-06 2.3650000000e+02 3.9287500000e+02 1.7665624619e+01
6.6947200139e-06 2.3775000000e+02 3.9431250000e+02 1.7630468369e+01
6.7043201852e-06 2.3684375000e+02 3.9250000000e+02 1.7673437119e+01
6.7139199018e-06 2.3231250000e+02 3.9317187500e+02 1.7459375381e+01
6.7235200731e-06 2.3500000000e+02 3.9475000000e+02 1.7746875763e+01
6.7331197897e-06 2.3928125000e+02 3.9418750000e+02 1.7611719131e+01
6.7427199610e-06 2.3390625000e+02 3.9228125000e+02 1.7564062119e+01
6.7523201324e-06 2.3525000000e+02 3.9148437500e+02 1.7627344131e+01
6.7619198489e-06 2.3668750000e+02 3.9231250000e+02 1.7664062500e+01
6.7715200203e-06 2.3471875000e+02 3.9140625000e+02 1.7546092987e+01
6.7811201916e-06 2.3681250000e+02 3.9378125000e+02 1.7531250000e+01
6.7907199082e-06 2.3537500000e+02 3.9206250000e+02 1.7681249619e+01
6.8003200795e-06 2.3678125000e+02 3.9178125000e+02 1.7605468750e+01
6.8099197961e-06 2.3571875000e+02 3.9129687500e+02 1.7649219513e+01
6.8195199674e-06 2.3715625000e+02 3.9273437500e+02 1.7617969513e+01
6.8291201387e-06 2.3587500000e+02 3.9151562500e+02 1.7571874619e+01
6.8387198553e-06 2.3706250000e+02 3.9214062500e+02 1.7572656631e+01
6.8483200266e-06 2.3484375000e+02 3.9118750000e+02 1.7517969131e+01
6.8579201979e-06 2.3784375000e+02 3.9284375000e+02 1.7561717987e+01
6.8675199145e-06 2.3437500000e+02 3.9123437500e+02 1.7616405487e+01
6.8771200858e-06 2.3268750000e+02 3.9154687500e+02 1.7594532013e+01
6.8867198024e-06 2.3265625000e+02 3.9145312500e+02 1.7492969513e+01
6.8963199737e-06 2.3356250000e+02 3.9259375000e+02 1.7546092987e+01
6.9059201451e-06 2.3475000000e+02 3.9103125000e+02 1.7589061737e+01
6.9155198616e-06 2.3175000000e+02 3.9229687500e+02 1.7636718750e+01
6.9251200330e-06 2.3087500000e+02 3.9134375000e+02 1.7633594513e+01
6.9347202043e-06 2.3065625000e+02 3.8985937500e+02 1.7538280487e+01
6.9443199209e-06 2.3393750000e+02 3.9284375000e+02 1.7553125381e+01
6.9539200922e-06 2.3215625000e+02 3.9235937500e+02 1.7646875381e+01
6.9635198088e-06 2.3243750000e+02 3.9068750000e+02 1.7635936737e+01
6.9731199801e-06 2.3062500000e+02 3.9157812500e+02 1.7572656631e+01
6.9827201514e-06 2.3331250000e+02 3.9145312500e+02 1.7577342987e+01
6.9923198680e-06 2.3171875000e+02 3.9225000000e+02 1.7510936737e+01
7.0019200393e-06 2.3159375000e+02 3.9198437500e+02 1.7552343369e+01
7.0115202107e-06 2.3112500000e+02 3.9037500000e+02 1.7463281631e+01
7.0211199272e-06 2.3112500000e+02 3.9234375000e+02 1.7603124619e+01
7.0307200986e-06 2.3137500000e+02 3.9142187500e+02 1.7610157013e+01
7.0403198151e-06 2.3384375000e+02 3.9364062500e+02 1.7594532013e+01
7.0499199865e-06 2.3284375000e+02 3.9162500000e+02 1.7485937119e+01
7.0595201578e-06 2.3259375000e+02 3.9246875000e+02 1.7416406631e+01
7.0691198744e-06 2.3056250000e+02 3.9104687500e+02 1.7464843750e+01
7.0787200457e-06 2.3246875000e+02 3.9232812500e+02 1.7481250763e+01
7.0883202170e-06 2.3000000000e+02 3.9225000000e+02 1.7355468750e+01
7.0979199336e-06 2.3012500000e+02 3.9126562500e+02 1.7409374237e+01
7.1075201049e-06 2.2665625000e+02 3.9121875000e+02 1.7429687500e+01
7.1171198215e-06 2.3368750000e+02 3.9170312500e+02 1.7419530869e+01
7.1267199928e-06 2.2868750000e+02 3.9157812500e+02 1.7392969131e+01
7.1363201641e-06 2.3218750000e+02 3.9314062500e+02 1.7426563263e+01
7.1459198807e-06 2.2843750000e+02 3.9287500000e+02 1.7381250381e+01
7.1555200520e-06 2.2981250000e+02 3.9073437500e+02 1.7430469513e+01
7.1651202234e-06 2.2950000000e+02 3.9073437500e+02 1.7355468750e+01
7.1747199399e-06 2.2615625000e+02 3.9175000000e+02 1.7368749619e+01
7.1843201113e-06 2.2890625000e+02 3.9173437500e+02 1.7380468369e+01
7.1939198278e-06 2.2946875000e+02 3.8934375000e+02 1.7364063263e+01
7.2035199992e-06 2.3025000000e+02 3.9134375000e+02 1.7397655487e+01
7.2131201705e-06 2.2950000000e+02 3.9135937500e+02 1.7253124237e+01
7.2227198871e-06 2.2793750000e+02 3.9279687500e+02 1.7442188263e+01
7.2323200584e-06 2.2412500000e+02 3.9210937500e+02 1.7450780869e+01
7.2419197750e-06 2.2587500000e+02 3.9218750000e+02 1.7414844513e+01
7.2515199463e-06 2.2568750000e+02 3.9087500000e+02 1.7383594513e+01
7.2611201176e-06 2.2703125000e+02 3.9185937500e+02 1.7403125763e+01
7.2707198342e-06 2.2987500000e+02 3.9123437500e+02 1.7357030869e+01
7.2803200055e-06 2.2409375000e+02 3.9018750000e+02 1.7321874619e+01
7.2899201768e-06 2.2587500000e+02 3.9181250000e+02 1.7399219513e+01
7.2995198934e-06 2.3018750000e+02 3.9065625000e+02 1.7292968750e+01
7.3091200647e-06 2.2768750000e+02 3.9203125000e+02 1.7316406250e+01
7.3187197813e-06 2.2850000000e+02 3.9064062500e+02 1.7325780869e+01
7.3283199526e-06 2.2790625000e+02 3.9131250000e+02 1.7318750381e+01
7.3379201240e-06 2.2737500000e+02 3.9218750000e+02 1.7250000000e+01
7.3475198406e-06 2.2793750000e+02 3.9085937500e+02 1.7304687500e+01
7.3571200119e-06 2.2646875000e+02 3.9117187500e+02 1.7249217987e+01
7.3667201832e-06 2.2587500000e+02 3.9062500000e+02 1.7346874237e+01
7.3763198998e-06 2.2565625000e+02 3.9082812500e+02 1.7327342987e+01
7.3859200711e-06 2.2743750000e+02 3.9276562500e+02 1.7378906250e+01
7.3955197877e-06 2.2468750000e+02 3.9171875000e+02 1.7241405487e+01
7.4051199590e-06 2.2946875000e+02 3.9126562500e+02 1.7229686737e+01
7.4147201303e-06 2.2290625000e+02 3.9082812500e+02 1.7197656631e+01
7.4243198469e-06 2.2625000000e+02 3.9057812500e+02 1.7281250000e+01
7.4339200182e-06 2.2462500000e+02 3.9104687500e+02 1.7274219513e+01
7.4435201896e-06 2.2821875000e+02 3.9020312500e+02 1.7342187881e+01
7.4531199061e-06 2.2656250000e+02 3.9181250000e+02 1.7275781631e+01
7.4627200775e-06 2.2731250000e+02 3.9121875000e+02 1.7154687881e+01
7.4723197940e-06 2.2668750000e+02 3.9079687500e+02 1.7225780487e+01
7.4819199654e-06 2.2346875000e+02 3.9095312500e+02 1.7239063263e+01
7.4915201367e-06 2.2296875000e+02 3.9275000000e+02 1.7187500000e+01
7.5011198533e-06 2.2318750000e+02 3.9035937500e+02 1.7229686737e+01
7.5107200246e-06 2.2331250000e+02 3.9103125000e+02 1.7212499619e+01
7.5203201959e-06 2.2196875000e+02 3.9165625000e+02 1.7206249237e+01
7.5299199125e-06 2.2175000000e+02 3.9234375000e+02 1.7129688263e+01
7.5395200838e-06 2.2456250000e+02 3.9139062500e+02 1.7097656250e+01
7.5491198004e-06 2.2181250000e+02 3.9115625000e+02 1.7172657013e+01
7.5587199717e-06 2.2534375000e+02 3.9003125000e+02 1.7139842987e+01
7.5683201430e-06 2.2234375000e+02 3.9193750000e+02 1.7235937119e+01
7.5779198596e-06 2.2340625000e+02 3.9143750000e+02 1.7076562881e+01
7.5875200309e-06 2.2415625000e+02 3.9084375000e+02 1.7117187500e+01
7.5971202023e-06 2.2550000000e+02 3.9168750000e+02 1.7214843750e+01
7.6067199188e-06 2.2362500000e+02 3.9115625000e+02 1.7238281250e+01
7.6163200902e-06 2.2112500000e+02 3.9246875000e+02 1.7130468369e+01
7.6259198067e-06 2.2350000000e+02 3.8940625000e+02 1.7216405869e+01
7.6355199781e-06 2.2121875000e+02 3.9096875000e+02 1.7053905487e+01
7.6451196946e-06 2.2362500000e+02 3.9067187500e+02 1.7100000381e+01
7.6547203207e-06 2.2421875000e+02 3.9126562500e+02 1.7132812500e+01
7.6643200373e-06 2.2168750000e+02 3.9101562500e+02 1.7155467987e+01
7.6739197539e-06 2.1971875000e+02 3.9054687500e+02 1.7072656631e+01
7.6835203799e-06 2.2225000000e+02 3.9006250000e+02 1.7101562500e+01
7.6931200965e-06 2.1987500000e+02 3.9145312500e+02 1.7044530869e+01
7.7027198131e-06 2.2443750000e+02 3.9235937500e+02 1.7110937119e+01
7.7123204392e-06 2.2293750000e+02 3.9062500000e+02 1.6874217987e+01
7.7219201557e-06 2.1915625000e+02 3.9110937500e+02 1.7011718750e+01
7.7315198723e-06 2.2193750000e+02 3.9031250000e+02 1.7024999619e+01
7.7411195889e-06 2.2021875000e+02 3.9185937500e+02 1.6970312119e+01
7.7507202150e-06 2.2112500000e+02 3.9179687500e+02 1.7057811737e+01
7.7603199315e-06 2.1656250000e+02 3.9006250000e+02 1.6961719513e+01
7.7699196481e-06 2.2156250000e+02 3.9148437500e+02 1.7026561737e+01
7.7795202742e-06 2.1803125000e+02 3.9189062500e+02 1.7027343750e+01
7.7891199908e-06 2.2134375000e+02 3.9176562500e+02 1.7108592987e+01
7.7987197074e-06 2.2143750000e+02 3.9178125000e+02 1.7192188263e+01
7.8083203334e-06 2.2456250000e+02 3.9184375000e+02 1.7062500000e+01
7.8179200500e-06 2.1993750000e+02 3.9139062500e+02 1.6891407013e+01
7.8275197666e-06 2.1862500000e+02 3.9081250000e+02 1.7029687881e+01
7.8371203927e-06 2.1946875000e+02 3.9028125000e+02 1.7050781250e+01
7.8467201092e-06 2.1671875000e+02 3.9067187500e+02 1.6839843750e+01
7.8563198258e-06 2.2215625000e+02 3.9007812500e+02 1.7029687881e+01
7.8659204519e-06 2.1918750000e+02 3.9229687500e+02 1.6950780869e+01
7.8755201685e-06 2.1934375000e+02 3.9082812500e+02 1.6993749619e+01
7.8851198850e-06 2.1834375000e+02 3.9065625000e+02 1.6946874619e+01
7.8947196016e-06 2.1753125000e+02 3.9151562500e+02 1.6919530869e+01
7.9043202277e-06 2.1634375000e+02 3.9057812500e+02 1.6919530869e+01
7.9139199443e-06 2.1990625000e+02 3.9123437500e+02 1.6820312500e+01
7.9235196608e-06 2.1903125000e+02 3.9082812500e+02 1.6894531250e+01
7.9331202869e-06 2.2003125000e+02 3.9068750000e+02 1.6935937881e+01
7.9427200035e-06 2.1759375000e+02 3.9042187500e+02 1.6901561737e+01
7.9523197201e-06 2.1587500000e+02 3.9045312500e+02 1.7021093369e+01
7.9619203461e-06 2.1640625000e+02 3.9028125000e+02 1.6969532013e+01
7.9715200627e-06 2.1815625000e+02 3.9020312500e+02 1.6831249237e+01
7.9811197793e-06 2.1771875000e+02 3.9007812500e+02 1.6984375000e+01
7.9907204054e-06 2.1534375000e+02 3.9103125000e+02 1.6883594513e+01
8.0003201219e-06 2.1862500000e+02 3.9184375000e+02 1.6704687119e+01
8.0099198385e-06 2.1896875000e+02 3.9104687500e+02 1.6998437881e+01
8.0195195551e-06 2.1528125000e+02 3.9106250000e+02 1.6815624237e+01
8.0291201812e-06 2.1537500000e+02 3.9032812500e+02 1.6805469513e+01
8.0387198977e-06 2.1337500000e+02 3.9096875000e+02 1.6776561737e+01
8.0483196143e-06 2.1496875000e+02 3.9028125000e+02 1.6722656250e+01
8.0579202404e-06 2.1793750000e+02 3.9054687500e+02 1.6727344513e+01
8.0675199570e-06 2.1596875000e+02 3.9034375000e+02 1.6801563263e+01
8.0771196735e-06 2.1546875000e+02 3.8950000000e+02 1.6600780487e+01
8.0867202996e-06 2.1778125000e+02 3.9179687500e+02 1.6774999619e+01
8.0963200162e-06 2.1246875000e+02 3.9029687500e+02 1.6900781631e+01
8.1059197328e-06 2.1578125000e+02 3.9229687500e+02 1.6812500000e+01
8.1155203588e-06 2.1721875000e+02 3.9029687500e+02 1.6735157013e+01
8.1251200754e-06 2.1521875000e+02 3.9092187500e+02 1.6792186737e+01
8.1347197920e-06 2.1325000000e+02 3.9203125000e+02 1.6741405487e+01
8.1443204181e-06 2.1356250000e+02 3.8917187500e+02 1.6681249619e+01
8.1539201346e-06 2.1675000000e+02 3.8925000000e+02 1.6732812881e+01
8.1635198512e-06 2.1312500000e+02 3.9095312500e+02 1.6717187881e+01
8.1731195678e-06 2.1581250000e+02 3.9095312500e+02 1.6766407013e+01
8.1827201939e-06 2.1378125000e+02 3.9103125000e+02 1.6817968369e+01
8.1923199104e-06 2.1456250000e+02 3.9029687500e+02 1.6644531250e+01
8.2019196270e-06 2.1690625000e+02 3.9103125000e+02 1.6722656250e+01
8.2115202531e-06 2.1359375000e+02 3.9079687500e+02 1.6726562500e+01
8.2211199697e-06 2.1428125000e+02 3.9132812500e+02 1.6744531631e+01
8.2307196863e-06 2.1362500000e+02 3.8942187500e+02 1.6506250381e+01
8.2403203123e-06 2.1506250000e+02 3.8864062500e+02 1.6633594513e+01
8.2499200289e-06 2.1381250000e+02 3.8981250000e+02 1.6645313263e+01
8.2595197455e-06 2.1562500000e+02 3.9195312500e+02 1.6660156250e+01
8.2691203716e-06 2.0965625000e+02 3.9084375000e+02 1.6611719131e+01
8.2787200881e-06 2.1228125000e+02 3.9101562500e+02 1.6652343750e+01
8.2883198047e-06 2.1500000000e+02 3.9059375000e+02 1.6680469513e+01
8.2979204308e-06 2.1196875000e+02 3.9062500000e+02 1.6553125381e+01
8.3075201474e-06 2.1321875000e+02 3.9153125000e+02 1.6461719513e+01
8.3171198639e-06 2.1353125000e+02 3.8968750000e+02 1.6551563263e+01
8.3267195805e-06 2.1021875000e+02 3.9075000000e+02 1.6620311737e+01
8.3363202066e-06 2.1068750000e+02 3.9087500000e+02 1.6546875000e+01
8.3459199232e-06 2.1309375000e+02 3.9121875000e+02 1.6628906250e+01
8.3555196397e-06 2.1506250000e+02 3.8987500000e+02 1.6518749237e+01
8.3651202658e-06 2.1387500000e+02 3.8993750000e+02 1.6675781250e+01
8.3747199824e-06 2.1025000000e+02 3.9176562500e+02 1.6501562119e+01
8.3843196990e-06 2.1275000000e+02 3.9092187500e+02 1.6456249237e+01
8.3939203250e-06 2.1359375000e+02 3.9043750000e+02 1.6513280869e+01
8.4035200416e-06 2.1128125000e+02 3.9089062500e+02 1.6495311737e+01
8.4131197582e-06 2.1318750000e+02 3.8878125000e+02 1.6589061737e+01
8.4227203843e-06 2.1475000000e+02 3.9084375000e+02 1.6539844513e+01
8.4323201008e-06 2.0993750000e+02 3.9065625000e+02 1.6435937881e+01
8.4419198174e-06 2.1515625000e+02 3.9160937500e+02 1.6457813263e+01
8.4515204435e-06 2.1193750000e+02 3.9017187500e+02 1.6597656250e+01
8.4611201601e-06 2.0859375000e+02 3.9139062500e+02 1.6561717987e+01
8.4707198766e-06 2.1337500000e+02 3.9153125000e+02 1.6524219513e+01
8.4803195932e-06 2.1096875000e+02 3.9081250000e+02 1.6460155487e+01
8.4899202193e-06 2.1221875000e+02 3.9076562500e+02 1.6497655869e+01
8.4995199359e-06 2.1287500000e+02 3.9121875000e+02 1.6325780869e+01
8.5091196524e-06 2.0750000000e+02 3.9000000000e+02 1.6422657013e+01
8.5187202785e-06 2.0968750000e+02 3.9135937500e+02 1.6418750763e+01
8.5283199951e-06 2.1018750000e+02 3.9078125000e+02 1.6450000763e+01
8.5379197117e-06 2.1306250000e+02 3.9020312500e+02 1.6432811737e+01
8.5475203377e-06 2.1018750000e+02 3.9042187500e+02 1.6450000763e+01
8.5571200543e-06 2.1103125000e+02 3.9093750000e+02 1.6374217987e+01
8.5667197709e-06 2.0871875000e+02 3.9085937500e+02 1.6543750763e+01
8.5763203970e-06 2.0731250000e+02 3.9051562500e+02 1.6396875381e+01
8.5859201135e-06 2.0790625000e+02 3.8964062500e+02 1.6356250763e+01
8.5955198301e-06 2.0896875000e+02 3.9140625000e+02 1.6432031631e+01
8.6051195467e-06 2.0812500000e+02 3.8914062500e+02 1.6371875763e+01
8.6147201728e-06 2.1296875000e+02 3.9009375000e+02 1.6318750381e+01
8.6243198893e-06 2.0918750000e+02 3.9048437500e+02 1.6301563263e+01
8.6339196059e-06 2.0946875000e+02 3.8951562500e+02 1.6340625763e+01
8.6435202320e-06 2.0809375000e+02 3.8937500000e+02 1.6377344131e+01
8.6531199486e-06 2.0687500000e+02 3.8907812500e+02 1.6221094131e+01
8.6627196652e-06 2.0637500000e+02 3.9081250000e+02 1.6313282013e+01
8.6723202912e-06 2.0831250000e+02 3.8917187500e+02 1.6449218750e+01
8.6819200078e-06 2.0843750000e+02 3.8803125000e+02 1.6280467987e+01
8.6915197244e-06 2.1146875000e+02 3.8926562500e+02 1.6200000763e+01
8.7011203505e-06 2.1012500000e+02 3.9173437500e+02 1.6291406631e+01
8.7107200670e-06 2.1018750000e+02 3.8987500000e+02 1.6385156631e+01
8.7203197836e-06 2.0946875000e+02 3.8951562500e+02 1.6228124619e+01
8.7299204097e-06 2.1125000000e+02 3.9006250000e+02 1.6239843369e+01
8.7395201263e-06 2.1065625000e+02 3.8992187500e+02 1.6309375763e+01
8.7491198428e-06 2.0625000000e+02 3.8989062500e+02 1.6278905869e+01
8.7587195594e-06 2.0934375000e+02 3.8934375000e+02 1.6161718369e+01
8.7683201855e-06 2.0775000000e+02 3.9112500000e+02 1.6155467987e+01
8.7779199021e-06 2.0962500000e+02 3.9131250000e+02 1.6136718750e+01
8.7875196186e-06 2.0743750000e+02 3.9057812500e+02 1.6184375763e+01
8.7971202447e-06 2.0596875000e+02 3.9076562500e+02 1.6125000000e+01
8.8067199613e-06 2.0693750000e+02 3.8975000000e+02 1.6223438263e+01
8.8163196779e-06 2.1003125000e+02 3.8939062500e+02 1.6119531631e+01
8.8259203039e-06 2.0915625000e+02 3.9010937500e+02 1.6246093750e+01
8.8355200205e-06 2.0612500000e+02 3.9165625000e+02 1.6071874619e+01
8.8451197371e-06 2.0759375000e+02 3.9112500000e+02 1.6150781631e+01
8.8547203632e-06 2.0846875000e+02 3.9125000000e+02 1.6171875000e+01
8.8643200797e-06 2.0506250000e+02 3.8898437500e+02 1.6174999237e+01
8.8739197963e-06 2.0656250000e+02 3.9065625000e+02 1.6142187119e+01
8.8835204224e-06 2.0321875000e+02 3.9057812500e+02 1.6054687500e+01
8.8931201390e-06 2.0653125000e+02 3.8932812500e+02 1.6228906631e+01
8.9027198555e-06 2.0846875000e+02 3.9046875000e+02 1.6103906631e+01
8.9123195721e-06 2.0490625000e+02 3.8976562500e+02 1.6095312119e+01
8.9219201982e-06 2.0725000000e+02 3.9020312500e+02 1.6182031631e+01
8.9315199148e-06 2.0684375000e+02 3.8951562500e+02 1.6007812500e+01
8.9411196313e-06 2.0562500000e+02 3.8989062500e+02 1.6139062881e+01
8.9507202574e-06 2.0756250000e+02 3.8950000000e+02 1.6079687119e+01
8.9603199740e-06 2.0509375000e+02 3.8995312500e+02 1.6087499619e+01
8.9699196906e-06 2.0675000000e+02 3.9015625000e+02 1.6033594131e+01
8.9795203166e-06 2.0575000000e+02 3.8951562500e+02 1.6075780869e+01
8.9891200332e-06 2.0678125000e+02 3.8992187500e+02 1.6081249237e+01
8.9987197498e-06 2.0421875000e+02 3.9000000000e+02 1.6027343750e+01
9.0083203759e-06 2.0706250000e+02 3.8951562500e+02 1.6100000381e+01
9.0179200924e-06 2.0471875000e+02 3.8909375000e+02 1.6093750000e+01
9.0275198090e-06 2.0553125000e+02 3.9089062500e+02 1.5956250191e+01
9.0371204351e-06 2.0262500000e+02 3.9045312500e+02 1.6015625000e+01
9.0467201517e-06 2.0137500000e+02 3.9015625000e+02 1.6000000000e+01
9.0563198683e-06 2.0678125000e+02 3.8962500000e+02 1.5975781441e+01
9.0659195848e-06 2.0690625000e+02 3.9014062500e+02 1.6014062881e+01
9.0755202109e-06 2.0340625000e+02 3.8954687500e+02 1.6009374619e+01
9.0851199275e-06 2.0490625000e+02 3.9025000000e+02 1.5955469131e+01
9.0947196441e-06 2.0443750000e+02 3.8946875000e+02 1.6016407013e+01
9.1043202701e-06 2.0118750000e+02 3.9135937500e+02 1.5940625191e+01
9.1139199867e-06 2.0121875000e+02 3.9006250000e+02 1.6049219131e+01
9.1235197033e-06 2.0143750000e+02 3.9139062500e+02 1.6023437500e+01
9.1331203294e-06 2.0365625000e+02 3.9032812500e+02 1.5896093369e+01
9.1427200459e-06 2.0678125000e+02 3.9068750000e+02 1.5925781250e+01
9.1523197625e-06 2.0403125000e+02 3.8898437500e+02 1.5803906441e+01
9.1619203886e-06 2.0259375000e+02 3.9032812500e+02 1.5858593941e+01
9.1715201052e-06 2.0362500000e+02 3.8925000000e+02 1.5721875191e+01
9.1811198217e-06 2.0212500000e+02 3.9043750000e+02 1.5917968750e+01
9.1907204478e-06 2.0393750000e+02 3.9056250000e+02 1.5957031250e+01
9.2003201644e-06 2.0553125000e+02 3.8951562500e+02 1.5853906631e+01
9.2099198810e-06 1.9975000000e+02 3.9070312500e+02 1.6050781250e+01
9.2195195975e-06 1.9903125000e+02 3.9114062500e+02 1.5811718941e+01
9.2291202236e-06 2.0525000000e+02 3.8917187500e+02 1.5810155869e+01
9.2387199402e-06 2.0243750000e+02 3.8860937500e+02 1.5770312309e+01
9.2483196568e-06 1.9734375000e+02 3.9025000000e+02 1.5814844131e+01
9.2579202828e-06 1.9975000000e+02 3.9004687500e+02 1.5806249619e+01
9.2675199994e-06 2.0531250000e+02 3.8870312500e+02 1.5802343369e+01
9.2771197160e-06 2.0156250000e+02 3.8968750000e+02 1.5958593369e+01
9.2867203421e-06 2.0159375000e+02 3.8945312500e+02 1.5722656250e+01
9.2963200586e-06 1.9881250000e+02 3.9159375000e+02 1.5706250191e+01
9.3059197752e-06 2.0287500000e+02 3.8990625000e+02 1.5803125381e+01
9.3155204013e-06 2.0068750000e+02 3.8793750000e+02 1.5723437309e+01
9.3251201179e-06 2.0050000000e+02 3.8937500000e+02 1.5830469131e+01
9.3347198344e-06 2.0350000000e+02 3.8982812500e+02 1.5852343559e+01
9.3443195510e-06 2.0287500000e+02 3.9029687500e+02 1.5874218941e+01
9.3539201771e-06 2.0184375000e+02 3.8870312500e+02 1.5639062881e+01
9.3635198937e-06 1.9903125000e+02 3.9000000000e+02 1.5791406631e+01
9.3731196102e-06 1.9862500000e+02 3.9121875000e+02 1.5840624809e+01
9.3827202363e-06 2.0306250000e+02 3.9032812500e+02 1.5731249809e+01
9.3923199529e-06 2.0143750000e+02 3.8865625000e+02 1.5689062119e+01
9.4019196695e-06 2.0434375000e+02 3.8856250000e+02 1.5640625000e+01
9.4115202955e-06 2.0146875000e+02 3.9039062500e+02 1.5713281631e+01
9.4211200121e-06 2.0065625000e+02 3.8959375000e+02 1.5738281250e+01
9.4307197287e-06 1.9731250000e+02 3.9109375000e+02 1.5653124809e+01
9.4403203548e-06 1.9903125000e+02 3.8951562500e+02 1.5700780869e+01
9.4499200713e-06 2.0081250000e+02 3.9082812500e+02 1.5739062309e+01
9.4595197879e-06 1.9868750000e+02 3.8954687500e+02 1.5695312500e+01
9.4691204140e-06 2.0059375000e+02 3.8979687500e+02 1.5614062309e+01
9.4787201306e-06 1.9903125000e+02 3.9050000000e+02 1.5666406631e+01
9.4883198472e-06 2.0046875000e+02 3.8954687500e+02 1.5618749619e+01
9.4979195637e-06 1.9859375000e+02 3.8970312500e+02 1.5617187500e+01
9.5075201898e-06 1.9962500000e+02 3.9034375000e+02 1.5685155869e+01
9.5171199064e-06 1.9978125000e+02 3.8896875000e+02 1.5620312691e+01
9.5267196230e-06 1.9915625000e+02 3.8962500000e+02 1.5519531250e+01
9.5363202490e-06 1.9843750000e+02 3.8951562500e+02 1.5530468941e+01
9.5459199656e-06 2.0071875000e+02 3.8984375000e+02 1.5525781631e+01
9.5555196822e-06 1.9875000000e+02 3.9004687500e+02 1.5635937691e+01
9.5651203083e-06 1.9803125000e+02 3.8809375000e+02 1.5535156250e+01
9.5747200248e-06 2.0184375000e+02 3.8873437500e+02 1.5440625191e+01
9.5843197414e-06 1.9915625000e+02 3.8935937500e+02 1.5500781059e+01
9.5939203675e-06 1.9896875000e+02 3.9000000000e+02 1.5453906059e+01
9.6035200841e-06 1.9871875000e+02 3.9067187500e+02 1.5561718941e+01
9.6131198006e-06 1.9712500000e+02 3.8906250000e+02 1.5500000000e+01
9.6227204267e-06 1.9721875000e+02 3.8948437500e+02 1.5508593559e+01
9.6323201433e-06 1.9759375000e+02 3.8964062500e+02 1.5457812309e+01
9.6419198599e-06 2.0056250000e+02 3.8959375000e+02 1.5532031059e+01
9.6515195764e-06 1.9718750000e+02 3.9054687500e+02 1.5557812691e+01
9.6611202025e-06 1.9612500000e+02 3.8959375000e+02 1.5475781441e+01
9.6707199191e-06 1.9615625000e+02 3.8906250000e+02 1.5542187691e+01
9.6803196357e-06 2.0056250000e+02 3.8867187500e+02 1.5408594131e+01
9.6899202617e-06 1.9721875000e+02 3.8890625000e+02 1.5287500381e+01
9.6995199783e-06 1.9778125000e+02 3.9029687500e+02 1.5400781631e+01
9.7091196949e-06 1.9475000000e+02 3.8842187500e+02 1.5470312119e+01
9.7187203210e-06 1.9746875000e+02 3.9095312500e+02 1.5369531631e+01
9.7283200375e-06 1.9625000000e+02 3.8889062500e+02 1.5320312500e+01
9.7379197541e-06 1.9659375000e+02 3.9051562500e+02 1.5619531631e+01
9.7475203802e-06 1.9425000000e+02 3.8929687500e+02 1.5351562500e+01
9.7571200968e-06 1.9768750000e+02 3.8989062500e+02 1.5313281059e+01
9.7667198133e-06 1.9809375000e+02 3.9042187500e+02 1.5403124809e+01
9.7763204394e-06 1.9621875000e+02 3.8754687500e+02 1.5430468559e+01
9.7859201560e-06 1.9681250000e+02 3.8896875000e+02 1.5336718559e+01
9.7955198726e-06 1.9703125000e+02 3.8935937500e+02 1.5425000191e+01
9.8051195891e-06 1.9434375000e+02 3.8978125000e+02 1.5273437500e+01
9.8147202152e-06 1.9609375000e+02 3.9029687500e+02 1.2675000191e+01
9.8243199318e-06 1.9731250000e+02 3.9703125000e+02 1.2517187119e+01
9.8339196484e-06 1.9712500000e+02 4.0275000000e+02 1.1538281441e+01
9.8435202744e-06 1.8493750000e+02 4.0560937500e+02 1.0686718941e+01
9.8531199910e-06 1.8084375000e+02 4.1353125000e+02 9.9648437500e+00
9.8627197076e-06 1.7100000000e+02 4.2139062500e+02 9.1359376907e+00
9.8723203337e-06 1.6068750000e+02 4.2906250000e+02 8.2906246185e+00
9.8819200502e-06 1.4465625000e+02 4.3032812500e+02 7.4976563454e+00
9.8915197668e-06 1.3181250000e+02 4.3237500000e+02 6.8375000954e+00
9.9011203929e-06 1.1253125000e+02 4.3109375000e+02 6.2703123093e+00
9.9107201095e-06 1.0212500000e+02 4.2579687500e+02 5.5578126907e+00
9.9203198261e-06 8.7531250000e+01 4.2248437500e+02 4.9328126907e+00
9.9299204521e-06 7.3031250000e+01 4.1679687500e+02 4.5124998093e+00
9.9395201687e-06 6.6375000000e+01 4.0837500000e+02 4.1703124046e+00
9.9491198853e-06 5.6062500000e+01 4.0434375000e+02 3.5882811546e+00
9.9587196019e-06 4.8687500000e+01 3.9812500000e+02 3.2796874046e+00
9.9683202279e-06 4.4531250000e+01 3.9595312500e+02 3.0921874046e+00
9.9779199445e-06 3.8968750000e+01 3.9404687500e+02 2.6171875000e+00
9.9875196611e-06 3.4750000000e+01 3.9453125000e+02 2.3773436546e+00
9.9971202872e-06 2.8687500000e+01 3.9618750000e+02 2.0796875954e+00
1.0006720004e-05 2.7750000000e+01 3.9659375000e+02 1.9031250477e+00
1.0016319720e-05 2.7656250000e+01 3.9818750000e+02 1.7632812262e+00
1.0025920346e-05 2.3156250000e+01 3.9896875000e+02 1.6546875238e+00
1.0035520063e-05 2.3437500000e+01 3.9871875000e+02 1.4976562262e+00
1.0045119780e-05 1.7562500000e+01 3.9578125000e+02 1.2749999762e+00
1.0054720406e-05 1.7843750000e+01 3.9340625000e+02 9.9374997616e-01
1.0064320122e-05 1.7812500000e+01 3.9257812500e+02 1.0140625238e+00
1.0073919839e-05 1.8250000000e+01 3.8985937500e+02 9.0703123808e-01
1.0083519555e-05 1.7031250000e+01 3.8676562500e+02 7.5703126192e-01
1.0093120181e-05 1.9218750000e+01 3.8829687500e+02 6.8671876192e-01
1.0102719898e-05 1.6000000000e+01 3.8871875000e+02 6.6874998808e-01
1.0112319615e-05 1.6781250000e+01 3.8909375000e+02 5.9453123808e-01
1.0121920241e-05 1.4718750000e+01 3.9031250000e+02 5.0546872616e-01
1.0131519957e-05 1.7406250000e+01 3.9325000000e+02 3.8359373808e-01
1.0141119674e-05 1.4906250000e+01 3.9267187500e+02 3.5937500000e-01
1.0150720300e-05 1.4562500000e+01 3.9356250000e+02 2.3437500000e-01
1.0160320016e-05 1.3031250000e+01 3.9326562500e+02 2.6562500000e-01
1.0169919733e-05 1.3250000000e+01 3.9162500000e+02 2.9843750596e-01
1.0185600331e-05 1.2062500000e+01 3.9079687500e+02 2.5234374404e-01
1.0196159565e-05 1.0531250000e+01 3.8873437500e+02 7.5000002980e-02
1.0208959793e-05 1.1656250000e+01 3.8760937500e+02 1.9140625000e-01
1.0224959624e-05 1.0531250000e+01 3.8979687500e+02 3.9062500000e-02
1.0238079994e-05 1.3562500000e+01 3.8939062500e+02 1.5390625596e-01
1.0250560081e-05 1.5125000000e+01 3.9075000000e+02 1.1249999702e-01
1.0263999684e-05 1.1625000000e+01 3.9234375000e+02 1.9374999404e-01
1.0278399714e-05 1.0750000000e+01 3.9384375000e+02 1.7109374702e-01
1.0293440027e-05 1.2875000000e+01 3.9295312500e+02 1.0546875000e-01
1.0305920114e-05 1.1593750000e+01 3.9140625000e+02 4.9218751490e-02
1.0319039575e-05 1.3187500000e+01 3.8915625000e+02 9.0625002980e-02
1.0341120287e-05 1.1156250000e+01 3.9009375000e+02 -2.9687499627e-02
1.0358719919e-05 1.0062500000e+01 3.9092187500e+02 -6.2500000931e-03
1.0371520148e-05 1.2187500000e+01 3.8950000000e+02 8.4375001490e-02
1.0388480405e-05 1.2250000000e+01 3.9154687500e+02 1.1640624702e-01
1.0404160093e-05 1.1437500000e+01 3.9281250000e+02 1.8593749404e-01
1.0419200407e-05 1.1625000000e+01 3.9050000000e+02 8.4375001490e-02
1.0439999642e-05 1.0750000000e+01 3.9098437500e+02 1.0703124851e-01
1.0456959899e-05 1.0218750000e+01 3.8923437500e+02 9.5312498510e-02
1.0489599845e-05 1.1687500000e+01 3.9053125000e+02 1.2187500298e-01
1.0552959793e-05 1.0125000000e+01 3.8868750000e+02 1.2734374404e-01
1.0607360309e-05 1.0062500000e+01 3.8940625000e+02 1.7187500000e-01
1.0687999747e-05 1.1187500000e+01 3.8790625000e+02 2.4218749255e-02
1.0811199900e-05 1.0937500000e+01 3.8906250000e+02 -1.6406249255e-02
