# time_s Ids_true_A Ids_pred_A Ids_physics_A T_mean_K
4.2720103011e-08 1.0937500000e+01 1.8304351807e+01 3.2455368042e+01 3.2831912231e+02
5.2960103858e-08 2.6781250000e+01 3.6488708496e+01 5.3631023407e+01 3.2908865356e+02
6.2560047809e-08 4.3250000000e+01 5.6769226074e+01 7.3597427368e+01 3.3002102661e+02
7.2159991760e-08 6.5375000000e+01 8.1720870972e+01 9.7272125244e+01 3.3119299316e+02
8.1759935711e-08 8.5781250000e+01 9.8396957397e+01 1.1121175385e+02 3.3246337891e+02
9.1360107035e-08 1.0731250000e+02 1.2093212891e+02 1.3241120911e+02 3.3393420410e+02
1.0096005099e-07 1.2921875000e+02 1.3958425903e+02 1.5060191345e+02 3.3556423950e+02
1.1055999494e-07 1.5065625000e+02 1.6274388123e+02 1.7335380554e+02 3.3742028809e+02
1.2015993889e-07 1.7406250000e+02 1.7439453125e+02 1.8551979065e+02 3.3937762451e+02
1.2976011021e-07 1.9337500000e+02 2.0143205261e+02 2.0768995667e+02 3.4159317017e+02
1.3936005416e-07 2.1615625000e+02 2.2397863770e+02 2.2450929260e+02 3.4398886108e+02
1.4895999811e-07 2.2981250000e+02 2.4893081665e+02 2.4323818970e+02 3.4657077026e+02
1.5855994207e-07 2.4493750000e+02 2.5951458740e+02 2.5130554199e+02 3.4919729614e+02
1.6816011339e-07 2.6356250000e+02 2.6896875000e+02 2.5830468750e+02 3.5183999634e+02
1.7776005734e-07 2.7496875000e+02 2.9191687012e+02 2.7705276489e+02 3.5462921143e+02
1.8736022867e-07 2.8862500000e+02 2.8690563965e+02 2.8029345703e+02 3.5733651733e+02
1.9695994524e-07 2.9790625000e+02 3.0501596069e+02 2.9806304932e+02 3.6016668701e+02
2.0656034394e-07 3.1356250000e+02 3.1017276001e+02 3.0907360840e+02 3.6300988770e+02
2.1616006052e-07 3.2425000000e+02 3.0879629517e+02 3.1318057251e+02 3.6580175781e+02
2.2576023184e-07 3.3437500000e+02 3.2341033936e+02 3.2819277954e+02 3.6869912720e+02
2.3535994842e-07 3.4156250000e+02 3.2138308716e+02 3.2996041870e+02 3.7153924561e+02
2.4496034712e-07 3.5212500000e+02 3.4144635010e+02 3.4778662109e+02 3.7453717041e+02
2.5456006369e-07 3.6331250000e+02 3.6033914185e+02 3.5504901123e+02 3.7760723877e+02
2.6416023502e-07 3.6700000000e+02 3.6626879883e+02 3.6078457642e+02 3.8067504883e+02
2.7375995160e-07 3.8075000000e+02 4.0094512939e+02 3.7839263916e+02 3.8391967773e+02
2.8336035029e-07 3.8840625000e+02 4.1767922974e+02 3.8270031738e+02 3.8715869141e+02
2.9296006687e-07 3.9678125000e+02 4.2045220947e+02 3.8582534790e+02 3.9035824585e+02
3.0256023820e-07 4.0131250000e+02 4.1733978271e+02 4.0082006836e+02 3.9364019775e+02
3.1215995477e-07 4.0884375000e+02 4.1395370483e+02 3.9522244263e+02 3.9678579712e+02
3.2176035347e-07 4.1293750000e+02 4.1253332520e+02 4.0719848633e+02 3.9998950195e+02
3.3136007005e-07 4.1815625000e+02 3.9416983032e+02 4.1106506348e+02 4.0313104248e+02
3.4096024137e-07 4.2409375000e+02 4.0266000366e+02 4.2129943848e+02 4.0633291626e+02
3.5055995795e-07 4.3350000000e+02 4.0509201050e+02 4.2427062988e+02 4.0951165771e+02
3.6016012928e-07 4.3484375000e+02 4.0240377808e+02 4.3361312866e+02 4.1271752930e+02
3.6976007323e-07 4.4146875000e+02 4.2088162231e+02 4.3709616089e+02 4.1594360352e+02
3.7936024455e-07 4.4784375000e+02 4.3740179443e+02 4.4411727905e+02 4.1921496582e+02
3.8895996113e-07 4.5409375000e+02 4.7066009521e+02 4.5736834717e+02 4.2262106323e+02
3.9856013245e-07 4.5953125000e+02 4.7892935181e+02 4.6168179321e+02 4.2602593994e+02
4.0816007640e-07 4.5943750000e+02 4.7066619873e+02 4.6736026001e+02 4.2942074585e+02
4.1776024773e-07 4.6068750000e+02 4.9268499756e+02 4.6244790649e+02 4.3273867798e+02
4.2735996431e-07 4.7209375000e+02 4.8460363770e+02 4.7926632690e+02 4.3617297363e+02
4.3696013563e-07 4.7428125000e+02 4.7975830078e+02 4.5859341431e+02 4.3932446289e+02
4.4656007958e-07 4.7668750000e+02 4.6718103027e+02 4.7306408691e+02 4.4256787109e+02
4.5616025091e-07 4.7762500000e+02 4.5905926514e+02 4.8268630981e+02 4.4585290527e+02
4.6575996748e-07 4.8290625000e+02 4.6114440918e+02 4.7733825684e+02 4.4904016113e+02
4.7535991143e-07 4.8531250000e+02 4.6340673828e+02 4.8147454834e+02 4.5223165894e+02
4.8496008276e-07 4.8603125000e+02 4.8242004395e+02 4.9882168579e+02 4.5559140015e+02
4.9456002671e-07 4.8706250000e+02 4.9733465576e+02 4.9519540405e+02 4.5889138794e+02
5.0415997066e-07 4.9115625000e+02 4.9937792969e+02 4.9309561157e+02 4.6212951660e+02
5.1376036936e-07 4.9728125000e+02 5.0030773926e+02 5.0735931396e+02 4.6547937012e+02
5.2336008594e-07 4.9906250000e+02 5.0417242432e+02 4.9308584595e+02 4.6864248657e+02
5.3296002989e-07 4.9984375000e+02 5.1795556641e+02 4.9828424072e+02 4.7184692383e+02
5.4255997384e-07 5.0343750000e+02 4.9543536377e+02 5.0051489258e+02 4.7500140381e+02
5.5215991779e-07 5.0256250000e+02 5.1345050049e+02 5.1032144165e+02 4.7825350952e+02
5.6176008911e-07 5.0296875000e+02 5.0152758789e+02 5.0161566162e+02 4.8135778809e+02
5.7136003306e-07 5.0690625000e+02 5.0482373047e+02 5.0566870117e+02 4.8447735596e+02
5.8095997701e-07 5.0840625000e+02 4.9393515015e+02 5.1532489014e+02 4.8764666748e+02
5.9055992097e-07 5.0931250000e+02 5.0860470581e+02 5.0909329224e+02 4.9074353027e+02
6.0016009229e-07 5.1009375000e+02 5.0405392456e+02 5.0727377319e+02 4.9378332520e+02
6.0976003624e-07 5.1025000000e+02 5.1079739380e+02 5.2178625488e+02 4.9695632935e+02
6.1935998019e-07 5.1078125000e+02 5.2732092285e+02 5.2882885742e+02 5.0020516968e+02
6.2895992414e-07 5.1209375000e+02 5.1264361572e+02 5.1319262695e+02 5.0322940063e+02
6.3856009547e-07 5.1512500000e+02 5.2696020508e+02 5.2359960938e+02 5.0636477661e+02
6.4816003942e-07 5.1578125000e+02 5.2847473145e+02 5.2219372559e+02 5.0946099854e+02
6.5775998337e-07 5.1828125000e+02 5.1395178223e+02 5.2558294678e+02 5.1253192139e+02
6.6735992732e-07 5.1290625000e+02 5.2146600342e+02 5.1895526123e+02 5.1552484131e+02
6.7696009864e-07 5.1643750000e+02 4.9876464844e+02 5.1482116699e+02 5.1840637207e+02
6.8656004260e-07 5.2178125000e+02 5.1715802002e+02 5.3261376953e+02 5.2148248291e+02
6.9615998655e-07 5.2165625000e+02 5.2365478516e+02 5.3042993164e+02 5.2452679443e+02
7.0575993050e-07 5.1971875000e+02 5.1959149170e+02 5.1914178467e+02 5.2742230225e+02
7.1536010182e-07 5.1875000000e+02 5.2373602295e+02 5.2686022949e+02 5.3038592529e+02
7.2496004577e-07 5.2165625000e+02 5.0898199463e+02 5.1345001221e+02 5.3315698242e+02
7.3455998972e-07 5.2109375000e+02 5.0660473633e+02 5.2234606934e+02 5.3599407959e+02
7.4415993367e-07 5.2006250000e+02 5.0544567871e+02 5.1884051514e+02 5.3877423096e+02
7.5376010500e-07 5.2184375000e+02 5.1972106934e+02 5.2040454102e+02 5.4158618164e+02
7.6336004895e-07 5.1903125000e+02 5.2165295410e+02 5.2168756104e+02 5.4439898682e+02
7.7295999290e-07 5.1793750000e+02 5.2863098145e+02 5.3548065186e+02 5.4735797119e+02
7.8255993685e-07 5.1643750000e+02 5.2265777588e+02 5.1943194580e+02 5.5011492920e+02
7.9216010818e-07 5.1725000000e+02 5.1813140869e+02 5.1839855957e+02 5.5283050537e+02
8.0176005213e-07 5.2021875000e+02 5.0553619385e+02 5.1830474854e+02 5.5549584961e+02
8.1135999608e-07 5.1800000000e+02 5.1173611450e+02 5.2286309814e+02 5.5820672607e+02
8.2095994003e-07 5.1868750000e+02 5.0351037598e+02 5.0612838745e+02 5.6071691895e+02
8.3056011135e-07 5.1953125000e+02 5.1543859863e+02 5.2144409180e+02 5.6339862061e+02
8.4016005530e-07 5.1734375000e+02 5.1653710938e+02 5.1441381836e+02 5.6600213623e+02
8.4975999926e-07 5.1965625000e+02 5.1891998291e+02 5.2392797852e+02 5.6869616699e+02
8.5935994321e-07 5.1437500000e+02 5.1496191406e+02 5.1263275146e+02 5.7125097656e+02
8.6896011453e-07 5.1837500000e+02 5.1191098022e+02 5.1634381104e+02 5.7381878662e+02
8.7856005848e-07 5.1581250000e+02 5.1586608887e+02 5.1512396240e+02 5.7638116455e+02
8.8816000243e-07 5.1521875000e+02 5.0931591797e+02 5.1451373291e+02 5.7889892578e+02
8.9775994638e-07 5.1356250000e+02 5.1038067627e+02 5.1074423218e+02 5.8137426758e+02
9.0736011771e-07 5.1553125000e+02 5.1173556519e+02 5.0915399170e+02 5.8383203125e+02
9.1696006166e-07 5.1146875000e+02 5.1164376831e+02 5.1893554688e+02 5.8637304688e+02
9.2656000561e-07 5.1418750000e+02 5.1290380859e+02 5.1019433594e+02 5.8883410645e+02
9.3615994956e-07 5.1212500000e+02 5.0847381592e+02 5.1229724121e+02 5.9127905273e+02
9.4576012089e-07 5.1165625000e+02 5.1167471313e+02 5.2131707764e+02 5.9381939697e+02
9.5536006484e-07 5.1240625000e+02 4.9556427002e+02 4.9557653809e+02 5.9603918457e+02
9.6496000879e-07 5.0696875000e+02 4.9754113770e+02 4.9773703003e+02 5.9827947998e+02
9.7455995274e-07 5.1084375000e+02 5.0211227417e+02 4.9861938477e+02 6.0053961182e+02
9.8416012406e-07 5.0934375000e+02 5.0098559570e+02 5.0106912231e+02 6.0281219482e+02
9.9376006801e-07 5.0868750000e+02 5.0356802368e+02 5.0563299561e+02 6.0513507080e+02
1.0033600120e-06 5.0675000000e+02 4.9755224609e+02 4.9434521484e+02 6.0731781006e+02
1.0129599559e-06 5.0493750000e+02 5.0168139648e+02 5.0270233154e+02 6.0959490967e+02
1.0225601272e-06 5.0531250000e+02 4.9906442261e+02 4.9100112915e+02 6.1174658203e+02
1.0321600712e-06 5.0225000000e+02 4.9759844971e+02 5.0078717041e+02 6.1397497559e+02
1.0417602425e-06 4.9987500000e+02 4.9991687012e+02 4.9988983154e+02 6.1620916748e+02
1.0513599591e-06 4.9950000000e+02 4.9146203613e+02 4.8157778931e+02 6.1822308350e+02
1.0609603578e-06 5.0043750000e+02 4.9458685303e+02 4.9412796021e+02 6.2036511230e+02
1.0705600744e-06 5.0178125000e+02 4.9421295166e+02 4.9282012939e+02 6.2249066162e+02
1.0801602457e-06 4.9696875000e+02 4.9089193726e+02 4.9073208618e+02 6.2457592773e+02
1.0897599623e-06 4.9715625000e+02 4.9219659424e+02 4.9157089233e+02 6.2667407227e+02
1.0993603610e-06 4.9540625000e+02 4.8956353760e+02 4.8662957764e+02 6.2871051025e+02
1.1089600775e-06 4.9509375000e+02 4.8952706909e+02 4.8920458984e+02 6.3076800537e+02
1.1185602489e-06 4.9165625000e+02 4.9051892090e+02 4.9365493774e+02 6.3287060547e+02
1.1281599654e-06 4.9471875000e+02 4.8728332520e+02 4.8028002930e+02 6.3483331299e+02
1.1377603641e-06 4.9228125000e+02 4.8218548584e+02 4.8480441284e+02 6.3680664062e+02
1.1473600807e-06 4.9165625000e+02 4.8386120605e+02 4.8641409302e+02 6.3880029297e+02
1.1569602520e-06 4.8646875000e+02 4.8156390381e+02 4.7175067139e+02 6.4065179443e+02
1.1665599686e-06 4.8790625000e+02 4.7796673584e+02 4.6998672485e+02 6.4246972656e+02
1.1761603673e-06 4.8640625000e+02 4.8225070190e+02 4.7615209961e+02 6.4436865234e+02
1.1857600839e-06 4.8468750000e+02 4.7857192993e+02 4.7028204346e+02 6.4619256592e+02
1.1953602552e-06 4.8212500000e+02 4.8296691895e+02 4.8797204590e+02 6.4820251465e+02
1.2049599718e-06 4.8390625000e+02 4.7334481812e+02 4.6597998047e+02 6.4995989990e+02
1.2145603705e-06 4.8390625000e+02 4.7532489014e+02 4.7127175903e+02 6.5177447510e+02
1.2241600871e-06 4.8196875000e+02 4.7745666504e+02 4.7434347534e+02 6.5363262939e+02
1.2337600310e-06 4.8171875000e+02 4.7677886963e+02 4.7510034180e+02 6.5549401855e+02
1.2433599750e-06 4.7606250000e+02 4.7106945801e+02 4.7152401733e+02 6.5728674316e+02
1.2529603737e-06 4.7665625000e+02 4.7095355225e+02 4.6687649536e+02 6.5903997803e+02
1.2625600903e-06 4.7418750000e+02 4.7101132202e+02 4.6641806030e+02 6.6079168701e+02
1.2721600342e-06 4.7475000000e+02 4.6758428955e+02 4.5945477295e+02 6.6246539307e+02
1.2817599782e-06 4.7278125000e+02 4.6740118408e+02 4.5944677734e+02 6.6414062500e+02
1.2913601495e-06 4.7168750000e+02 4.6631018066e+02 4.5839437866e+02 6.6580291748e+02
1.3009600934e-06 4.7212500000e+02 4.6480450439e+02 4.5860723877e+02 6.6746014404e+02
1.3105600374e-06 4.7309375000e+02 4.6374105835e+02 4.5479077148e+02 6.6908184814e+02
1.3201599813e-06 4.6940625000e+02 4.6227685547e+02 4.5297528076e+02 6.7068249512e+02
1.3297600390e-06 4.6818750000e+02 4.6386938477e+02 4.5584146118e+02 6.7232348633e+02
1.3393598692e-06 4.6490625000e+02 4.6162335205e+02 4.5784304810e+02 6.7396557617e+02
1.3489599269e-06 4.6643750000e+02 4.6177175903e+02 4.6245919800e+02 6.7564801025e+02
1.3585599845e-06 4.6928125000e+02 4.6258575439e+02 4.5897918701e+02 6.7732025146e+02
1.3681600421e-06 4.6578125000e+02 4.5897698975e+02 4.5145166016e+02 6.7890167236e+02
1.3777599861e-06 4.6725000000e+02 4.5809460449e+02 4.5057479858e+02 6.8047424316e+02
1.3873600437e-06 4.6012500000e+02 4.5676806641e+02 4.5432907104e+02 6.8206842041e+02
1.3969599877e-06 4.5975000000e+02 4.5336840820e+02 4.4764566040e+02 6.8358966064e+02
1.4065600453e-06 4.5996875000e+02 4.5271374512e+02 4.4716247559e+02 6.8510638428e+02
1.4161601030e-06 4.5659375000e+02 4.5340905762e+02 4.5035308838e+02 6.8665667725e+02
1.4257601606e-06 4.5831250000e+02 4.5425140381e+02 4.5020169067e+02 6.8822204590e+02
1.4353601046e-06 4.5781250000e+02 4.5007739258e+02 4.4397427368e+02 6.8970587158e+02
1.4449601622e-06 4.5078125000e+02 4.4812701416e+02 4.3312371826e+02 6.9109753418e+02
1.4545601061e-06 4.5118750000e+02 4.4808181763e+02 4.4126107788e+02 6.9255633545e+02
1.4641601638e-06 4.5071875000e+02 4.4903524780e+02 4.4760296631e+02 6.9407489014e+02
1.4737601077e-06 4.5115625000e+02 4.4428887939e+02 4.3941445923e+02 6.9549957275e+02
1.4833601654e-06 4.5040625000e+02 4.4552526855e+02 4.4091921997e+02 6.9694964600e+02
1.4929601093e-06 4.4500000000e+02 4.4370605469e+02 4.3849716187e+02 6.9837188721e+02
1.5025601670e-06 4.4721875000e+02 4.4157830811e+02 4.3882269287e+02 6.9978442383e+02
1.5121601109e-06 4.4387500000e+02 4.4317724609e+02 4.4151843262e+02 7.0123382568e+02
1.5217601685e-06 4.4625000000e+02 4.4138665771e+02 4.3924713135e+02 7.0265600586e+02
1.5313601125e-06 4.4343750000e+02 4.4192071533e+02 4.3911743164e+02 7.0409075928e+02
1.5409601701e-06 4.4256250000e+02 4.3922787476e+02 4.3583377075e+02 7.0548059082e+02
1.5505601141e-06 4.4271875000e+02 4.3963052368e+02 4.3672985840e+02 7.0688842773e+02
1.5601600580e-06 4.3846875000e+02 4.3883990479e+02 4.3486404419e+02 7.0828521729e+02
1.5697601157e-06 4.4115625000e+02 4.3821777344e+02 4.3536425781e+02 7.0968621826e+02
1.5793600596e-06 4.3868750000e+02 4.3696557617e+02 4.3681378174e+02 7.1108264160e+02
1.5889601173e-06 4.3615625000e+02 4.3696365356e+02 4.3658218384e+02 7.1249127197e+02
1.5985599475e-06 4.3625000000e+02 4.3427856445e+02 4.2956439209e+02 7.1383099365e+02
1.6081600052e-06 4.3378125000e+02 4.3248583984e+02 4.2717065430e+02 7.1514111328e+02
1.6177599491e-06 4.3606250000e+02 4.3196179199e+02 4.2778216553e+02 7.1645733643e+02
1.6273600068e-06 4.3209375000e+02 4.3037976074e+02 4.2475741577e+02 7.1774499512e+02
1.6369599507e-06 4.3137500000e+02 4.3035699463e+02 4.3065914917e+02 7.1906762695e+02
1.6465600083e-06 4.3043750000e+02 4.3087786865e+02 4.3113635254e+02 7.2041601562e+02
1.6561599523e-06 4.2909375000e+02 4.2636483765e+02 4.1936245728e+02 7.2164715576e+02
1.6657600099e-06 4.2887500000e+02 4.2574041748e+02 4.2029266357e+02 7.2288433838e+02
1.6753599539e-06 4.2478125000e+02 4.2422924805e+02 4.1790222168e+02 7.2409857178e+02
1.6849600115e-06 4.2740625000e+02 4.2664385986e+02 4.2673001099e+02 7.2540216064e+02
1.6945599555e-06 4.2825000000e+02 4.2255352783e+02 4.1535549927e+02 7.2660083008e+02
1.7041600131e-06 4.2453125000e+02 4.2082324219e+02 4.1727114868e+02 7.2779187012e+02
1.7137599571e-06 4.2440625000e+02 4.1994039917e+02 4.1471899414e+02 7.2896881104e+02
1.7233600147e-06 4.2450000000e+02 4.1940930176e+02 4.1487420654e+02 7.3014849854e+02
1.7329599586e-06 4.2093750000e+02 4.1826434326e+02 4.1230923462e+02 7.3131170654e+02
1.7425600163e-06 4.1712500000e+02 4.1811663818e+02 4.1483328247e+02 7.3249127197e+02
1.7521599602e-06 4.1759375000e+02 4.1738638306e+02 4.1490826416e+02 7.3366827393e+02
1.7617600179e-06 4.1562500000e+02 4.1708645630e+02 4.1454119873e+02 7.3485412598e+02
1.7713599618e-06 4.2068750000e+02 4.1838354492e+02 4.1996301270e+02 7.3607940674e+02
1.7809600195e-06 4.1531250000e+02 4.1433947754e+02 4.1027340698e+02 7.3722564697e+02
1.7905599634e-06 4.1156250000e+02 4.0982421875e+02 4.0173297119e+02 7.3827996826e+02
1.8001600210e-06 4.1284375000e+02 4.1215512085e+02 4.0921762085e+02 7.3940301514e+02
1.8097599650e-06 4.1471875000e+02 4.1237878418e+02 4.1040316772e+02 7.4054888916e+02
1.8193600226e-06 4.0800000000e+02 4.1092190552e+02 4.0818746948e+02 7.4167352295e+02
1.8289599666e-06 4.0971875000e+02 4.0973889160e+02 4.0721658325e+02 7.4278027344e+02
1.8385600242e-06 4.0934375000e+02 4.0847048950e+02 4.0515261841e+02 7.4387396240e+02
1.8481599682e-06 4.0946875000e+02 4.0702340698e+02 4.0247180176e+02 7.4495098877e+02
1.8577600258e-06 4.0962500000e+02 4.0780032349e+02 4.0626831055e+02 7.4605639648e+02
1.8673599698e-06 4.0796875000e+02 4.0877551270e+02 4.1055047607e+02 7.4721575928e+02
1.8769600274e-06 4.0487500000e+02 4.0687017822e+02 4.0684335327e+02 7.4833770752e+02
1.8865599714e-06 4.0750000000e+02 4.0138598633e+02 3.9536868286e+02 7.4933581543e+02
1.8961600290e-06 4.0465625000e+02 4.0512896729e+02 4.0478479004e+02 7.5042370605e+02
1.9057599729e-06 4.0328125000e+02 3.9940478516e+02 3.9231167603e+02 7.5140576172e+02
1.9153599169e-06 4.0106250000e+02 4.0193942261e+02 4.0002160645e+02 7.5245092773e+02
1.9249600882e-06 4.0068750000e+02 4.0044781494e+02 3.9781927490e+02 7.5348693848e+02
1.9345600322e-06 4.0343750000e+02 3.9703198242e+02 3.9092553711e+02 7.5445812988e+02
1.9441599761e-06 4.0000000000e+02 3.9902746582e+02 3.9690008545e+02 7.5546795654e+02
1.9537599201e-06 3.9525000000e+02 3.9838195801e+02 3.9648165894e+02 7.5647747803e+02
1.9633600914e-06 4.0012500000e+02 3.9829376221e+02 3.9739379883e+02 7.5750341797e+02
1.9729600353e-06 3.9668750000e+02 3.9819009399e+02 3.9889910889e+02 7.5855450439e+02
1.9825599793e-06 3.9696875000e+02 3.9569546509e+02 3.9491046143e+02 7.5958032227e+02
1.9921599232e-06 3.9496875000e+02 3.9560879517e+02 3.9499087524e+02 7.6059216309e+02
2.0017600946e-06 3.9509375000e+02 3.9448220825e+02 3.9478033447e+02 7.6161859131e+02
2.0113600385e-06 3.9509375000e+02 3.8917364502e+02 3.8250869751e+02 7.6252349854e+02
2.0209599825e-06 3.9515625000e+02 3.9245663452e+02 3.9167404175e+02 7.6351269531e+02
2.0305599264e-06 3.9065625000e+02 3.9139675903e+02 3.9174588013e+02 7.6451989746e+02
2.0401600977e-06 3.9428125000e+02 3.9217193604e+02 3.9267745972e+02 7.6551470947e+02
2.0497600417e-06 3.9056250000e+02 3.9158502197e+02 3.9266241455e+02 7.6651245117e+02
2.0593599857e-06 3.8878125000e+02 3.8751541138e+02 3.8444198608e+02 7.6742590332e+02
2.0689599296e-06 3.9040625000e+02 3.8802188110e+02 3.8812915039e+02 7.6839556885e+02
2.0785601009e-06 3.8831250000e+02 3.8729431152e+02 3.8546261597e+02 7.6931762695e+02
2.0881600449e-06 3.8978125000e+02 3.8847039795e+02 3.9059423828e+02 7.7030474854e+02
2.0977599888e-06 3.8425000000e+02 3.8419195557e+02 3.8124420166e+02 7.7119232178e+02
2.1073599328e-06 3.8390625000e+02 3.8405999756e+02 3.8249099731e+02 7.7210144043e+02
2.1169601041e-06 3.8343750000e+02 3.8348141479e+02 3.8192401123e+02 7.7300317383e+02
2.1265600481e-06 3.8425000000e+02 3.8428707886e+02 3.8249395752e+02 7.7389404297e+02
2.1361599920e-06 3.8156250000e+02 3.8245635986e+02 3.8038555908e+02 7.7477160645e+02
2.1457599360e-06 3.7937500000e+02 3.7990194702e+02 3.7873480225e+02 7.7566406250e+02
2.1553601073e-06 3.8118750000e+02 3.7903070068e+02 3.7779510498e+02 7.7654803467e+02
2.1649600512e-06 3.7862500000e+02 3.7992880249e+02 3.7907177734e+02 7.7742968750e+02
2.1745599952e-06 3.7868750000e+02 3.7619854736e+02 3.7271160889e+02 7.7825573730e+02
2.1841599391e-06 3.7746875000e+02 3.7557928467e+02 3.7149404907e+02 7.7905572510e+02
2.1937601105e-06 3.7831250000e+02 3.7448394775e+02 3.7086138916e+02 7.7986401367e+02
2.2033600544e-06 3.8046875000e+02 3.7346942139e+02 3.6915188599e+02 7.8064508057e+02
2.2129599984e-06 3.7446875000e+02 3.7398834229e+02 3.7152191162e+02 7.8146343994e+02
2.2225599423e-06 3.7378125000e+02 3.7692883301e+02 3.7816473389e+02 7.8234814453e+02
2.2321601136e-06 3.7343750000e+02 3.7450326538e+02 3.7468466187e+02 7.8320446777e+02
2.2417600576e-06 3.7506250000e+02 3.7279144287e+02 3.7333456421e+02 7.8405865479e+02
2.2513600015e-06 3.7371875000e+02 3.7561288452e+02 3.7665890503e+02 7.8492718506e+02
2.2609601729e-06 3.7325000000e+02 3.7420016479e+02 3.7705014038e+02 7.8581274414e+02
2.2705598894e-06 3.7556250000e+02 3.7441369629e+02 3.7621969604e+02 7.8668212891e+02
2.2801600608e-06 3.7371875000e+02 3.6733657837e+02 3.6456561279e+02 7.8745031738e+02
2.2897600047e-06 3.7343750000e+02 3.7501959229e+02 3.7812432861e+02 7.8833880615e+02
2.2993599487e-06 3.7206250000e+02 3.7015228271e+02 3.7113473511e+02 7.8916906738e+02
2.3089598926e-06 3.6540625000e+02 3.6635653687e+02 3.6432458496e+02 7.8993389893e+02
2.3185600639e-06 3.7268750000e+02 3.6956140137e+02 3.7042846680e+02 7.9075592041e+02
2.3281600079e-06 3.7109375000e+02 3.6554516602e+02 3.6268884277e+02 7.9149639893e+02
2.3377599518e-06 3.6831250000e+02 3.6611395264e+02 3.6493713379e+02 7.9226654053e+02
2.3473598958e-06 3.6646875000e+02 3.6572717285e+02 3.6729473877e+02 7.9307489014e+02
2.3569600671e-06 3.6578125000e+02 3.6563647461e+02 3.6460470581e+02 7.9384167480e+02
2.3665600111e-06 3.6562500000e+02 3.6618627930e+02 3.6725256348e+02 7.9464178467e+02
2.3761599550e-06 3.6109375000e+02 3.6050106812e+02 3.5994165039e+02 7.9539074707e+02
2.3857598990e-06 3.6275000000e+02 3.6177709961e+02 3.6181521606e+02 7.9614996338e+02
2.3953600703e-06 3.6375000000e+02 3.5827371216e+02 3.5651724243e+02 7.9686578369e+02
2.4049600142e-06 3.6384375000e+02 3.6280874634e+02 3.6347134399e+02 7.9763690186e+02
2.4145599582e-06 3.6253125000e+02 3.5689230347e+02 3.5432867432e+02 7.9832690430e+02
2.4241599021e-06 3.5868750000e+02 3.6074734497e+02 3.6100076294e+02 7.9907849121e+02
2.4337600735e-06 3.6106250000e+02 3.6557580566e+02 3.6722949219e+02 7.9988110352e+02
2.4433600174e-06 3.5943750000e+02 3.6247546387e+02 3.6593640137e+02 8.0068603516e+02
2.4529599614e-06 3.5756250000e+02 3.6026242065e+02 3.6235873413e+02 8.0145782471e+02
2.4625599053e-06 3.5753125000e+02 3.5467565918e+02 3.5502783203e+02 8.0217413330e+02
2.4721600766e-06 3.5737500000e+02 3.5783581543e+02 3.5929916382e+02 8.0292102051e+02
2.4817600206e-06 3.5900000000e+02 3.5334243774e+02 3.5307138062e+02 8.0361767578e+02
2.4913599646e-06 3.5565625000e+02 3.5712292480e+02 3.5864688110e+02 8.0435998535e+02
2.5009599085e-06 3.5618750000e+02 3.5580661011e+02 3.5508786011e+02 8.0506146240e+02
2.5105600798e-06 3.5428125000e+02 3.4939736938e+02 3.4767337036e+02 8.0571258545e+02
2.5201600238e-06 3.5740625000e+02 3.5473251343e+02 3.5788058472e+02 8.0646118164e+02
2.5297599677e-06 3.5384375000e+02 3.5426541138e+02 3.5771704102e+02 8.0721008301e+02
2.5393599117e-06 3.5225000000e+02 3.5165130615e+02 3.5288690186e+02 8.0791229248e+02
2.5489600830e-06 3.5506250000e+02 3.4789660645e+02 3.4741207886e+02 8.0856860352e+02
2.5585600270e-06 3.5137500000e+02 3.4921270752e+02 3.4949255371e+02 8.0924176025e+02
2.5681599709e-06 3.5075000000e+02 3.5113235474e+02 3.5107336426e+02 8.0992138672e+02
2.5777599149e-06 3.5162500000e+02 3.4765679932e+02 3.4970010376e+02 8.1061004639e+02
2.5873600862e-06 3.5056250000e+02 3.4731661987e+02 3.4565142822e+02 8.1124041748e+02
2.5969600301e-06 3.5165625000e+02 3.4655026245e+02 3.4822164917e+02 8.1191607666e+02
2.6065599741e-06 3.4700000000e+02 3.5028555298e+02 3.5132354736e+02 8.1260614014e+02
2.6161599180e-06 3.5131250000e+02 3.4743283081e+02 3.4563330078e+02 8.1323504639e+02
2.6257600894e-06 3.4778125000e+02 3.4936407471e+02 3.5168447876e+02 8.1393664551e+02
2.6353600333e-06 3.4950000000e+02 3.4617312622e+02 3.4664718628e+02 8.1459112549e+02
2.6449599773e-06 3.4650000000e+02 3.4531039429e+02 3.4842639160e+02 8.1527655029e+02
2.6545599212e-06 3.4846875000e+02 3.4749252319e+02 3.5167160034e+02 8.1599005127e+02
2.6641600925e-06 3.4831250000e+02 3.4485794067e+02 3.5188607788e+02 8.1672296143e+02
2.6737600365e-06 3.4371875000e+02 3.4389654541e+02 3.4759481812e+02 8.1740563965e+02
2.6833599804e-06 3.4275000000e+02 3.4411947632e+02 3.4558776855e+02 8.1805963135e+02
2.6929599244e-06 3.4243750000e+02 3.4554516602e+02 3.4875738525e+02 8.1874707031e+02
2.7025600957e-06 3.4587500000e+02 3.4399145508e+02 3.4955783081e+02 8.1945416260e+02
2.7121600397e-06 3.4268750000e+02 3.4300036621e+02 3.4610995483e+02 8.2012249756e+02
2.7217599836e-06 3.4390625000e+02 3.4068884277e+02 3.4267187500e+02 8.2076031494e+02
2.7313599276e-06 3.4393750000e+02 3.4083190918e+02 3.4295816040e+02 8.2140112305e+02
2.7409600989e-06 3.4109375000e+02 3.4142358398e+02 3.4328552246e+02 8.2204278564e+02
2.7505600428e-06 3.3643750000e+02 3.3881399536e+02 3.3823983765e+02 8.2263232422e+02
2.7601599868e-06 3.3846875000e+02 3.3933734131e+02 3.4107846069e+02 8.2325872803e+02
2.7697599307e-06 3.3978125000e+02 3.3953903198e+02 3.4284323120e+02 8.2390777588e+02
2.7793601021e-06 3.3890625000e+02 3.3900375366e+02 3.4080953979e+02 8.2453344727e+02
2.7889600460e-06 3.3528125000e+02 3.3709399414e+02 3.3950991821e+02 8.2515435791e+02
2.7985599900e-06 3.3593750000e+02 3.3684155273e+02 3.3668191528e+02 8.2573822021e+02
2.8081599339e-06 3.3528125000e+02 3.3286309814e+02 3.3724630737e+02 8.2636010742e+02
2.8177601052e-06 3.3746875000e+02 3.3667126465e+02 3.3948663330e+02 8.2698474121e+02
2.8273600492e-06 3.3765625000e+02 3.4055062866e+02 3.4452078247e+02 8.2765338135e+02
2.8369599931e-06 3.3831250000e+02 3.3552743530e+02 3.3893252563e+02 8.2827819824e+02
2.8465599371e-06 3.3496875000e+02 3.3613156128e+02 3.4257705688e+02 8.2894647217e+02
2.8561601084e-06 3.3487500000e+02 3.3626580811e+02 3.3940521240e+02 8.2957379150e+02
2.8657600524e-06 3.3650000000e+02 3.3107907104e+02 3.3146585083e+02 8.3012707520e+02
2.8753599963e-06 3.3496875000e+02 3.3525314331e+02 3.3793124390e+02 8.3074243164e+02
2.8849599403e-06 3.3503125000e+02 3.3571774292e+02 3.3825491333e+02 8.3136010742e+02
2.8945601116e-06 3.3290625000e+02 3.3277230835e+02 3.3558532715e+02 8.3196020508e+02
2.9041600556e-06 3.3565625000e+02 3.3372650146e+02 3.3609097290e+02 8.3256207275e+02
2.9137599995e-06 3.2875000000e+02 3.3459689331e+02 3.4037695312e+02 8.3321453857e+02
2.9233599435e-06 3.3218750000e+02 3.3114755249e+02 3.3118508911e+02 8.3376654053e+02
2.9329598874e-06 3.2993750000e+02 3.3115789795e+02 3.3626565552e+02 8.3438696289e+02
2.9425600587e-06 3.2775000000e+02 3.2964849854e+02 3.3441705322e+02 8.3499273682e+02
2.9521600027e-06 3.3053125000e+02 3.2882150269e+02 3.3095343018e+02 8.3555834961e+02
2.9617599466e-06 3.2862500000e+02 3.3187326050e+02 3.3572634888e+02 8.3616992188e+02
2.9713598906e-06 3.2628125000e+02 3.2982614136e+02 3.3406646729e+02 8.3677172852e+02
2.9809600619e-06 3.2831250000e+02 3.2615011597e+02 3.3066162109e+02 8.3735162354e+02
2.9905600059e-06 3.2587500000e+02 3.3018685913e+02 3.3289108276e+02 8.3793774414e+02
3.0001599498e-06 3.2762500000e+02 3.2682040405e+02 3.2994113159e+02 8.3850494385e+02
3.0097598938e-06 3.2618750000e+02 3.2959237671e+02 3.3280789185e+02 8.3909484863e+02
3.0193600651e-06 3.2628125000e+02 3.2224707031e+02 3.2578082275e+02 8.3963732910e+02
3.0289600090e-06 3.2600000000e+02 3.2445263672e+02 3.2596655273e+02 8.4016778564e+02
3.0385599530e-06 3.2843750000e+02 3.2634713745e+02 3.2963339233e+02 8.4073687744e+02
3.0481598969e-06 3.2340625000e+02 3.2801348877e+02 3.3233547974e+02 8.4133258057e+02
3.0577600683e-06 3.2412500000e+02 3.2190655518e+02 3.2535437012e+02 8.4187304688e+02
3.0673600122e-06 3.2518750000e+02 3.2346563721e+02 3.2612066650e+02 8.4241473389e+02
3.0769599562e-06 3.2503125000e+02 3.2565026855e+02 3.3073983765e+02 8.4300494385e+02
3.0865599001e-06 3.2362500000e+02 3.2492486572e+02 3.3170812988e+02 8.4361145020e+02
3.0961600714e-06 3.1978125000e+02 3.2246154785e+02 3.2669302368e+02 8.4416821289e+02
3.1057600154e-06 3.2631250000e+02 3.2370855713e+02 3.2588116455e+02 8.4470812988e+02
3.1153599593e-06 3.2328125000e+02 3.1964395142e+02 3.2237680054e+02 8.4522631836e+02
3.1249599033e-06 3.2015625000e+02 3.2104873657e+02 3.2339337158e+02 8.4575042725e+02
3.1345600746e-06 3.2228125000e+02 3.1740109253e+02 3.2258999634e+02 8.4628771973e+02
3.1441600186e-06 3.1884375000e+02 3.1894995117e+02 3.2103948975e+02 8.4679455566e+02
3.1537599625e-06 3.2056250000e+02 3.1771347046e+02 3.1993167114e+02 8.4729510498e+02
3.1633599065e-06 3.1706250000e+02 3.2079959106e+02 3.2645117188e+02 8.4786395264e+02
3.1729600778e-06 3.1968750000e+02 3.1764944458e+02 3.1838861084e+02 8.4834484863e+02
3.1825600217e-06 3.2100000000e+02 3.1712561035e+02 3.1822109985e+02 8.4882800293e+02
3.1921599657e-06 3.1893750000e+02 3.1910894775e+02 3.2464465332e+02 8.4938586426e+02
3.2017599096e-06 3.1984375000e+02 3.1655117798e+02 3.1868206787e+02 8.4988085938e+02
3.2113600810e-06 3.1821875000e+02 3.2227273560e+02 3.2671151733e+02 8.5045092773e+02
3.2209600249e-06 3.1512500000e+02 3.1241891479e+02 3.1576953125e+02 8.5093518066e+02
3.2305599689e-06 3.1540625000e+02 3.1032159424e+02 3.1203112793e+02 8.5138299561e+02
3.2401599128e-06 3.1721875000e+02 3.1544046021e+02 3.1916946411e+02 8.5189520264e+02
3.2497600841e-06 3.1518750000e+02 3.1689132690e+02 3.2090856934e+02 8.5242285156e+02
3.2593600281e-06 3.1290625000e+02 3.1465008545e+02 3.1797195435e+02 8.5292541504e+02
3.2689599720e-06 3.1440625000e+02 3.1594973755e+02 3.1973010254e+02 8.5344464111e+02
3.2785599160e-06 3.1628125000e+02 3.1800201416e+02 3.2282205200e+02 8.5399365234e+02
3.2881600873e-06 3.1609375000e+02 3.1242980957e+02 3.1599572754e+02 8.5448553467e+02
3.2977600313e-06 3.1409375000e+02 3.1492089844e+02 3.1723730469e+02 8.5498010254e+02
3.3073599752e-06 3.1737500000e+02 3.1341873169e+02 3.1830944824e+02 8.5549841309e+02
3.3169599192e-06 3.0831250000e+02 3.1509597778e+02 3.1724703979e+02 8.5599407959e+02
3.3265600905e-06 3.1178125000e+02 3.0969726562e+02 3.1302053833e+02 8.5646636963e+02
3.3361600345e-06 3.1056250000e+02 3.1327532959e+02 3.1558102417e+02 8.5695214844e+02
3.3457599784e-06 3.1190625000e+02 3.1193579102e+02 3.1723321533e+02 8.5746850586e+02
3.3553599224e-06 3.1256250000e+02 3.1014987183e+02 3.1354287720e+02 8.5794738770e+02
3.3649600937e-06 3.1315625000e+02 3.0556188965e+02 3.0746002197e+02 8.5837365723e+02
3.3745600376e-06 3.1056250000e+02 3.0717611694e+02 3.1247991943e+02 8.5885961914e+02
3.3841599816e-06 3.1012500000e+02 3.0876705933e+02 3.1513250732e+02 8.5937109375e+02
3.3937599255e-06 3.0475000000e+02 3.0826284790e+02 3.1136660767e+02 8.5983593750e+02
3.4033600969e-06 3.0803125000e+02 3.1111831665e+02 3.1938317871e+02 8.6038958740e+02
3.4129600408e-06 3.0828125000e+02 3.0665417480e+02 3.1124584961e+02 8.6086456299e+02
3.4225599848e-06 3.0546875000e+02 3.1141555786e+02 3.1496420288e+02 8.6136169434e+02
3.4321599287e-06 3.0771875000e+02 3.1325076294e+02 3.1938867188e+02 8.6190698242e+02
3.4417601000e-06 3.0640625000e+02 3.0680917358e+02 3.1214517212e+02 8.6239483643e+02
3.4513600440e-06 3.0484375000e+02 3.0641711426e+02 3.1096200562e+02 8.6287011719e+02
3.4609599879e-06 3.0275000000e+02 3.0737139893e+02 3.1160195923e+02 8.6334893799e+02
3.4705599319e-06 3.0650000000e+02 3.0772210693e+02 3.1118005371e+02 8.6382104492e+02
3.4801601032e-06 3.0312500000e+02 3.0379968262e+02 3.0649102783e+02 8.6425451660e+02
3.4897600472e-06 3.0328125000e+02 3.0701788330e+02 3.1406579590e+02 8.6477038574e+02
3.4993599911e-06 3.0181250000e+02 3.0398284912e+02 3.0884103394e+02 8.6523669434e+02
3.5089599351e-06 3.0131250000e+02 3.0789630127e+02 3.1282357788e+02 8.6573321533e+02
3.5185601064e-06 3.0121875000e+02 3.0212484741e+02 3.0676504517e+02 8.6618511963e+02
3.5281600503e-06 3.0128125000e+02 3.0515530396e+02 3.1147854614e+02 8.6668133545e+02
3.5377599943e-06 3.0350000000e+02 3.0112359619e+02 3.0476580811e+02 8.6711389160e+02
3.5473599382e-06 3.0159375000e+02 3.0638357544e+02 3.1106878662e+02 8.6759973145e+02
3.5569601096e-06 3.0234375000e+02 3.0483334351e+02 3.0777917480e+02 8.6805139160e+02
3.5665600535e-06 2.9759375000e+02 3.0870550537e+02 3.1391232300e+02 8.6856378174e+02
3.5761599975e-06 2.9921875000e+02 3.0398651123e+02 3.0971896362e+02 8.6904809570e+02
3.5857599414e-06 3.0200000000e+02 3.0087158203e+02 3.0606622314e+02 8.6950372314e+02
3.5953601127e-06 2.9709375000e+02 3.0252215576e+02 3.0818908691e+02 8.6997827148e+02
3.6049600567e-06 3.0015625000e+02 3.0202722168e+02 3.0626593018e+02 8.7043084717e+02
3.6145600006e-06 2.9921875000e+02 3.0396420288e+02 3.0688735962e+02 8.7088098145e+02
3.6241599446e-06 2.9715625000e+02 3.0393460083e+02 3.0892779541e+02 8.7135949707e+02
3.6337598885e-06 2.9881250000e+02 3.0054360962e+02 3.0415802002e+02 8.7179516602e+02
3.6433600599e-06 2.9962500000e+02 3.0557208252e+02 3.0960867310e+02 8.7227581787e+02
3.6529600038e-06 2.9781250000e+02 3.0194952393e+02 3.0930801392e+02 8.7277301025e+02
3.6625599478e-06 2.9837500000e+02 3.0147827148e+02 3.0623239136e+02 8.7323352051e+02
3.6721598917e-06 2.9693750000e+02 2.9911676025e+02 3.0249581909e+02 8.7365863037e+02
3.6817600630e-06 2.9653125000e+02 3.0137307739e+02 3.0714367676e+02 8.7413354492e+02
3.6913600070e-06 2.9796875000e+02 2.9864675903e+02 3.0217758179e+02 8.7455908203e+02
3.7009599509e-06 2.9525000000e+02 3.0212374878e+02 3.0819866943e+02 8.7504534912e+02
3.7105598949e-06 2.9628125000e+02 2.9898651123e+02 3.0236737061e+02 8.7547296143e+02
3.7201600662e-06 2.9412500000e+02 2.9614126587e+02 2.9936236572e+02 8.7587866211e+02
3.7297600102e-06 2.9368750000e+02 2.9950527954e+02 3.0426745605e+02 8.7633123779e+02
3.7393599541e-06 2.9556250000e+02 2.9712106323e+02 3.0097607422e+02 8.7675469971e+02
3.7489598981e-06 2.9409375000e+02 2.9804663086e+02 3.0204092407e+02 8.7718774414e+02
3.7585600694e-06 2.9175000000e+02 2.9706729126e+02 3.0141436768e+02 8.7761956787e+02
3.7681600134e-06 2.9487500000e+02 2.9487020874e+02 2.9981207275e+02 8.7804498291e+02
3.7777599573e-06 2.9387500000e+02 2.9552416992e+02 2.9873840332e+02 8.7845141602e+02
3.7873599013e-06 2.8975000000e+02 2.9195117188e+02 2.9496780396e+02 8.7883105469e+02
3.7969600726e-06 2.9400000000e+02 2.9394613647e+02 2.9902346802e+02 8.7925494385e+02
3.8065600165e-06 2.9228125000e+02 2.9529153442e+02 2.9875656128e+02 8.7966632080e+02
3.8161601879e-06 2.9237500000e+02 2.9129455566e+02 2.9460189819e+02 8.8004852295e+02
3.8257599044e-06 2.8487500000e+02 2.9683419800e+02 3.0168255615e+02 8.8049255371e+02
3.8353600758e-06 2.8962500000e+02 2.9743609619e+02 3.0264764404e+02 8.8094683838e+02
3.8449597923e-06 2.9021875000e+02 2.9273330688e+02 2.9770370483e+02 8.8136492920e+02
3.8545599637e-06 2.8996875000e+02 2.8714389038e+02 2.9010720825e+02 8.8171899414e+02
3.8641601350e-06 2.8818750000e+02 2.9341955566e+02 2.9918737793e+02 8.8215490723e+02
3.8737598516e-06 2.8937500000e+02 2.9340640259e+02 2.9901489258e+02 8.8258917236e+02
3.8833600229e-06 2.8581250000e+02 2.9462991333e+02 3.0126654053e+02 8.8304675293e+02
3.8929601942e-06 2.8946875000e+02 2.9423056030e+02 2.9818533325e+02 8.8346545410e+02
3.9025599108e-06 2.9012500000e+02 2.8876928711e+02 2.9117428589e+02 8.8382312012e+02
3.9121600821e-06 2.8600000000e+02 2.8936114502e+02 2.9438113403e+02 8.8422546387e+02
3.9217597987e-06 2.8565625000e+02 2.9127319336e+02 3.0018438721e+02 8.8469476318e+02
3.9313599700e-06 2.8537500000e+02 2.8721276855e+02 2.9126925659e+02 8.8507067871e+02
3.9409601413e-06 2.8590625000e+02 2.8992575073e+02 2.9397348022e+02 8.8546466064e+02
3.9505598579e-06 2.8284375000e+02 2.8858889771e+02 2.9217172241e+02 8.8584350586e+02
3.9601600292e-06 2.8684375000e+02 2.9188854980e+02 2.9732794189e+02 8.8627270508e+02
3.9697602006e-06 2.8837500000e+02 2.8967010498e+02 2.9396780396e+02 8.8667095947e+02
3.9793599171e-06 2.8265625000e+02 2.8734521484e+02 2.9127630615e+02 8.8704931641e+02
3.9889600885e-06 2.8268750000e+02 2.9179800415e+02 2.9588674927e+02 8.8746142578e+02
3.9985598050e-06 2.8578125000e+02 2.8588330078e+02 2.8791769409e+02 8.8780084229e+02
4.0081599764e-06 2.8546875000e+02 2.8722552490e+02 2.9105514526e+02 8.8817932129e+02
4.0177601477e-06 2.8128125000e+02 2.8620571899e+02 2.8918154907e+02 8.8853845215e+02
4.0273598643e-06 2.8271875000e+02 2.8912979126e+02 2.9263891602e+02 8.8892669678e+02
4.0369600356e-06 2.8478125000e+02 2.8407217407e+02 2.8798251343e+02 8.8928942871e+02
4.0465602069e-06 2.8381250000e+02 2.8635107422e+02 2.8916888428e+02 8.8964929199e+02
4.0561599235e-06 2.7918750000e+02 2.8395507812e+02 2.8730087280e+02 8.9000354004e+02
4.0657600948e-06 2.8100000000e+02 2.8616348267e+02 2.9079544067e+02 8.9039263916e+02
4.0753598114e-06 2.7978125000e+02 2.8555258179e+02 2.8909759521e+02 8.9076147461e+02
4.0849599827e-06 2.8162500000e+02 2.8734057617e+02 2.9366992188e+02 8.9118438721e+02
4.0945601540e-06 2.8265625000e+02 2.8672680664e+02 2.9127966309e+02 8.9157806396e+02
4.1041598706e-06 2.7846875000e+02 2.8501794434e+02 2.8863668823e+02 8.9194665527e+02
4.1137600419e-06 2.8000000000e+02 2.8489981079e+02 2.8962564087e+02 8.9233270264e+02
4.1233602133e-06 2.7975000000e+02 2.8660409546e+02 2.9257623291e+02 8.9274865723e+02
4.1329599298e-06 2.7750000000e+02 2.8083132935e+02 2.8383825684e+02 8.9308380127e+02
4.1425601012e-06 2.7703125000e+02 2.8312625122e+02 2.8833959961e+02 8.9346862793e+02
4.1521598177e-06 2.7775000000e+02 2.8264013672e+02 2.8509411621e+02 8.9380505371e+02
4.1617599891e-06 2.7853125000e+02 2.8208886719e+02 2.8490924072e+02 8.9414562988e+02
4.1713601604e-06 2.7715625000e+02 2.8353427124e+02 2.8762265015e+02 8.9451733398e+02
4.1809598770e-06 2.7521875000e+02 2.8471142578e+02 2.8946282959e+02 8.9490771484e+02
4.1905600483e-06 2.7843750000e+02 2.8089965820e+02 2.8529208374e+02 8.9527044678e+02
4.2001602196e-06 2.7921875000e+02 2.7864120483e+02 2.8163436890e+02 8.9559771729e+02
4.2097599362e-06 2.7706250000e+02 2.8106268311e+02 2.8604464722e+02 8.9597216797e+02
4.2193601075e-06 2.7456250000e+02 2.8389312744e+02 2.8919522095e+02 8.9636883545e+02
4.2289598241e-06 2.8046875000e+02 2.8149194336e+02 2.8745315552e+02 8.9676220703e+02
4.2385599954e-06 2.8021875000e+02 2.8060260010e+02 2.8498965454e+02 8.9712597656e+02
4.2481601668e-06 2.7653125000e+02 2.7683258057e+02 2.7890551758e+02 8.9742718506e+02
4.2577598833e-06 2.7809375000e+02 2.8277462769e+02 2.8790231323e+02 8.9781695557e+02
4.2673600547e-06 2.7703125000e+02 2.8206451416e+02 2.8837615967e+02 8.9822143555e+02
4.2769602260e-06 2.7800000000e+02 2.7925762939e+02 2.8290521240e+02 8.9856719971e+02
4.2865599426e-06 2.7525000000e+02 2.7774597168e+02 2.8106701660e+02 8.9889978027e+02
4.2961601139e-06 2.7506250000e+02 2.8078405762e+02 2.8553060913e+02 8.9927410889e+02
4.3057598305e-06 2.7634375000e+02 2.7770568848e+02 2.8175543213e+02 8.9962084961e+02
4.3153600018e-06 2.7353125000e+02 2.7565747070e+02 2.7920248413e+02 8.9995068359e+02
4.3249601731e-06 2.7228125000e+02 2.7940423584e+02 2.8381814575e+02 9.0031347656e+02
4.3345598897e-06 2.7315625000e+02 2.7593218994e+02 2.7827215576e+02 9.0061755371e+02
4.3441600610e-06 2.7531250000e+02 2.7492446899e+02 2.7816552734e+02 9.0093939209e+02
4.3537597776e-06 2.7450000000e+02 2.7773672485e+02 2.8194470215e+02 9.0129156494e+02
4.3633599489e-06 2.7034375000e+02 2.7540386963e+02 2.7855957031e+02 9.0161322021e+02
4.3729601202e-06 2.7515625000e+02 2.7882644653e+02 2.8432638550e+02 9.0199432373e+02
4.3825598368e-06 2.7409375000e+02 2.7675772095e+02 2.8198187256e+02 9.0236175537e+02
4.3921600081e-06 2.7128125000e+02 2.7683590698e+02 2.8069491577e+02 9.0270446777e+02
4.4017601795e-06 2.7296875000e+02 2.7522250366e+02 2.7906399536e+02 9.0304046631e+02
4.4113598960e-06 2.7093750000e+02 2.7292257690e+02 2.7508010864e+02 9.0332781982e+02
4.4209600674e-06 2.7234375000e+02 2.7569924927e+02 2.7928259277e+02 9.0366070557e+02
4.4305597839e-06 2.7143750000e+02 2.7590716553e+02 2.7952294922e+02 9.0399517822e+02
4.4401599553e-06 2.7156250000e+02 2.7681219482e+02 2.8091857910e+02 9.0434411621e+02
4.4497601266e-06 2.7096875000e+02 2.7302185059e+02 2.7614453125e+02 9.0465832520e+02
4.4593598432e-06 2.6900000000e+02 2.7263015747e+02 2.7595657349e+02 9.0497692871e+02
4.4689600145e-06 2.6903125000e+02 2.7359915161e+02 2.7709411621e+02 9.0530102539e+02
4.4785601858e-06 2.6803125000e+02 2.7194601440e+02 2.7452200317e+02 9.0559570312e+02
4.4881599024e-06 2.6925000000e+02 2.7495776367e+02 2.7870599365e+02 9.0592956543e+02
4.4977600737e-06 2.7128125000e+02 2.7286315918e+02 2.7664114380e+02 9.0625854492e+02
4.5073597903e-06 2.7146875000e+02 2.7100250244e+02 2.7402383423e+02 9.0656658936e+02
4.5169599616e-06 2.6865625000e+02 2.7147457886e+02 2.7475869751e+02 9.0688098145e+02
4.5265601329e-06 2.6506250000e+02 2.6871435547e+02 2.7067504883e+02 9.0715203857e+02
4.5361598495e-06 2.6756250000e+02 2.6857122803e+02 2.7067666626e+02 9.0743261719e+02
4.5457600208e-06 2.6715625000e+02 2.6811340332e+02 2.7011633301e+02 9.0769738770e+02
4.5553601922e-06 2.6571875000e+02 2.7124853516e+02 2.7445471191e+02 9.0800378418e+02
4.5649599087e-06 2.7184375000e+02 2.6951394653e+02 2.7248330688e+02 9.0830712891e+02
4.5745600801e-06 2.6725000000e+02 2.7189749146e+02 2.7593563843e+02 9.0863854980e+02
4.5841597967e-06 2.6918750000e+02 2.7285565186e+02 2.7694604492e+02 9.0897149658e+02
4.5937599680e-06 2.6628125000e+02 2.6960037231e+02 2.7289770508e+02 9.0928216553e+02
4.6033601393e-06 2.6500000000e+02 2.6902899170e+02 2.7209558105e+02 9.0958520508e+02
4.6129598559e-06 2.6775000000e+02 2.6678976440e+02 2.6893316650e+02 9.0985522461e+02
4.6225600272e-06 2.6621875000e+02 2.6968798828e+02 2.7329205322e+02 9.1017163086e+02
4.6321601985e-06 2.6665625000e+02 2.7069070435e+02 2.7502178955e+02 9.1050787354e+02
4.6417599151e-06 2.6331250000e+02 2.6727035522e+02 2.6990255737e+02 9.1079565430e+02
4.6513600864e-06 2.6650000000e+02 2.7114596558e+02 2.7549310303e+02 9.1112945557e+02
4.6609598030e-06 2.6337500000e+02 2.7077789307e+02 2.7549392700e+02 9.1147442627e+02
4.6705599743e-06 2.6746875000e+02 2.6765698242e+02 2.7074111938e+02 9.1177227783e+02
4.6801601457e-06 2.6228125000e+02 2.7046188354e+02 2.7495825195e+02 9.1210913086e+02
4.6897598622e-06 2.6531250000e+02 2.6849584961e+02 2.7224713135e+02 9.1242712402e+02
4.6993600336e-06 2.6275000000e+02 2.6451644897e+02 2.6637615967e+02 9.1269183350e+02
4.7089602049e-06 2.6621875000e+02 2.6807772827e+02 2.7175762939e+02 9.1300292969e+02
4.7185599215e-06 2.6393750000e+02 2.6594375610e+02 2.6869140625e+02 9.1329467773e+02
4.7281600928e-06 2.6406250000e+02 2.6645291138e+02 2.6961358643e+02 9.1358795166e+02
4.7377598094e-06 2.6553125000e+02 2.6967962646e+02 2.7440585327e+02 9.1392602539e+02
4.7473599807e-06 2.6443750000e+02 2.6393414307e+02 2.6588055420e+02 9.1419732666e+02
4.7569601520e-06 2.6318750000e+02 2.6815985107e+02 2.7237399292e+02 9.1451623535e+02
4.7665598686e-06 2.5953125000e+02 2.6674401855e+02 2.7042565918e+02 9.1482464600e+02
4.7761600399e-06 2.6646875000e+02 2.6607293701e+02 2.6950241089e+02 9.1513012695e+02
4.7857602112e-06 2.5934375000e+02 2.6419656372e+02 2.6668423462e+02 9.1541363525e+02
4.7953599278e-06 2.6034375000e+02 2.6795776367e+02 2.7252603149e+02 9.1574237061e+02
4.8049600991e-06 2.6087500000e+02 2.6661331177e+02 2.7063238525e+02 9.1606237793e+02
4.8145598157e-06 2.6450000000e+02 2.6324273682e+02 2.6591177368e+02 9.1633245850e+02
4.8241599870e-06 2.6306250000e+02 2.6299890137e+02 2.6541497803e+02 9.1660522461e+02
4.8337601584e-06 2.5843750000e+02 2.6472378540e+02 2.6805722046e+02 9.1690582275e+02
4.8433598749e-06 2.5921875000e+02 2.6250363159e+02 2.6487545776e+02 9.1717651367e+02
4.8529600463e-06 2.5918750000e+02 2.6435275269e+02 2.6800759888e+02 9.1746978760e+02
4.8625602176e-06 2.6012500000e+02 2.6363534546e+02 2.6676962280e+02 9.1776092529e+02
4.8721599342e-06 2.5678125000e+02 2.6221572876e+02 2.6553118896e+02 9.1802893066e+02
4.8817601055e-06 2.5812500000e+02 2.6296286011e+02 2.6589801025e+02 9.1831671143e+02
4.8913598221e-06 2.6096875000e+02 2.6453411865e+02 2.6848086548e+02 9.1862701416e+02
4.9009599934e-06 2.5925000000e+02 2.6266412354e+02 2.6544680786e+02 9.1891735840e+02
4.9105601647e-06 2.5718750000e+02 2.6146234131e+02 2.6398464966e+02 9.1919018555e+02
4.9201598813e-06 2.6000000000e+02 2.6463891602e+02 2.6891714478e+02 9.1951007080e+02
4.9297600526e-06 2.5965625000e+02 2.6414575195e+02 2.6851742554e+02 9.1981939697e+02
4.9393602239e-06 2.5862500000e+02 2.6090002441e+02 2.6299719238e+02 9.2009283447e+02
4.9489599405e-06 2.6015625000e+02 2.6074487305e+02 2.6336566162e+02 9.2036383057e+02
4.9585601118e-06 2.5834375000e+02 2.6019726562e+02 2.6270089722e+02 9.2062963867e+02
4.9681598284e-06 2.5956250000e+02 2.5968786621e+02 2.6161697388e+02 9.2089208984e+02
4.9777599997e-06 2.5928125000e+02 2.5999560547e+02 2.6275454712e+02 9.2115972900e+02
4.9873601711e-06 2.5668750000e+02 2.6107983398e+02 2.6428750610e+02 9.2144537354e+02
4.9969598876e-06 2.5871875000e+02 2.6020809937e+02 2.6189111328e+02 9.2172583008e+02
5.0065600590e-06 2.5281250000e+02 2.6220645142e+02 2.6577581787e+02 9.2203564453e+02
5.0161597756e-06 2.5584375000e+02 2.5967703247e+02 2.6253463745e+02 9.2230786133e+02
5.0257599469e-06 2.5487500000e+02 2.5791787720e+02 2.5996206665e+02 9.2255865479e+02
5.0353601182e-06 2.5750000000e+02 2.5712326050e+02 2.6040979004e+02 9.2280249023e+02
5.0449598348e-06 2.5590625000e+02 2.5776397705e+02 2.5971231079e+02 9.2305639648e+02
5.0545600061e-06 2.5578125000e+02 2.5641714478e+02 2.5820526123e+02 9.2329461670e+02
5.0641601774e-06 2.5703125000e+02 2.5503709412e+02 2.5542800903e+02 9.2351519775e+02
5.0737598940e-06 2.5406250000e+02 2.5814572144e+02 2.6015914917e+02 9.2378253174e+02
5.0833600653e-06 2.5571875000e+02 2.5589315796e+02 2.5809762573e+02 9.2402209473e+02
5.0929597819e-06 2.5371875000e+02 2.5452984619e+02 2.5670812988e+02 9.2424749756e+02
5.1025599532e-06 2.5415625000e+02 2.5898577881e+02 2.6212734985e+02 9.2453460693e+02
5.1121601246e-06 2.5515625000e+02 2.5646502686e+02 2.5939443970e+02 9.2478942871e+02
5.1217598411e-06 2.5600000000e+02 2.6002807617e+02 2.6411160278e+02 9.2509576416e+02
5.1313600125e-06 2.5478125000e+02 2.5732199097e+02 2.5966302490e+02 9.2536511230e+02
5.1409597290e-06 2.5271875000e+02 2.5550520325e+02 2.5838229370e+02 9.2561352539e+02
5.1505599004e-06 2.5456250000e+02 2.5756127930e+02 2.6009945679e+02 9.2589086914e+02
5.1601600717e-06 2.5181250000e+02 2.5553106689e+02 2.5813815308e+02 9.2614324951e+02
5.1697597883e-06 2.5053125000e+02 2.5724862671e+02 2.6101620483e+02 9.2642169189e+02
5.1793599596e-06 2.5165625000e+02 2.5426271057e+02 2.5676431274e+02 9.2666217041e+02
5.1889601309e-06 2.4978125000e+02 2.5553970337e+02 2.5803616333e+02 9.2692065430e+02
5.1985598475e-06 2.5234375000e+02 2.5186331177e+02 2.5128417969e+02 9.2712579346e+02
5.2081600188e-06 2.5250000000e+02 2.5145758057e+02 2.5125062561e+02 9.2732989502e+02
5.2177601901e-06 2.5365625000e+02 2.5605667114e+02 2.5770837402e+02 9.2760089111e+02
5.2273599067e-06 2.5087500000e+02 2.5600823975e+02 2.5990124512e+02 9.2787774658e+02
5.2369600780e-06 2.4893750000e+02 2.5439529419e+02 2.5734304810e+02 9.2813403320e+02
5.2465597946e-06 2.5159375000e+02 2.5219216919e+02 2.5555165100e+02 9.2836779785e+02
5.2561599659e-06 2.5125000000e+02 2.5254577637e+02 2.5475421143e+02 9.2860339355e+02
5.2657601373e-06 2.5378125000e+02 2.5661981201e+02 2.6057708740e+02 9.2889697266e+02
5.2753598538e-06 2.5190625000e+02 2.5455212402e+02 2.5743145752e+02 9.2916278076e+02
5.2849600252e-06 2.5368750000e+02 2.5061587524e+02 2.4977529907e+02 9.2936816406e+02
5.2945601965e-06 2.5459375000e+02 2.5405593872e+02 2.5672689819e+02 9.2963140869e+02
5.3041599131e-06 2.5137500000e+02 2.5374136353e+02 2.5626226807e+02 9.2989202881e+02
5.3137600844e-06 2.5187500000e+02 2.5344476318e+02 2.5565615845e+02 9.3014959717e+02
5.3233598010e-06 2.5115625000e+02 2.5225552368e+02 2.5294599915e+02 9.3038854980e+02
5.3329599723e-06 2.4768750000e+02 2.5076229858e+02 2.5293540955e+02 9.3061773682e+02
5.3425601436e-06 2.4940625000e+02 2.5261041260e+02 2.5615832520e+02 9.3087609863e+02
5.3521598602e-06 2.5137500000e+02 2.5425900269e+02 2.5661364746e+02 9.3115209961e+02
5.3617600315e-06 2.5118750000e+02 2.4791128540e+02 2.4692231750e+02 9.3133868408e+02
5.3713602028e-06 2.4815625000e+02 2.5023046875e+02 2.5255868530e+02 9.3157000732e+02
5.3809599194e-06 2.5021875000e+02 2.5334460449e+02 2.5623699951e+02 9.3184259033e+02
5.3905600907e-06 2.5065625000e+02 2.5038980103e+02 2.5144999695e+02 9.3207330322e+02
5.4001598073e-06 2.4984375000e+02 2.4969119263e+02 2.5281488037e+02 9.3230737305e+02
5.4097599786e-06 2.5031250000e+02 2.4949768066e+02 2.4980381775e+02 9.3252770996e+02
5.4193601500e-06 2.4900000000e+02 2.5249684143e+02 2.5516052246e+02 9.3279644775e+02
5.4289598665e-06 2.5409375000e+02 2.5337178040e+02 2.5678820801e+02 9.3308056641e+02
5.4385600379e-06 2.4940625000e+02 2.4839147949e+02 2.5030096436e+02 9.3330090332e+02
5.4481602092e-06 2.5043750000e+02 2.4853717041e+02 2.4824478149e+02 9.3351330566e+02
5.4577599258e-06 2.4625000000e+02 2.4684979248e+02 2.4979345703e+02 9.3372570801e+02
5.4673600971e-06 2.4665625000e+02 2.4992782593e+02 2.5241488647e+02 9.3397210693e+02
5.4769598137e-06 2.4803125000e+02 2.4853036499e+02 2.5023304749e+02 9.3420025635e+02
5.4865599850e-06 2.4812500000e+02 2.4512567139e+02 2.4727500916e+02 9.3439514160e+02
5.4961601563e-06 2.4928125000e+02 2.5015879822e+02 2.5388180542e+02 9.3465588379e+02
5.5057598729e-06 2.5143750000e+02 2.4916941833e+02 2.5175917053e+02 9.3490118408e+02
5.5153600442e-06 2.4925000000e+02 2.4599072266e+02 2.4712440491e+02 9.3510473633e+02
5.5249602156e-06 2.4496875000e+02 2.4786804199e+02 2.4964086914e+02 9.3533453369e+02
5.5345599321e-06 2.4565625000e+02 2.4568487549e+02 2.4709072876e+02 9.3553991699e+02
5.5441601035e-06 2.4662500000e+02 2.4733715820e+02 2.4749694824e+02 9.3575854492e+02
5.5537598200e-06 2.4553125000e+02 2.4866122437e+02 2.5034281921e+02 9.3600238037e+02
5.5633599914e-06 2.4340625000e+02 2.4771887207e+02 2.4862742615e+02 9.3623278809e+02
5.5729601627e-06 2.4487500000e+02 2.4626013184e+02 2.4752397156e+02 9.3645037842e+02
5.5825598793e-06 2.4856250000e+02 2.4199485779e+02 2.4179727173e+02 9.3661480713e+02
5.5921600506e-06 2.4668750000e+02 2.4630200195e+02 2.4687356567e+02 9.3683294678e+02
5.6017602219e-06 2.4403125000e+02 2.4576416016e+02 2.4718782043e+02 9.3705163574e+02
5.6113599385e-06 2.4703125000e+02 2.4954125977e+02 2.5227816772e+02 9.3732214355e+02
5.6209601098e-06 2.4440625000e+02 2.4895298767e+02 2.5308689880e+02 9.3759460449e+02
5.6305598264e-06 2.4450000000e+02 2.4849594116e+02 2.4959667969e+02 9.3784643555e+02
5.6401599977e-06 2.4640625000e+02 2.4208230591e+02 2.4310299683e+02 9.3802819824e+02
5.6497601690e-06 2.4421875000e+02 2.4455590820e+02 2.4805099487e+02 9.3825311279e+02
5.6593598856e-06 2.4759375000e+02 2.4203776550e+02 2.4226033020e+02 9.3843286133e+02
5.6689600569e-06 2.4665625000e+02 2.4467646790e+02 2.4683432007e+02 9.3865490723e+02
5.6785597735e-06 2.4450000000e+02 2.4469468689e+02 2.4616854858e+02 9.3887463379e+02
5.6881599448e-06 2.4571875000e+02 2.4371069336e+02 2.4633200073e+02 9.3909222412e+02
5.6977601162e-06 2.4293750000e+02 2.4604396057e+02 2.4674574280e+02 9.3932556152e+02
5.7073593780e-06 2.4743750000e+02 2.4514315796e+02 2.4490908813e+02 9.3954455566e+02
5.7169600041e-06 2.4296875000e+02 2.4595840454e+02 2.4716119385e+02 9.3978302002e+02
5.7265597206e-06 2.4603125000e+02 2.4251904297e+02 2.4479351807e+02 9.3999176025e+02
5.7361598920e-06 2.4412500000e+02 2.3929602051e+02 2.3793492126e+02 9.4014477539e+02
5.7457600633e-06 2.4100000000e+02 2.4318093872e+02 2.4241847229e+02 9.4034545898e+02
5.7553597799e-06 2.4287500000e+02 2.4378143311e+02 2.4450265503e+02 9.4056365967e+02
5.7649594964e-06 2.4312500000e+02 2.4393080139e+02 2.4508161926e+02 9.4078771973e+02
5.7745601225e-06 2.4240625000e+02 2.4019299316e+02 2.4065890503e+02 9.4096868896e+02
5.7841598391e-06 2.4468750000e+02 2.3749545288e+02 2.3584564209e+02 9.4110925293e+02
5.7937600104e-06 2.3918750000e+02 2.4353504944e+02 2.4522587585e+02 9.4133795166e+02
5.8033601817e-06 2.4287500000e+02 2.4222247314e+02 2.4451319885e+02 9.4155761719e+02
5.8129598983e-06 2.4409375000e+02 2.3984251404e+02 2.3846292114e+02 9.4172943115e+02
5.8225596149e-06 2.4175000000e+02 2.4028474426e+02 2.3951347351e+02 9.4191192627e+02
5.8321597862e-06 2.4087500000e+02 2.3746437073e+02 2.3807765198e+02 9.4207562256e+02
5.8417599575e-06 2.4171875000e+02 2.4201599121e+02 2.4188771057e+02 9.4228466797e+02
5.8513601289e-06 2.4112500000e+02 2.4134378052e+02 2.4059991455e+02 9.4248388672e+02
5.8609593907e-06 2.4443750000e+02 2.4100653076e+02 2.4357373047e+02 9.4270263672e+02
5.8705600168e-06 2.4071875000e+02 2.4063592529e+02 2.3880645752e+02 9.4289001465e+02
5.8801597334e-06 2.3987500000e+02 2.3879962158e+02 2.3873579407e+02 9.4307110596e+02
5.8897599047e-06 2.4062500000e+02 2.3783200073e+02 2.4003773499e+02 9.4325891113e+02
5.8993600760e-06 2.4253125000e+02 2.3953222656e+02 2.3831735229e+02 9.4344348145e+02
5.9089597926e-06 2.3956250000e+02 2.4127322388e+02 2.4294992065e+02 9.4366760254e+02
5.9185595092e-06 2.4087500000e+02 2.4212538147e+02 2.4045004272e+02 9.4388000488e+02
5.9281601352e-06 2.3971875000e+02 2.3710867310e+02 2.3742523193e+02 9.4405364990e+02
5.9377598518e-06 2.3931250000e+02 2.3921966553e+02 2.3944917297e+02 9.4425061035e+02
5.9473600231e-06 2.3543750000e+02 2.3958584595e+02 2.4027947998e+02 9.4445611572e+02
5.9569601945e-06 2.3768750000e+02 2.3669059753e+02 2.3593870544e+02 9.4462274170e+02
5.9665599110e-06 2.3790625000e+02 2.3649441528e+02 2.3532908630e+02 9.4478601074e+02
5.9761600824e-06 2.4075000000e+02 2.3860997009e+02 2.3966600037e+02 9.4498864746e+02
5.9857597989e-06 2.3871875000e+02 2.3335784912e+02 2.3445410156e+02 9.4513848877e+02
5.9953599703e-06 2.4137500000e+02 2.3804850769e+02 2.3659234619e+02 9.4532128906e+02
6.0049601416e-06 2.4000000000e+02 2.4087408447e+02 2.4142326355e+02 9.4554968262e+02
6.0145598582e-06 2.3940625000e+02 2.3649081421e+02 2.3727963257e+02 9.4573431396e+02
6.0241600295e-06 2.3643750000e+02 2.3881237793e+02 2.3872660828e+02 9.4593896484e+02
6.0337602008e-06 2.4312500000e+02 2.3772241211e+02 2.3821002197e+02 9.4613739014e+02
6.0433599174e-06 2.3937500000e+02 2.3418594360e+02 2.3418231201e+02 9.4629699707e+02
6.0529600887e-06 2.3837500000e+02 2.3635357666e+02 2.3728805542e+02 9.4648736572e+02
6.0625598053e-06 2.3965625000e+02 2.3822146606e+02 2.3791909790e+02 9.4669024658e+02
6.0721599766e-06 2.3937500000e+02 2.3869187927e+02 2.3790855408e+02 9.4689617920e+02
6.0817601479e-06 2.3996875000e+02 2.3364744568e+02 2.3321711731e+02 9.4705303955e+02
6.0913598645e-06 2.3700000000e+02 2.3531933594e+02 2.3392601013e+02 9.4722210693e+02
6.1009600358e-06 2.3568750000e+02 2.3451177979e+02 2.3515005493e+02 9.4739880371e+02
6.1105602072e-06 2.3896875000e+02 2.3387796021e+02 2.3431144714e+02 9.4756909180e+02
6.1201599237e-06 2.4015625000e+02 2.3398892212e+02 2.3277491760e+02 9.4773022461e+02
6.1297600951e-06 2.3768750000e+02 2.3783712769e+02 2.3473071289e+02 9.4792010498e+02
6.1393598116e-06 2.3978125000e+02 2.3719230652e+02 2.3797692871e+02 9.4813208008e+02
6.1489599830e-06 2.3759375000e+02 2.3471582031e+02 2.3466973877e+02 9.4831347656e+02
6.1585601543e-06 2.3846875000e+02 2.3321365356e+02 2.3283642578e+02 9.4847839355e+02
6.1681598709e-06 2.3768750000e+02 2.3458175659e+02 2.3260516357e+02 9.4864764404e+02
6.1777600422e-06 2.3653125000e+02 2.3724247742e+02 2.3705041504e+02 9.4885913086e+02
6.1873602135e-06 2.3600000000e+02 2.3624649048e+02 2.3438168335e+02 9.4904937744e+02
6.1969599301e-06 2.3871875000e+02 2.3094372559e+02 2.2946258545e+02 9.4918872070e+02
6.2065601014e-06 2.3506250000e+02 2.1113693237e+02 1.9428195190e+02 9.4901934814e+02
6.2161598180e-06 2.3518750000e+02 2.0032156372e+02 1.5924392700e+02 9.4856072998e+02
6.2257599893e-06 2.3456250000e+02 1.7615631104e+02 1.1308455658e+02 9.4770526123e+02
6.2353601606e-06 2.2746875000e+02 1.6238052368e+02 9.3745529175e+01 9.4668811035e+02
6.2449598772e-06 2.2353125000e+02 1.5251290894e+02 7.9331604004e+01 9.4555657959e+02
6.2545600485e-06 2.1746875000e+02 1.4479884338e+02 6.8797126770e+01 9.4434832764e+02
6.2641602199e-06 2.1100000000e+02 1.2993450928e+02 5.5511428833e+01 9.4303570557e+02
6.2737599364e-06 2.0206250000e+02 1.1807078552e+02 4.4702449799e+01 9.4164068604e+02
6.2833601078e-06 1.8850000000e+02 1.0867884827e+02 3.5410686493e+01 9.4017529297e+02
6.2929598243e-06 1.6890625000e+02 1.0020478821e+02 2.7237112045e+01 9.3864788818e+02
6.3025599957e-06 1.4903125000e+02 8.9051239014e+01 2.0963468552e+01 9.3707238770e+02
6.3121601670e-06 1.3250000000e+02 7.6093505859e+01 1.6184499741e+01 9.3546221924e+02
6.3217598836e-06 1.1193750000e+02 6.3470428467e+01 1.2858582497e+01 9.3383160400e+02
6.3313600549e-06 9.5531250000e+01 5.3426025391e+01 9.7976293564e+00 9.3218414307e+02
6.3409602262e-06 8.0031250000e+01 4.4103332520e+01 7.4729533195e+00 9.3052679443e+02
6.3505599428e-06 6.3812500000e+01 3.6338500977e+01 5.4361262321e+00 9.2886352539e+02
6.3601601141e-06 5.2625000000e+01 2.8267364502e+01 4.1063718796e+00 9.2720111084e+02
6.3697598307e-06 4.4093750000e+01 2.3530944824e+01 3.2171540260e+00 9.2554425049e+02
6.3793600020e-06 3.5218750000e+01 1.8257202148e+01 2.2405655384e+00 9.2389233398e+02
6.3889601734e-06 2.4125000000e+01 1.3977783203e+01 1.7295331955e+00 9.2224987793e+02
6.3985598899e-06 2.5718750000e+01 1.0883483887e+01 1.5224078894e+00 9.2061962891e+02
6.4081600613e-06 1.4218750000e+01 7.5747985840e+00 1.0843646526e+00 9.1899932861e+02
6.4177597778e-06 1.2093750000e+01 7.7542114258e+00 8.5623067617e-01 9.1739099121e+02
