# epoch total_loss data_loss physics_loss w_data w_physics lr
1.0000000000e+00 1.0592422485e+00 1.0646786690e+00 1.0538002253e+00 5.0025675105e-01 4.9974324848e-01 1.0000000000e-03
2.0000000000e+00 6.9270092249e-01 8.3810132742e-01 5.4075074196e-01 5.1101361672e-01 4.8898638213e-01 1.0000000000e-03
3.0000000000e+00 5.1427608728e-01 6.4113831520e-01 3.7518167496e-01 5.2299655085e-01 4.7700344713e-01 1.0000000000e-03
4.0000000000e+00 4.0644693375e-01 4.6710145473e-01 3.3840930462e-01 5.2868512790e-01 4.7131486905e-01 1.0000000000e-03
5.0000000000e+00 3.1815469265e-01 3.2871484756e-01 3.0636164546e-01 5.2757649695e-01 4.7242349873e-01 1.0000000000e-03
6.0000000000e+00 2.5695723295e-01 2.4014176428e-01 2.7527719736e-01 5.2141041207e-01 4.7858958209e-01 1.0000000000e-03
7.0000000000e+00 2.4425156415e-01 2.0695133507e-01 2.8330522776e-01 5.1148223379e-01 4.8851775892e-01 1.0000000000e-03
8.0000000000e+00 2.5094088912e-01 2.0083580911e-01 3.0111518502e-01 5.0034504883e-01 4.9965494261e-01 1.0000000000e-03
9.0000000000e+00 2.3652219772e-01 1.9206933677e-01 2.7941131592e-01 4.9104802312e-01 5.0895196706e-01 1.0000000000e-03
1.0000000000e+01 1.9721324742e-01 1.7604590952e-01 2.1728374064e-01 4.8670107341e-01 5.1329891521e-01 1.0000000000e-03
1.1000000000e+01 1.5285666287e-01 1.6158497334e-01 1.4444267750e-01 4.9083173999e-01 5.0916824650e-01 1.0000000000e-03
1.2000000000e+01 1.3032460213e-01 1.6207788885e-01 9.8052047193e-02 5.0405507523e-01 4.9594490877e-01 1.0000000000e-03
1.3000000000e+01 1.3608959317e-01 1.8144647777e-01 8.6692750454e-02 5.2131832031e-01 4.7868166155e-01 1.0000000000e-03
1.4000000000e+01 1.5188792348e-01 2.0680040121e-01 8.7571121752e-02 5.3943798276e-01 4.6056199753e-01 1.0000000000e-03
1.5000000000e+01 1.5892082453e-01 2.2020335495e-01 8.1396169960e-02 5.5850601953e-01 4.4149395941e-01 1.0000000000e-03
1.6000000000e+01 1.5431921184e-01 2.1532821655e-01 7.0786260068e-02 5.7791487721e-01 4.2208510034e-01 1.0000000000e-03
1.7000000000e+01 1.4456017315e-01 1.9754828513e-01 6.6756755114e-02 5.9486592087e-01 4.0513405514e-01 1.0000000000e-03
1.8000000000e+01 1.3666132092e-01 1.7704117298e-01 7.4625238776e-02 6.0572688320e-01 3.9427309124e-01 1.0000000000e-03
1.9000000000e+01 1.3484182954e-01 1.6271649301e-01 9.1391392052e-02 6.0918860553e-01 3.9081136753e-01 1.0000000000e-03
2.0000000000e+01 1.3829916716e-01 1.5731735528e-01 1.0887968540e-01 6.0736782847e-01 3.9263214353e-01 1.0000000000e-03
2.1000000000e+01 1.4055714011e-01 1.5585973859e-01 1.1724602431e-01 6.0370041363e-01 3.9629955750e-01 1.0000000000e-03
2.2000000000e+01 1.3554178178e-01 1.5195816755e-01 1.1079755425e-01 6.0116285665e-01 3.9883711357e-01 1.0000000000e-03
2.3000000000e+01 1.2446600199e-01 1.4547938108e-01 9.2663958669e-02 6.0213556685e-01 3.9786440215e-01 1.0000000000e-03
2.4000000000e+01 1.1396302283e-01 1.4117775857e-01 7.1710310876e-02 6.0823749337e-01 3.9176247403e-01 1.0000000000e-03
2.5000000000e+01 1.0949627310e-01 1.4243207872e-01 5.5937580764e-02 6.1921508296e-01 3.8078488266e-01 1.0000000000e-03
2.6000000000e+01 1.1086814106e-01 1.4732204378e-01 4.8076666892e-02 6.3268917770e-01 3.6731078623e-01 1.0000000000e-03
2.7000000000e+01 1.1319915205e-01 1.5002827346e-01 4.6005256474e-02 6.4595220111e-01 3.5404776134e-01 1.0000000000e-03
2.8000000000e+01 1.1192960292e-01 1.4587350190e-01 4.6904116869e-02 6.5702629119e-01 3.4297366982e-01 1.0000000000e-03
2.9000000000e+01 1.0642211139e-01 1.3475225866e-01 5.0411723554e-02 6.6409821021e-01 3.3590174929e-01 1.0000000000e-03
3.0000000000e+01 9.9492967129e-02 1.2039899081e-01 5.7956937701e-02 6.6519328520e-01 3.3480667275e-01 1.0000000000e-03
3.1000000000e+01 9.4633832574e-02 1.0737524927e-01 6.9986939430e-02 6.5921405488e-01 3.4078590164e-01 1.0000000000e-03
3.2000000000e+01 9.3203403056e-02 9.8245821893e-02 8.3952650428e-02 6.4721506447e-01 3.5278489091e-01 1.0000000000e-03
3.3000000000e+01 9.3477815390e-02 9.2627651989e-02 9.4937123358e-02 6.3187790904e-01 3.6812204547e-01 1.0000000000e-03
3.4000000000e+01 9.2507824302e-02 8.8673792779e-02 9.8658926785e-02 6.1602503552e-01 3.8397491819e-01 1.0000000000e-03
3.5000000000e+01 8.8834151626e-02 8.5412457585e-02 9.4010271132e-02 6.0202656377e-01 3.9797338901e-01 1.0000000000e-03
3.6000000000e+01 8.3409428596e-02 8.3591833711e-02 8.3144813776e-02 5.9195795408e-01 4.0804199742e-01 1.0000000000e-03
3.7000000000e+01 7.8542329371e-02 8.4557898343e-02 6.9975405931e-02 5.8748039127e-01 4.1251955861e-01 1.0000000000e-03
3.8000000000e+01 7.6008856297e-02 8.8388442993e-02 5.8267693967e-02 5.8900152246e-01 4.1099842561e-01 1.0000000000e-03
3.9000000000e+01 7.5382843614e-02 9.2804856598e-02 4.9766849726e-02 5.9519482563e-01 4.0480512062e-01 1.0000000000e-03
4.0000000000e+01 7.4250377715e-02 9.4165831804e-02 4.3888971210e-02 6.0388436073e-01 3.9611558365e-01 1.0000000000e-03
4.1000000000e+01 7.0834964514e-02 9.0355940163e-02 3.9934258908e-02 6.1284567919e-01 3.8715426308e-01 1.0000000000e-03
4.2000000000e+01 6.6098220646e-02 8.2774981856e-02 3.8938466460e-02 6.1956918778e-01 3.8043075205e-01 1.0000000000e-03
4.3000000000e+01 6.2548801303e-02 7.5034923851e-02 4.2028184980e-02 6.2171010323e-01 3.7828983407e-01 1.0000000000e-03
4.4000000000e+01 6.1210095882e-02 6.9718718529e-02 4.7381889075e-02 6.1907654024e-01 3.8092339479e-01 1.0000000000e-03
4.5000000000e+01 6.0479700565e-02 6.6697157919e-02 5.0588250160e-02 6.1403627775e-01 3.8596365525e-01 1.0000000000e-03
4.6000000000e+01 5.8393672109e-02 6.4625121653e-02 4.8660192639e-02 6.0967898149e-01 3.9032094938e-01 1.0000000000e-03
4.7000000000e+01 5.5083367974e-02 6.3194386661e-02 4.2475827038e-02 6.0851448344e-01 3.9148544488e-01 1.0000000000e-03
4.8000000000e+01 5.2291680127e-02 6.3114404678e-02 3.5232413560e-02 6.1183836826e-01 3.8816155706e-01 1.0000000000e-03
4.9000000000e+01 5.1167771220e-02 6.4275018871e-02 2.9880065471e-02 6.1891957787e-01 3.8108034430e-01 1.0000000000e-03
5.0000000000e+01 5.0905786455e-02 6.4670041203e-02 2.7769880369e-02 6.2698660869e-01 3.7301331044e-01 1.0000000000e-03
5.1000000000e+01 4.9586921930e-02 6.1776697636e-02 2.8593949974e-02 6.3264719105e-01 3.6735272511e-01 1.0000000000e-03
5.2000000000e+01 4.6716593206e-02 5.5401578546e-02 3.1739398837e-02 6.3295941800e-01 3.6704049506e-01 1.0000000000e-03
5.3000000000e+01 4.4095434248e-02 4.8304855824e-02 3.7041839212e-02 6.2626186017e-01 3.7373804987e-01 1.0000000000e-03
5.4000000000e+01 4.3144140393e-02 4.3222814798e-02 4.3019134551e-02 6.1375375487e-01 3.8624615257e-01 1.0000000000e-03
5.5000000000e+01 4.2682405561e-02 4.0358528495e-02 4.6154163778e-02 5.9902878728e-01 4.0097111785e-01 1.0000000000e-03
5.6000000000e+01 4.1155867279e-02 3.8899935782e-02 4.4347144663e-02 5.8585419128e-01 4.1414571133e-01 1.0000000000e-03
5.7000000000e+01 3.9290234447e-02 3.9222449064e-02 3.9382766932e-02 5.7716678919e-01 4.2283311044e-01 1.0000000000e-03
5.8000000000e+01 3.8589324802e-02 4.1658744216e-02 3.4450408071e-02 5.7418562827e-01 4.2581426826e-01 1.0000000000e-03
5.9000000000e+01 3.8872808218e-02 4.4463496655e-02 3.1294744462e-02 5.7545835781e-01 4.2454153587e-01 1.0000000000e-03
6.0000000000e+01 3.8638386875e-02 4.4797878712e-02 3.0214613304e-02 5.7763307194e-01 4.2236681903e-01 1.0000000000e-03
6.1000000000e+01 3.7351995707e-02 4.1805919260e-02 3.1274691224e-02 5.7707497043e-01 4.2292491777e-01 1.0000000000e-03
6.2000000000e+01 3.6278050393e-02 3.7627901882e-02 3.4477349371e-02 5.7155215621e-01 4.2844772930e-01 1.0000000000e-03
6.3000000000e+01 3.6217335612e-02 3.4680806100e-02 3.8188796490e-02 5.6198990131e-01 4.3800998192e-01 1.0000000000e-03
6.4000000000e+01 3.6063827574e-02 3.3388189971e-02 3.9356451482e-02 5.5168870477e-01 4.4831117639e-01 1.0000000000e-03
6.5000000000e+01 3.5160288215e-02 3.3544905484e-02 3.7087514997e-02 5.4401204893e-01 4.5598782996e-01 1.0000000000e-03
6.6000000000e+01 3.4487705678e-02 3.5346679389e-02 3.3475406468e-02 5.4097033687e-01 4.5902953960e-01 1.0000000000e-03
6.7000000000e+01 3.4573301673e-02 3.7980262190e-02 3.0536534265e-02 5.4230534118e-01 4.5769453305e-01 1.0000000000e-03
6.8000000000e+01 3.4627664834e-02 3.9515681565e-02 2.8750080615e-02 5.4595986469e-01 4.5404000747e-01 1.0000000000e-03
6.9000000000e+01 3.4061867744e-02 3.9001882076e-02 2.8035204858e-02 5.4954342933e-01 4.5045644069e-01 1.0000000000e-03
7.0000000000e+01 3.3518310636e-02 3.7505313754e-02 2.8619483113e-02 5.5130806303e-01 4.4869180487e-01 1.0000000000e-03
7.1000000000e+01 3.3529989421e-02 3.6319717765e-02 3.0108565465e-02 5.5085232965e-01 4.4914753641e-01 1.0000000000e-03
7.2000000000e+01 3.3374898136e-02 3.5394325852e-02 3.0915232375e-02 5.4914450028e-01 4.5085536409e-01 1.0000000000e-03
7.3000000000e+01 3.2671391964e-02 3.4567721188e-02 3.0377358198e-02 5.4745612402e-01 4.5254373851e-01 1.0000000000e-03
7.4000000000e+01 3.2112985849e-02 3.4264411777e-02 2.9521118850e-02 5.4642866065e-01 4.5357119995e-01 1.0000000000e-03
7.5000000000e+01 3.1993716955e-02 3.4257575870e-02 2.9274320230e-02 5.4570763949e-01 4.5429221931e-01 1.0000000000e-03
7.6000000000e+01 3.1804893166e-02 3.3563185483e-02 2.9705723748e-02 5.4418533265e-01 4.5581452446e-01 1.0000000000e-03
7.7000000000e+01 3.1302269548e-02 3.1907673925e-02 3.0589228496e-02 5.4082159984e-01 4.5917825557e-01 1.0000000000e-03
7.8000000000e+01 3.0931293964e-02 3.0306793749e-02 3.1651705503e-02 5.3565409922e-01 4.6434575450e-01 1.0000000000e-03
7.9000000000e+01 3.0811410397e-02 2.9736379161e-02 3.2024838030e-02 5.3023601492e-01 4.6976383724e-01 1.0000000000e-03
8.0000000000e+01 3.0505985022e-02 3.0256638303e-02 3.0783565715e-02 5.2678078207e-01 4.7321906850e-01 1.0000000000e-03
8.1000000000e+01 3.0039049685e-02 3.1552206725e-02 2.8354696929e-02 5.2677142738e-01 4.7322842143e-01 1.0000000000e-03
8.2000000000e+01 2.9771054164e-02 3.3057712018e-02 2.6064710692e-02 5.3000827618e-01 4.6999157084e-01 1.0000000000e-03
8.3000000000e+01 2.9650308192e-02 3.3864744008e-02 2.4806769565e-02 5.3472666556e-01 4.6527317971e-01 1.0000000000e-03
8.4000000000e+01 2.9364027083e-02 3.3357333392e-02 2.4700529873e-02 5.3870931301e-01 4.6129053051e-01 1.0000000000e-03
8.5000000000e+01 2.8987646103e-02 3.1888704747e-02 2.5577539578e-02 5.4032956540e-01 4.5967027637e-01 1.0000000000e-03
8.6000000000e+01 2.8812127188e-02 3.0378069729e-02 2.6979329064e-02 5.3925937403e-01 4.6074046612e-01 1.0000000000e-03
8.7000000000e+01 2.8705868870e-02 2.9413195327e-02 2.7886601165e-02 5.3666553900e-01 4.6333429969e-01 1.0000000000e-03
8.8000000000e+01 2.8447112069e-02 2.9223719612e-02 2.7555514127e-02 5.3446800386e-01 4.6553183335e-01 1.0000000000e-03
8.9000000000e+01 2.8158096597e-02 2.9839606956e-02 2.6229359210e-02 5.3424066457e-01 4.6575917108e-01 1.0000000000e-03
9.0000000000e+01 2.7992602438e-02 3.0817223713e-02 2.4725746363e-02 5.3630015998e-01 4.6369967410e-01 1.0000000000e-03
9.1000000000e+01 2.7841281146e-02 3.1326286495e-02 2.3757763207e-02 5.3954011083e-01 4.6045972168e-01 1.0000000000e-03
9.2000000000e+01 2.7608258650e-02 3.0912313610e-02 2.3695167154e-02 5.4219429247e-01 4.5780553849e-01 1.0000000000e-03
9.3000000000e+01 2.7415631339e-02 2.9889514670e-02 2.4476770312e-02 5.4295288716e-01 4.5704694230e-01 1.0000000000e-03
9.4000000000e+01 2.7275413275e-02 2.8789715841e-02 2.5485541672e-02 5.4170149332e-01 4.5829833478e-01 1.0000000000e-03
9.5000000000e+01 2.7075644583e-02 2.7942636982e-02 2.6060853153e-02 5.3927361423e-01 4.6072621254e-01 1.0000000000e-03
9.6000000000e+01 2.6846949011e-02 2.7517104521e-02 2.6070645079e-02 5.3669586087e-01 4.6330396456e-01 1.0000000000e-03
9.7000000000e+01 2.6692401618e-02 2.7497591451e-02 2.5767307729e-02 5.3465049019e-01 4.6534933393e-01 1.0000000000e-03
9.8000000000e+01 2.6550257578e-02 2.7619278058e-02 2.5328453630e-02 5.3334871986e-01 4.6665110296e-01 1.0000000000e-03
9.9000000000e+01 2.6324821636e-02 2.7638284490e-02 2.4827590212e-02 5.3269243063e-01 4.6730739085e-01 1.0000000000e-03
1.0000000000e+02 2.6103761047e-02 2.7612004429e-02 2.4385647848e-02 5.3252558336e-01 4.6747423673e-01 1.0000000000e-03
1.0100000000e+02 2.5956653059e-02 2.7696687728e-02 2.3971688002e-02 5.3287773386e-01 4.6712208487e-01 1.0000000000e-03
1.0200000000e+02 2.5813145563e-02 2.7904467657e-02 2.3417029530e-02 5.3396183922e-01 4.6603797816e-01 1.0000000000e-03
1.0300000000e+02 2.5633106008e-02 2.8104934841e-02 2.2780047730e-02 5.3579792206e-01 4.6420189392e-01 1.0000000000e-03
1.0400000000e+02 2.5471318513e-02 2.8075736016e-02 2.2440975532e-02 5.3779524404e-01 4.6220457055e-01 1.0000000000e-03
1.0500000000e+02 2.5321636349e-02 2.7579197660e-02 2.2683320567e-02 5.3888601493e-01 4.6111379831e-01 1.0000000000e-03
1.0600000000e+02 2.5144651532e-02 2.6641447097e-02 2.3399984464e-02 5.3823618168e-01 4.6176363025e-01 1.0000000000e-03
1.0700000000e+02 2.4973137304e-02 2.5659056380e-02 2.4181125686e-02 5.3589522302e-01 4.6410458765e-01 1.0000000000e-03
1.0800000000e+02 2.4823144078e-02 2.5069968775e-02 2.4541627616e-02 5.3283816801e-01 4.6716164143e-01 1.0000000000e-03
1.0900000000e+02 2.4654166773e-02 2.5041718036e-02 2.4216461927e-02 5.3039202522e-01 4.6960778298e-01 1.0000000000e-03
1.1000000000e+02 2.4479836226e-02 2.5455119088e-02 2.3382371292e-02 5.2947489875e-01 4.7052490816e-01 1.0000000000e-03
1.1100000000e+02 2.4351436645e-02 2.5971421972e-02 2.2524056956e-02 5.3008171371e-01 4.6991809189e-01 1.0000000000e-03
1.1200000000e+02 2.4232149124e-02 2.6140827686e-02 2.2068582475e-02 5.3129702729e-01 4.6870277700e-01 1.0000000000e-03
1.1300000000e+02 2.4076603353e-02 2.5725675747e-02 2.2203212604e-02 5.3184198981e-01 4.6815781319e-01 1.0000000000e-03
1.1400000000e+02 2.3917444050e-02 2.4923559278e-02 2.2778764367e-02 5.3090588305e-01 4.6909391868e-01 1.0000000000e-03
1.1500000000e+02 2.3783922195e-02 2.4183580652e-02 2.3335583508e-02 5.2870755262e-01 4.7129224790e-01 1.0000000000e-03
1.1600000000e+02 2.3649442941e-02 2.3852489889e-02 2.3423865438e-02 5.2629010468e-01 4.7370969463e-01 1.0000000000e-03
1.1700000000e+02 2.3509275168e-02 2.3997908458e-02 2.2969743237e-02 5.2475562946e-01 4.7524416863e-01 1.0000000000e-03
1.1800000000e+02 2.3376241326e-02 2.4412361905e-02 2.2232824937e-02 5.2461634883e-01 4.7538344802e-01 1.0000000000e-03
1.1900000000e+02 2.3246806115e-02 2.4778530002e-02 2.1549509838e-02 5.2563965468e-01 4.7436014089e-01 1.0000000000e-03
1.2000000000e+02 2.3123696446e-02 2.4875385687e-02 2.1171268076e-02 5.2709781298e-01 4.7290198132e-01 1.0000000000e-03
1.2100000000e+02 2.3009750992e-02 2.4646701291e-02 2.1177317947e-02 5.2817357106e-01 4.7182622199e-01 1.0000000000e-03
1.2200000000e+02 2.2881323472e-02 2.4168567732e-02 2.1439349279e-02 5.2834824695e-01 4.7165154486e-01 1.0000000000e-03
1.2300000000e+02 2.2741287947e-02 2.3616887629e-02 2.1763561293e-02 5.2755539845e-01 4.7244439215e-01 1.0000000000e-03
1.2400000000e+02 2.2619571537e-02 2.3157082498e-02 2.2022970021e-02 5.2605495036e-01 4.7394483905e-01 1.0000000000e-03
1.2500000000e+02 2.2509336472e-02 2.2843655199e-02 2.2140974179e-02 5.2423046750e-01 4.7576932074e-01 1.0000000000e-03
1.2600000000e+02 2.2384013981e-02 2.2689662874e-02 2.2049536929e-02 5.2252280659e-01 4.7747698047e-01 1.0000000000e-03
1.2700000000e+02 2.2256270051e-02 2.2745003924e-02 2.1723799407e-02 5.2141874019e-01 4.7858104567e-01 1.0000000000e-03
1.2800000000e+02 2.2142546251e-02 2.2991808131e-02 2.1217776462e-02 5.2128324249e-01 4.7871654217e-01 1.0000000000e-03
1.2900000000e+02 2.2034758702e-02 2.3258708417e-02 2.0697791129e-02 5.2206791943e-01 4.7793186402e-01 1.0000000000e-03
1.3000000000e+02 2.1923704073e-02 2.3326115683e-02 2.0384667441e-02 5.2322578645e-01 4.7677399577e-01 1.0000000000e-03
1.3100000000e+02 2.1809741855e-02 2.3082854226e-02 2.0408380777e-02 5.2397792255e-01 4.7602185845e-01 1.0000000000e-03
1.3200000000e+02 2.1696500480e-02 2.2596562281e-02 2.0706629381e-02 5.2376232795e-01 4.7623745186e-01 1.0000000000e-03
1.3300000000e+02 2.1592054516e-02 2.2090896964e-02 2.1045995876e-02 5.2259722880e-01 4.7740254985e-01 1.0000000000e-03
1.3400000000e+02 2.1488808095e-02 2.1819336340e-02 2.1129103377e-02 5.2114105409e-01 4.7885872341e-01 1.0000000000e-03
1.3500000000e+02 2.1375894547e-02 2.1894756705e-02 2.0813142881e-02 5.2029322914e-01 4.7970654720e-01 1.0000000000e-03
1.3600000000e+02 2.1267160773e-02 2.2195449099e-02 2.0259328187e-02 5.2054410951e-01 4.7945566564e-01 1.0000000000e-03
1.3700000000e+02 2.1173205227e-02 2.2427953780e-02 1.9805192947e-02 5.2159478357e-01 4.7840499039e-01 1.0000000000e-03
1.3800000000e+02 2.1077744663e-02 2.2340754047e-02 1.9695263356e-02 5.2258198777e-01 4.7741778500e-01 1.0000000000e-03
1.3900000000e+02 2.0972320810e-02 2.1917512640e-02 1.9937276840e-02 5.2268937888e-01 4.7731039273e-01 1.0000000000e-03
1.4000000000e+02 2.0870100707e-02 2.1365631372e-02 2.0329697058e-02 5.2166269534e-01 4.7833707512e-01 1.0000000000e-03
1.4100000000e+02 2.0775239915e-02 2.0953988656e-02 2.0581647754e-02 5.1994463227e-01 4.8005513707e-01 1.0000000000e-03
1.4200000000e+02 2.0679548383e-02 2.0849552006e-02 2.0496578887e-02 5.1837700830e-01 4.8162275992e-01 1.0000000000e-03
1.4300000000e+02 2.0579721779e-02 2.1024564281e-02 2.0102312788e-02 5.1766052227e-01 4.8233924481e-01 1.0000000000e-03
1.4400000000e+02 2.0482525229e-02 2.1293349564e-02 1.9611325115e-02 5.1795048693e-01 4.8204927899e-01 1.0000000000e-03
1.4500000000e+02 2.0394615829e-02 2.1453397349e-02 1.9252847880e-02 5.1885838826e-01 4.8114137651e-01 1.0000000000e-03
1.4600000000e+02 2.0308323205e-02 2.1392779425e-02 1.9134642556e-02 5.1975847338e-01 4.8024129023e-01 1.0000000000e-03
1.4700000000e+02 2.0214363933e-02 2.1115204319e-02 1.9238039851e-02 5.2010852826e-01 4.7989123421e-01 1.0000000000e-03
1.4800000000e+02 2.0120985806e-02 2.0726921037e-02 1.9465440884e-02 5.1966696594e-01 4.8033279540e-01 1.0000000000e-03
1.4900000000e+02 2.0035175607e-02 2.0378602669e-02 1.9665233791e-02 5.1859099157e-01 4.8140876867e-01 1.0000000000e-03
1.5000000000e+02 1.9948329777e-02 2.0184708759e-02 1.9694969058e-02 5.1734590136e-01 4.8265385778e-01 1.0000000000e-03
1.5100000000e+02 1.9856840372e-02 2.0182879642e-02 1.9508607686e-02 5.1646068955e-01 4.8353906848e-01 1.0000000000e-03
1.5200000000e+02 1.9769981503e-02 2.0320709795e-02 1.9182251766e-02 5.1625558565e-01 4.8374417126e-01 1.0000000000e-03
1.5300000000e+02 1.9689856097e-02 2.0459061489e-02 1.8867654726e-02 5.1665332894e-01 4.8334642685e-01 1.0000000000e-03
1.5400000000e+02 1.9608322531e-02 2.0436499268e-02 1.8721224740e-02 5.1717819496e-01 4.8282155972e-01 1.0000000000e-03
1.5500000000e+02 1.9522650167e-02 2.0190211013e-02 1.8807439134e-02 5.1723325347e-01 4.8276650010e-01 1.0000000000e-03
1.5600000000e+02 1.9439524040e-02 1.9825035706e-02 1.9027650356e-02 5.1653608001e-01 4.8346367246e-01 1.0000000000e-03
1.5700000000e+02 1.9361658022e-02 1.9538540393e-02 1.9173577428e-02 5.1535383975e-01 4.8464591164e-01 1.0000000000e-03
1.5800000000e+02 1.9281627610e-02 1.9473366439e-02 1.9078582525e-02 5.1433045818e-01 4.8566929213e-01 1.0000000000e-03
1.5900000000e+02 1.9199151546e-02 1.9624084234e-02 1.8749682233e-02 5.1403672165e-01 4.8596302757e-01 1.0000000000e-03
1.6000000000e+02 1.9122775644e-02 1.9835267216e-02 1.8367571756e-02 5.1455396049e-01 4.8544578763e-01 1.0000000000e-03
1.6100000000e+02 1.9050434232e-02 1.9895341247e-02 1.8151871860e-02 5.1538974268e-01 4.8461000435e-01 1.0000000000e-03
1.6200000000e+02 1.8973693252e-02 1.9699789584e-02 1.8200129271e-02 5.1582920261e-01 4.8417054333e-01 1.0000000000e-03
1.6300000000e+02 1.8895754591e-02 1.9336894155e-02 1.8426490948e-02 5.1545167345e-01 4.8454807141e-01 1.0000000000e-03
1.6400000000e+02 1.8822409213e-02 1.9002152607e-02 1.8632013351e-02 5.1439825230e-01 4.8560149151e-01 1.0000000000e-03
1.6500000000e+02 1.8750272691e-02 1.8848709762e-02 1.8646493554e-02 5.1322806977e-01 4.8677167299e-01 1.0000000000e-03
1.6600000000e+02 1.8675288185e-02 1.8902389333e-02 1.8436523154e-02 5.1252908392e-01 4.8747065778e-01 1.0000000000e-03
1.6700000000e+02 1.8602084368e-02 1.9062055275e-02 1.8118450418e-02 5.1254511282e-01 4.8745462781e-01 1.0000000000e-03
1.6800000000e+02 1.8533915281e-02 1.9169922918e-02 1.7863817513e-02 5.1305398682e-01 4.8694575275e-01 1.0000000000e-03
1.6900000000e+02 1.8465301022e-02 1.9116995856e-02 1.7777269706e-02 5.1356420333e-01 4.8643553517e-01 1.0000000000e-03
1.7000000000e+02 1.8393721431e-02 1.8908709288e-02 1.7849838361e-02 5.1364807472e-01 4.8635166273e-01 1.0000000000e-03
1.7100000000e+02 1.8324755132e-02 1.8645636737e-02 1.7986502498e-02 5.1318291995e-01 4.8681681646e-01 1.0000000000e-03
1.7200000000e+02 1.8258703873e-02 1.8452031538e-02 1.8055547029e-02 5.1240763083e-01 4.8759210455e-01 1.0000000000e-03
1.7300000000e+02 1.8190685660e-02 1.8403774127e-02 1.7967334017e-02 5.1176683570e-01 4.8823289864e-01 1.0000000000e-03
1.7400000000e+02 1.8122462556e-02 1.8482448533e-02 1.7745375633e-02 5.1160741264e-01 4.8839232066e-01 1.0000000000e-03
1.7500000000e+02 1.8058348447e-02 1.8581360579e-02 1.7509775236e-02 5.1193121186e-01 4.8806852041e-01 1.0000000000e-03
1.7600000000e+02 1.7995273694e-02 1.8573956564e-02 1.7387198284e-02 5.1238813217e-01 4.8761159907e-01 1.0000000000e-03
1.7700000000e+02 1.7929833382e-02 1.8405502662e-02 1.7429757863e-02 5.1251073577e-01 4.8748899444e-01 1.0000000000e-03
1.7800000000e+02 1.7865369096e-02 1.8142977729e-02 1.7574049532e-02 5.1205608631e-01 4.8794364288e-01 1.0000000000e-03
1.7900000000e+02 1.7803873867e-02 1.7929913476e-02 1.7672061920e-02 5.1121259450e-01 4.8878713368e-01 1.0000000000e-03
1.8000000000e+02 1.7741475254e-02 1.7873812467e-02 1.7603484914e-02 5.1047230752e-01 4.8952741965e-01 1.0000000000e-03
1.8100000000e+02 1.7678409815e-02 1.7965773121e-02 1.7379021272e-02 5.1025510237e-01 4.8974462379e-01 1.0000000000e-03
1.8200000000e+02 1.7618607730e-02 1.8090158701e-02 1.7126645893e-02 5.1059755062e-01 4.8940217453e-01 1.0000000000e-03
1.8300000000e+02 1.7560303211e-02 1.8106916919e-02 1.6988806427e-02 5.1113072493e-01 4.8886899921e-01 1.0000000000e-03
1.8400000000e+02 1.7500225455e-02 1.7960010096e-02 1.7019066960e-02 5.1136264629e-01 4.8863707685e-01 1.0000000000e-03
1.8500000000e+02 1.7440538853e-02 1.7722183838e-02 1.7146172002e-02 5.1105234786e-01 4.8894737428e-01 1.0000000000e-03
1.8600000000e+02 1.7383199185e-02 1.7525812611e-02 1.7234556377e-02 5.1036604728e-01 4.8963367388e-01 1.0000000000e-03
1.8700000000e+02 1.7325546592e-02 1.7456980422e-02 1.7188914120e-02 5.0971629391e-01 4.9028342628e-01 1.0000000000e-03
1.8800000000e+02 1.7267342657e-02 1.7505502328e-02 1.7020020634e-02 5.0944772636e-01 4.9055199284e-01 1.0000000000e-03
1.8900000000e+02 1.7211601138e-02 1.7581811175e-02 1.6826909035e-02 5.0959990228e-01 4.9039981594e-01 1.0000000000e-03
1.9000000000e+02 1.7157297581e-02 1.7582140863e-02 1.6715291888e-02 5.0990361993e-01 4.9009609731e-01 1.0000000000e-03
1.9100000000e+02 1.7101665959e-02 1.7467163503e-02 1.6721254215e-02 5.1000412309e-01 4.8999559317e-01 1.0000000000e-03
1.9200000000e+02 1.7046665773e-02 1.7286757007e-02 1.6797063872e-02 5.0972206186e-01 4.9027765344e-01 1.0000000000e-03
1.9300000000e+02 1.6993533820e-02 1.7134640366e-02 1.6847159714e-02 5.0917283293e-01 4.9082688141e-01 1.0000000000e-03
1.9400000000e+02 1.6940118745e-02 1.7080428079e-02 1.6794864088e-02 5.0867702778e-01 4.9132268561e-01 1.0000000000e-03
1.9500000000e+02 1.6886577010e-02 1.7121953890e-02 1.6643052921e-02 5.0851847757e-01 4.9148123486e-01 1.0000000000e-03
1.9600000000e+02 1.6835087910e-02 1.7183918506e-02 1.6473880038e-02 5.0872140507e-01 4.9127830641e-01 1.0000000000e-03
1.9700000000e+02 1.6784429550e-02 1.7173074186e-02 1.6381500289e-02 5.0902878132e-01 4.9097092921e-01 1.0000000000e-03
1.9800000000e+02 1.6732884571e-02 1.7052808776e-02 1.6401110217e-02 5.0909991219e-01 4.9089979739e-01 1.0000000000e-03
1.9900000000e+02 1.6682090238e-02 1.6873355955e-02 1.6484003514e-02 5.0877351381e-01 4.9122619483e-01 1.0000000000e-03
2.0000000000e+02 1.6632748768e-02 1.6732916236e-02 1.6529249027e-02 5.0820230177e-01 4.9179740594e-01 1.0000000000e-03
2.0100000000e+02 1.6583189368e-02 1.6696907580e-02 1.6465907916e-02 5.0773033755e-01 4.9226936924e-01 1.0000000000e-03
2.0200000000e+02 1.6533909366e-02 1.6746686772e-02 1.6314564273e-02 5.0761080655e-01 4.9238889932e-01 1.0000000000e-03
2.0300000000e+02 1.6486279666e-02 1.6798805445e-02 1.6163844615e-02 5.0781286241e-01 4.9218684254e-01 1.0000000000e-03
2.0400000000e+02 1.6439119354e-02 1.6771968454e-02 1.6095373780e-02 5.0806084173e-01 4.9193886230e-01 1.0000000000e-03
2.0500000000e+02 1.6391482204e-02 1.6653187573e-02 1.6121206805e-02 5.0806632191e-01 4.9193338120e-01 1.0000000000e-03
2.0600000000e+02 1.6344727948e-02 1.6505621374e-02 1.6178771853e-02 5.0775968282e-01 4.9224001939e-01 1.0000000000e-03
2.0700000000e+02 1.6298955306e-02 1.6408430412e-02 1.6186237335e-02 5.0732454177e-01 4.9267515953e-01 1.0000000000e-03
2.0800000000e+02 1.6252970323e-02 1.6392944381e-02 1.6109013930e-02 5.0702886183e-01 4.9297083857e-01 1.0000000000e-03
2.0900000000e+02 1.6207769513e-02 1.6425790265e-02 1.5983559191e-02 5.0700821850e-01 4.9299148101e-01 1.0000000000e-03
2.1000000000e+02 1.6163799912e-02 1.6438072547e-02 1.5881557018e-02 5.0716833683e-01 4.9283136178e-01 1.0000000000e-03
2.1100000000e+02 1.6119755805e-02 1.6380444169e-02 1.5851382166e-02 5.0727220104e-01 4.9272749669e-01 1.0000000000e-03
2.1200000000e+02 1.6075862572e-02 1.6264302656e-02 1.5881974250e-02 5.0713963501e-01 4.9286006184e-01 1.0000000000e-03
2.1300000000e+02 1.6032870859e-02 1.6147853807e-02 1.5914732590e-02 5.0678919668e-01 4.9321049930e-01 1.0000000000e-03
2.1400000000e+02 1.5990506858e-02 1.6087722033e-02 1.5890773386e-02 5.0641820048e-01 4.9358149463e-01 1.0000000000e-03
2.1500000000e+02 1.5948051587e-02 1.6094969586e-02 1.5797430649e-02 5.0624283771e-01 4.9375685653e-01 1.0000000000e-03
2.1600000000e+02 1.5906527638e-02 1.6125939786e-02 1.5681508929e-02 5.0631716501e-01 4.9368252837e-01 1.0000000000e-03
2.1700000000e+02 1.5865802765e-02 1.6117688268e-02 1.5607302077e-02 5.0648982390e-01 4.9350986862e-01 1.0000000000e-03
2.1800000000e+02 1.5824908391e-02 1.6041565686e-02 1.5602521598e-02 5.0653454765e-01 4.9346514402e-01 1.0000000000e-03
2.1900000000e+02 1.5784624964e-02 1.5926236287e-02 1.5639390796e-02 5.0633544058e-01 4.9366425024e-01 1.0000000000e-03
2.2000000000e+02 1.5744991601e-02 1.5832748264e-02 1.5655117109e-02 5.0598394342e-01 4.9401574656e-01 1.0000000000e-03
2.2100000000e+02 1.5705570579e-02 1.5800694004e-02 1.5608264133e-02 5.0569186266e-01 4.9430782648e-01 1.0000000000e-03
2.2200000000e+02 1.5666685998e-02 1.5816129744e-02 1.5513863415e-02 5.0560505159e-01 4.9439463672e-01 1.0000000000e-03
2.2300000000e+02 1.5628557652e-02 1.5827700496e-02 1.5424840152e-02 5.0568905438e-01 4.9431063310e-01 1.0000000000e-03
2.2400000000e+02 1.5590757132e-02 1.5790835023e-02 1.5386018902e-02 5.0576935811e-01 4.9423032854e-01 1.0000000000e-03
2.2500000000e+02 1.5553062782e-02 1.5706162900e-02 1.5396446921e-02 5.0569029994e-01 4.9430938590e-01 1.0000000000e-03
2.2600000000e+02 1.5515955165e-02 1.5616497025e-02 1.5413207933e-02 5.0544882547e-01 4.9455085956e-01 1.0000000000e-03
2.2700000000e+02 1.5479523689e-02 1.5564499423e-02 1.5392779373e-02 5.0518127672e-01 4.9481840750e-01 1.0000000000e-03
2.2800000000e+02 1.5443199314e-02 1.5558556654e-02 1.5325501561e-02 5.0504043920e-01 4.9495924422e-01 1.0000000000e-03
2.2900000000e+02 1.5407479368e-02 1.5567558818e-02 1.5244136564e-02 5.0506121572e-01 4.9493846691e-01 1.0000000000e-03
2.3000000000e+02 1.5372293070e-02 1.5548794530e-02 1.5192138031e-02 5.0513517801e-01 4.9486450382e-01 1.0000000000e-03
2.3100000000e+02 1.5337298624e-02 1.5486110933e-02 1.5185422264e-02 5.0511181923e-01 4.9488786182e-01 1.0000000000e-03
2.3200000000e+02 1.5302711166e-02 1.5402365476e-02 1.5201082453e-02 5.0492947763e-01 4.9507020263e-01 1.0000000000e-03
2.3300000000e+02 1.5268634073e-02 1.5337991528e-02 1.5197979286e-02 5.0466577131e-01 4.9533390818e-01 1.0000000000e-03
2.3400000000e+02 1.5234868973e-02 1.5315897763e-02 1.5152389184e-02 5.0446750353e-01 4.9553217519e-01 1.0000000000e-03
2.3500000000e+02 1.5201528557e-02 1.5322278254e-02 1.5078633092e-02 5.0442145676e-01 4.9557822120e-01 1.0000000000e-03
2.3600000000e+02 1.5168793499e-02 1.5319701284e-02 1.5015166253e-02 5.0448124987e-01 4.9551842733e-01 1.0000000000e-03
2.3700000000e+02 1.5136260539e-02 1.5280438587e-02 1.4989465475e-02 5.0451373925e-01 4.9548593719e-01 1.0000000000e-03
2.3800000000e+02 1.5104006976e-02 1.5210658312e-02 1.4995463192e-02 5.0441855976e-01 4.9558111593e-01 1.0000000000e-03
2.3900000000e+02 1.5072226524e-02 1.5143648721e-02 1.4999601990e-02 5.0421562407e-01 4.9578405087e-01 1.0000000000e-03
2.4000000000e+02 1.5040753409e-02 1.5107556246e-02 1.4972878620e-02 5.0401790747e-01 4.9598176674e-01 1.0000000000e-03
2.4100000000e+02 1.5009663068e-02 1.5101451427e-02 1.4916433021e-02 5.0392428025e-01 4.9607539322e-01 1.0000000000e-03
2.4200000000e+02 1.4979185537e-02 1.5097777359e-02 1.4858724549e-02 5.0393083527e-01 4.9606883747e-01 1.0000000000e-03
2.4300000000e+02 1.4948952012e-02 1.5069635585e-02 1.4826358296e-02 5.0394460761e-01 4.9605506441e-01 1.0000000000e-03
2.4400000000e+02 1.4918945730e-02 1.5014335513e-02 1.4822075143e-02 5.0387232083e-01 4.9612735047e-01 1.0000000000e-03
2.4500000000e+02 1.4889389277e-02 1.4955451712e-02 1.4822348952e-02 5.0370856515e-01 4.9629110544e-01 1.0000000000e-03
2.4600000000e+02 1.4860140160e-02 1.4918496832e-02 1.4800962061e-02 5.0353543217e-01 4.9646423771e-01 1.0000000000e-03
2.4700000000e+02 1.4831082895e-02 1.4907578938e-02 1.4753536321e-02 5.0344154299e-01 4.9655812619e-01 1.0000000000e-03
2.4800000000e+02 1.4802566729e-02 1.4903538860e-02 1.4700205065e-02 5.0344079750e-01 4.9655887099e-01 1.0000000000e-03
2.4900000000e+02 1.4774363488e-02 1.4881776646e-02 1.4665463008e-02 5.0346274782e-01 4.9653691997e-01 1.0000000000e-03
2.5000000000e+02 1.4746420085e-02 1.4834953472e-02 1.4656677842e-02 5.0341870381e-01 4.9658096330e-01 1.0000000000e-03
2.5100000000e+02 1.4718834311e-02 1.4779491350e-02 1.4657384716e-02 5.0328422057e-01 4.9671544585e-01 1.0000000000e-03
2.5200000000e+02 1.4691563323e-02 1.4738540165e-02 1.4644007199e-02 5.0311664729e-01 4.9688301846e-01 1.0000000000e-03
2.5300000000e+02 1.4664631337e-02 1.4721581712e-02 1.4607003890e-02 5.0300030017e-01 4.9699936491e-01 1.0000000000e-03
2.5400000000e+02 1.4637989923e-02 1.4716413803e-02 1.4558637515e-02 5.0296972524e-01 4.9702993916e-01 1.0000000000e-03
2.5500000000e+02 1.4611661434e-02 1.4700525440e-02 1.4521742240e-02 5.0297863784e-01 4.9702102590e-01 1.0000000000e-03
2.5600000000e+02 1.4585623518e-02 1.4664264396e-02 1.4506058767e-02 5.0295193248e-01 4.9704773061e-01 1.0000000000e-03
2.5700000000e+02 1.4559827745e-02 1.4617317356e-02 1.4501689002e-02 5.0285526646e-01 4.9714439598e-01 1.0000000000e-03
2.5800000000e+02 1.4534350485e-02 1.4579659328e-02 1.4488552697e-02 5.0272643435e-01 4.9727322744e-01 1.0000000000e-03
2.5900000000e+02 1.4509188011e-02 1.4560430311e-02 1.4457412995e-02 5.0263128047e-01 4.9736838069e-01 1.0000000000e-03
2.6000000000e+02 1.4484297484e-02 1.4550868422e-02 1.4417040162e-02 5.0259912908e-01 4.9740053144e-01 1.0000000000e-03
2.6100000000e+02 1.4459773898e-02 1.4533265494e-02 1.4385524206e-02 5.0259464048e-01 4.9740501941e-01 1.0000000000e-03
2.6200000000e+02 1.4435427263e-02 1.4499558136e-02 1.4370645396e-02 5.0255842164e-01 4.9744123762e-01 1.0000000000e-03
2.6300000000e+02 1.4411307871e-02 1.4457798563e-02 1.4364365488e-02 5.0246464754e-01 4.9753501110e-01 1.0000000000e-03
2.6400000000e+02 1.4387467876e-02 1.4423981309e-02 1.4350621961e-02 5.0234563775e-01 4.9765402027e-01 1.0000000000e-03
2.6500000000e+02 1.4363983646e-02 1.4406369068e-02 1.4321223833e-02 5.0225925069e-01 4.9774040672e-01 1.0000000000e-03
2.6600000000e+02 1.4340672642e-02 1.4397054911e-02 1.4283793978e-02 5.0223075857e-01 4.9776889823e-01 1.0000000000e-03
2.6700000000e+02 1.4317668974e-02 1.4382109977e-02 1.4252660796e-02 5.0223370012e-01 4.9776595607e-01 1.0000000000e-03
2.6800000000e+02 1.4294805005e-02 1.4352316968e-02 1.4236792922e-02 5.0221235460e-01 4.9778730100e-01 1.0000000000e-03
2.6900000000e+02 1.4272272587e-02 1.4314906672e-02 1.4229283668e-02 5.0214108481e-01 4.9785857020e-01 1.0000000000e-03
2.7000000000e+02 1.4249919914e-02 1.4282832853e-02 1.4216747135e-02 5.0204290031e-01 4.9795675411e-01 1.0000000000e-03
2.7100000000e+02 1.4227889478e-02 1.4263681136e-02 1.4191824943e-02 5.0196485328e-01 4.9803480056e-01 1.0000000000e-03
2.7200000000e+02 1.4205987565e-02 1.4252075925e-02 1.4159550890e-02 5.0193117982e-01 4.9806847343e-01 1.0000000000e-03
2.7300000000e+02 1.4184456319e-02 1.4235531911e-02 1.4132996090e-02 5.0191876523e-01 4.9808088745e-01 1.0000000000e-03
2.7400000000e+02 1.4163011685e-02 1.4209141023e-02 1.4116542414e-02 5.0189032444e-01 4.9810932766e-01 1.0000000000e-03
2.7500000000e+02 1.4141859487e-02 1.4176883735e-02 1.4106590301e-02 5.0182554019e-01 4.9817411135e-01 1.0000000000e-03
2.7600000000e+02 1.4120860957e-02 1.4151066542e-02 1.4090452343e-02 5.0175028241e-01 4.9824936856e-01 1.0000000000e-03
2.7700000000e+02 1.4100095257e-02 1.4134237543e-02 1.4065731317e-02 5.0169670147e-01 4.9830294895e-01 1.0000000000e-03
2.7800000000e+02 1.4079499990e-02 1.4122514054e-02 1.4036205597e-02 5.0168026703e-01 4.9831938283e-01 1.0000000000e-03
2.7900000000e+02 1.4059179462e-02 1.4104506001e-02 1.4013558626e-02 5.0167394659e-01 4.9832570272e-01 1.0000000000e-03
2.8000000000e+02 1.4039056376e-02 1.4077967033e-02 1.3999898918e-02 5.0164555481e-01 4.9835409395e-01 1.0000000000e-03
2.8100000000e+02 1.4019073918e-02 1.4047872275e-02 1.3990102336e-02 5.0158400235e-01 4.9841564587e-01 1.0000000000e-03
2.8200000000e+02 1.3999259099e-02 1.4023968950e-02 1.3974410482e-02 5.0151408661e-01 4.9848556107e-01 1.0000000000e-03
2.8300000000e+02 1.3979692943e-02 1.4008890837e-02 1.3950334862e-02 5.0146737676e-01 4.9853227039e-01 1.0000000000e-03
2.8400000000e+02 1.3960395008e-02 1.3996839523e-02 1.3923749328e-02 5.0145151056e-01 4.9854813606e-01 1.0000000000e-03
2.8500000000e+02 1.3941144571e-02 1.3980304822e-02 1.3901765458e-02 5.0144718358e-01 4.9855246252e-01 1.0000000000e-03
2.8600000000e+02 1.3922044076e-02 1.3955913484e-02 1.3887990266e-02 5.0142441865e-01 4.9857522692e-01 1.0000000000e-03
2.8700000000e+02 1.3903317973e-02 1.3930574991e-02 1.3875918463e-02 5.0138023892e-01 4.9861940613e-01 1.0000000000e-03
2.8800000000e+02 1.3884588145e-02 1.3909122907e-02 1.3859931380e-02 5.0133076956e-01 4.9866887498e-01 1.0000000000e-03
2.8900000000e+02 1.3866016641e-02 1.3895454817e-02 1.3836435042e-02 5.0130408591e-01 4.9869555811e-01 1.0000000000e-03
2.9000000000e+02 1.3847807422e-02 1.3880187646e-02 1.3815270737e-02 5.0129085698e-01 4.9870878653e-01 1.0000000000e-03
2.9100000000e+02 1.3829536736e-02 1.3863034546e-02 1.3795875944e-02 5.0128315816e-01 4.9871648484e-01 1.0000000000e-03
2.9200000000e+02 1.3811504468e-02 1.3837410137e-02 1.3785478659e-02 5.0124882502e-01 4.9875081748e-01 1.0000000000e-03
2.9300000000e+02 1.3793770224e-02 1.3818103820e-02 1.3769327663e-02 5.0121232722e-01 4.9878731478e-01 1.0000000000e-03
2.9400000000e+02 1.3776037842e-02 1.3797132298e-02 1.3754854910e-02 5.0116779926e-01 4.9883184225e-01 1.0000000000e-03
2.9500000000e+02 1.3758622110e-02 1.3790600933e-02 1.3726502657e-02 5.0116747101e-01 4.9883217001e-01 1.0000000000e-03
2.9600000000e+02 1.3741496950e-02 1.3768522069e-02 1.3714357279e-02 5.0114924846e-01 4.9885039207e-01 1.0000000000e-03
2.9700000000e+02 1.3724768534e-02 1.3762148097e-02 1.3687221333e-02 5.0117078711e-01 4.9882885294e-01 1.0000000000e-03
2.9800000000e+02 1.3708750717e-02 1.3723259792e-02 1.3694188558e-02 5.0110670608e-01 4.9889293349e-01 1.0000000000e-03
2.9900000000e+02 1.3694372028e-02 1.3730888255e-02 1.3657700270e-02 5.0112962753e-01 4.9887001157e-01 1.0000000000e-03
3.0000000000e+02 1.3683631085e-02 1.3681671582e-02 1.3685608283e-02 5.0100945416e-01 4.9899018449e-01 1.0000000000e-03
3.0100000000e+02 1.3681439683e-02 1.3738824055e-02 1.3623806648e-02 5.0111866281e-01 4.9888097542e-01 1.0000000000e-03
3.0200000000e+02 1.3699792325e-02 1.3663915917e-02 1.3735802844e-02 5.0087559646e-01 4.9912404146e-01 1.0000000000e-03
3.0300000000e+02 1.3768484816e-02 1.3852045871e-02 1.3684567995e-02 5.0109211889e-01 4.9890751892e-01 1.0000000000e-03
3.0400000000e+02 1.3959210366e-02 1.3791349716e-02 1.4127337374e-02 5.0038116392e-01 4.9961847429e-01 1.0000000000e-03
3.0500000000e+02 1.4424044639e-02 1.4489009045e-02 1.4358942397e-02 5.0056846493e-01 4.9943117480e-01 1.0000000000e-03
3.0600000000e+02 1.5403848141e-02 1.4805493876e-02 1.5998812392e-02 4.9857466826e-01 5.0142497503e-01 1.0000000000e-03
3.0700000000e+02 1.6922924668e-02 1.6665814444e-02 1.7177961767e-02 4.9796055246e-01 5.0203909695e-01 1.0000000000e-03
3.0800000000e+02 1.8002755940e-02 1.6750432551e-02 1.9228918478e-02 4.9472016711e-01 5.0527948957e-01 1.0000000000e-03
3.0900000000e+02 1.6843698919e-02 1.6542419791e-02 1.7138272524e-02 4.9436357452e-01 5.0563608680e-01 1.0000000000e-03
3.1000000000e+02 1.4258029871e-02 1.4180353843e-02 1.4334072359e-02 4.9465765446e-01 5.0534200565e-01 1.0000000000e-03
3.1100000000e+02 1.3657936826e-02 1.3829236850e-02 1.3489491306e-02 4.9581368850e-01 5.0418596900e-01 1.0000000000e-03
3.1200000000e+02 1.5265345573e-02 1.5355723910e-02 1.5176222660e-02 4.9652625962e-01 5.0347339938e-01 1.0000000000e-03
3.1300000000e+02 1.5755735338e-02 1.5225913376e-02 1.6275510192e-02 4.9520766691e-01 5.0479199444e-01 1.0000000000e-03
3.1400000000e+02 1.4171751216e-02 1.4415509999e-02 1.3931351714e-02 4.9654087150e-01 5.0345878844e-01 1.0000000000e-03
3.1500000000e+02 1.3517959043e-02 1.3791908510e-02 1.3246315531e-02 4.9789569450e-01 5.0210396246e-01 1.0000000000e-03
3.1600000000e+02 1.4616511762e-02 1.4331315644e-02 1.4898469672e-02 4.9713594374e-01 5.0286371332e-01 1.0000000000e-03
3.1700000000e+02 1.4789940789e-02 1.4844643883e-02 1.4735768549e-02 4.9760636522e-01 5.0239329233e-01 1.0000000000e-03
3.1800000000e+02 1.3666315936e-02 1.3638012111e-02 1.3694375753e-02 4.9774260265e-01 5.0225705255e-01 1.0000000000e-03
3.1900000000e+02 1.3588432223e-02 1.3602782972e-02 1.3574202545e-02 4.9802090601e-01 5.0197874688e-01 1.0000000000e-03
3.2000000000e+02 1.4353977516e-02 1.4486414380e-02 1.4222249389e-02 4.9867887670e-01 5.0132077606e-01 1.0000000000e-03
3.2100000000e+02 1.4057005756e-02 1.3981710188e-02 1.4131874777e-02 4.9854390368e-01 5.0145574824e-01 1.0000000000e-03
3.2200000000e+02 1.3384124264e-02 1.3663199730e-02 1.3105357066e-02 4.9973146798e-01 5.0026818139e-01 1.0000000000e-03
3.2300000000e+02 1.3711798936e-02 1.3980908319e-02 1.3441900723e-02 5.0074107499e-01 4.9925857298e-01 1.0000000000e-03
3.2400000000e+02 1.4031359926e-02 1.3918166980e-02 1.4144680463e-02 5.0026336732e-01 4.9973628022e-01 1.0000000000e-03
3.2500000000e+02 1.3546893373e-02 1.3726565987e-02 1.3366582803e-02 5.0090135545e-01 4.9909829042e-01 1.0000000000e-03
3.2600000000e+02 1.3359200209e-02 1.3495663181e-02 1.3222021982e-02 5.0132329851e-01 4.9867634535e-01 1.0000000000e-03
3.2700000000e+02 1.3728400692e-02 1.3596986420e-02 1.3860200532e-02 5.0071163329e-01 4.9928800976e-01 1.0000000000e-03
3.2800000000e+02 1.3661008328e-02 1.3752705418e-02 1.3568963856e-02 5.0097670764e-01 4.9902293450e-01 1.0000000000e-03
3.2900000000e+02 1.3306176290e-02 1.3351185247e-02 1.3260987587e-02 5.0104848495e-01 4.9895115540e-01 1.0000000000e-03
3.3000000000e+02 1.3417429291e-02 1.3403180987e-02 1.3431738131e-02 5.0089040892e-01 4.9910923014e-01 1.0000000000e-03
3.3100000000e+02 1.3596796431e-02 1.3721744530e-02 1.3471224345e-02 5.0126198359e-01 4.9873765479e-01 1.0000000000e-03
3.3200000000e+02 1.3377418742e-02 1.3422650285e-02 1.3331959955e-02 5.0130525190e-01 4.9869438526e-01 1.0000000000e-03
3.3300000000e+02 1.3249750249e-02 1.3380451128e-02 1.3118183240e-02 5.0166957823e-01 4.9833005748e-01 1.0000000000e-03
3.3400000000e+02 1.3417091221e-02 1.3577779755e-02 1.3255055062e-02 5.0210396308e-01 4.9789567179e-01 1.0000000000e-03
3.3500000000e+02 1.3410270214e-02 1.3392535970e-02 1.3428144157e-02 5.0182716619e-01 4.9817246790e-01 1.0000000000e-03
3.3600000000e+02 1.3226240873e-02 1.3293765485e-02 1.3158211485e-02 5.0190065717e-01 4.9809897571e-01 1.0000000000e-03
3.3700000000e+02 1.3245161623e-02 1.3286738656e-02 1.3203280978e-02 5.0186809916e-01 4.9813153268e-01 1.0000000000e-03
3.3800000000e+02 1.3344665989e-02 1.3250558637e-02 1.3439285569e-02 5.0132771494e-01 4.9867191625e-01 1.0000000000e-03
3.3900000000e+02 1.3256475329e-02 1.3309592381e-02 1.3203070499e-02 5.0139581321e-01 4.9860381715e-01 1.0000000000e-03
3.4000000000e+02 1.3161391951e-02 1.3213996775e-02 1.3108490035e-02 5.0145662462e-01 4.9854300471e-01 1.0000000000e-03
3.4100000000e+02 1.3221757486e-02 1.3234712183e-02 1.3208740391e-02 5.0136005140e-01 4.9863957718e-01 1.0000000000e-03
3.4200000000e+02 1.3246510178e-02 1.3361436315e-02 1.3130828738e-02 5.0165926290e-01 4.9834036508e-01 1.0000000000e-03
3.4300000000e+02 1.3156184927e-02 1.3216263615e-02 1.3095701113e-02 5.0172241957e-01 4.9827720761e-01 1.0000000000e-03
3.4400000000e+02 1.3124665245e-02 1.3197372667e-02 1.3051433489e-02 5.0182815049e-01 4.9817147587e-01 1.0000000000e-03
3.4500000000e+02 1.3173533604e-02 1.3267748989e-02 1.3078570366e-02 5.0200433919e-01 4.9799528657e-01 1.0000000000e-03
3.4600000000e+02 1.3157911599e-02 1.3157690875e-02 1.3158142567e-02 5.0180302806e-01 4.9819659713e-01 1.0000000000e-03
3.4700000000e+02 1.3091625646e-02 1.3128389604e-02 1.3054611161e-02 5.0176359607e-01 4.9823602840e-01 1.0000000000e-03
3.4800000000e+02 1.3088137843e-02 1.3115505688e-02 1.3060593978e-02 5.0169210635e-01 4.9830751748e-01 1.0000000000e-03
3.4900000000e+02 1.3115352020e-02 1.3087040745e-02 1.3143834658e-02 5.0141461894e-01 4.9858500438e-01 1.0000000000e-03
3.5000000000e+02 1.3087340631e-02 1.3147941791e-02 1.3026382774e-02 5.0150534827e-01 4.9849427451e-01 1.0000000000e-03
3.5100000000e+02 1.3043252751e-02 1.3107291423e-02 1.2978813611e-02 5.0160105136e-01 4.9839857081e-01 1.0000000000e-03
3.5200000000e+02 1.3046307489e-02 1.3114100322e-02 1.2978062034e-02 5.0170161499e-01 4.9829800664e-01 1.0000000000e-03
3.5300000000e+02 1.3057759963e-02 1.3169751503e-02 1.2944896705e-02 5.0196194888e-01 4.9803767230e-01 1.0000000000e-03
3.5400000000e+02 1.3030861504e-02 1.3087293133e-02 1.2973990291e-02 5.0198311243e-01 4.9801650825e-01 1.0000000000e-03
3.5500000000e+02 1.3000566512e-02 1.3065675274e-02 1.2934934348e-02 5.0203620082e-01 4.9796341933e-01 1.0000000000e-03
3.5600000000e+02 1.3001722284e-02 1.3060463592e-02 1.2942505069e-02 5.0205937884e-01 4.9794024084e-01 1.0000000000e-03
3.5700000000e+02 1.3004815206e-02 1.3013429940e-02 1.2996144593e-02 5.0188665054e-01 4.9811296873e-01 1.0000000000e-03
3.5800000000e+02 1.2982715853e-02 1.3027759269e-02 1.2937343679e-02 5.0187207598e-01 4.9812754285e-01 1.0000000000e-03
3.5900000000e+02 1.2959592044e-02 1.2994282879e-02 1.2924659066e-02 5.0181915972e-01 4.9818045865e-01 1.0000000000e-03
3.6000000000e+02 1.2956932187e-02 1.2989732437e-02 1.2923909351e-02 5.0176422910e-01 4.9823538884e-01 1.0000000000e-03
3.6100000000e+02 1.2956080958e-02 1.3033173978e-02 1.2878413312e-02 5.0188641894e-01 4.9811319861e-01 1.0000000000e-03
3.6200000000e+02 1.2939095497e-02 1.2998987921e-02 1.2878749520e-02 5.0193007779e-01 4.9806953936e-01 1.0000000000e-03
3.6300000000e+02 1.2919712812e-02 1.3003394008e-02 1.2835348956e-02 5.0206223093e-01 4.9793738581e-01 1.0000000000e-03
3.6400000000e+02 1.2913368642e-02 1.2994331308e-02 1.2831708416e-02 5.0217083123e-01 4.9782878511e-01 1.0000000000e-03
3.6500000000e+02 1.2910557911e-02 1.2951151468e-02 1.2869630009e-02 5.0211158885e-01 4.9788802713e-01 1.0000000000e-03
3.6600000000e+02 1.2897854671e-02 1.2946184725e-02 1.2849129736e-02 5.0208853574e-01 4.9791107988e-01 1.0000000000e-03
3.6700000000e+02 1.2881068513e-02 1.2906733900e-02 1.2855210342e-02 5.0197966208e-01 4.9801995316e-01 1.0000000000e-03
3.6800000000e+02 1.2871685438e-02 1.2898356654e-02 1.2844822370e-02 5.0188565401e-01 4.9811396085e-01 1.0000000000e-03
3.6900000000e+02 1.2867063284e-02 1.2917375192e-02 1.2816378847e-02 5.0189330232e-01 4.9810631220e-01 1.0000000000e-03
3.7000000000e+02 1.2857686728e-02 1.2898782268e-02 1.2816295959e-02 5.0186433768e-01 4.9813527650e-01 1.0000000000e-03
3.7100000000e+02 1.2843495235e-02 1.2911766768e-02 1.2774698436e-02 5.0194469477e-01 4.9805491907e-01 1.0000000000e-03
3.7200000000e+02 1.2832159176e-02 1.2900923379e-02 1.2762847356e-02 5.0201921532e-01 4.9798039816e-01 1.0000000000e-03
3.7300000000e+02 1.2825489976e-02 1.2884848751e-02 1.2765652500e-02 5.0204962103e-01 4.9794999212e-01 1.0000000000e-03
3.7400000000e+02 1.2818021700e-02 1.2886603363e-02 1.2748867273e-02 5.0211328289e-01 4.9788632993e-01 1.0000000000e-03
3.7500000000e+02 1.2806656770e-02 1.2851377949e-02 1.2761573307e-02 5.0207724601e-01 4.9792236649e-01 1.0000000000e-03
3.7600000000e+02 1.2794733047e-02 1.2838520110e-02 1.2750596739e-02 5.0204130017e-01 4.9795831200e-01 1.0000000000e-03
3.7700000000e+02 1.2785849161e-02 1.2825365178e-02 1.2746026739e-02 5.0199228179e-01 4.9800733006e-01 1.0000000000e-03
3.7800000000e+02 1.2778621167e-02 1.2811110355e-02 1.2745892629e-02 5.0192062667e-01 4.9807898487e-01 1.0000000000e-03
3.7900000000e+02 1.2769728899e-02 1.2824667618e-02 1.2714372016e-02 5.0194447963e-01 4.9805513159e-01 1.0000000000e-03
3.8000000000e+02 1.2758886442e-02 1.2815544382e-02 1.2701788917e-02 5.0197291041e-01 4.9802670051e-01 1.0000000000e-03
3.8100000000e+02 1.2748626992e-02 1.2818500400e-02 1.2678189203e-02 5.0205075536e-01 4.9794885524e-01 1.0000000000e-03
3.8200000000e+02 1.2740239501e-02 1.2813817710e-02 1.2666040100e-02 5.0213564917e-01 4.9786396113e-01 1.0000000000e-03
3.8300000000e+02 1.2732395902e-02 1.2792370282e-02 1.2671911158e-02 5.0215859019e-01 4.9784101980e-01 1.0000000000e-03
3.8400000000e+02 1.2723405845e-02 1.2785423547e-02 1.2660852633e-02 5.0218748381e-01 4.9781212589e-01 1.0000000000e-03
3.8500000000e+02 1.2713378295e-02 1.2761780061e-02 1.2664565817e-02 5.0215988403e-01 4.9783972537e-01 1.0000000000e-03
3.8600000000e+02 1.2703856453e-02 1.2752535753e-02 1.2654770166e-02 5.0213627247e-01 4.9786333663e-01 1.0000000000e-03
3.8700000000e+02 1.2695480138e-02 1.2747301720e-02 1.2643224560e-02 5.0212757819e-01 4.9787203061e-01 1.0000000000e-03
3.8800000000e+02 1.2687390670e-02 1.2737810612e-02 1.2636551633e-02 5.0211433069e-01 4.9788527783e-01 1.0000000000e-03
3.8900000000e+02 1.2678662315e-02 1.2743899599e-02 1.2612868100e-02 5.0216125359e-01 4.9783835464e-01 1.0000000000e-03
3.9000000000e+02 1.2669361196e-02 1.2735689059e-02 1.2602455914e-02 5.0220801861e-01 4.9779158933e-01 1.0000000000e-03
3.9100000000e+02 1.2660251930e-02 1.2734076008e-02 1.2585762888e-02 5.0228007616e-01 4.9771953149e-01 1.0000000000e-03
3.9200000000e+02 1.2651732191e-02 1.2725058943e-02 1.2577725574e-02 5.0234318929e-01 4.9765641807e-01 1.0000000000e-03
3.9300000000e+02 1.2643609196e-02 1.2706918642e-02 1.2579708360e-02 5.0236038716e-01 4.9763921992e-01 1.0000000000e-03
3.9400000000e+02 1.2635236606e-02 1.2696648017e-02 1.2573250569e-02 5.0236848753e-01 4.9763111927e-01 1.0000000000e-03
3.9500000000e+02 1.2626547366e-02 1.2678039260e-02 1.2574583292e-02 5.0233646093e-01 4.9766314559e-01 1.0000000000e-03
3.9600000000e+02 1.2617746368e-02 1.2673266232e-02 1.2561718002e-02 5.0232381395e-01 4.9767579229e-01 1.0000000000e-03
3.9700000000e+02 1.2609212659e-02 1.2668546289e-02 1.2549333274e-02 5.0232777869e-01 4.9767182727e-01 1.0000000000e-03
3.9800000000e+02 1.2601004913e-02 1.2665382586e-02 1.2536027469e-02 5.0235162350e-01 4.9764798218e-01 1.0000000000e-03
3.9900000000e+02 1.2592876330e-02 1.2666136026e-02 1.2518915348e-02 5.0240871908e-01 4.9759088633e-01 1.0000000000e-03
4.0000000000e+02 1.2584719807e-02 1.2656254694e-02 1.2512488291e-02 5.0245343225e-01 4.9754617289e-01 1.0000000000e-03
4.0100000000e+02 1.2576214969e-02 1.2651039287e-02 1.2500646524e-02 5.0250704056e-01 4.9749256430e-01 1.0000000000e-03
4.0200000000e+02 1.2567892671e-02 1.2636613101e-02 1.2498483062e-02 5.0253109174e-01 4.9746851286e-01 1.0000000000e-03
4.0300000000e+02 1.2559678406e-02 1.2624233030e-02 1.2494477443e-02 5.0253624728e-01 4.9746335704e-01 1.0000000000e-03
4.0400000000e+02 1.2551632710e-02 1.2613027357e-02 1.2489622459e-02 5.0252840308e-01 4.9747120097e-01 1.0000000000e-03
4.0500000000e+02 1.2543640099e-02 1.2601583265e-02 1.2485122308e-02 5.0250765963e-01 4.9749194416e-01 1.0000000000e-03
4.0600000000e+02 1.2535695918e-02 1.2599336915e-02 1.2471422553e-02 5.0251198030e-01 4.9748762323e-01 1.0000000000e-03
4.0700000000e+02 1.2527650222e-02 1.2594116852e-02 1.2460519560e-02 5.0252737412e-01 4.9747222914e-01 1.0000000000e-03
4.0800000000e+02 1.2519578449e-02 1.2594408356e-02 1.2443983927e-02 5.0257500417e-01 4.9742459882e-01 1.0000000000e-03
4.0900000000e+02 1.2511591427e-02 1.2588477693e-02 1.2433902360e-02 5.0262635781e-01 4.9737324492e-01 1.0000000000e-03
4.1000000000e+02 1.2503711507e-02 1.2580108829e-02 1.2426503934e-02 5.0267083046e-01 4.9732877200e-01 1.0000000000e-03
4.1100000000e+02 1.2495899573e-02 1.2569639832e-02 1.2421368621e-02 5.0270037640e-01 4.9729922580e-01 1.0000000000e-03
4.1200000000e+02 1.2488188222e-02 1.2555820867e-02 1.2419831008e-02 5.0270256350e-01 4.9729703844e-01 1.0000000000e-03
4.1300000000e+02 1.2480412610e-02 1.2547094375e-02 1.2413016520e-02 5.0270087126e-01 4.9729873042e-01 1.0000000000e-03
4.1400000000e+02 1.2472705916e-02 1.2536896393e-02 1.2407831848e-02 5.0268946503e-01 4.9731013640e-01 1.0000000000e-03
4.1500000000e+02 1.2464985251e-02 1.2533261441e-02 1.2395978905e-02 5.0269584277e-01 4.9730375841e-01 1.0000000000e-03
4.1600000000e+02 1.2457275763e-02 1.2528769672e-02 1.2385011651e-02 5.0271474935e-01 4.9728485157e-01 1.0000000000e-03
4.1700000000e+02 1.2449673377e-02 1.2526318431e-02 1.2372189201e-02 5.0275276920e-01 4.9724683146e-01 1.0000000000e-03
4.1800000000e+02 1.2442118488e-02 1.2522156350e-02 1.2361189350e-02 5.0280091530e-01 4.9719868511e-01 1.0000000000e-03
4.1900000000e+02 1.2434622273e-02 1.2514252216e-02 1.2354090810e-02 5.0284282219e-01 4.9715677797e-01 1.0000000000e-03
4.2000000000e+02 1.2427080423e-02 1.2505352497e-02 1.2347914279e-02 5.0287525518e-01 4.9712434472e-01 1.0000000000e-03
4.2100000000e+02 1.2419631705e-02 1.2492424808e-02 1.2346005067e-02 5.0288245377e-01 4.9711714588e-01 1.0000000000e-03
4.2200000000e+02 1.2412209064e-02 1.2483227998e-02 1.2340376154e-02 5.0288192203e-01 4.9711767737e-01 1.0000000000e-03
4.2300000000e+02 1.2404790148e-02 1.2473971583e-02 1.2334820814e-02 5.0287415604e-01 4.9712544312e-01 1.0000000000e-03
4.2400000000e+02 1.2397468090e-02 1.2470208108e-02 1.2323894538e-02 5.0288177735e-01 4.9711782156e-01 1.0000000000e-03
4.2500000000e+02 1.2390097603e-02 1.2466183864e-02 1.2313134037e-02 5.0290240506e-01 4.9709719360e-01 1.0000000000e-03
4.2600000000e+02 1.2382790446e-02 1.2463453226e-02 1.2301182374e-02 5.0293977039e-01 4.9705982802e-01 1.0000000000e-03
4.2700000000e+02 1.2375565246e-02 1.2458136305e-02 1.2292015366e-02 5.0298136882e-01 4.9701822935e-01 1.0000000000e-03
4.2800000000e+02 1.2368387543e-02 1.2450858951e-02 1.2284924276e-02 5.0301862582e-01 4.9698097211e-01 1.0000000000e-03
4.2900000000e+02 1.2361193076e-02 1.2441933155e-02 1.2279473245e-02 5.0304532432e-01 4.9695427336e-01 1.0000000000e-03
4.3000000000e+02 1.2354027480e-02 1.2431214564e-02 1.2275902554e-02 5.0305507774e-01 4.9694451970e-01 1.0000000000e-03
4.3100000000e+02 1.2346963398e-02 1.2422258034e-02 1.2270752341e-02 5.0305632810e-01 4.9694326910e-01 1.0000000000e-03
4.3200000000e+02 1.2339895591e-02 1.2413747609e-02 1.2265144847e-02 5.0305174749e-01 4.9694784946e-01 1.0000000000e-03
4.3300000000e+02 1.2332847342e-02 1.2409536168e-02 1.2255224399e-02 5.0305937064e-01 4.9694022607e-01 1.0000000000e-03
4.3400000000e+02 1.2325838208e-02 1.2405159883e-02 1.2245545164e-02 5.0307716601e-01 4.9692243047e-01 1.0000000000e-03
4.3500000000e+02 1.2318912894e-02 1.2402861379e-02 1.2233922258e-02 5.0311228851e-01 4.9688730773e-01 1.0000000000e-03
4.3600000000e+02 1.2312017381e-02 1.2396767735e-02 1.2226203457e-02 5.0314739115e-01 4.9685220485e-01 1.0000000000e-03
4.3700000000e+02 1.2305058539e-02 1.2390668504e-02 1.2218361720e-02 5.0318272011e-01 4.9681687566e-01 1.0000000000e-03
4.3800000000e+02 1.2298218906e-02 1.2380475178e-02 1.2214913033e-02 5.0320099915e-01 4.9679859638e-01 1.0000000000e-03
4.3900000000e+02 1.2291440740e-02 1.2372180820e-02 1.2209666893e-02 5.0321143554e-01 4.9678815976e-01 1.0000000000e-03
4.4000000000e+02 1.2284629047e-02 1.2362302281e-02 1.2205961160e-02 5.0320844849e-01 4.9679114658e-01 1.0000000000e-03
4.4100000000e+02 1.2277882546e-02 1.2356947176e-02 1.2197805569e-02 5.0321163774e-01 4.9678795710e-01 1.0000000000e-03
4.4200000000e+02 1.2271212414e-02 1.2350545265e-02 1.2190861627e-02 5.0321578859e-01 4.9678380601e-01 1.0000000000e-03
4.4300000000e+02 1.2264549732e-02 1.2348656543e-02 1.2179357931e-02 5.0323930196e-01 4.9676029242e-01 1.0000000000e-03
4.4400000000e+02 1.2257901952e-02 1.2342841364e-02 1.2171857059e-02 5.0326408957e-01 4.9673550458e-01 1.0000000000e-03
4.4500000000e+02 1.2251392007e-02 1.2340064161e-02 1.2161552906e-02 5.0330194469e-01 4.9669764922e-01 1.0000000000e-03
4.4600000000e+02 1.2244952843e-02 1.2330211699e-02 1.2158563361e-02 5.0332219296e-01 4.9667740073e-01 1.0000000000e-03
4.4700000000e+02 1.2238560244e-02 1.2325358577e-02 1.2150600553e-02 5.0334695243e-01 4.9665264103e-01 1.0000000000e-03
4.4800000000e+02 1.2232406065e-02 1.2312649749e-02 1.2151091360e-02 5.0334243630e-01 4.9665715695e-01 1.0000000000e-03
4.4900000000e+02 1.2226608582e-02 1.2310721911e-02 1.2141368352e-02 5.0335446877e-01 4.9664512425e-01 1.0000000000e-03
4.5000000000e+02 1.2221268378e-02 1.2298674323e-02 1.2142832391e-02 5.0333780721e-01 4.9666178560e-01 1.0000000000e-03
4.5100000000e+02 1.2216797099e-02 1.2304918841e-02 1.2127490714e-02 5.0336710581e-01 4.9663248679e-01 1.0000000000e-03
4.5200000000e+02 1.2214022689e-02 1.2292308733e-02 1.2134689838e-02 5.0335300717e-01 4.9664658523e-01 1.0000000000e-03
4.5300000000e+02 1.2214411050e-02 1.2309169397e-02 1.2118360959e-02 5.0340824606e-01 4.9659134616e-01 1.0000000000e-03
4.5400000000e+02 1.2220920064e-02 1.2292564847e-02 1.2148315087e-02 5.0336250023e-01 4.9663709185e-01 1.0000000000e-03
4.5500000000e+02 1.2239355594e-02 1.2333867140e-02 1.2143554166e-02 5.0341498171e-01 4.9658461031e-01 1.0000000000e-03
4.5600000000e+02 1.2281377800e-02 1.2325533666e-02 1.2236652896e-02 5.0325439320e-01 4.9674519891e-01 1.0000000000e-03
4.5700000000e+02 1.2370712124e-02 1.2447146699e-02 1.2293290347e-02 5.0323987460e-01 4.9675971788e-01 1.0000000000e-03
4.5800000000e+02 1.2554635294e-02 1.2518200092e-02 1.2591486797e-02 5.0276993415e-01 4.9722965925e-01 1.0000000000e-03
4.5900000000e+02 1.2922907248e-02 1.2911162339e-02 1.2934777886e-02 5.0244723619e-01 4.9755235918e-01 1.0000000000e-03
4.6000000000e+02 1.3629211113e-02 1.3335602358e-02 1.3924154453e-02 5.0112296905e-01 4.9887663010e-01 1.0000000000e-03
4.6100000000e+02 1.4861102216e-02 1.4479714446e-02 1.5242087655e-02 4.9972814064e-01 5.0027146495e-01 1.0000000000e-03
4.6200000000e+02 1.6607003286e-02 1.5651943162e-02 1.7550293356e-02 4.9689654382e-01 5.0310307109e-01 1.0000000000e-03
4.6300000000e+02 1.8072025850e-02 1.6956038773e-02 1.9162226468e-02 4.9415276008e-01 5.0584686565e-01 1.0000000000e-03
4.6400000000e+02 1.7554812133e-02 1.6522698104e-02 1.8553799018e-02 4.9184222585e-01 5.0815740880e-01 1.0000000000e-03
4.6500000000e+02 1.4660592191e-02 1.4389781281e-02 1.4922622591e-02 4.9174908578e-01 5.0825055129e-01 1.0000000000e-03
4.6600000000e+02 1.2259674259e-02 1.2707293034e-02 1.1822015978e-02 4.9437868522e-01 5.0562094738e-01 1.0000000000e-03
4.6700000000e+02 1.2882281095e-02 1.3198334724e-02 1.2571055442e-02 4.9615789835e-01 5.0384173219e-01 1.0000000000e-03
4.6800000000e+02 1.4771590009e-02 1.4640033245e-02 1.4901122078e-02 4.9610018479e-01 5.0389944884e-01 1.0000000000e-03
4.6900000000e+02 1.4630161226e-02 1.4346009120e-02 1.4909285121e-02 4.9552745884e-01 5.0447217724e-01 1.0000000000e-03
4.7000000000e+02 1.2721229345e-02 1.3003723696e-02 1.2442025356e-02 4.9707841031e-01 5.0292122286e-01 1.0000000000e-03
4.7100000000e+02 1.2218907475e-02 1.2548358180e-02 1.1891154572e-02 4.9871509964e-01 5.0128452930e-01 1.0000000000e-03
4.7200000000e+02 1.3468306512e-02 1.3326267712e-02 1.3609404676e-02 4.9831799140e-01 5.0168163752e-01 1.0000000000e-03
4.7300000000e+02 1.3735707849e-02 1.3643172570e-02 1.3827570714e-02 4.9815054776e-01 5.0184908186e-01 5.0000000000e-04
4.7400000000e+02 1.2522207573e-02 1.2689045630e-02 1.2356045656e-02 4.9900027364e-01 5.0099935310e-01 5.0000000000e-04
4.7500000000e+02 1.2311477214e-02 1.2587729841e-02 1.2034985237e-02 5.0022265373e-01 4.9977696972e-01 5.0000000000e-04
4.7600000000e+02 1.2292232364e-02 1.2663124129e-02 1.1918797158e-02 5.0171433973e-01 4.9828528070e-01 5.0000000000e-04
4.7700000000e+02 1.2397900224e-02 1.2767783366e-02 1.2023494579e-02 5.0304399515e-01 4.9695562290e-01 5.0000000000e-04
4.7800000000e+02 1.2143027037e-02 1.2518300675e-02 1.1761252768e-02 5.0429859794e-01 4.9570101712e-01 5.0000000000e-04
4.7900000000e+02 1.2412084267e-02 1.2650091201e-02 1.2169437483e-02 5.0483701504e-01 4.9516259822e-01 5.0000000000e-04
4.8000000000e+02 1.2082554400e-02 1.2369266711e-02 1.1789411306e-02 5.0555338989e-01 4.9444622065e-01 5.0000000000e-04
4.8100000000e+02 1.2358391657e-02 1.2533482164e-02 1.2179262936e-02 5.0571470355e-01 4.9428490547e-01 5.0000000000e-04
4.8200000000e+02 1.2089724652e-02 1.2251256965e-02 1.1924398132e-02 5.0581922046e-01 4.9418038630e-01 5.0000000000e-04
4.8300000000e+02 1.2267451733e-02 1.2315243483e-02 1.2218618765e-02 5.0543419908e-01 4.9456540624e-01 5.0000000000e-04
4.8400000000e+02 1.2127866969e-02 1.2204963714e-02 1.2049156241e-02 5.0521195638e-01 4.9478764718e-01 5.0000000000e-04
4.8500000000e+02 1.2174177915e-02 1.2267075479e-02 1.2079385109e-02 5.0507619724e-01 4.9492340489e-01 5.0000000000e-04
4.8600000000e+02 1.2162843719e-02 1.2265574187e-02 1.2058048509e-02 5.0499514965e-01 4.9500445115e-01 5.0000000000e-04
4.8700000000e+02 1.2102820911e-02 1.2210001238e-02 1.1993510649e-02 5.0494284355e-01 4.9505675586e-01 5.0000000000e-04
4.8800000000e+02 1.2175597250e-02 1.2277523056e-02 1.2071675621e-02 5.0487123707e-01 4.9512836133e-01 5.0000000000e-04
4.8900000000e+02 1.2063773349e-02 1.2237617746e-02 1.1886346154e-02 5.0511214762e-01 4.9488744948e-01 5.0000000000e-04
4.9000000000e+02 1.2164141983e-02 1.2347479351e-02 1.1976838112e-02 5.0536278587e-01 4.9463681042e-01 5.0000000000e-04
4.9100000000e+02 1.2052925304e-02 1.2266345322e-02 1.1834573001e-02 5.0572224523e-01 4.9427734994e-01 5.0000000000e-04
4.9200000000e+02 1.2135123834e-02 1.2314289808e-02 1.1951691471e-02 5.0589713285e-01 4.9410246158e-01 5.0000000000e-04
4.9300000000e+02 1.2057931162e-02 1.2243204750e-02 1.1868101545e-02 5.0608525600e-01 4.9391433752e-01 5.0000000000e-04
4.9400000000e+02 1.2099430896e-02 1.2248439714e-02 1.1946750805e-02 5.0610015757e-01 4.9389943526e-01 5.0000000000e-04
4.9500000000e+02 1.2067174539e-02 1.2172172777e-02 1.1959666386e-02 5.0593042385e-01 4.9406916827e-01 5.0000000000e-04
4.9600000000e+02 1.2067323551e-02 1.2112379074e-02 1.2021270581e-02 5.0552611888e-01 4.9447347258e-01 5.0000000000e-04
4.9700000000e+02 1.2072991580e-02 1.2083962560e-02 1.2061809190e-02 5.0501936049e-01 4.9498023041e-01 5.0000000000e-04
4.9800000000e+02 1.2044470757e-02 1.2067156844e-02 1.2021372095e-02 5.0461243799e-01 4.9538715231e-01 5.0000000000e-04
4.9900000000e+02 1.2071032077e-02 1.2106645852e-02 1.2034810148e-02 5.0429995422e-01 4.9569963563e-01 5.0000000000e-04
5.0000000000e+02 1.2030856684e-02 1.2095583603e-02 1.1965057813e-02 5.0414118127e-01 4.9585840803e-01 5.0000000000e-04
