# time_s Ids_true_A Ids_pred_A Ids_physics_A T_mean_K
2.4795099307e-08 1.1171875000e+01 1.4679443359e+01 1.3505953789e+01 3.4319235229e+02
3.4395043258e-08 1.5468750000e+01 1.9079010010e+01 2.1873828888e+01 3.4370343018e+02
4.3994987209e-08 2.4796875000e+01 2.5244674683e+01 3.0864830017e+01 3.4390655518e+02
5.3594931160e-08 3.4062500000e+01 3.8904922485e+01 4.3930870056e+01 3.4471057129e+02
6.3195102484e-08 4.1937500000e+01 4.7415298462e+01 5.2284206390e+01 3.4509927368e+02
7.2795046435e-08 5.1578125000e+01 5.6278137207e+01 6.0766551971e+01 3.4609704590e+02
8.2394990386e-08 6.2250000000e+01 6.7234466553e+01 7.1556243896e+01 3.4672561646e+02
9.1994934337e-08 7.2343750000e+01 8.1028900146e+01 8.3418701172e+01 3.4799182129e+02
1.0159510566e-07 7.9500000000e+01 8.6737457275e+01 9.2554092407e+01 3.4882778931e+02
1.1119504961e-07 8.9156250000e+01 9.6699356079e+01 1.0417534637e+02 3.5036724854e+02
1.2079499356e-07 9.7343750000e+01 9.8102722168e+01 1.0898809814e+02 3.5131747437e+02
1.3039493751e-07 1.0615625000e+02 1.1109574890e+02 1.1803428650e+02 3.5304879761e+02
1.3999499515e-07 1.1084375000e+02 1.1350071716e+02 1.2281485748e+02 3.5410690308e+02
1.4959505279e-07 1.1753125000e+02 1.2011462402e+02 1.2727583313e+02 3.5592855835e+02
1.5919499674e-07 1.2604687500e+02 1.3242301941e+02 1.3623226929e+02 3.5716238403e+02
1.6879505438e-07 1.3150000000e+02 1.3752056885e+02 1.4058352661e+02 3.5907955933e+02
1.7839511202e-07 1.3884375000e+02 1.4672616577e+02 1.4627697754e+02 3.6041107178e+02
1.8799516965e-07 1.4067187500e+02 1.4437986755e+02 1.4753182983e+02 3.6236633301e+02
1.9759511360e-07 1.4787500000e+02 1.5072698975e+02 1.5367462158e+02 3.6381967163e+02
2.0719505756e-07 1.5329687500e+02 1.5680776978e+02 1.5920956421e+02 3.6589950562e+02
2.1679500151e-07 1.5792187500e+02 1.5540777588e+02 1.5884025574e+02 3.6734292603e+02
2.2639505914e-07 1.6056250000e+02 1.7679127502e+02 1.7495437622e+02 3.6977993774e+02
2.3599500310e-07 1.6654687500e+02 1.6450424194e+02 1.6725494385e+02 3.7101092529e+02
2.4559517442e-07 1.6978125000e+02 1.7015299988e+02 1.7149349976e+02 3.7354284668e+02
2.5519511837e-07 1.7281250000e+02 1.7591172791e+02 1.7676997375e+02 3.7484936523e+02
2.6479517601e-07 1.7840625000e+02 1.8036578369e+02 1.7983386230e+02 3.7744290161e+02
2.7439500627e-07 1.7882812500e+02 1.8557936096e+02 1.8492762756e+02 3.7884793091e+02
2.8399506391e-07 1.8375000000e+02 1.8132250977e+02 1.8207658386e+02 3.8136965942e+02
2.9359500786e-07 1.8918750000e+02 1.8915562439e+02 1.8884007263e+02 3.8289459229e+02
3.0319506550e-07 1.9237500000e+02 1.9241932678e+02 1.9131671143e+02 3.8547058105e+02
3.1279500945e-07 1.9362500000e+02 1.9544003296e+02 1.9450892639e+02 3.8703475952e+02
3.2239518077e-07 1.9573437500e+02 2.0562332153e+02 2.0096047974e+02 3.8976361084e+02
3.3199512472e-07 2.0092187500e+02 1.9785791016e+02 1.9772187805e+02 3.9120336914e+02
3.4159506868e-07 2.0126562500e+02 2.0413372803e+02 2.0187849426e+02 3.9403271484e+02
3.5119501263e-07 2.0534375000e+02 2.0572656250e+02 2.0321180725e+02 3.9547528076e+02
3.6079507026e-07 2.0746875000e+02 2.0405114746e+02 2.0293525696e+02 3.9828970337e+02
3.7039501422e-07 2.1085937500e+02 2.0419876099e+02 2.0485311890e+02 3.9971890259e+02
3.7999495817e-07 2.1396875000e+02 2.1083956909e+02 2.0974987793e+02 4.0264367676e+02
3.8959501580e-07 2.1578125000e+02 2.0875366211e+02 2.0892718506e+02 4.0402835083e+02
3.9919495975e-07 2.1900000000e+02 2.1646183777e+02 2.1498330688e+02 4.0707623291e+02
4.0879513108e-07 2.2126562500e+02 2.2773455811e+02 2.2449325562e+02 4.0862911987e+02
4.1839507503e-07 2.2275000000e+02 2.2611816406e+02 2.2354975891e+02 4.1165112305e+02
4.2799501898e-07 2.2696875000e+02 2.2817805481e+02 2.2524565125e+02 4.1321951294e+02
4.3759496293e-07 2.3018750000e+02 2.1710081482e+02 2.1692391968e+02 4.1606509399e+02
4.4719502057e-07 2.3089062500e+02 2.3617897034e+02 2.3311967468e+02 4.1793090820e+02
4.5679496452e-07 2.3307812500e+02 2.2944798279e+02 2.2831811523e+02 4.2066412354e+02
4.6639513585e-07 2.3717187500e+02 2.3496162415e+02 2.3302195740e+02 4.2260751343e+02
4.7599507980e-07 2.3437500000e+02 2.3212446594e+02 2.3147241211e+02 4.2529000854e+02
4.8559513743e-07 2.3981250000e+02 2.3505320740e+02 2.3406788635e+02 4.2726974487e+02
4.9519508138e-07 2.4181250000e+02 2.3638403320e+02 2.3536790466e+02 4.2996820068e+02
5.0479502534e-07 2.4521875000e+02 2.4351997375e+02 2.4259205627e+02 4.3204501343e+02
5.1439508297e-07 2.4598437500e+02 2.4178710938e+02 2.4007212830e+02 4.3471429443e+02
5.2399502692e-07 2.4870312500e+02 2.4793502808e+02 2.4445132446e+02 4.3687081909e+02
5.3359519825e-07 2.5148437500e+02 2.5122946167e+02 2.4962081909e+02 4.3959970093e+02
5.4319514220e-07 2.5215625000e+02 2.5187403870e+02 2.5107833862e+02 4.4175222778e+02
5.5279508615e-07 2.5496875000e+02 2.4582762146e+02 2.4589065552e+02 4.4437512207e+02
5.6239503010e-07 2.5525000000e+02 2.5601715088e+02 2.5450357056e+02 4.4668682861e+02
5.7199497405e-07 2.5729687500e+02 2.5604504395e+02 2.5559715271e+02 4.4929675293e+02
5.8159503169e-07 2.5809375000e+02 2.6270742798e+02 2.6082775879e+02 4.5171487427e+02
5.9119497564e-07 2.6193750000e+02 2.5746221924e+02 2.5726687622e+02 4.5422280884e+02
6.0079503328e-07 2.6275000000e+02 2.4976394653e+02 2.4968115234e+02 4.5649847412e+02
6.1039497723e-07 2.6437500000e+02 2.6622393799e+02 2.6523822021e+02 4.5927780151e+02
6.1999514855e-07 2.6570312500e+02 2.6030725098e+02 2.5996810913e+02 4.6143771362e+02
6.2959509251e-07 2.6850000000e+02 2.7249447632e+02 2.7086831665e+02 4.6442077637e+02
6.3919503646e-07 2.7121875000e+02 2.7689666748e+02 2.7523242188e+02 4.6664611816e+02
6.4879498041e-07 2.7262500000e+02 2.6912243652e+02 2.6777532959e+02 4.6947729492e+02
6.5839503804e-07 2.7332812500e+02 2.7747500610e+02 2.7613613892e+02 4.7183987427e+02
6.6799498200e-07 2.7601562500e+02 2.7278863525e+02 2.7113052368e+02 4.7457180786e+02
6.7759503963e-07 2.7787500000e+02 2.7617611694e+02 2.7507827759e+02 4.7698284912e+02
6.8719498358e-07 2.7881250000e+02 2.8457089233e+02 2.8361105347e+02 4.7985961914e+02
6.9679515491e-07 2.8010937500e+02 2.7566302490e+02 2.7503234863e+02 4.8208871460e+02
7.0639509886e-07 2.8248437500e+02 2.8133145142e+02 2.8230789185e+02 4.8505850220e+02
7.1599504281e-07 2.8485937500e+02 2.7541687012e+02 2.7430059814e+02 4.8715957642e+02
7.2559498676e-07 2.8725000000e+02 2.8583401489e+02 2.8500164795e+02 4.9031317139e+02
7.3519504440e-07 2.8726562500e+02 2.8236181641e+02 2.8210919189e+02 4.9233105469e+02
7.4479498835e-07 2.8645312500e+02 2.8659768677e+02 2.8524057007e+02 4.9555242920e+02
7.5439504599e-07 2.8892187500e+02 2.8514086914e+02 2.8603793335e+02 4.9752706909e+02
7.6399510363e-07 2.9109375000e+02 2.8918991089e+02 2.8848818970e+02 5.0081152344e+02
7.7359516126e-07 2.9228125000e+02 2.8907366943e+02 2.8903192139e+02 5.0276617432e+02
7.8319499153e-07 2.9343750000e+02 2.9286370850e+02 2.9208511353e+02 5.0611227417e+02
7.9279504916e-07 2.9442187500e+02 2.8625613403e+02 2.8488766479e+02 5.0791735840e+02
8.0239499312e-07 2.9592187500e+02 2.8674197388e+02 2.8552670288e+02 5.1125946045e+02
8.1199505075e-07 2.9595312500e+02 2.9102487183e+02 2.8987271118e+02 5.1312988281e+02
8.2159499470e-07 2.9796875000e+02 3.0020907593e+02 3.0016494751e+02 5.1664727783e+02
8.3119516603e-07 2.9846875000e+02 2.9754516602e+02 2.9835305786e+02 5.1844439697e+02
8.4079510998e-07 2.9957812500e+02 2.9845730591e+02 2.9723922729e+02 5.2196630859e+02
8.5039505393e-07 3.0089062500e+02 2.9333132935e+02 2.9328659058e+02 5.2364007568e+02
8.5999499788e-07 3.0315625000e+02 3.0634143066e+02 3.0659710693e+02 5.2742413330e+02
8.6959505552e-07 3.0275000000e+02 3.0359747314e+02 3.0322653198e+02 5.2901898193e+02
8.7919499947e-07 3.0425000000e+02 3.0668231201e+02 3.0655075073e+02 5.3285742188e+02
8.8879505711e-07 3.0479687500e+02 3.0645758057e+02 3.0754815674e+02 5.3442456055e+02
8.9839500106e-07 3.0681250000e+02 3.0594165039e+02 3.0529962158e+02 5.3823883057e+02
9.0799505870e-07 3.0729687500e+02 3.0936483765e+02 3.1126876831e+02 5.3986309814e+02
9.1759500265e-07 3.0826562500e+02 3.1439758301e+02 3.1617880249e+02 5.4378668213e+02
9.2719506029e-07 3.0854687500e+02 3.1634838867e+02 3.1916735840e+02 5.4544128418e+02
9.3679500424e-07 3.0875000000e+02 3.0930145264e+02 3.0885403442e+02 5.4917718506e+02
9.4639506187e-07 3.1093750000e+02 3.0882012939e+02 3.0809323120e+02 5.5080529785e+02
9.5599500582e-07 3.0778125000e+02 3.1232131958e+02 3.1229702759e+02 5.5460894775e+02
9.6559494978e-07 3.1095312500e+02 3.1420605469e+02 3.1495556641e+02 5.5627923584e+02
9.7519500741e-07 3.1284375000e+02 3.1576751709e+02 3.1671002197e+02 5.6009344482e+02
9.8479495136e-07 3.1356250000e+02 3.1130136108e+02 3.1033813477e+02 5.6163684082e+02
9.9439500900e-07 3.1418750000e+02 3.1593444824e+02 3.1637957764e+02 5.6555694580e+02
1.0039949530e-06 3.1512500000e+02 3.1887887573e+02 3.2106564331e+02 5.6717346191e+02
1.0135950106e-06 3.1604687500e+02 3.1312167358e+02 3.1206042480e+02 5.7090197754e+02
1.0231949545e-06 3.1625000000e+02 3.2121682739e+02 3.2403283691e+02 5.7271453857e+02
1.0327950122e-06 3.1723437500e+02 3.1620022583e+02 3.1593200684e+02 5.7629193115e+02
1.0423949561e-06 3.1648437500e+02 3.1913604736e+02 3.2030529785e+02 5.7816418457e+02
1.0519950138e-06 3.1739062500e+02 3.1592535400e+02 3.1495098877e+02 5.8164178467e+02
1.0615949577e-06 3.1751562500e+02 3.1824014282e+02 3.1835296631e+02 5.8358294678e+02
1.0711950154e-06 3.1843750000e+02 3.1544729614e+02 3.1350628662e+02 5.8695294189e+02
1.0807949593e-06 3.1979687500e+02 3.2035070801e+02 3.2122787476e+02 5.8903131104e+02
1.0903950169e-06 3.2048437500e+02 3.2095590210e+02 3.2156188965e+02 5.9238104248e+02
1.0999949609e-06 3.1993750000e+02 3.2232229614e+02 3.2394338989e+02 5.9450305176e+02
1.1095951322e-06 3.2040625000e+02 3.2199478149e+02 3.2274243164e+02 5.9779895020e+02
1.1191950762e-06 3.1810937500e+02 3.2188574219e+02 3.2238876343e+02 5.9990209961e+02
1.1287950201e-06 3.2073437500e+02 3.2320983887e+02 3.2439108276e+02 6.0323840332e+02
1.1383949641e-06 3.2048437500e+02 3.2035101318e+02 3.1979959106e+02 6.0526593018e+02
1.1479951354e-06 3.2184375000e+02 3.2531918335e+02 3.2781805420e+02 6.0872229004e+02
1.1575950793e-06 3.2326562500e+02 3.2288592529e+02 3.2314382935e+02 6.1064965820e+02
1.1671950233e-06 3.2481250000e+02 3.2392062378e+02 3.2569766235e+02 6.1416607666e+02
1.1767949673e-06 3.2307812500e+02 3.2486947632e+02 3.2615344238e+02 6.1606408691e+02
1.1863951386e-06 3.2470312500e+02 3.1899853516e+02 3.1651733398e+02 6.1943145752e+02
1.1959950825e-06 3.2367187500e+02 3.2219213867e+02 3.2153720093e+02 6.2139813232e+02
1.2055950265e-06 3.2287500000e+02 3.2307452393e+02 3.2330267334e+02 6.2479461670e+02
1.2151949704e-06 3.2273437500e+02 3.3349468994e+02 3.4210275269e+02 6.2704589844e+02
1.2247951418e-06 3.2301562500e+02 3.2686859131e+02 3.2929495239e+02 6.3022668457e+02
1.2343950857e-06 3.2493750000e+02 3.2524804688e+02 3.2606292725e+02 6.3241314697e+02
1.2439950297e-06 3.2484375000e+02 3.2762863159e+02 3.3011911011e+02 6.3564648438e+02
1.2535949736e-06 3.2446875000e+02 3.2103814697e+02 3.1868161011e+02 6.3765106201e+02
1.2631951449e-06 3.2514062500e+02 3.2280142212e+02 3.2112268066e+02 6.4090588379e+02
1.2727949752e-06 3.2582812500e+02 3.2344766235e+02 3.2158242798e+02 6.4289727783e+02
1.2823950328e-06 3.2537500000e+02 3.2562963867e+02 3.2558593750e+02 6.4621173096e+02
1.2919949768e-06 3.2689062500e+02 3.3105868530e+02 3.3801516724e+02 6.4843566895e+02
1.3015950344e-06 3.2589062500e+02 3.2632559204e+02 3.2737023926e+02 6.5154351807e+02
1.3111949784e-06 3.2604687500e+02 3.2403347778e+02 3.2423141479e+02 6.5372967529e+02
1.3207950360e-06 3.2690625000e+02 3.2426611328e+02 3.2436029053e+02 6.5682781982e+02
1.3303949800e-06 3.2515625000e+02 3.2587603760e+02 3.2700335693e+02 6.5904522705e+02
1.3399950376e-06 3.2645312500e+02 3.2474801636e+02 3.2471176147e+02 6.6209576416e+02
1.3495949815e-06 3.2587500000e+02 3.2726223755e+02 3.2903161621e+02 6.6436828613e+02
1.3591950392e-06 3.2650000000e+02 3.2363394165e+02 3.2132931519e+02 6.6727331543e+02
1.3687949831e-06 3.2612500000e+02 3.2671914673e+02 3.2664895630e+02 6.6961535645e+02
1.3783950408e-06 3.2568750000e+02 3.2574777222e+02 3.2549169922e+02 6.7250659180e+02
1.3879949847e-06 3.2571875000e+02 3.2503408813e+02 3.2464086914e+02 6.7483856201e+02
1.3975950424e-06 3.2432812500e+02 3.3359753418e+02 3.4121261597e+02 6.7796856689e+02
1.4071949863e-06 3.2575000000e+02 3.2959570312e+02 3.3272113037e+02 6.8015826416e+02
1.4167950440e-06 3.2607812500e+02 3.2787008667e+02 3.2985333252e+02 6.8324487305e+02
1.4263949879e-06 3.2645312500e+02 3.2874276733e+02 3.3225268555e+02 6.8548095703e+02
1.4359950455e-06 3.2660937500e+02 3.2891070557e+02 3.3257846069e+02 6.8856274414e+02
1.4455949895e-06 3.2523437500e+02 3.2585263062e+02 3.2598645020e+02 6.9067785645e+02
1.4551950471e-06 3.2601562500e+02 3.2815734863e+02 3.3070843506e+02 6.9382666016e+02
1.4647949911e-06 3.2631250000e+02 3.2748260498e+02 3.2926568604e+02 6.9591192627e+02
1.4743950487e-06 3.2593750000e+02 3.2938232422e+02 3.3334375000e+02 6.9911828613e+02
1.4839949927e-06 3.2654687500e+02 3.3007388306e+02 3.3497644043e+02 7.0122894287e+02
1.4935950503e-06 3.2654687500e+02 3.2707031250e+02 3.2844311523e+02 7.0431262207e+02
1.5031949943e-06 3.2664062500e+02 3.2977770996e+02 3.3465563965e+02 7.0653173828e+02
1.5127950519e-06 3.2800000000e+02 3.2529232788e+02 3.2591882324e+02 7.0947534180e+02
1.5223949958e-06 3.2675000000e+02 3.2238378906e+02 3.1960632324e+02 7.1157446289e+02
1.5319950535e-06 3.2490625000e+02 3.2708331299e+02 3.2909494019e+02 7.1465985107e+02
1.5415949974e-06 3.2435937500e+02 3.2561093140e+02 3.2680734253e+02 7.1673675537e+02
1.5511950551e-06 3.2490625000e+02 3.2613946533e+02 3.2740560913e+02 7.1980584717e+02
1.5607949990e-06 3.2515625000e+02 3.2692147827e+02 3.2926141357e+02 7.2191394043e+02
1.5703950567e-06 3.2521875000e+02 3.2146331787e+02 3.1898855591e+02 7.2482226562e+02
1.5799950006e-06 3.2546875000e+02 3.2701483154e+02 3.2962500000e+02 7.2708184814e+02
1.5895949446e-06 3.2571875000e+02 3.2272503662e+02 3.2068716431e+02 7.2983221436e+02
1.5991950022e-06 3.2293750000e+02 3.2325979614e+02 3.2208413696e+02 7.3211364746e+02
1.6087949462e-06 3.2501562500e+02 3.2163980103e+02 3.1855316162e+02 7.3479327393e+02
1.6183950038e-06 3.2348437500e+02 3.2074526978e+02 3.1730737305e+02 7.3705737305e+02
1.6279949477e-06 3.2473437500e+02 3.2223138428e+02 3.2095864868e+02 7.3980236816e+02
1.6375950054e-06 3.2432812500e+02 3.2453207397e+02 3.2554302979e+02 7.4213110352e+02
1.6471949493e-06 3.2470312500e+02 3.2572644043e+02 3.2856378174e+02 7.4493872070e+02
1.6567950070e-06 3.2314062500e+02 3.2113928223e+02 3.1876358032e+02 7.4707769775e+02
1.6663949509e-06 3.2390625000e+02 3.2497607422e+02 3.2693447876e+02 7.5001562500e+02
1.6759950086e-06 3.2226562500e+02 3.2695672607e+02 3.3109411621e+02 7.5221386719e+02
1.6855949525e-06 3.2303125000e+02 3.2238339233e+02 3.2240490723e+02 7.5502667236e+02
1.6951950101e-06 3.2390625000e+02 3.2600927734e+02 3.2946044922e+02 7.5731011963e+02
1.7047949541e-06 3.2292187500e+02 3.2502926636e+02 3.2778585815e+02 7.6010186768e+02
1.7143950117e-06 3.2171875000e+02 3.2324731445e+02 3.2433276367e+02 7.6232537842e+02
1.7239949557e-06 3.2364062500e+02 3.2540802002e+02 3.2887075806e+02 7.6517547607e+02
1.7335950133e-06 3.2340625000e+02 3.1744036865e+02 3.1321670532e+02 7.6715075684e+02
1.7431949573e-06 3.2293750000e+02 3.1803390503e+02 3.1419445801e+02 7.6999890137e+02
1.7527950149e-06 3.2196875000e+02 3.1840338135e+02 3.1561831665e+02 7.7200976562e+02
1.7623949589e-06 3.2162500000e+02 3.2473480225e+02 3.2832888794e+02 7.7503942871e+02
1.7719950165e-06 3.2178125000e+02 3.2022000122e+02 3.1938684082e+02 7.7691168213e+02
1.7815949604e-06 3.2201562500e+02 3.2116082764e+02 3.2155261230e+02 7.7996722412e+02
1.7911950181e-06 3.2115625000e+02 3.2020581055e+02 3.1973153687e+02 7.8180651855e+02
1.8007949620e-06 3.2164062500e+02 3.1438095093e+02 3.0893188477e+02 7.8469152832e+02
1.8103950197e-06 3.1968750000e+02 3.1926528931e+02 3.1851351929e+02 7.8668249512e+02
1.8199949636e-06 3.2020312500e+02 3.1905374146e+02 3.1820712280e+02 7.8954528809e+02
1.8295950213e-06 3.1998437500e+02 3.2204098511e+02 3.2440933228e+02 7.9163342285e+02
1.8391949652e-06 3.2081250000e+02 3.2170040894e+02 3.2403201294e+02 7.9449291992e+02
1.8487950229e-06 3.2015625000e+02 3.2243060303e+02 3.2567712402e+02 7.9659631348e+02
1.8583949668e-06 3.1859375000e+02 3.2064016724e+02 3.2232171631e+02 7.9939141846e+02
1.8679950244e-06 3.1948437500e+02 3.1960382080e+02 3.2052825928e+02 8.0147393799e+02
1.8775949684e-06 3.2004687500e+02 3.1632031250e+02 3.1444128418e+02 8.0416821289e+02
1.8871950260e-06 3.1773437500e+02 3.1636737061e+02 3.1478057861e+02 8.0625683594e+02
1.8967949700e-06 3.1917187500e+02 3.2007870483e+02 3.2226260376e+02 8.0905493164e+02
1.9063950276e-06 3.1854687500e+02 3.1696389771e+02 3.1628985596e+02 8.1104602051e+02
1.9159949716e-06 3.1654687500e+02 3.2081570435e+02 3.2414682007e+02 8.1397650146e+02
1.9255949155e-06 3.1543750000e+02 3.1682110596e+02 3.1666107178e+02 8.1585333252e+02
1.9351950868e-06 3.1581250000e+02 3.1998541260e+02 3.2310473633e+02 8.1884942627e+02
1.9447950308e-06 3.1753125000e+02 3.1534741211e+02 3.1435244751e+02 8.2061492920e+02
1.9543949747e-06 3.1507812500e+02 3.1575332642e+02 3.1531433105e+02 8.2360034180e+02
1.9639949187e-06 3.1573437500e+02 3.1429608154e+02 3.1300427246e+02 8.2535998535e+02
1.9735950900e-06 3.1403125000e+02 3.1850418091e+02 3.2123281860e+02 8.2842773438e+02
1.9831950340e-06 3.1364062500e+02 3.1789965820e+02 3.2016091919e+02 8.3016888428e+02
1.9927949779e-06 3.1543750000e+02 3.1436846924e+02 3.1376947021e+02 8.3314337158e+02
2.0023949219e-06 3.1587500000e+02 3.1188665771e+02 3.0917230225e+02 8.3481121826e+02
2.0119950932e-06 3.1503125000e+02 3.1264248657e+02 3.1100924683e+02 8.3780749512e+02
2.0215950371e-06 3.1467187500e+02 3.1141445923e+02 3.0739080811e+02 8.3939471436e+02
2.0311949811e-06 3.1376562500e+02 3.1241687012e+02 3.1106320190e+02 8.4246075439e+02
2.0407949251e-06 3.1364062500e+02 3.1347103882e+02 3.1332846069e+02 8.4408789062e+02
2.0503950964e-06 3.1317187500e+02 3.1406268311e+02 3.1487359619e+02 8.4717633057e+02
2.0599950403e-06 3.1243750000e+02 3.1333419800e+02 3.1351626587e+02 8.4876977539e+02
2.0695949843e-06 3.1209375000e+02 3.1015759277e+02 3.0779187012e+02 8.5176287842e+02
2.0791949282e-06 3.1217187500e+02 3.1091088867e+02 3.0964987183e+02 8.5339617920e+02
2.0887950996e-06 3.1151562500e+02 3.1255920410e+02 3.1313385010e+02 8.5643511963e+02
2.0983950435e-06 3.1273437500e+02 3.1145129395e+02 3.1114813232e+02 8.5803295898e+02
2.1079949875e-06 3.0981250000e+02 3.1530386353e+02 3.1896035767e+02 8.6118334961e+02
2.1175949314e-06 3.1053125000e+02 3.0883740234e+02 3.0701501465e+02 8.6262133789e+02
2.1271951027e-06 3.0912500000e+02 3.0806652832e+02 3.0560217285e+02 8.6571691895e+02
2.1367950467e-06 3.1089062500e+02 3.0915139771e+02 3.0800271606e+02 8.6720037842e+02
2.1463949906e-06 3.0998437500e+02 3.0680386353e+02 3.0419113159e+02 8.7023602295e+02
2.1559949346e-06 3.0889062500e+02 3.1040396118e+02 3.1094726562e+02 8.7182281494e+02
2.1655951059e-06 3.0953125000e+02 3.1023703003e+02 3.1094934082e+02 8.7483996582e+02
2.1751950499e-06 3.0751562500e+02 3.0804956055e+02 3.0690173340e+02 8.7636413574e+02
2.1847949938e-06 3.0645312500e+02 3.0840695190e+02 3.0819955444e+02 8.7940356445e+02
2.1943949378e-06 3.0771875000e+02 3.0557174683e+02 3.0322448730e+02 8.8085766602e+02
2.2039951091e-06 3.0523437500e+02 3.0799249268e+02 3.0801852417e+02 8.8395910645e+02
2.2135950530e-06 3.0681250000e+02 3.0433984375e+02 3.0158187866e+02 8.8532171631e+02
2.2231949970e-06 3.0603125000e+02 3.0318283081e+02 2.9985690308e+02 8.8838574219e+02
2.2327949409e-06 3.0648437500e+02 3.0607177734e+02 3.0511669922e+02 8.8982293701e+02
2.2423951123e-06 3.0473437500e+02 3.0684860229e+02 3.0703192139e+02 8.9291082764e+02
2.2519950562e-06 3.0582812500e+02 3.0556381226e+02 3.0372052002e+02 8.9427819824e+02
2.2615950002e-06 3.0518750000e+02 3.0543234253e+02 3.0458834839e+02 8.9738049316e+02
2.2711949441e-06 3.0556250000e+02 3.0373428345e+02 3.0219915771e+02 8.9873687744e+02
2.2807948881e-06 3.0600000000e+02 3.0104687500e+02 2.9777670288e+02 9.0176007080e+02
2.2903950594e-06 3.0281250000e+02 3.0210311890e+02 2.9969421387e+02 9.0314263916e+02
2.2999950033e-06 3.0362500000e+02 3.0483624268e+02 3.0416741943e+02 9.0620416260e+02
2.3095949473e-06 3.0412500000e+02 3.0379254150e+02 3.0292495728e+02 9.0757922363e+02
2.3191948912e-06 3.0309375000e+02 3.0288970947e+02 3.0189599609e+02 9.1062225342e+02
2.3287950626e-06 3.0273437500e+02 3.0348873901e+02 3.0250991821e+02 9.1199719238e+02
2.3383950065e-06 3.0371875000e+02 3.0014785767e+02 2.9791403198e+02 9.1498944092e+02
2.3479949505e-06 3.0242187500e+02 3.0284710693e+02 3.0271255493e+02 9.1642803955e+02
2.3575948944e-06 3.0082812500e+02 3.0029287720e+02 2.9832574463e+02 9.1934436035e+02
2.3671950657e-06 3.0145312500e+02 3.0338726807e+02 3.0361108398e+02 9.2085137939e+02
2.3767950097e-06 3.0045312500e+02 2.9953402710e+02 2.9786630249e+02 9.2369671631e+02
2.3863949536e-06 3.0112500000e+02 3.0098236084e+02 3.0056176758e+02 9.2524157715e+02
2.3959948976e-06 2.9970312500e+02 3.0105639648e+02 3.0104754639e+02 9.2808587646e+02
2.4055950689e-06 3.0045312500e+02 3.0071975708e+02 3.0065872192e+02 9.2962780762e+02
2.4151950129e-06 3.0056250000e+02 3.0028237915e+02 3.0023773193e+02 9.3245825195e+02
2.4247949568e-06 2.9815625000e+02 2.9947607422e+02 2.9878915405e+02 9.3397521973e+02
2.4343949008e-06 2.9909375000e+02 2.9664553833e+02 2.9447875977e+02 9.3674597168e+02
2.4439950721e-06 2.9689062500e+02 3.0046118164e+02 3.0116802979e+02 9.3835174561e+02
2.4535950160e-06 2.9765625000e+02 2.9894900513e+02 2.9894528198e+02 9.4108776855e+02
2.4631949600e-06 2.9712500000e+02 2.9616952515e+02 2.9436911011e+02 9.4265399170e+02
2.4727949040e-06 2.9873437500e+02 2.9817019653e+02 2.9807064819e+02 9.4541009521e+02
2.4823950753e-06 2.9687500000e+02 3.0066693115e+02 3.0234515381e+02 9.4702947998e+02
2.4919950192e-06 2.9629687500e+02 2.9840020752e+02 2.9918231201e+02 9.4974798584e+02
2.5015949632e-06 2.9584375000e+02 2.9433026123e+02 2.9227758789e+02 9.5127062988e+02
2.5111949071e-06 2.9685937500e+02 2.9827252197e+02 2.9959219360e+02 9.5409295654e+02
2.5207950785e-06 2.9621875000e+02 2.9766845703e+02 2.9869000244e+02 9.5560131836e+02
2.5303950224e-06 2.9571875000e+02 2.9402908325e+02 2.9138430786e+02 9.5829064941e+02
2.5399949664e-06 2.9704687500e+02 2.9439758301e+02 2.9356903076e+02 9.5986291504e+02
2.5495949103e-06 2.9492187500e+02 2.9818789673e+02 3.0049258423e+02 9.6263031006e+02
2.5591950816e-06 2.9423437500e+02 2.9855831909e+02 3.0071969604e+02 9.6419342041e+02
2.5687950256e-06 2.9403125000e+02 2.9559780884e+02 2.9651278687e+02 9.6691125488e+02
2.5783949695e-06 2.9534375000e+02 2.9193984985e+02 2.9042193604e+02 9.6839239502e+02
2.5879949135e-06 2.9431250000e+02 2.9586450195e+02 2.9755761719e+02 9.7120214844e+02
2.5975950848e-06 2.9164062500e+02 2.9839672852e+02 3.0216482544e+02 9.7274530029e+02
2.6071950288e-06 2.9242187500e+02 2.9308218384e+02 2.9327661133e+02 9.7543652344e+02
2.6167949727e-06 2.9278125000e+02 2.9383804321e+02 2.9464999390e+02 9.7698773193e+02
2.6263949167e-06 2.9209375000e+02 2.8886331177e+02 2.8665899658e+02 9.7957135010e+02
2.6359950880e-06 2.9076562500e+02 2.8987701416e+02 2.8752590942e+02 9.8111260986e+02
2.6455950319e-06 2.9023437500e+02 2.8938577271e+02 2.8806591797e+02 9.8372369385e+02
2.6551949759e-06 2.9146875000e+02 2.9119259644e+02 2.9132577515e+02 9.8530975342e+02
2.6647949198e-06 2.9168750000e+02 2.8845727539e+02 2.8703060913e+02 9.8785375977e+02
2.6743950912e-06 2.8954687500e+02 2.9420053101e+02 2.9683325195e+02 9.8958721924e+02
2.6839950351e-06 2.9082812500e+02 2.9179556274e+02 2.9324777222e+02 9.9206317139e+02
2.6935949791e-06 2.8904687500e+02 2.8818719482e+02 2.8685946655e+02 9.9369641113e+02
2.7031949230e-06 2.8993750000e+02 2.8970431519e+02 2.9017605591e+02 9.9622338867e+02
2.7127950943e-06 2.8989062500e+02 2.8945037842e+02 2.8933639526e+02 9.9783221436e+02
2.7223950383e-06 2.8915625000e+02 2.8968334961e+02 2.9069714355e+02 1.0003939819e+03
2.7319949822e-06 2.8900000000e+02 2.8706106567e+02 2.8643960571e+02 1.0019425659e+03
2.7415949262e-06 2.8764062500e+02 2.8235241699e+02 2.7890167236e+02 1.0043965454e+03
2.7511950975e-06 2.8850000000e+02 2.8702197266e+02 2.8598861694e+02 1.0060199585e+03
2.7607950415e-06 2.8712500000e+02 2.9011587524e+02 2.9204000854e+02 1.0085570068e+03
2.7703949854e-06 2.8917187500e+02 2.8577578735e+02 2.8515151978e+02 1.0100925293e+03
2.7799949294e-06 2.8734375000e+02 2.8558981323e+02 2.8387045288e+02 1.0125913696e+03
2.7895951007e-06 2.8515625000e+02 2.8797290039e+02 2.8937435913e+02 1.0142167358e+03
2.7991950446e-06 2.8512500000e+02 2.8234570312e+02 2.7917010498e+02 1.0165595093e+03
2.8087949886e-06 2.8467187500e+02 2.8451638794e+02 2.8427401733e+02 1.0182808838e+03
2.8183949325e-06 2.8601562500e+02 2.8419226074e+02 2.8406304932e+02 1.0206114502e+03
2.8279951039e-06 2.8346875000e+02 2.8467709351e+02 2.8395059204e+02 1.0223110352e+03
2.8375950478e-06 2.8645312500e+02 2.8539871216e+02 2.8667901611e+02 1.0246965332e+03
2.8471949918e-06 2.8406250000e+02 2.8250747681e+02 2.8187042236e+02 1.0263238525e+03
2.8567949357e-06 2.8420312500e+02 2.8520239258e+02 2.8688656616e+02 1.0287821045e+03
2.8663951070e-06 2.8131250000e+02 2.8273443604e+02 2.8243273926e+02 1.0303333740e+03
2.8759950510e-06 2.8326562500e+02 2.8158529663e+02 2.8116244507e+02 1.0327767334e+03
2.8855949950e-06 2.8301562500e+02 2.8163275146e+02 2.8076043701e+02 1.0343117676e+03
2.8951949389e-06 2.8109375000e+02 2.8144686890e+02 2.8153869629e+02 1.0367814941e+03
2.9047951102e-06 2.8078125000e+02 2.8034359741e+02 2.7971914673e+02 1.0382811279e+03
2.9143950542e-06 2.8192187500e+02 2.8059240723e+02 2.8054168701e+02 1.0407717285e+03
2.9239949981e-06 2.8115625000e+02 2.8188623047e+02 2.8292752075e+02 1.0422910156e+03
2.9335949421e-06 2.8037500000e+02 2.7851077271e+02 2.7738552856e+02 1.0446990967e+03
2.9431951134e-06 2.8114062500e+02 2.8192111206e+02 2.8297482300e+02 1.0462886963e+03
2.9527950574e-06 2.7967187500e+02 2.7926296997e+02 2.7925271606e+02 1.0486657715e+03
2.9623950013e-06 2.7903125000e+02 2.8005255127e+02 2.8093646240e+02 1.0502750244e+03
2.9719949453e-06 2.7878125000e+02 2.7891073608e+02 2.7933639526e+02 1.0526177979e+03
2.9815948892e-06 2.7964062500e+02 2.7912713623e+02 2.7989462280e+02 1.0542427979e+03
2.9911950605e-06 2.7732812500e+02 2.7818069458e+02 2.7864279175e+02 1.0565581055e+03
3.0007950045e-06 2.7840625000e+02 2.7723471069e+02 2.7662768555e+02 1.0581429443e+03
3.0103949484e-06 2.7887500000e+02 2.8157067871e+02 2.8492404175e+02 1.0605892334e+03
3.0199948924e-06 2.7881250000e+02 2.7818209839e+02 2.7934719849e+02 1.0620952148e+03
3.0295950637e-06 2.7687500000e+02 2.7780480957e+02 2.7852792358e+02 1.0645086670e+03
3.0391950077e-06 2.7450000000e+02 2.7806213379e+02 2.7972720337e+02 1.0660465088e+03
3.0487949516e-06 2.7684375000e+02 2.7831527710e+02 2.8034866333e+02 1.0684696045e+03
3.0583948956e-06 2.7757812500e+02 2.7846960449e+02 2.8099139404e+02 1.0700085449e+03
3.0679950669e-06 2.7565625000e+02 2.7783834839e+02 2.8016076660e+02 1.0724124756e+03
3.0775950108e-06 2.7587500000e+02 2.7711260986e+02 2.7861730957e+02 1.0739481201e+03
3.0871949548e-06 2.7959375000e+02 2.7846206665e+02 2.8184912109e+02 1.0763813477e+03
3.0967948987e-06 2.7400000000e+02 2.7559762573e+02 2.7691595459e+02 1.0778543701e+03
3.1063950701e-06 2.7648437500e+02 2.7602850342e+02 2.7814044189e+02 1.0802956543e+03
3.1159950140e-06 2.7306250000e+02 2.7354434204e+02 2.7399325562e+02 1.0817076416e+03
3.1255949580e-06 2.7301562500e+02 2.7152474976e+02 2.7079644775e+02 1.0841003418e+03
3.1351949019e-06 2.7412500000e+02 2.7295748901e+02 2.7352700806e+02 1.0855551758e+03
3.1447950732e-06 2.7443750000e+02 2.7357675171e+02 2.7494442749e+02 1.0879631348e+03
3.1543950172e-06 2.7301562500e+02 2.7315432739e+02 2.7408135986e+02 1.0894149170e+03
3.1639949611e-06 2.7229687500e+02 2.7405871582e+02 2.7619589233e+02 1.0918442383e+03
3.1735949051e-06 2.7187500000e+02 2.7550872803e+02 2.7805859375e+02 1.0933327637e+03
3.1831950764e-06 2.7284375000e+02 2.7170239258e+02 2.7268829346e+02 1.0956705322e+03
3.1927950204e-06 2.7148437500e+02 2.7099520874e+02 2.7146075439e+02 1.0971324463e+03
3.2023949643e-06 2.7248437500e+02 2.7313153076e+02 2.7572229004e+02 1.0995357666e+03
3.2119949083e-06 2.7029687500e+02 2.7012179565e+02 2.7053329468e+02 1.1009293213e+03
3.2215950796e-06 2.6948437500e+02 2.7320462036e+02 2.7621798706e+02 1.1034084473e+03
3.2311950235e-06 2.7026562500e+02 2.6882785034e+02 2.6878402710e+02 1.1046983643e+03
3.2407949675e-06 2.7062500000e+02 2.7370385742e+02 2.7785195923e+02 1.1072951660e+03
3.2503949114e-06 2.6796875000e+02 2.7215731812e+02 2.7530969238e+02 1.1085472412e+03
3.2599950828e-06 2.7223437500e+02 2.7264611816e+02 2.7642169189e+02 1.1111612549e+03
3.2695950267e-06 2.7121875000e+02 2.7038735962e+02 2.7127835083e+02 1.1123579102e+03
3.2791949707e-06 2.6937500000e+02 2.6909558105e+02 2.6934524536e+02 1.1149406738e+03
3.2887949146e-06 2.6953125000e+02 2.6573962402e+02 2.6486151123e+02 1.1160566406e+03
3.2983950859e-06 2.6748437500e+02 2.6926345825e+02 2.7156262207e+02 1.1187288818e+03
3.3079950299e-06 2.6875000000e+02 2.6944287109e+02 2.7062579346e+02 1.1198145752e+03
3.3175947465e-06 2.6951562500e+02 2.6486001587e+02 2.6331045532e+02 1.1223868408e+03
3.3271949178e-06 2.6720312500e+02 2.6920312500e+02 2.7208969116e+02 1.1236116943e+03
3.3367950891e-06 2.6853125000e+02 2.6944784546e+02 2.7284091187e+02 1.1261800537e+03
3.3463950331e-06 2.6723437500e+02 2.6800277710e+02 2.7051300049e+02 1.1273796387e+03
3.3559949770e-06 2.6832812500e+02 2.6706039429e+02 2.6900003052e+02 1.1299291992e+03
3.3655949210e-06 2.6459375000e+02 2.6652233887e+02 2.6828399658e+02 1.1311180420e+03
3.3751948649e-06 2.6434375000e+02 2.6869812012e+02 2.7194552612e+02 1.1337221680e+03
3.3847950363e-06 2.6560937500e+02 2.6754357910e+02 2.6974975586e+02 1.1348847656e+03
3.3943947528e-06 2.6540625000e+02 2.6458328247e+02 2.6472131348e+02 1.1374154053e+03
3.4039949242e-06 2.6443750000e+02 2.6470974731e+02 2.6598641968e+02 1.1385859375e+03
3.4135950955e-06 2.6523437500e+02 2.6757046509e+02 2.7002044678e+02 1.1411824951e+03
3.4231950394e-06 2.6434375000e+02 2.6375674438e+02 2.6345202637e+02 1.1422631836e+03
3.4327949834e-06 2.6439062500e+02 2.6577468872e+02 2.6588278198e+02 1.1448967285e+03
3.4423949273e-06 2.6415625000e+02 2.6415164185e+02 2.6568112183e+02 1.1459592285e+03
3.4519948713e-06 2.6257812500e+02 2.6623471069e+02 2.7017645264e+02 1.1486357422e+03
3.4615950426e-06 2.6493750000e+02 2.6781237793e+02 2.7333004761e+02 1.1497493896e+03
3.4711947592e-06 2.6170312500e+02 2.6565246582e+02 2.6933822632e+02 1.1523734131e+03
3.4807949305e-06 2.6235937500e+02 2.6182907104e+02 2.6251132202e+02 1.1533940430e+03
3.4903951018e-06 2.6315625000e+02 2.6201071167e+02 2.6242657471e+02 1.1560201416e+03
3.4999950458e-06 2.6056250000e+02 2.5917263794e+02 2.5819174194e+02 1.1569704590e+03
3.5095949897e-06 2.6237500000e+02 2.6197061157e+02 2.6265890503e+02 1.1596682129e+03
3.5191949337e-06 2.5992187500e+02 2.6253063965e+02 2.6422424316e+02 1.1606391602e+03
3.5287948776e-06 2.6035937500e+02 2.6415188599e+02 2.6825097656e+02 1.1633800049e+03
3.5383950490e-06 2.5992187500e+02 2.6389620972e+02 2.6729190063e+02 1.1643468018e+03
3.5479947655e-06 2.6068750000e+02 2.6343905640e+02 2.6678881836e+02 1.1670755615e+03
3.5575949369e-06 2.6075000000e+02 2.6304858398e+02 2.6501962280e+02 1.1680278320e+03
3.5671951082e-06 2.6181250000e+02 2.6387847900e+02 2.6728082275e+02 1.1707805176e+03
3.5767950521e-06 2.6167187500e+02 2.5743273926e+02 2.5536712646e+02 1.1715714111e+03
3.5863949961e-06 2.5959375000e+02 2.6013034058e+02 2.6197970581e+02 1.1744001465e+03
3.5959949400e-06 2.5814062500e+02 2.5930816650e+02 2.6062246704e+02 1.1751738281e+03
3.6055948840e-06 2.5990625000e+02 2.5941027832e+02 2.6108001709e+02 1.1780047607e+03
3.6151950553e-06 2.5837500000e+02 2.5697134399e+02 2.5615011597e+02 1.1787174072e+03
3.6247947719e-06 2.5854687500e+02 2.6060751343e+02 2.6245297241e+02 1.1816354980e+03
3.6343949432e-06 2.5665625000e+02 2.5738540649e+02 2.5765789795e+02 1.1822766113e+03
3.6439948872e-06 2.5653125000e+02 2.6099630737e+02 2.6289331055e+02 1.1852731934e+03
3.6535950585e-06 2.5645312500e+02 2.5770031738e+02 2.5785705566e+02 1.1858427734e+03
3.6631950024e-06 2.5582812500e+02 2.5891781616e+02 2.6025399780e+02 1.1888677979e+03
3.6727949464e-06 2.5575000000e+02 2.5933993530e+02 2.6163507080e+02 1.1894569092e+03
3.6823948903e-06 2.5635937500e+02 2.5901110840e+02 2.6215438843e+02 1.1924769287e+03
3.6919950617e-06 2.5459375000e+02 2.6042364502e+02 2.6369195557e+02 1.1930993652e+03
3.7015950056e-06 2.5660937500e+02 2.5773443604e+02 2.6055285645e+02 1.1960534668e+03
3.7111949496e-06 2.5478125000e+02 2.5836108398e+02 2.6150085449e+02 1.1966995850e+03
3.7207948935e-06 2.5565625000e+02 2.5864852905e+02 2.6059774780e+02 1.1996474609e+03
3.7303950648e-06 2.5425000000e+02 2.5495843506e+02 2.5454994202e+02 1.2002081299e+03
3.7399950088e-06 2.5490625000e+02 2.5894046021e+02 2.6315795898e+02 1.2032647705e+03
3.7495949528e-06 2.5521875000e+02 2.5745919800e+02 2.5928311157e+02 1.2037824707e+03
3.7591948967e-06 2.5343750000e+02 2.5507440186e+02 2.5529003906e+02 1.2067767334e+03
3.7687950680e-06 2.5214062500e+02 2.5837030029e+02 2.5883843994e+02 1.2073588867e+03
3.7783950120e-06 2.5470312500e+02 2.5647341919e+02 2.5691305542e+02 1.2103157959e+03
3.7879949559e-06 2.5381250000e+02 2.5360247803e+02 2.5300747681e+02 1.2108393555e+03
3.7975948999e-06 2.5218750000e+02 2.5828347778e+02 2.6352899170e+02 1.2139282227e+03
3.8071950712e-06 2.5392187500e+02 2.5134207153e+02 2.4988711548e+02 1.2142615967e+03
3.8167950152e-06 2.5160937500e+02 2.5458833313e+02 2.5699533081e+02 1.2174422607e+03
3.8263951865e-06 2.5157812500e+02 2.5596272278e+02 2.5948825073e+02 1.2178195801e+03
3.8359949031e-06 2.5035937500e+02 2.5385168457e+02 2.5486087036e+02 1.2209362793e+03
3.8455950744e-06 2.4993750000e+02 2.5290452576e+02 2.5389210510e+02 1.2212960205e+03
3.8551947910e-06 2.5114062500e+02 2.5208325195e+02 2.4962451172e+02 1.2243662109e+03
3.8647949623e-06 2.5231250000e+02 2.5204193115e+02 2.5212164307e+02 1.2247504883e+03
3.8743951336e-06 2.4953125000e+02 2.5249665833e+02 2.5355216980e+02 1.2278331299e+03
3.8839948502e-06 2.4945312500e+02 2.5082823181e+02 2.5004273987e+02 1.2281738281e+03
3.8935950215e-06 2.4815625000e+02 2.5661727905e+02 2.6146539307e+02 1.2314118652e+03
3.9031951928e-06 2.4443750000e+02 2.0890089417e+02 1.5994351196e+02 1.2304907227e+03
3.9127949094e-06 2.2100000000e+02 1.6205636597e+02 1.1230819702e+02 1.2330904541e+03
3.9223950807e-06 1.9350000000e+02 1.4081562805e+02 9.3292480469e+01 1.2318945312e+03
3.9319947973e-06 1.7160937500e+02 1.2655480957e+02 8.0410263062e+01 1.2343149414e+03
3.9415949686e-06 1.4734375000e+02 1.1548065186e+02 7.1409675598e+01 1.2329885254e+03
3.9511951400e-06 1.2445312500e+02 9.1150863647e+01 5.5167369843e+01 1.2351577148e+03
3.9607948565e-06 1.0618750000e+02 7.1565261841e+01 4.3426940918e+01 1.2336452637e+03
3.9703950279e-06 8.8015625000e+01 5.9206924438e+01 3.2390880585e+01 1.2356361084e+03
3.9799951992e-06 7.0515625000e+01 5.2673858643e+01 2.2541868210e+01 1.2339697266e+03
3.9895949158e-06 6.0359375000e+01 3.4940399170e+01 1.5245512962e+01 1.2358521729e+03
3.9991950871e-06 4.8437500000e+01 3.1335754395e+01 1.2983826637e+01 1.2341502686e+03
4.0087948037e-06 4.0609375000e+01 2.8863357544e+01 1.0341725349e+01 1.2359952393e+03
4.0183949750e-06 3.1015625000e+01 2.2412078857e+01 9.1647787094e+00 1.2342774658e+03
4.0279951463e-06 2.7296875000e+01 1.5408920288e+01 7.3452892303e+00 1.2360983887e+03
4.0375948629e-06 2.2062500000e+01 1.3702316284e+01 7.0797581673e+00 1.2343769531e+03
4.0471950342e-06 1.8109375000e+01 1.0659942627e+01 6.0688152313e+00 1.2361844482e+03
4.0567952055e-06 1.5250000000e+01 9.3312683105e+00 5.4740729332e+00 1.2344539795e+03
4.0663949221e-06 1.1203125000e+01 5.9918518066e+00 3.7138943672e+00 1.2362366943e+03
