# epoch total_loss data_loss physics_loss w_data w_physics lr
1.0000000000e+00 1.5283241272e+00 1.0918512344e+00 1.9410212040e+00 4.8600056557e-01 5.1399943410e-01 1.0000000000e-03
2.0000000000e+00 1.1686275005e+00 1.1626447439e+00 1.1743105650e+00 4.8715091436e-01 5.1284908492e-01 1.0000000000e-03
3.0000000000e+00 9.6583718061e-01 1.1574711800e+00 7.7548933029e-01 4.9831656895e-01 5.0168342988e-01 1.0000000000e-03
4.0000000000e+00 8.6154043674e-01 1.0503194332e+00 6.6528701782e-01 5.0970637846e-01 4.9029361990e-01 1.0000000000e-03
5.0000000000e+00 7.8146207333e-01 8.9016014338e-01 6.6559922695e-01 5.1595282410e-01 4.8404717379e-01 1.0000000000e-03
6.0000000000e+00 6.6091060638e-01 7.1685785055e-01 6.0059911013e-01 5.1876978182e-01 4.8123021552e-01 1.0000000000e-03
7.0000000000e+00 5.1805442572e-01 5.5666714907e-01 4.7609069943e-01 5.2079383615e-01 4.7920616049e-01 1.0000000000e-03
8.0000000000e+00 4.1209322214e-01 4.2826062441e-01 3.9452487230e-01 5.2076454590e-01 4.7923544986e-01 1.0000000000e-03
9.0000000000e+00 3.6545035243e-01 3.4186252952e-01 3.9053389430e-01 5.1536534337e-01 4.8463465145e-01 1.0000000000e-03
1.0000000000e+01 3.3032941818e-01 2.8972294927e-01 3.7218928337e-01 5.0759940740e-01 4.9240058642e-01 1.0000000000e-03
1.1000000000e+01 2.7220332623e-01 2.5102576613e-01 2.9363036156e-01 5.0292831956e-01 4.9707167304e-01 1.0000000000e-03
1.2000000000e+01 2.0182427764e-01 2.1220400929e-01 1.9122487307e-01 5.0523558971e-01 4.9476440116e-01 1.0000000000e-03
1.3000000000e+01 1.6183534265e-01 1.7098100483e-01 1.5240797400e-01 5.0758365307e-01 4.9241633562e-01 1.0000000000e-03
1.4000000000e+01 1.5881371498e-01 1.3673608005e-01 1.8088038266e-01 4.9987597682e-01 5.0012400985e-01 1.0000000000e-03
1.5000000000e+01 1.3497066498e-01 1.1557056010e-01 1.5381917357e-01 4.9278925521e-01 5.0721072908e-01 1.0000000000e-03
1.6000000000e+01 1.0079577565e-01 1.1056110263e-01 9.1095209122e-02 4.9833682939e-01 5.0166315152e-01 1.0000000000e-03
1.7000000000e+01 1.0074551404e-01 1.1607512832e-01 8.5029587150e-02 5.0622189375e-01 4.9377808408e-01 1.0000000000e-03
1.8000000000e+01 1.0610936582e-01 1.1140879244e-01 1.0063454509e-01 5.0814027862e-01 4.9185969672e-01 1.0000000000e-03
1.9000000000e+01 1.0115718842e-01 1.0657946765e-01 9.5512144268e-02 5.1006444280e-01 4.8993553006e-01 1.0000000000e-03
2.0000000000e+01 1.0695110261e-01 1.2205326557e-01 9.0825103223e-02 5.1639273879e-01 4.8360723209e-01 1.0000000000e-03
2.1000000000e+01 1.2033508718e-01 1.4417077601e-01 9.3959055841e-02 5.2529639178e-01 4.7470357781e-01 1.0000000000e-03
2.2000000000e+01 1.1942943931e-01 1.4651669562e-01 8.8242202997e-02 5.3517831197e-01 4.6482165640e-01 1.0000000000e-03
2.3000000000e+01 1.0829725862e-01 1.2948343158e-01 8.3169795573e-02 5.4254995196e-01 4.5745001487e-01 1.0000000000e-03
2.4000000000e+01 1.0074691474e-01 1.1052583903e-01 8.9096695185e-02 5.4366237003e-01 4.5633759510e-01 1.0000000000e-03
2.5000000000e+01 9.3649737537e-02 1.0015416890e-01 8.5917495191e-02 5.4312171900e-01 4.5687824425e-01 1.0000000000e-03
2.6000000000e+01 7.9477988183e-02 9.3517988920e-02 6.2401808798e-02 5.4878780791e-01 4.5121215261e-01 1.0000000000e-03
2.7000000000e+01 6.8178415298e-02 8.7139204144e-02 4.4012140483e-02 5.6035073821e-01 4.3964921862e-01 1.0000000000e-03
2.8000000000e+01 6.5592184663e-02 8.0428212881e-02 4.6094790101e-02 5.6788371497e-01 4.3211623828e-01 1.0000000000e-03
2.9000000000e+01 6.3513025641e-02 7.3618441820e-02 5.0084218383e-02 5.7060775472e-01 4.2939219512e-01 1.0000000000e-03
3.0000000000e+01 5.8573178947e-02 6.9574430585e-02 4.3690782040e-02 5.7497309838e-01 4.2502684764e-01 1.0000000000e-03
3.1000000000e+01 5.6903257966e-02 7.0051692426e-02 3.8599912077e-02 5.8194946687e-01 4.1805047535e-01 1.0000000000e-03
3.2000000000e+01 5.8811686933e-02 7.1434788406e-02 4.0842376649e-02 5.8737812700e-01 4.1262181209e-01 1.0000000000e-03
3.3000000000e+01 5.8498494327e-02 6.9250598550e-02 4.3004799634e-02 5.9033052564e-01 4.0966941063e-01 1.0000000000e-03
3.4000000000e+01 5.5619738996e-02 6.4295180142e-02 4.3074529618e-02 5.9117951457e-01 4.0882041876e-01 1.0000000000e-03
3.5000000000e+01 5.4381743073e-02 6.0300830752e-02 4.5904804021e-02 5.8883898853e-01 4.1116094205e-01 1.0000000000e-03
3.6000000000e+01 5.5100612342e-02 5.8411810547e-02 5.0459720194e-02 5.8360713699e-01 4.1639279135e-01 1.0000000000e-03
3.7000000000e+01 5.4329555482e-02 5.6690976024e-02 5.1097303629e-02 5.7784116824e-01 4.2215875799e-01 1.0000000000e-03
3.8000000000e+01 5.1804803312e-02 5.3805846721e-02 4.9126908183e-02 5.7232985956e-01 4.2767006433e-01 1.0000000000e-03
3.9000000000e+01 5.0286121666e-02 5.0517316908e-02 4.9985397607e-02 5.6536149793e-01 4.3463842363e-01 1.0000000000e-03
4.0000000000e+01 4.9733091146e-02 4.7853209078e-02 5.2093911916e-02 5.5670387011e-01 4.4329604928e-01 1.0000000000e-03
4.1000000000e+01 4.7668740153e-02 4.5984495431e-02 4.9719654024e-02 5.4908206917e-01 4.5091784783e-01 1.0000000000e-03
4.2000000000e+01 4.4509194791e-02 4.4956821948e-02 4.3973624706e-02 5.4472664658e-01 4.5527326748e-01 1.0000000000e-03
4.3000000000e+01 4.2877756059e-02 4.4746808708e-02 4.0660154074e-02 5.4264643566e-01 4.5735347528e-01 1.0000000000e-03
4.4000000000e+01 4.2358979583e-02 4.4781062752e-02 3.9498265833e-02 5.4151588582e-01 4.5848402217e-01 1.0000000000e-03
4.5000000000e+01 4.1084155440e-02 4.5043438673e-02 3.6385864019e-02 5.4268029731e-01 4.5731960759e-01 1.0000000000e-03
4.6000000000e+01 4.0241774172e-02 4.6556264162e-02 3.2610222697e-02 5.4722030635e-01 4.5277959544e-01 1.0000000000e-03
4.7000000000e+01 4.0907189250e-02 4.9169778824e-02 3.0639333650e-02 5.5410749694e-01 4.4589240214e-01 1.0000000000e-03
4.8000000000e+01 4.1284352541e-02 5.1011569798e-02 2.8771083802e-02 5.6263491062e-01 4.3736498601e-01 1.0000000000e-03
4.9000000000e+01 4.0804833174e-02 5.1373180002e-02 2.6669325307e-02 5.7219859055e-01 4.2780130360e-01 1.0000000000e-03
5.0000000000e+01 4.0801133960e-02 5.1420249045e-02 2.6055216789e-02 5.8134844203e-01 4.1865144980e-01 1.0000000000e-03
5.1000000000e+01 4.1014365852e-02 5.1774445921e-02 2.5517608970e-02 5.9019905875e-01 4.0980083096e-01 1.0000000000e-03
5.2000000000e+01 4.0541864932e-02 5.1903899759e-02 2.3497698829e-02 6.0001574765e-01 3.9998413983e-01 1.0000000000e-03
5.3000000000e+01 4.0043875575e-02 5.1475606859e-02 2.2170223296e-02 6.0991032282e-01 3.9008956233e-01 1.0000000000e-03
5.4000000000e+01 3.9966315031e-02 5.0591383129e-02 2.2786872461e-02 6.1786529618e-01 3.8213458683e-01 1.0000000000e-03
5.5000000000e+01 3.9634689689e-02 4.9392633140e-02 2.3448424414e-02 6.2388753818e-01 3.7611234280e-01 1.0000000000e-03
5.6000000000e+01 3.8901150227e-02 4.8110533506e-02 2.3295804858e-02 6.2887449339e-01 3.7112538548e-01 1.0000000000e-03
5.7000000000e+01 3.8312904537e-02 4.6842295676e-02 2.3636212572e-02 6.3245026837e-01 3.6754960843e-01 1.0000000000e-03
5.8000000000e+01 3.7856787443e-02 4.5339696109e-02 2.4908710271e-02 6.3374718916e-01 3.6625268573e-01 1.0000000000e-03
5.9000000000e+01 3.7220966071e-02 4.3561328202e-02 2.6297928765e-02 6.3272830375e-01 3.6727156933e-01 1.0000000000e-03
6.0000000000e+01 3.6680124700e-02 4.1982032359e-02 2.7662789449e-02 6.2973565680e-01 3.7026421462e-01 1.0000000000e-03
6.1000000000e+01 3.6530021578e-02 4.0899332613e-02 2.9245704412e-02 6.2506889160e-01 3.7493097842e-01 1.0000000000e-03
6.2000000000e+01 3.6462329328e-02 4.0008198470e-02 3.0697897077e-02 6.1914579836e-01 3.8085407051e-01 1.0000000000e-03
6.3000000000e+01 3.6260508001e-02 3.9011299610e-02 3.1917404383e-02 6.1223193321e-01 3.8776793468e-01 1.0000000000e-03
6.4000000000e+01 3.6120012403e-02 3.8059931248e-02 3.3155560493e-02 6.0445206377e-01 3.9554780329e-01 1.0000000000e-03
6.5000000000e+01 3.5958986729e-02 3.7383869290e-02 3.3852707595e-02 5.9648532516e-01 4.0351454115e-01 1.0000000000e-03
6.6000000000e+01 3.5526983440e-02 3.7015456706e-02 3.3390250057e-02 5.8941129711e-01 4.1058856836e-01 1.0000000000e-03
6.7000000000e+01 3.5014882684e-02 3.6909881979e-02 3.2357264310e-02 5.8375643460e-01 4.1624342989e-01 1.0000000000e-03
6.8000000000e+01 3.4588277340e-02 3.6977108568e-02 3.1295623630e-02 5.7954165736e-01 4.2045820604e-01 1.0000000000e-03
6.9000000000e+01 3.4076821059e-02 3.7155371159e-02 2.9877206311e-02 5.7701631000e-01 4.2298355214e-01 1.0000000000e-03
7.0000000000e+01 3.3549517393e-02 3.7539709359e-02 2.8118014336e-02 5.7648952687e-01 4.2351033382e-01 1.0000000000e-03
7.1000000000e+01 3.3205155283e-02 3.8163013756e-02 2.6416342705e-02 5.7793532201e-01 4.2206453713e-01 1.0000000000e-03
7.2000000000e+01 3.2935909927e-02 3.8849547505e-02 2.4727500975e-02 5.8124802598e-01 4.1875183152e-01 1.0000000000e-03
7.3000000000e+01 3.2702106982e-02 3.9501823485e-02 2.3067219183e-02 5.8625638874e-01 4.1374346702e-01 1.0000000000e-03
7.4000000000e+01 3.2635398209e-02 4.0142819285e-02 2.1718712524e-02 5.9252214784e-01 4.0747770619e-01 1.0000000000e-03
7.5000000000e+01 3.2643638551e-02 4.0643502027e-02 2.0665701479e-02 5.9956258256e-01 4.0043726975e-01 1.0000000000e-03
7.6000000000e+01 3.2590247691e-02 4.0809679776e-02 1.9904557616e-02 6.0682230989e-01 3.9317754071e-01 1.0000000000e-03
7.7000000000e+01 3.2505866140e-02 4.0609341115e-02 1.9640803337e-02 6.1354130216e-01 3.8645854679e-01 1.0000000000e-03
7.8000000000e+01 3.2345902175e-02 4.0096428245e-02 1.9743524492e-02 6.1919327692e-01 3.8080657043e-01 1.0000000000e-03
7.9000000000e+01 3.2035626471e-02 3.9317652583e-02 1.9971732050e-02 6.2358876459e-01 3.7641108115e-01 1.0000000000e-03
8.0000000000e+01 3.1652085483e-02 3.8331855088e-02 2.0450489596e-02 6.2643968671e-01 3.7356015745e-01 1.0000000000e-03
8.1000000000e+01 3.1257897615e-02 3.7189204246e-02 2.1270038560e-02 6.2741131773e-01 3.7258852491e-01 1.0000000000e-03
8.2000000000e+01 3.0849339440e-02 3.5958983004e-02 2.2281769663e-02 6.2641213671e-01 3.7358770450e-01 1.0000000000e-03
8.3000000000e+01 3.0485514551e-02 3.4762032330e-02 2.3402344435e-02 6.2353607189e-01 3.7646376800e-01 1.0000000000e-03
8.4000000000e+01 3.0200071633e-02 3.3683359623e-02 2.4540062994e-02 6.1903436059e-01 3.8096547813e-01 1.0000000000e-03
8.5000000000e+01 2.9943842441e-02 3.2750725746e-02 2.5490993634e-02 6.1336333057e-01 3.8663650711e-01 1.0000000000e-03
8.6000000000e+01 2.9703475535e-02 3.2011765987e-02 2.6137091219e-02 6.0707839838e-01 3.9292143834e-01 1.0000000000e-03
8.7000000000e+01 2.9470078647e-02 3.1502857804e-02 2.6411166415e-02 6.0076645451e-01 3.9923338127e-01 1.0000000000e-03
8.8000000000e+01 2.9193580151e-02 3.1198726967e-02 2.6247773319e-02 5.9499898609e-01 4.0500084871e-01 1.0000000000e-03
8.9000000000e+01 2.8876364231e-02 3.1067771837e-02 2.5720180944e-02 5.9020746284e-01 4.0979237087e-01 1.0000000000e-03
9.0000000000e+01 2.8540641069e-02 3.1099544838e-02 2.4907946587e-02 5.8671417992e-01 4.1328565256e-01 1.0000000000e-03
9.1000000000e+01 2.8185348958e-02 3.1284946948e-02 2.3819344118e-02 5.8481681830e-01 4.1518301279e-01 1.0000000000e-03
9.2000000000e+01 2.7854258195e-02 3.1600862741e-02 2.2580308840e-02 5.8465956170e-01 4.1534026782e-01 1.0000000000e-03
9.3000000000e+01 2.7582909912e-02 3.1982980669e-02 2.1350657567e-02 5.8616134021e-01 4.1383848761e-01 1.0000000000e-03
9.4000000000e+01 2.7364345267e-02 3.2354537398e-02 2.0210092887e-02 5.8909711109e-01 4.1090271493e-01 1.0000000000e-03
9.5000000000e+01 2.7205763385e-02 3.2662078738e-02 1.9252534956e-02 5.9310238696e-01 4.0689743719e-01 1.0000000000e-03
9.6000000000e+01 2.7084760368e-02 3.2834421843e-02 1.8542414531e-02 5.9770113482e-01 4.0229868745e-01 1.0000000000e-03
9.7000000000e+01 2.6953231543e-02 3.2797392458e-02 1.8099941313e-02 6.0236933978e-01 3.9763048061e-01 1.0000000000e-03
9.8000000000e+01 2.6796389371e-02 3.2534852624e-02 1.7948806286e-02 6.0657869770e-01 3.9342112085e-01 1.0000000000e-03
9.9000000000e+01 2.6598805562e-02 3.2067343593e-02 1.8048807979e-02 6.0990686075e-01 3.9009295599e-01 1.0000000000e-03
1.0000000000e+02 2.6353284717e-02 3.1424943358e-02 1.8352059647e-02 6.1204761118e-01 3.8795220380e-01 1.0000000000e-03
1.0100000000e+02 2.6087401435e-02 3.0652325600e-02 1.8864406273e-02 6.1274580336e-01 3.8725400992e-01 1.0000000000e-03
1.0200000000e+02 2.5818809867e-02 2.9803603888e-02 1.9536826760e-02 6.1187523138e-01 3.8812458031e-01 1.0000000000e-03
1.0300000000e+02 2.5560429320e-02 2.8950700536e-02 2.0268669352e-02 6.0950742641e-01 3.9049238379e-01 1.0000000000e-03
1.0400000000e+02 2.5329381227e-02 2.8167365119e-02 2.0966483280e-02 6.0588449403e-01 3.9411531479e-01 1.0000000000e-03
1.0500000000e+02 2.5115942582e-02 2.7498185635e-02 2.1521793678e-02 6.0139190679e-01 3.9860790076e-01 1.0000000000e-03
1.0600000000e+02 2.4906918406e-02 2.6976522058e-02 2.1847331896e-02 5.9650545498e-01 4.0349435133e-01 1.0000000000e-03
1.0700000000e+02 2.4694480002e-02 2.6627730578e-02 2.1892460063e-02 5.9173458893e-01 4.0826521614e-01 1.0000000000e-03
1.0800000000e+02 2.4465519935e-02 2.6450039819e-02 2.1638341248e-02 5.8756409277e-01 4.1243571099e-01 1.0000000000e-03
1.0900000000e+02 2.4226188660e-02 2.6428764686e-02 2.1129287779e-02 5.8437925920e-01 4.1562054316e-01 1.0000000000e-03
1.1000000000e+02 2.3990534246e-02 2.6544189081e-02 2.0428374410e-02 5.8245130731e-01 4.1754849353e-01 1.0000000000e-03
1.1100000000e+02 2.3770973086e-02 2.6766102761e-02 1.9601905718e-02 5.8193153047e-01 4.1806826872e-01 1.0000000000e-03
1.1200000000e+02 2.3583633825e-02 2.7047155425e-02 1.8745277077e-02 5.8280304825e-01 4.1719674918e-01 1.0000000000e-03
1.1300000000e+02 2.3428965360e-02 2.7315787971e-02 1.7953027040e-02 5.8486402236e-01 4.1513577324e-01 1.0000000000e-03
1.1400000000e+02 2.3298054934e-02 2.7496624738e-02 1.7312312499e-02 5.8774175928e-01 4.1225803444e-01 1.0000000000e-03
1.1500000000e+02 2.3176603019e-02 2.7532001957e-02 1.6884312034e-02 5.9095380707e-01 4.0904598476e-01 1.0000000000e-03
1.1600000000e+02 2.3045191541e-02 2.7391854674e-02 1.6685714945e-02 5.9400306977e-01 4.0599672020e-01 1.0000000000e-03
1.1700000000e+02 2.2895274684e-02 2.7079027146e-02 1.6711927950e-02 5.9643978119e-01 4.0356000694e-01 1.0000000000e-03
1.1800000000e+02 2.2725848481e-02 2.6616496965e-02 1.6940612346e-02 5.9790291343e-01 4.0209687293e-01 1.0000000000e-03
1.1900000000e+02 2.2544644773e-02 2.6040868834e-02 1.7340773717e-02 5.9814000072e-01 4.0185978395e-01 1.0000000000e-03
1.2000000000e+02 2.2364970297e-02 2.5404807180e-02 1.7860971391e-02 5.9704400399e-01 4.0295577910e-01 1.0000000000e-03
1.2100000000e+02 2.2193964571e-02 2.4772880599e-02 1.8409794196e-02 5.9470722841e-01 4.0529255322e-01 1.0000000000e-03
1.2200000000e+02 2.2034056485e-02 2.4210546166e-02 1.8883634359e-02 5.9141703912e-01 4.0858274114e-01 1.0000000000e-03
1.2300000000e+02 2.1879117936e-02 2.3765567690e-02 1.9191257656e-02 5.8759963342e-01 4.1240014553e-01 1.0000000000e-03
1.2400000000e+02 2.1720703691e-02 2.3462040350e-02 1.9278824329e-02 5.8373335329e-01 4.1626642437e-01 1.0000000000e-03
1.2500000000e+02 2.1555513144e-02 2.3304389790e-02 1.9137743860e-02 5.8026862480e-01 4.1973115153e-01 1.0000000000e-03
1.2600000000e+02 2.1385233849e-02 2.3284234107e-02 1.8788672984e-02 5.7758433354e-01 4.2241544139e-01 1.0000000000e-03
1.2700000000e+02 2.1219752729e-02 2.3386402056e-02 1.8276896328e-02 5.7595778929e-01 4.2404198415e-01 1.0000000000e-03
1.2800000000e+02 2.1068956703e-02 2.3578090593e-02 1.7666913569e-02 5.7552792743e-01 4.2447184442e-01 1.0000000000e-03
1.2900000000e+02 2.0938944072e-02 2.3800877854e-02 1.7047189176e-02 5.7624196041e-01 4.2375780977e-01 1.0000000000e-03
1.3000000000e+02 2.0827842876e-02 2.3982241750e-02 1.6510128975e-02 5.7784431840e-01 4.2215545006e-01 1.0000000000e-03
1.3100000000e+02 2.0725030452e-02 2.4061046541e-02 1.6119245440e-02 5.7994257872e-01 4.2005718802e-01 1.0000000000e-03
1.3200000000e+02 2.0618801937e-02 2.4003254250e-02 1.5904648229e-02 5.8209492526e-01 4.1790483974e-01 1.0000000000e-03
1.3300000000e+02 2.0499952137e-02 2.3798191920e-02 1.5872111544e-02 5.8387535931e-01 4.1612440398e-01 1.0000000000e-03
1.3400000000e+02 2.0368054509e-02 2.3456450552e-02 1.6016110778e-02 5.8491250680e-01 4.1508725483e-01 1.0000000000e-03
1.3500000000e+02 2.0229171962e-02 2.3009946570e-02 1.6310254112e-02 5.8494064392e-01 4.1505911612e-01 1.0000000000e-03
1.3600000000e+02 2.0091751590e-02 2.2511016577e-02 1.6697440296e-02 5.8386024135e-01 4.1613951718e-01 1.0000000000e-03
1.3700000000e+02 1.9961405545e-02 2.2023569793e-02 1.7092801630e-02 5.8177689397e-01 4.1822286314e-01 1.0000000000e-03
1.3800000000e+02 1.9836787134e-02 2.1605165675e-02 1.7404926941e-02 5.7898271866e-01 4.2101703711e-01 1.0000000000e-03
1.3900000000e+02 1.9712409005e-02 2.1292842925e-02 1.7566479743e-02 5.7587911634e-01 4.2412063811e-01 1.0000000000e-03
1.4000000000e+02 1.9582202658e-02 2.1102590486e-02 1.7542835325e-02 5.7289685229e-01 4.2710290084e-01 1.0000000000e-03
1.4100000000e+02 1.9445750862e-02 2.1038910374e-02 1.7330098897e-02 5.7044023492e-01 4.2955951683e-01 1.0000000000e-03
1.4200000000e+02 1.9308872521e-02 2.1093359217e-02 1.6954615712e-02 5.6883504546e-01 4.3116470484e-01 1.0000000000e-03
1.4300000000e+02 1.9180914387e-02 2.1234810352e-02 1.6477582976e-02 5.6825877270e-01 4.3174097606e-01 1.0000000000e-03
1.4400000000e+02 1.9068203866e-02 2.1408479661e-02 1.5982534736e-02 5.6868856040e-01 4.3131118673e-01 1.0000000000e-03
1.4500000000e+02 1.8969383091e-02 2.1549763158e-02 1.5550211072e-02 5.6990534404e-01 4.3009440143e-01 1.0000000000e-03
1.4600000000e+02 1.8876083195e-02 2.1602082998e-02 1.5239626169e-02 5.7154964939e-01 4.2845009439e-01 1.0000000000e-03
1.4700000000e+02 1.8777858466e-02 2.1528845653e-02 1.5083282255e-02 5.7319716604e-01 4.2680257604e-01 1.0000000000e-03
1.4800000000e+02 1.8668789417e-02 2.1319031715e-02 1.5091541223e-02 5.7442919455e-01 4.2557054586e-01 1.0000000000e-03
1.4900000000e+02 1.8550144508e-02 2.0989075303e-02 1.5251748264e-02 5.7490181742e-01 4.2509792136e-01 1.0000000000e-03
1.5000000000e+02 1.8428836018e-02 2.0582115278e-02 1.5522509813e-02 5.7441848598e-01 4.2558125123e-01 1.0000000000e-03
1.5100000000e+02 1.8311548978e-02 2.0158587024e-02 1.5833124518e-02 5.7298559210e-01 4.2701414359e-01 1.0000000000e-03
1.5200000000e+02 1.8200187013e-02 1.9779035822e-02 1.6100343317e-02 5.7081348933e-01 4.2918624493e-01 1.0000000000e-03
1.5300000000e+02 1.8090676516e-02 1.9489154220e-02 1.6249967739e-02 5.6826383479e-01 4.3173589806e-01 1.0000000000e-03
1.5400000000e+02 1.7977375537e-02 1.9315518439e-02 1.6233870760e-02 5.6577175477e-01 4.3422797666e-01 1.0000000000e-03
1.5500000000e+02 1.7858492211e-02 1.9265417010e-02 1.6040295362e-02 5.6376198570e-01 4.3623774427e-01 1.0000000000e-03
1.5600000000e+02 1.7738828436e-02 1.9325157627e-02 1.5698749572e-02 5.6256281806e-01 4.3743691036e-01 1.0000000000e-03
1.5700000000e+02 1.7626434565e-02 1.9458178431e-02 1.5272958204e-02 5.6233169038e-01 4.3766803641e-01 1.0000000000e-03
1.5800000000e+02 1.7526470125e-02 1.9608596340e-02 1.4843865298e-02 5.6301344038e-01 4.3698628470e-01 1.0000000000e-03
1.5900000000e+02 1.7436731607e-02 1.9712006673e-02 1.4489336871e-02 5.6434726171e-01 4.3565246162e-01 1.0000000000e-03
1.6000000000e+02 1.7348945141e-02 1.9712893292e-02 1.4266947284e-02 5.6592601399e-01 4.3407370758e-01 1.0000000000e-03
1.6100000000e+02 1.7254576087e-02 1.9581455737e-02 1.4203984290e-02 5.6729166303e-01 4.3270805679e-01 1.0000000000e-03
1.6200000000e+02 1.7150858417e-02 1.9321719185e-02 1.4296156354e-02 5.6803701921e-01 4.3196269888e-01 1.0000000000e-03
1.6300000000e+02 1.7041975632e-02 1.8969189376e-02 1.4509146102e-02 5.6789438911e-01 4.3210532730e-01 1.0000000000e-03
1.6400000000e+02 1.6934892163e-02 1.8581330776e-02 1.4780687168e-02 5.6680099724e-01 4.3319871756e-01 1.0000000000e-03
1.6500000000e+02 1.6833174974e-02 1.8223058432e-02 1.5028486960e-02 5.6492452465e-01 4.3507518860e-01 1.0000000000e-03
1.6600000000e+02 1.6734387726e-02 1.7950130627e-02 1.5170483850e-02 5.6262830462e-01 4.3737140710e-01 1.0000000000e-03
1.6700000000e+02 1.6633328050e-02 1.7795946449e-02 1.5151364729e-02 5.6037880760e-01 4.3962090260e-01 1.0000000000e-03
1.6800000000e+02 1.6527986154e-02 1.7766457051e-02 1.4960512519e-02 5.5862780967e-01 4.4137189896e-01 1.0000000000e-03
1.6900000000e+02 1.6422538087e-02 1.7842147499e-02 1.4632500708e-02 5.5770678478e-01 4.4229292219e-01 1.0000000000e-03
1.7000000000e+02 1.6324182972e-02 1.7980789766e-02 1.4234939590e-02 5.5774978659e-01 4.4224991865e-01 1.0000000000e-03
1.7100000000e+02 1.6236688942e-02 1.8120126799e-02 1.3852707110e-02 5.5864829888e-01 4.4135140456e-01 1.0000000000e-03
1.7200000000e+02 1.6156516969e-02 1.8191095442e-02 1.3566381298e-02 5.6006475069e-01 4.3993495091e-01 1.0000000000e-03
1.7300000000e+02 1.6075337306e-02 1.8142372370e-02 1.3428241946e-02 5.6152426739e-01 4.3847543238e-01 1.0000000000e-03
1.7400000000e+02 1.5986900777e-02 1.7958587036e-02 1.3451408595e-02 5.6254657423e-01 4.3745312372e-01 1.0000000000e-03
1.7500000000e+02 1.5891825780e-02 1.7661891878e-02 1.3613594696e-02 5.6276389587e-01 4.3723580031e-01 1.0000000000e-03
1.7600000000e+02 1.5796095133e-02 1.7304074019e-02 1.3861125335e-02 5.6201119561e-01 4.3798849887e-01 1.0000000000e-03
1.7700000000e+02 1.5704808757e-02 1.6953825951e-02 1.4112687670e-02 5.6038272845e-01 4.3961696439e-01 1.0000000000e-03
1.7800000000e+02 1.5617443249e-02 1.6677476466e-02 1.4278025366e-02 5.5822008382e-01 4.4177960743e-01 1.0000000000e-03
1.7900000000e+02 1.5529303811e-02 1.6518410295e-02 1.4290635474e-02 5.5601351377e-01 4.4398617590e-01 1.0000000000e-03
1.8000000000e+02 1.5437564813e-02 1.6487635672e-02 1.4131858945e-02 5.5425900243e-01 4.4574068561e-01 1.0000000000e-03
1.8100000000e+02 1.5345355496e-02 1.6566565260e-02 1.3832543977e-02 5.5332996156e-01 4.4666972479e-01 1.0000000000e-03
1.8200000000e+02 1.5259381384e-02 1.6709860414e-02 1.3462197967e-02 5.5337885107e-01 4.4662083350e-01 1.0000000000e-03
1.8300000000e+02 1.5183143318e-02 1.6849068925e-02 1.3111485168e-02 5.5427845492e-01 4.4572122781e-01 1.0000000000e-03
1.8400000000e+02 1.5112889931e-02 1.6911165789e-02 1.2864227407e-02 5.5564636691e-01 4.4435331396e-01 1.0000000000e-03
1.8500000000e+02 1.5040706843e-02 1.6846802086e-02 1.2770177796e-02 5.5696395273e-01 4.4303572629e-01 1.0000000000e-03
1.8600000000e+02 1.4961801469e-02 1.6647191718e-02 1.2836429290e-02 5.5773004579e-01 4.4226963141e-01 1.0000000000e-03
1.8700000000e+02 1.4878474176e-02 1.6344636679e-02 1.3030551374e-02 5.5759798242e-01 4.4240169302e-01 1.0000000000e-03
1.8800000000e+02 1.4796810225e-02 1.6002677381e-02 1.3283831067e-02 5.5647997238e-01 4.4351970137e-01 1.0000000000e-03
1.8900000000e+02 1.4719856903e-02 1.5697054565e-02 1.3503144495e-02 5.5458862645e-01 4.4541104568e-01 1.0000000000e-03
1.9000000000e+02 1.4644819312e-02 1.5490093268e-02 1.3601747341e-02 5.5237523614e-01 4.4762443441e-01 1.0000000000e-03
1.9100000000e+02 1.4567257836e-02 1.5412378125e-02 1.3532735407e-02 5.5038460265e-01 4.4961506629e-01 1.0000000000e-03
1.9200000000e+02 1.4487399720e-02 1.5459012240e-02 1.3304233551e-02 5.4909183916e-01 4.5090782812e-01 1.0000000000e-03
1.9300000000e+02 1.4410899952e-02 1.5591329895e-02 1.2975363061e-02 5.4876133700e-01 4.5123832854e-01 1.0000000000e-03
1.9400000000e+02 1.4342803508e-02 1.5741709620e-02 1.2637493201e-02 5.4935435856e-01 4.5064530519e-01 1.0000000000e-03
1.9500000000e+02 1.4281544834e-02 1.5831949189e-02 1.2382539921e-02 5.5053173593e-01 4.4946792600e-01 1.0000000000e-03
1.9600000000e+02 1.4220012352e-02 1.5802351758e-02 1.2272196822e-02 5.5176565128e-01 4.4823400884e-01 1.0000000000e-03
1.9700000000e+02 1.4152818359e-02 1.5634348616e-02 1.2323601171e-02 5.5251000719e-01 4.4748965115e-01 1.0000000000e-03
1.9800000000e+02 1.4081479050e-02 1.5357226133e-02 1.2507212348e-02 5.5237305670e-01 4.4762659992e-01 1.0000000000e-03
1.9900000000e+02 1.4011740685e-02 1.5037774108e-02 1.2751360424e-02 5.5124959427e-01 4.4875006070e-01 1.0000000000e-03
2.0000000000e+02 1.3946454972e-02 1.4755833894e-02 1.2959759682e-02 5.4936480280e-01 4.5063485060e-01 1.0000000000e-03
2.0100000000e+02 1.3882663101e-02 1.4575879090e-02 1.3044936582e-02 5.4719965985e-01 4.5279999200e-01 1.0000000000e-03
2.0200000000e+02 1.3816263527e-02 1.4528361149e-02 1.2962194160e-02 5.4532822930e-01 4.5467142099e-01 1.0000000000e-03
2.0300000000e+02 1.3748325408e-02 1.4602972195e-02 1.2727827765e-02 5.4422584702e-01 4.5577380165e-01 1.0000000000e-03
2.0400000000e+02 1.3684635051e-02 1.4749845490e-02 1.2413334101e-02 5.4410412209e-01 4.5589552490e-01 1.0000000000e-03
2.0500000000e+02 1.3628698885e-02 1.4892078005e-02 1.2116454542e-02 5.4483210907e-01 4.5516753619e-01 1.0000000000e-03
2.0600000000e+02 1.3576983474e-02 1.4951294288e-02 1.1924319901e-02 5.4598032902e-01 4.5401931451e-01 1.0000000000e-03
2.0700000000e+02 1.3522619382e-02 1.4877683483e-02 1.1886578985e-02 5.4697014556e-01 4.5302949625e-01 1.0000000000e-03
2.0800000000e+02 1.3463085517e-02 1.4671822079e-02 1.2001900934e-02 5.4727788820e-01 4.5272175194e-01 1.0000000000e-03
2.0900000000e+02 1.3402413577e-02 1.4385716058e-02 1.2216868810e-02 5.4662646347e-01 4.5337317507e-01 1.0000000000e-03
2.1000000000e+02 1.3345372863e-02 1.4100003988e-02 1.2441160157e-02 5.4508883680e-01 4.5491080020e-01 1.0000000000e-03
2.1100000000e+02 1.3291342184e-02 1.3892174698e-02 1.2577269226e-02 5.4306375101e-01 4.5693588452e-01 1.0000000000e-03
2.1200000000e+02 1.3235975988e-02 1.3810666278e-02 1.2558267452e-02 5.4113211802e-01 4.5886751603e-01 1.0000000000e-03
2.1300000000e+02 1.3178142719e-02 1.3859826140e-02 1.2378424406e-02 5.3984186724e-01 4.6015776529e-01 1.0000000000e-03
2.1400000000e+02 1.3122431934e-02 1.3997405767e-02 1.2097372673e-02 5.3949829845e-01 4.6050133251e-01 1.0000000000e-03
2.1500000000e+02 1.3073274866e-02 1.4147709124e-02 1.1811750010e-02 5.4004769218e-01 4.5995193716e-01 1.0000000000e-03
2.1600000000e+02 1.3028728776e-02 1.4227415435e-02 1.1615357362e-02 5.4109665130e-01 4.5890297641e-01 1.0000000000e-03
2.1700000000e+02 1.2982469052e-02 1.4178144746e-02 1.1567179114e-02 5.4205772180e-01 4.5794190430e-01 1.0000000000e-03
2.1800000000e+02 1.2931547128e-02 1.3994842768e-02 1.1671325192e-02 5.4237834926e-01 4.5762127527e-01 1.0000000000e-03
2.1900000000e+02 1.2879489921e-02 1.3729182072e-02 1.1874935590e-02 5.4176148613e-01 4.5823813689e-01 1.0000000000e-03
2.2000000000e+02 1.2830762193e-02 1.3464481570e-02 1.2085992843e-02 5.4028289641e-01 4.5971672517e-01 1.0000000000e-03
2.2100000000e+02 1.2784589082e-02 1.3281024061e-02 1.2205652893e-02 5.3836425948e-01 4.6163536070e-01 1.0000000000e-03
2.2200000000e+02 1.2736866251e-02 1.3226751238e-02 1.2169585563e-02 5.3660914799e-01 4.6339047080e-01 1.0000000000e-03
2.2300000000e+02 1.2687180191e-02 1.3299359009e-02 1.1981281452e-02 5.3555510353e-01 4.6444451382e-01 1.0000000000e-03
2.2400000000e+02 1.2640181929e-02 1.3447088189e-02 1.1710127816e-02 5.3545178297e-01 4.6454783290e-01 1.0000000000e-03
2.2500000000e+02 1.2599012814e-02 1.3587110676e-02 1.1456865817e-02 5.3615959143e-01 4.6384002292e-01 1.0000000000e-03
2.2600000000e+02 1.2560410425e-02 1.3636275195e-02 1.1311585084e-02 5.3720270756e-01 4.6279690527e-01 1.0000000000e-03
2.2700000000e+02 1.2518835254e-02 1.3549029827e-02 1.1319349520e-02 5.3796537753e-01 4.6203423381e-01 1.0000000000e-03
2.2800000000e+02 1.2473744340e-02 1.3341693208e-02 1.1463207193e-02 5.3795534008e-01 4.6204426981e-01 1.0000000000e-03
2.2900000000e+02 1.2429567985e-02 1.3083519414e-02 1.1671068147e-02 5.3701269282e-01 4.6298691569e-01 1.0000000000e-03
2.3000000000e+02 1.2388700619e-02 1.2863805518e-02 1.1841245927e-02 5.3538093790e-01 4.6461866927e-01 1.0000000000e-03
2.3100000000e+02 1.2348323129e-02 1.2753779069e-02 1.1884445325e-02 5.3360702033e-01 4.6639258554e-01 1.0000000000e-03
2.3200000000e+02 1.2305710465e-02 1.2777694501e-02 1.1768542230e-02 5.3230191214e-01 4.6769769241e-01 1.0000000000e-03
2.3300000000e+02 1.2263381854e-02 1.2903895229e-02 1.1535665952e-02 5.3187090931e-01 4.6812869386e-01 1.0000000000e-03
2.3400000000e+02 1.2225581333e-02 1.3056661002e-02 1.1279588565e-02 5.3233487748e-01 4.6766472429e-01 1.0000000000e-03
2.3500000000e+02 1.2191526592e-02 1.3145591132e-02 1.1101247743e-02 5.3331705792e-01 4.6668254243e-01 1.0000000000e-03
2.3600000000e+02 1.2156110257e-02 1.3107653707e-02 1.1064798571e-02 5.3421091490e-01 4.6578868404e-01 1.0000000000e-03
2.3700000000e+02 1.2117173523e-02 1.2940132990e-02 1.1172407307e-02 5.3445537447e-01 4.6554422311e-01 1.0000000000e-03
2.3800000000e+02 1.2078084052e-02 1.2701679952e-02 1.1364107020e-02 5.3378880780e-01 4.6621078846e-01 1.0000000000e-03
2.3900000000e+02 1.2041870505e-02 1.2482962571e-02 1.1539715342e-02 5.3237314869e-01 4.6762644632e-01 1.0000000000e-03
2.4000000000e+02 1.2006619945e-02 1.2363309972e-02 1.1603237130e-02 5.3072150764e-01 4.6927808615e-01 1.0000000000e-03
2.4100000000e+02 1.1969528161e-02 1.2376153842e-02 1.1511999182e-02 5.2945808670e-01 4.7054150584e-01 1.0000000000e-03
2.4200000000e+02 1.1932410300e-02 1.2496049516e-02 1.1299304664e-02 5.2902691669e-01 4.7097267458e-01 1.0000000000e-03
2.4300000000e+02 1.1899149045e-02 1.2647649273e-02 1.1056867428e-02 5.2947964288e-01 4.7051994708e-01 1.0000000000e-03
2.4400000000e+02 1.1869151145e-02 1.2738284655e-02 1.0887306184e-02 5.3044897255e-01 4.6955061608e-01 1.0000000000e-03
2.4500000000e+02 1.1837796308e-02 1.2703893706e-02 1.0855930857e-02 5.3132590430e-01 4.6867368302e-01 1.0000000000e-03
2.4600000000e+02 1.1803451926e-02 1.2542846613e-02 1.0964469053e-02 5.3155049618e-01 4.6844908987e-01 1.0000000000e-03
2.4700000000e+02 1.1769406497e-02 1.2317500077e-02 1.1149153113e-02 5.3088480126e-01 4.6911478357e-01 1.0000000000e-03
2.4800000000e+02 1.1737935245e-02 1.2120477855e-02 1.1307376437e-02 5.2953162959e-01 4.7046795408e-01 1.0000000000e-03
2.4900000000e+02 1.1706752703e-02 1.2027901597e-02 1.1347463354e-02 5.2803390476e-01 4.7196567775e-01 1.0000000000e-03
2.5000000000e+02 1.1673895642e-02 1.2065627612e-02 1.1237439699e-02 5.2700748542e-01 4.7299209594e-01 1.0000000000e-03
2.5100000000e+02 1.1641945690e-02 1.2197387405e-02 1.1023512110e-02 5.2683434092e-01 4.7316523924e-01 1.0000000000e-03
2.5200000000e+02 1.1613890529e-02 1.2339207344e-02 1.0804262944e-02 5.2746703383e-01 4.7253254510e-01 1.0000000000e-03
2.5300000000e+02 1.1587616988e-02 1.2400499545e-02 1.0676637292e-02 5.2845530745e-01 4.7154427025e-01 1.0000000000e-03
2.5400000000e+02 1.1559013277e-02 1.2331459671e-02 1.0690853000e-02 5.2917283308e-01 4.7082674342e-01 1.0000000000e-03
2.5500000000e+02 1.1528478935e-02 1.2152003124e-02 1.0827797465e-02 5.2913676512e-01 4.7086281021e-01 1.0000000000e-03
2.5600000000e+02 1.1499531567e-02 1.1940060183e-02 1.1006237008e-02 5.2825786738e-01 4.7174170684e-01 1.0000000000e-03
2.5700000000e+02 1.1472461745e-02 1.1787505820e-02 1.1121622287e-02 5.2688537306e-01 4.7311420009e-01 1.0000000000e-03
2.5800000000e+02 1.1444373056e-02 1.1754437350e-02 1.1100818403e-02 5.2562672275e-01 4.7437284933e-01 1.0000000000e-03
2.5900000000e+02 1.1415370740e-02 1.1840736493e-02 1.0945184156e-02 5.2502917174e-01 4.7497039924e-01 1.0000000000e-03
2.6000000000e+02 1.1389030144e-02 1.1985024437e-02 1.0729543865e-02 5.2528983344e-01 4.7470973642e-01 1.0000000000e-03
2.6100000000e+02 1.1365917511e-02 1.2093924917e-02 1.0557561181e-02 5.2615213544e-01 4.7384743329e-01 1.0000000000e-03
2.6200000000e+02 1.1342063546e-02 1.2091033161e-02 1.0507461615e-02 5.2704060845e-01 4.7295895916e-01 1.0000000000e-03
2.6300000000e+02 1.1315530166e-02 1.1962606572e-02 1.0593513027e-02 5.2737138463e-01 4.7262818188e-01 1.0000000000e-03
2.6400000000e+02 1.1289261281e-02 1.1764951982e-02 1.0759556666e-02 5.2686600377e-01 4.7313356169e-01 1.0000000000e-03
2.6500000000e+02 1.1265296489e-02 1.1590217240e-02 1.0905170813e-02 5.2570201799e-01 4.7429754648e-01 1.0000000000e-03
2.6600000000e+02 1.1241285130e-02 1.1516125873e-02 1.0938231833e-02 5.2441861270e-01 4.7558095079e-01 1.0000000000e-03
2.6700000000e+02 1.1215723120e-02 1.1565834284e-02 1.0830906220e-02 5.2361743154e-01 4.7638213094e-01 1.0000000000e-03
2.6800000000e+02 1.1191602796e-02 1.1697710492e-02 1.0635284707e-02 5.2363426614e-01 4.7636529532e-01 1.0000000000e-03
2.6900000000e+02 1.1171018705e-02 1.1823557317e-02 1.0451678187e-02 5.2435019757e-01 4.7564936285e-01 1.0000000000e-03
2.7000000000e+02 1.1150840670e-02 1.1855915189e-02 1.0370757431e-02 5.2525608969e-01 4.7474346970e-01 1.0000000000e-03
2.7100000000e+02 1.1127972975e-02 1.1761754751e-02 1.0425398126e-02 5.2574201183e-01 4.7425754655e-01 1.0000000000e-03
2.7200000000e+02 1.1104517616e-02 1.1581639759e-02 1.0576258413e-02 5.2543646195e-01 4.7456309546e-01 1.0000000000e-03
2.7300000000e+02 1.1083310470e-02 1.1404830031e-02 1.0728783906e-02 5.2441998575e-01 4.7557957074e-01 1.0000000000e-03
2.7400000000e+02 1.1062641628e-02 1.1315749027e-02 1.0784935206e-02 5.2317886307e-01 4.7682069252e-01 1.0000000000e-03
2.7500000000e+02 1.1040322483e-02 1.1348985136e-02 1.0702816769e-02 5.2232606809e-01 4.7767348660e-01 1.0000000000e-03
2.7600000000e+02 1.1018756777e-02 1.1472260579e-02 1.0523018427e-02 5.2225126914e-01 4.7774828461e-01 1.0000000000e-03
2.7700000000e+02 1.1000631377e-02 1.1600988917e-02 1.0342670605e-02 5.2289327508e-01 4.7710627773e-01 1.0000000000e-03
2.7800000000e+02 1.0983362794e-02 1.1644640006e-02 1.0256069712e-02 5.2377407237e-01 4.7622547950e-01 1.0000000000e-03
2.7900000000e+02 1.0963518173e-02 1.1563175358e-02 1.0302660987e-02 5.2427902411e-01 4.7572052684e-01 1.0000000000e-03
2.8000000000e+02 1.0942837223e-02 1.1393052526e-02 1.0447198525e-02 5.2401648959e-01 4.7598306047e-01 1.0000000000e-03
2.8100000000e+02 1.0924300179e-02 1.1222654954e-02 1.0597120970e-02 5.2304822771e-01 4.7695132152e-01 1.0000000000e-03
2.8200000000e+02 1.0906388983e-02 1.1138025671e-02 1.0653587058e-02 5.2185490686e-01 4.7814464155e-01 1.0000000000e-03
2.8300000000e+02 1.0886825621e-02 1.1174669489e-02 1.0573687963e-02 5.2105106362e-01 4.7894848397e-01 1.0000000000e-03
2.8400000000e+02 1.0867971927e-02 1.1298467405e-02 1.0399708524e-02 5.2101698035e-01 4.7898256640e-01 1.0000000000e-03
2.8500000000e+02 1.0852396488e-02 1.1423670687e-02 1.0229363106e-02 5.2167308762e-01 4.7832645827e-01 1.0000000000e-03
2.8600000000e+02 1.0837435722e-02 1.1459902860e-02 1.0156258941e-02 5.2252119234e-01 4.7747835270e-01 1.0000000000e-03
2.8700000000e+02 1.0819926858e-02 1.1372272857e-02 1.0214445181e-02 5.2295085442e-01 4.7704868979e-01 1.0000000000e-03
2.8800000000e+02 1.0801902041e-02 1.1203351431e-02 1.0362444445e-02 5.2260537612e-01 4.7739416730e-01 1.0000000000e-03
2.8900000000e+02 1.0786009952e-02 1.1045615189e-02 1.0502967983e-02 5.2160393974e-01 4.7839560293e-01 1.0000000000e-03
2.9000000000e+02 1.0770318098e-02 1.0981573723e-02 1.0541040450e-02 5.2046694159e-01 4.7953260035e-01 1.0000000000e-03
2.9100000000e+02 1.0753041133e-02 1.1037758552e-02 1.0444853455e-02 5.1980018862e-01 4.8019935258e-01 1.0000000000e-03
2.9200000000e+02 1.0736975819e-02 1.1168499477e-02 1.0269657709e-02 5.1991650514e-01 4.8008303529e-01 1.0000000000e-03
2.9300000000e+02 1.0723947547e-02 1.1282571591e-02 1.0117208585e-02 5.2064766872e-01 4.7935187094e-01 1.0000000000e-03
2.9400000000e+02 1.0710682720e-02 1.1294363998e-02 1.0074720718e-02 5.2143663359e-01 4.7856290530e-01 1.0000000000e-03
2.9500000000e+02 1.0694963858e-02 1.1186328717e-02 1.0159025900e-02 5.2169933067e-01 4.7830020749e-01 1.0000000000e-03
2.9600000000e+02 1.0679561645e-02 1.1015450582e-02 1.0313977487e-02 5.2117375197e-01 4.7882578549e-01 1.0000000000e-03
2.9700000000e+02 1.0666125454e-02 1.0881043039e-02 1.0433208197e-02 5.2010690542e-01 4.7989263137e-01 1.0000000000e-03
2.9800000000e+02 1.0652076453e-02 1.0852210224e-02 1.0436078534e-02 5.1907356327e-01 4.8092597287e-01 1.0000000000e-03
2.9900000000e+02 1.0636851192e-02 1.0940117761e-02 1.0310097598e-02 5.1864856808e-01 4.8135096739e-01 1.0000000000e-03
3.0000000000e+02 1.0623708367e-02 1.1073922738e-02 1.0137955658e-02 5.1898992003e-01 4.8100961475e-01 1.0000000000e-03
3.0100000000e+02 1.0612886399e-02 1.1165963486e-02 1.0014184751e-02 5.1980990851e-01 4.8018962558e-01 1.0000000000e-03
3.0200000000e+02 1.0600613430e-02 1.1132458225e-02 1.0023419745e-02 5.2045000471e-01 4.7954952870e-01 1.0000000000e-03
3.0300000000e+02 1.0586550459e-02 1.1004147120e-02 1.0133320466e-02 5.2046489206e-01 4.7953464070e-01 1.0000000000e-03
3.0400000000e+02 1.0573863052e-02 1.0828249156e-02 1.0298649780e-02 5.1967175557e-01 4.8032777658e-01 1.0000000000e-03
3.0500000000e+02 1.0562436655e-02 1.0750332847e-02 1.0360007174e-02 5.1862904520e-01 4.8137048636e-01 1.0000000000e-03
3.0600000000e+02 1.0549745522e-02 1.0744328611e-02 1.0340871289e-02 5.1772284759e-01 4.8227668339e-01 1.0000000000e-03
3.0700000000e+02 1.0537424125e-02 1.0908943601e-02 1.0138516314e-02 5.1778075262e-01 4.8221877776e-01 1.0000000000e-03
3.0800000000e+02 1.0528733954e-02 1.0961419903e-02 1.0063484311e-02 5.1813806203e-01 4.8186146775e-01 1.0000000000e-03
3.0900000000e+02 1.0524178855e-02 1.1133650318e-02 9.8656620830e-03 5.1934334904e-01 4.8065618014e-01 1.0000000000e-03
3.1000000000e+02 1.0525234044e-02 1.0856267996e-02 1.0167992674e-02 5.1904584933e-01 4.8095367937e-01 1.0000000000e-03
3.1100000000e+02 1.0550498962e-02 1.1071993038e-02 9.9861938506e-03 5.1971933220e-01 4.8028019614e-01 1.0000000000e-03
3.1200000000e+02 1.0640779510e-02 1.0460424237e-02 1.0833742097e-02 5.1687080283e-01 4.8312872572e-01 1.0000000000e-03
3.1300000000e+02 1.0871950537e-02 1.1470974423e-02 1.0228074156e-02 5.1804764925e-01 4.8195188035e-01 1.0000000000e-03
3.1400000000e+02 1.1335397139e-02 1.0677707382e-02 1.2028953992e-02 5.1326742265e-01 4.8673210996e-01 1.0000000000e-03
3.1500000000e+02 1.1979864910e-02 1.2753428891e-02 1.1157548055e-02 5.1527778821e-01 4.8472174931e-01 1.0000000000e-03
3.1600000000e+02 1.2457144447e-02 1.1667520739e-02 1.3280711137e-02 5.1051691504e-01 4.8948262864e-01 1.0000000000e-03
3.1700000000e+02 1.2363959104e-02 1.2640625238e-02 1.2075309642e-02 5.1060882861e-01 4.8939072025e-01 1.0000000000e-03
3.1800000000e+02 1.1529676616e-02 1.1750583537e-02 1.1299276724e-02 5.1052690313e-01 4.8947264746e-01 1.0000000000e-03
3.1900000000e+02 1.0611084290e-02 1.0991474614e-02 1.0213097557e-02 5.1130958747e-01 4.8868996090e-01 1.0000000000e-03
3.2000000000e+02 1.0520689189e-02 1.1114014313e-02 9.8954988644e-03 5.1307851712e-01 4.8692102881e-01 1.0000000000e-03
3.2100000000e+02 1.1176414788e-02 1.1206138879e-02 1.1145250872e-02 5.1190684929e-01 4.8809269731e-01 1.0000000000e-03
3.2200000000e+02 1.1515712366e-02 1.1565522291e-02 1.1463683099e-02 5.1093725134e-01 4.8906229718e-01 1.0000000000e-03
3.2300000000e+02 1.1045914143e-02 1.0951387696e-02 1.1144074611e-02 5.0940747100e-01 4.9059207741e-01 1.0000000000e-03
3.2400000000e+02 1.0497393087e-02 1.1248078197e-02 9.7093619406e-03 5.1213774839e-01 4.8786179746e-01 1.0000000000e-03
3.2500000000e+02 1.0498543270e-02 1.0900408030e-02 1.0075419210e-02 5.1289047151e-01 4.8710907209e-01 1.0000000000e-03
3.2600000000e+02 1.0829188861e-02 1.1149141937e-02 1.0492003523e-02 5.1311966218e-01 4.8687988085e-01 1.0000000000e-03
3.2700000000e+02 1.0967561975e-02 1.1681906879e-02 1.0208512656e-02 5.1517305757e-01 4.8482648547e-01 1.0000000000e-03
3.2800000000e+02 1.0702962056e-02 1.0636119172e-02 1.0773478076e-02 5.1333494045e-01 4.8666460158e-01 1.0000000000e-03
3.2900000000e+02 1.0384090245e-02 1.0901912116e-02 9.8351864144e-03 5.1457344360e-01 4.8542609600e-01 1.0000000000e-03
3.3000000000e+02 1.0443219915e-02 1.0844130069e-02 1.0017353110e-02 5.1509766152e-01 4.8490187618e-01 1.0000000000e-03
3.3100000000e+02 1.0701560415e-02 1.0473608039e-02 1.0941209272e-02 5.1249610223e-01 4.8750343501e-01 1.0000000000e-03
3.3200000000e+02 1.0685222223e-02 1.1302413419e-02 1.0031895712e-02 5.1422410685e-01 4.8577542979e-01 1.0000000000e-03
3.3300000000e+02 1.0439330712e-02 1.0738351382e-02 1.0122740641e-02 5.1427717129e-01 4.8572236376e-01 1.0000000000e-03
3.3400000000e+02 1.0342219844e-02 1.0683292523e-02 9.9807111546e-03 5.1454944183e-01 4.8545009132e-01 1.0000000000e-03
3.3500000000e+02 1.0444846004e-02 1.1157264002e-02 9.6834143624e-03 5.1663046443e-01 4.8336906741e-01 1.0000000000e-03
3.3600000000e+02 1.0533357039e-02 1.0675407946e-02 1.0382128879e-02 5.1566376944e-01 4.8433576173e-01 1.0000000000e-03
3.3700000000e+02 1.0485198349e-02 1.0715927929e-02 1.0239976458e-02 5.1523297041e-01 4.8476655992e-01 1.0000000000e-03
3.3800000000e+02 1.0354034603e-02 1.0650941171e-02 1.0038531385e-02 5.1518965187e-01 4.8480987710e-01 1.0000000000e-03
3.3900000000e+02 1.0299852118e-02 1.0453033261e-02 1.0137573816e-02 5.1443668957e-01 4.8556283793e-01 1.0000000000e-03
3.4000000000e+02 1.0381026193e-02 1.0673810728e-02 1.0070830584e-02 5.1444633534e-01 4.8555319121e-01 1.0000000000e-03
3.4100000000e+02 1.0440621525e-02 1.0767864063e-02 1.0093678720e-02 5.1461753393e-01 4.8538199203e-01 1.0000000000e-03
3.4200000000e+02 1.0371429846e-02 1.0827698745e-02 9.8861148581e-03 5.1542859580e-01 4.8457092929e-01 1.0000000000e-03
3.4300000000e+02 1.0285696015e-02 1.0648680851e-02 9.8991729319e-03 5.1570952171e-01 4.8429000220e-01 1.0000000000e-03
3.4400000000e+02 1.0283442214e-02 1.0746578686e-02 9.7887627780e-03 5.1647065991e-01 4.8352886291e-01 1.0000000000e-03
3.4500000000e+02 1.0323652998e-02 1.0580248199e-02 1.0049983859e-02 5.1610873236e-01 4.8389078971e-01 1.0000000000e-03
3.4600000000e+02 1.0341595858e-02 1.0407809168e-02 1.0271346197e-02 5.1482778775e-01 4.8517173376e-01 1.0000000000e-03
3.4700000000e+02 1.0311987251e-02 1.0658317246e-02 9.9441306666e-03 5.1507824047e-01 4.8492128035e-01 1.0000000000e-03
3.4800000000e+02 1.0259180330e-02 1.0387576185e-02 1.0123279877e-02 5.1421467568e-01 4.8578484430e-01 1.0000000000e-03
3.4900000000e+02 1.0239064693e-02 1.0571686551e-02 9.8866308108e-03 5.1446745481e-01 4.8553206429e-01 1.0000000000e-03
3.5000000000e+02 1.0267326608e-02 1.0786929168e-02 9.7141852602e-03 5.1563698999e-01 4.8436252842e-01 1.0000000000e-03
3.5100000000e+02 1.0287963785e-02 1.0521979071e-02 1.0039237328e-02 5.1524717949e-01 4.8475233845e-01 1.0000000000e-03
3.5200000000e+02 1.0266084224e-02 1.0707261041e-02 9.7958510742e-03 5.1594504979e-01 4.8405446758e-01 1.0000000000e-03
3.5300000000e+02 1.0232349858e-02 1.0486657731e-02 9.9616348743e-03 5.1563430138e-01 4.8436521535e-01 1.0000000000e-03
3.5400000000e+02 1.0216712020e-02 1.0340298526e-02 1.0085650720e-02 5.1469419033e-01 4.8530532576e-01 1.0000000000e-03
3.5500000000e+02 1.0220109485e-02 1.0482157581e-02 9.9423676729e-03 5.1454617201e-01 4.8545334352e-01 1.0000000000e-03
3.5600000000e+02 1.0230751708e-02 1.0398050770e-02 1.0053872131e-02 5.1393296340e-01 4.8606655168e-01 1.0000000000e-03
3.5700000000e+02 1.0232452303e-02 1.0545631871e-02 9.9010840058e-03 5.1411580660e-01 4.8588370806e-01 1.0000000000e-03
3.5800000000e+02 1.0216938332e-02 1.0594479740e-02 9.8166801035e-03 5.1460952986e-01 4.8538998435e-01 1.0000000000e-03
3.5900000000e+02 1.0194044560e-02 1.0590102524e-02 9.7732366994e-03 5.1515427794e-01 4.8484523574e-01 1.0000000000e-03
3.6000000000e+02 1.0185109451e-02 1.0500490665e-02 9.8499106243e-03 5.1523727003e-01 4.8476224314e-01 1.0000000000e-03
3.6100000000e+02 1.0189627297e-02 1.0465154424e-02 9.8969386891e-03 5.1510879609e-01 4.8489071665e-01 1.0000000000e-03
3.6200000000e+02 1.0192843154e-02 1.0379558429e-02 9.9949501455e-03 5.1454173825e-01 4.8545777414e-01 1.0000000000e-03
3.6300000000e+02 1.0189941153e-02 1.0303506628e-02 1.0070005432e-02 5.1366059052e-01 4.8633892155e-01 1.0000000000e-03
3.6400000000e+02 1.0180395097e-02 1.0473675095e-02 9.8705058917e-03 5.1377691827e-01 4.8622259344e-01 1.0000000000e-03
3.6500000000e+02 1.0167947039e-02 1.0400320403e-02 9.9226143211e-03 5.1357448940e-01 4.8642502193e-01 1.0000000000e-03
3.6600000000e+02 1.0158238932e-02 1.0537969880e-02 9.7564104944e-03 5.1414257104e-01 4.8585693988e-01 1.0000000000e-03
3.6700000000e+02 1.0155892931e-02 1.0552369989e-02 9.7353365272e-03 5.1474190541e-01 4.8525760513e-01 1.0000000000e-03
3.6800000000e+02 1.0157193057e-02 1.0403692722e-02 9.8959598690e-03 5.1451828456e-01 4.8548122567e-01 1.0000000000e-03
3.6900000000e+02 1.0156139731e-02 1.0443519801e-02 9.8515730351e-03 5.1452478024e-01 4.8547472969e-01 1.0000000000e-03
3.7000000000e+02 1.0151874274e-02 1.0281008668e-02 1.0015459731e-02 5.1372645248e-01 4.8627305718e-01 1.0000000000e-03
3.7100000000e+02 1.0144715197e-02 1.0313194245e-02 9.9671036005e-03 5.1320705031e-01 4.8679245908e-01 1.0000000000e-03
3.7200000000e+02 1.0136927478e-02 1.0364707559e-02 9.8969573155e-03 5.1304059399e-01 4.8695891510e-01 1.0000000000e-03
3.7300000000e+02 1.0129522532e-02 1.0415568016e-02 9.8279882222e-03 5.1318778530e-01 4.8681172349e-01 1.0000000000e-03
3.7400000000e+02 1.0125534609e-02 1.0475100949e-02 9.7563629970e-03 5.1364526873e-01 4.8635423975e-01 1.0000000000e-03
3.7500000000e+02 1.0123996995e-02 1.0475253686e-02 9.7524132580e-03 5.1406747800e-01 4.8593203020e-01 1.0000000000e-03
3.7600000000e+02 1.0121922940e-02 1.0401890613e-02 9.8257344216e-03 5.1408488628e-01 4.8591462165e-01 1.0000000000e-03
3.7700000000e+02 1.0119330138e-02 1.0312373750e-02 9.9154533818e-03 5.1365749703e-01 4.8634201068e-01 1.0000000000e-03
3.7800000000e+02 1.0115684941e-02 1.0304274969e-02 9.9168391898e-03 5.1324972023e-01 4.8674978725e-01 1.0000000000e-03
3.7900000000e+02 1.0111363605e-02 1.0234797373e-02 9.9815847352e-03 5.1255097923e-01 4.8744852804e-01 1.0000000000e-03
3.8000000000e+02 1.0105753317e-02 1.0374318808e-02 9.8232431337e-03 5.1266006923e-01 4.8733943780e-01 1.0000000000e-03
3.8100000000e+02 1.0100583546e-02 1.0378194973e-02 9.8083885387e-03 5.1280538620e-01 4.8719412059e-01 1.0000000000e-03
3.8200000000e+02 1.0096207261e-02 1.0438550264e-02 9.7352089360e-03 5.1326803032e-01 4.8673147622e-01 1.0000000000e-03
3.8300000000e+02 1.0092364624e-02 1.0425288230e-02 9.7407801077e-03 5.1363837959e-01 4.8636112671e-01 1.0000000000e-03
3.8400000000e+02 1.0088372044e-02 1.0321728885e-02 9.8421098664e-03 5.1346382108e-01 4.8653568500e-01 1.0000000000e-03
3.8500000000e+02 1.0085039772e-02 1.0279930197e-02 9.8796635866e-03 5.1311015841e-01 4.8688934746e-01 1.0000000000e-03
3.8600000000e+02 1.0082347319e-02 1.0224663652e-02 9.9327284843e-03 5.1252325663e-01 4.8747624904e-01 1.0000000000e-03
3.8700000000e+02 1.0079335421e-02 1.0256633162e-02 9.8931984976e-03 5.1217273623e-01 4.8782676924e-01 1.0000000000e-03
3.8800000000e+02 1.0076648556e-02 1.0315684602e-02 9.8256943747e-03 5.1217181424e-01 4.8782769104e-01 1.0000000000e-03
3.8900000000e+02 1.0074073449e-02 1.0396198370e-02 9.7353076562e-03 5.1259604102e-01 4.8740346405e-01 1.0000000000e-03
3.9000000000e+02 1.0071750730e-02 1.0374096222e-02 9.7534293309e-03 5.1287824737e-01 4.8712125752e-01 1.0000000000e-03
3.9100000000e+02 1.0068752803e-02 1.0391011834e-02 9.7289783880e-03 5.1323561010e-01 4.8676389459e-01 1.0000000000e-03
3.9200000000e+02 1.0065890849e-02 1.0247400030e-02 9.8748253658e-03 5.1283780276e-01 4.8716170177e-01 1.0000000000e-03
3.9300000000e+02 1.0063093156e-02 1.0252641514e-02 9.8638171330e-03 5.1252043062e-01 4.8747907374e-01 1.0000000000e-03
3.9400000000e+02 1.0060820729e-02 1.0181304999e-02 9.9344793707e-03 5.1188187471e-01 4.8811762950e-01 1.0000000000e-03
3.9500000000e+02 1.0058391839e-02 1.0274985805e-02 9.8313400522e-03 5.1179691101e-01 4.8820259305e-01 1.0000000000e-03
3.9600000000e+02 1.0057548061e-02 1.0294915177e-02 9.8086902872e-03 5.1182649217e-01 4.8817301174e-01 1.0000000000e-03
3.9700000000e+02 1.0057667270e-02 1.0401314124e-02 9.6965571865e-03 5.1239712960e-01 4.8760237417e-01 1.0000000000e-03
3.9800000000e+02 1.0059529915e-02 1.0318577290e-02 9.7872298211e-03 5.1247876922e-01 4.8752073443e-01 1.0000000000e-03
3.9900000000e+02 1.0063186288e-02 1.0366644710e-02 9.7438180819e-03 5.1277938058e-01 4.8722012298e-01 1.0000000000e-03
4.0000000000e+02 1.0072230361e-02 1.0170628317e-02 9.9690025672e-03 5.1200198707e-01 4.8799751648e-01 1.0000000000e-03
4.0100000000e+02 1.0088121518e-02 1.0301060043e-02 9.8648248240e-03 5.1188337989e-01 4.8811612372e-01 1.0000000000e-03
4.0200000000e+02 1.0117925704e-02 1.0142426938e-02 1.0092348792e-02 5.1081875991e-01 4.8918074392e-01 1.0000000000e-03
4.0300000000e+02 1.0169961490e-02 1.0479241610e-02 9.8463967443e-03 5.1129362359e-01 4.8870588065e-01 1.0000000000e-03
4.0400000000e+02 1.0264517739e-02 1.0302280076e-02 1.0225168429e-02 5.1035206248e-01 4.8964744262e-01 1.0000000000e-03
4.0500000000e+02 1.0430436581e-02 1.0829994455e-02 1.0012447834e-02 5.1127808567e-01 4.8872142094e-01 1.0000000000e-03
4.0600000000e+02 1.0714348406e-02 1.0488744825e-02 1.0948307812e-02 5.0907836489e-01 4.9092114442e-01 1.0000000000e-03
4.0700000000e+02 1.1191429570e-02 1.1374695227e-02 1.1001452804e-02 5.0900452417e-01 4.9099498952e-01 1.0000000000e-03
4.0800000000e+02 1.1908134446e-02 1.1002192274e-02 1.2829694897e-02 5.0426989814e-01 4.9572962221e-01 1.0000000000e-03
4.0900000000e+02 1.2889854610e-02 1.2569906190e-02 1.3213152997e-02 5.0259546800e-01 4.9740406154e-01 1.0000000000e-03
4.1000000000e+02 1.3762663119e-02 1.2120136060e-02 1.5381760895e-02 4.9640608724e-01 5.0359345298e-01 1.0000000000e-03
4.1100000000e+02 1.4091298915e-02 1.3489644974e-02 1.4680231921e-02 4.9465223442e-01 5.0534731628e-01 1.0000000000e-03
4.1200000000e+02 1.3091832399e-02 1.2199760415e-02 1.3955236413e-02 4.9183108373e-01 5.0816847366e-01 1.0000000000e-03
4.1300000000e+02 1.1358915828e-02 1.1905053630e-02 1.0823545046e-02 4.9502713239e-01 5.0497242527e-01 1.0000000000e-03
4.1400000000e+02 1.0101422668e-02 1.0959049687e-02 9.2446031049e-03 4.9976730471e-01 5.0023224768e-01 1.0000000000e-03
4.1500000000e+02 1.0277164169e-02 1.0761355050e-02 9.7887869924e-03 5.0215687804e-01 4.9784267045e-01 1.0000000000e-03
4.1600000000e+02 1.1293138377e-02 1.1514399201e-02 1.1069281958e-02 5.0292665191e-01 4.9707289745e-01 5.0000000000e-04
4.1700000000e+02 1.1744470336e-02 1.0888031684e-02 1.2597483583e-02 4.9899459207e-01 5.0100495978e-01 5.0000000000e-04
4.1800000000e+02 1.0006604716e-02 1.0269135237e-02 9.7436532378e-03 5.0040797275e-01 4.9959157395e-01 5.0000000000e-04
4.1900000000e+02 1.1344892904e-02 1.1421589181e-02 1.1267989874e-02 5.0070563314e-01 4.9929391482e-01 5.0000000000e-04
4.2000000000e+02 1.0091358796e-02 1.0616648942e-02 9.5591908321e-03 5.0325564869e-01 4.9674389491e-01 5.0000000000e-04
4.2100000000e+02 1.0971419513e-02 1.0938743129e-02 1.1004470289e-02 5.0278029462e-01 4.9721924905e-01 5.0000000000e-04
4.2200000000e+02 1.0209375992e-02 1.0767174885e-02 9.6397139132e-03 5.0526469119e-01 4.9473484910e-01 5.0000000000e-04
4.2300000000e+02 1.0633960366e-02 1.1303461157e-02 9.9428603426e-03 5.0794016499e-01 4.9205937421e-01 5.0000000000e-04
4.2400000000e+02 1.0328868404e-02 1.0970334522e-02 9.6603706479e-03 5.1032091452e-01 4.8967862228e-01 5.0000000000e-04
4.2500000000e+02 1.0354468599e-02 1.0570270941e-02 1.0129551403e-02 5.1035334749e-01 4.8964618733e-01 5.0000000000e-04
4.2600000000e+02 1.0400180705e-02 1.0431825183e-02 1.0367324576e-02 5.0947304450e-01 4.9052648876e-01 5.0000000000e-04
4.2700000000e+02 1.0158242658e-02 1.0405626148e-02 9.9010104313e-03 5.0976820447e-01 4.9023132622e-01 5.0000000000e-04
4.2800000000e+02 1.0424192064e-02 1.0479566641e-02 1.0366783477e-02 5.0906187048e-01 4.9093765916e-01 5.0000000000e-04
4.2900000000e+02 1.0044842027e-02 9.9694551900e-03 1.0122620501e-02 5.0777450023e-01 4.9222502668e-01 5.0000000000e-04
4.3000000000e+02 1.0401867330e-02 1.0129190050e-02 1.0680811480e-02 5.0567165107e-01 4.9432787510e-01 5.0000000000e-04
4.3100000000e+02 9.9897384644e-03 1.0276240297e-02 9.6956314519e-03 5.0655802662e-01 4.9344149686e-01 5.0000000000e-04
4.3200000000e+02 1.0336725041e-02 1.0755193420e-02 9.9047273397e-03 5.0796044983e-01 4.9203907290e-01 5.0000000000e-04
4.3300000000e+02 9.9834818393e-03 1.0489130393e-02 9.4577297568e-03 5.0974974939e-01 4.9024977094e-01 5.0000000000e-04
4.3400000000e+02 1.0266793892e-02 1.0561471805e-02 9.9598029628e-03 5.1024071298e-01 4.8975880658e-01 5.0000000000e-04
4.3500000000e+02 1.0002229363e-02 1.0531240143e-02 9.4473678619e-03 5.1192919738e-01 4.8807032017e-01 5.0000000000e-04
4.3600000000e+02 1.0184183717e-02 1.0691313073e-02 9.6493512392e-03 5.1329752959e-01 4.8670198705e-01 5.0000000000e-04
4.3700000000e+02 1.0023745708e-02 1.0360723361e-02 9.6677942201e-03 5.1369760709e-01 4.8630190795e-01 5.0000000000e-04
4.3800000000e+02 1.0110240430e-02 1.0089720599e-02 1.0131797753e-02 5.1222378116e-01 4.8777573292e-01 5.0000000000e-04
4.3900000000e+02 1.0046875104e-02 9.9751558155e-03 1.0121720843e-02 5.1063673207e-01 4.8936278085e-01 5.0000000000e-04
4.4000000000e+02 1.0053982027e-02 1.0105738416e-02 1.0000159033e-02 5.0983559211e-01 4.9016391978e-01 5.0000000000e-04
4.4100000000e+02 1.0058524087e-02 1.0148238391e-02 9.9654151127e-03 5.0930648337e-01 4.9069302761e-01 5.0000000000e-04
4.4200000000e+02 1.0010767728e-02 1.0063220747e-02 9.9564809352e-03 5.0864239684e-01 4.9135711309e-01 5.0000000000e-04
4.4300000000e+02 1.0058185086e-02 1.0205725208e-02 9.9055385217e-03 5.0852444675e-01 4.9147506246e-01 5.0000000000e-04
4.4400000000e+02 9.9850343540e-03 1.0457673110e-02 9.4929365441e-03 5.1008978805e-01 4.8990972012e-01 5.0000000000e-04
4.4500000000e+02 1.0055732913e-02 1.0638963431e-02 9.4436900690e-03 5.1205666790e-01 4.8794283966e-01 5.0000000000e-04
4.4600000000e+02 9.9759195000e-03 1.0477249511e-02 9.4469105825e-03 5.1343662682e-01 4.8656287979e-01 5.0000000000e-04
4.4700000000e+02 1.0044679977e-02 1.0368603282e-02 9.7024431452e-03 5.1375244365e-01 4.8624706248e-01 5.0000000000e-04
4.4800000000e+02 9.9666267633e-03 1.0269839317e-02 9.6460282803e-03 5.1394328903e-01 4.8605621627e-01 5.0000000000e-04
4.4900000000e+02 1.0025437921e-02 1.0223526508e-02 9.8163112998e-03 5.1356494890e-01 4.8643455597e-01 5.0000000000e-04
4.5000000000e+02 9.9660558626e-03 1.0005406104e-02 9.9247116596e-03 5.1241087230e-01 4.8758863192e-01 5.0000000000e-04
4.5100000000e+02 1.0012347251e-02 9.8853884265e-03 1.0144775733e-02 5.1052226871e-01 4.8947723515e-01 5.0000000000e-04
4.5200000000e+02 9.9680684507e-03 9.9198147655e-03 1.0018145666e-02 5.0922342471e-01 4.9077607861e-01 5.0000000000e-04
4.5300000000e+02 9.9939107895e-03 1.0122966021e-02 9.8601561040e-03 5.0895863661e-01 4.9104086634e-01 5.0000000000e-04
4.5400000000e+02 9.9659357220e-03 1.0228473693e-02 9.6933403984e-03 5.0940583093e-01 4.9059367153e-01 5.0000000000e-04
4.5500000000e+02 9.9810827523e-03 1.0289670900e-02 9.6598528326e-03 5.1004375106e-01 4.8995575103e-01 5.0000000000e-04
4.5600000000e+02 9.9698379636e-03 1.0385292582e-02 9.5354020596e-03 5.1117253474e-01 4.8882696694e-01 5.0000000000e-04
4.5700000000e+02 9.9739469588e-03 1.0482157581e-02 9.4393128529e-03 5.1267264379e-01 4.8732685752e-01 5.0000000000e-04
4.5800000000e+02 9.9701881409e-03 1.0423999280e-02 9.4907227904e-03 5.1374853544e-01 4.8625096553e-01 5.0000000000e-04
4.5900000000e+02 9.9635347724e-03 1.0237083770e-02 9.6744848415e-03 5.1378639994e-01 4.8621310071e-01 5.0000000000e-04
4.6000000000e+02 9.9661238492e-03 1.0075325146e-02 9.8511157557e-03 5.1297032724e-01 4.8702917316e-01 5.0000000000e-04
4.6100000000e+02 9.9568748847e-03 9.9912285805e-03 9.9208634347e-03 5.1184995880e-01 4.8814954134e-01 5.0000000000e-04
4.6200000000e+02 9.9650006741e-03 9.9553521723e-03 9.9750785157e-03 5.1061544986e-01 4.8938405009e-01 5.0000000000e-04
4.6300000000e+02 9.9531589076e-03 9.9256085232e-03 9.9817765877e-03 5.0941280639e-01 4.9058669333e-01 5.0000000000e-04
4.6400000000e+02 9.9599119276e-03 9.9933007732e-03 9.9253589287e-03 5.0864204880e-01 4.9135745075e-01 5.0000000000e-04
4.6500000000e+02 9.9464524537e-03 1.0159093887e-02 9.7261425108e-03 5.0886644339e-01 4.9113305591e-01 5.0000000000e-04
4.6600000000e+02 9.9556092173e-03 1.0332105681e-02 9.5638949424e-03 5.0991033868e-01 4.9008916043e-01 5.0000000000e-04
4.6700000000e+02 9.9470317364e-03 1.0392648168e-02 9.4809802249e-03 5.1121294105e-01 4.8878655783e-01 5.0000000000e-04
4.6800000000e+02 9.9557954818e-03 1.0391708463e-02 9.4978334382e-03 5.1233871875e-01 4.8766077997e-01 5.0000000000e-04
4.6900000000e+02 9.9453469738e-03 1.0347974487e-02 9.5209171996e-03 5.1318610758e-01 4.8681339094e-01 5.0000000000e-04
4.7000000000e+02 9.9494419992e-03 1.0253242217e-02 9.6288714558e-03 5.1343765294e-01 4.8656184543e-01 5.0000000000e-04
4.7100000000e+02 9.9408719689e-03 1.0092204437e-02 9.7815496847e-03 5.1287543247e-01 4.8712406574e-01 5.0000000000e-04
4.7200000000e+02 9.9462429062e-03 9.9544376135e-03 9.9376682192e-03 5.1163001495e-01 4.8836948317e-01 5.0000000000e-04
4.7300000000e+02 9.9407788366e-03 9.9005419761e-03 9.9827125669e-03 5.1026035576e-01 4.8973914225e-01 5.0000000000e-04
4.7400000000e+02 9.9430968985e-03 9.9404705688e-03 9.9458321929e-03 5.0922081435e-01 4.9077868358e-01 5.0000000000e-04
4.7500000000e+02 9.9365636706e-03 1.0018902831e-02 9.8513122648e-03 5.0872042056e-01 4.9127907725e-01 5.0000000000e-04
4.7600000000e+02 9.9374093115e-03 1.0130775161e-02 9.7370930016e-03 5.0883910372e-01 4.9116039397e-01 5.0000000000e-04
4.7700000000e+02 9.9345715716e-03 1.0267916135e-02 9.5880925655e-03 5.0966705105e-01 4.9033244651e-01 5.0000000000e-04
4.7800000000e+02 9.9374325946e-03 1.0375651531e-02 9.4795869663e-03 5.1095681371e-01 4.8904268373e-01 5.0000000000e-04
4.7900000000e+02 9.9358446896e-03 1.0381681845e-02 9.4677861780e-03 5.1216317188e-01 4.8783632544e-01 5.0000000000e-04
4.8000000000e+02 9.9351536483e-03 1.0300806724e-02 9.5502389595e-03 5.1283732787e-01 4.8716216935e-01 5.0000000000e-04
4.8100000000e+02 9.9314376712e-03 1.0183166713e-02 9.6664326265e-03 5.1285519270e-01 4.8714430441e-01 5.0000000000e-04
4.8200000000e+02 9.9303312600e-03 1.0059195571e-02 9.7950100899e-03 5.1223496156e-01 4.8776453547e-01 5.0000000000e-04
4.8300000000e+02 9.9296923727e-03 9.9464301020e-03 9.9122049287e-03 5.1109761220e-01 4.8890188477e-01 5.0000000000e-04
4.8400000000e+02 9.9297240376e-03 9.8865525797e-03 9.9746258929e-03 5.0976610365e-01 4.9023339328e-01 5.0000000000e-04
4.8500000000e+02 9.9277906120e-03 9.9173169583e-03 9.9386470392e-03 5.0873575610e-01 4.9126374077e-01 5.0000000000e-04
4.8600000000e+02 9.9249389023e-03 1.0026336648e-02 9.8200924695e-03 5.0838175525e-01 4.9161774154e-01 5.0000000000e-04
4.8700000000e+02 9.9232811481e-03 1.0155983269e-02 9.6823126078e-03 5.0873738293e-01 4.9126211378e-01 5.0000000000e-04
4.8800000000e+02 9.9233537912e-03 1.0264647193e-02 9.5686819404e-03 5.0961815316e-01 4.9038134345e-01 5.0000000000e-04
4.8900000000e+02 9.9244304001e-03 1.0338075459e-02 9.4925519079e-03 5.1078817440e-01 4.8921132213e-01 5.0000000000e-04
4.9000000000e+02 9.9237803370e-03 1.0347654112e-02 9.4792488962e-03 5.1189929751e-01 4.8810019893e-01 5.0000000000e-04
4.9100000000e+02 9.9219018593e-03 1.0270223022e-02 9.5557114109e-03 5.1251130363e-01 4.8748819272e-01 5.0000000000e-04
4.9200000000e+02 9.9192466587e-03 1.0134950280e-02 9.6926018596e-03 5.1237563673e-01 4.8762385956e-01 5.0000000000e-04
4.9300000000e+02 9.9183842540e-03 1.0004715994e-02 9.8279677331e-03 5.1158364607e-01 4.8841585017e-01 5.0000000000e-04
4.9400000000e+02 9.9179912359e-03 9.9200531840e-03 9.9158501253e-03 5.1043585082e-01 4.8956364538e-01 5.0000000000e-04
4.9500000000e+02 9.9176503718e-03 9.8932674155e-03 9.9429655820e-03 5.0926696941e-01 4.9073252675e-01 5.0000000000e-04
4.9600000000e+02 9.9153881893e-03 9.9305212498e-03 9.8997466266e-03 5.0841784230e-01 4.9158165383e-01 5.0000000000e-04
4.9700000000e+02 9.9131464958e-03 1.0034615174e-02 9.7876368091e-03 5.0819901514e-01 4.9180048092e-01 5.0000000000e-04
4.9800000000e+02 9.9117308855e-03 1.0172818787e-02 9.6413837746e-03 5.0872013339e-01 4.9127936260e-01 5.0000000000e-04
4.9900000000e+02 9.9125094712e-03 1.0282891802e-02 9.5273973420e-03 5.0975491725e-01 4.9024457866e-01 5.0000000000e-04
5.0000000000e+02 9.9129704759e-03 1.0323508643e-02 9.4841467217e-03 5.1089818083e-01 4.8910131500e-01 5.0000000000e-04
