# time_s Ids_A Vds_V Vgs_V
2.4794999831e-08 1.1171875000e+01 5.8624218750e+02 6.8226561546e+00
3.4395000625e-08 1.5468750000e+01 5.8120312500e+02 7.6781249046e+00
4.3995001420e-08 2.4796875000e+01 5.7747656250e+02 8.3710937500e+00
5.3594998661e-08 3.4062500000e+01 5.7180468750e+02 9.1750001907e+00
6.3195003008e-08 4.1937500000e+01 5.7133593750e+02 9.5945310593e+00
7.2794996697e-08 5.1578125000e+01 5.7126562500e+02 9.9812498093e+00
8.2394997492e-08 6.2250000000e+01 5.7166406250e+02 1.0414062500e+01
9.1994998286e-08 7.2343750000e+01 5.7159375000e+02 1.0847656250e+01
1.0159499908e-07 7.9500000000e+01 5.7457031250e+02 1.1135937691e+01
1.1119499987e-07 8.9156250000e+01 5.7735937500e+02 1.1487500191e+01
1.2079499356e-07 9.7343750000e+01 5.8192968750e+02 1.1599218369e+01
1.3039499436e-07 1.0615625000e+02 5.7916406250e+02 1.1846094131e+01
1.3999499515e-07 1.1084375000e+02 5.8286718750e+02 1.1942187309e+01
1.4959499595e-07 1.1753125000e+02 5.8110937500e+02 1.2045312881e+01
1.5919499674e-07 1.2604687500e+02 5.7989062500e+02 1.2246093750e+01
1.6879499753e-07 1.3150000000e+02 5.8033593750e+02 1.2332031250e+01
1.7839499833e-07 1.3884375000e+02 5.7881250000e+02 1.2438281059e+01
1.8799499912e-07 1.4067187500e+02 5.8157812500e+02 1.2440625191e+01
1.9759499992e-07 1.4787500000e+02 5.8270312500e+02 1.2548437119e+01
2.0719500071e-07 1.5329687500e+02 5.8422656250e+02 1.2646875381e+01
2.1679500151e-07 1.5792187500e+02 5.8774218750e+02 1.2596875191e+01
2.2639500230e-07 1.6056250000e+02 5.8865625000e+02 1.2921093941e+01
2.3599500310e-07 1.6654687500e+02 5.8678125000e+02 1.2716405869e+01
2.4559500389e-07 1.6978125000e+02 5.8689843750e+02 1.2785937309e+01
2.5519500468e-07 1.7281250000e+02 5.8596093750e+02 1.2854687691e+01
2.6479500548e-07 1.7840625000e+02 5.8511718750e+02 1.2896875381e+01
2.7439500627e-07 1.7882812500e+02 5.8846875000e+02 1.2951562881e+01
2.8399500707e-07 1.8375000000e+02 5.8701562500e+02 1.2872655869e+01
2.9359500786e-07 1.8918750000e+02 5.8790625000e+02 1.2964843750e+01
3.0319500866e-07 1.9237500000e+02 5.8853906250e+02 1.2987500191e+01
3.1279500945e-07 1.9362500000e+02 5.8891406250e+02 1.3007031441e+01
3.2239501024e-07 1.9573437500e+02 5.9151562500e+02 1.3100781441e+01
3.3199501104e-07 2.0092187500e+02 5.8849218750e+02 1.3000781059e+01
3.4159501183e-07 2.0126562500e+02 5.9022656250e+02 1.3053906441e+01
3.5119501263e-07 2.0534375000e+02 5.9172656250e+02 1.3032812119e+01
3.6079501342e-07 2.0746875000e+02 5.9029687500e+02 1.3007812500e+01
3.7039498579e-07 2.1085937500e+02 5.8771875000e+02 1.3004687309e+01
3.7999498659e-07 2.1396875000e+02 5.8875000000e+02 1.3071093559e+01
3.8959498738e-07 2.1578125000e+02 5.8994531250e+02 1.3011718750e+01
3.9919498818e-07 2.1900000000e+02 5.8931250000e+02 1.3100781441e+01
4.0879498897e-07 2.2126562500e+02 5.9083593750e+02 1.3220312119e+01
4.1839498977e-07 2.2275000000e+02 5.8987500000e+02 1.3183593750e+01
4.2799499056e-07 2.2696875000e+02 5.9212500000e+02 1.3167187691e+01
4.3759499135e-07 2.3018750000e+02 5.9116406250e+02 1.3003906250e+01
4.4719499215e-07 2.3089062500e+02 5.9130468750e+02 1.3240625381e+01
4.5679499294e-07 2.3307812500e+02 5.9010937500e+02 1.3137499809e+01
4.6639499374e-07 2.3717187500e+02 5.9144531250e+02 1.3178125381e+01
4.7599499453e-07 2.3437500000e+02 5.8996875000e+02 1.3129687309e+01
4.8559502375e-07 2.3981250000e+02 5.9123437500e+02 1.3136718750e+01
4.9519502454e-07 2.4181250000e+02 5.9109375000e+02 1.3133593559e+01
5.0479502534e-07 2.4521875000e+02 5.8849218750e+02 1.3221094131e+01
5.1439502613e-07 2.4598437500e+02 5.9228906250e+02 1.3149999619e+01
5.2399502692e-07 2.4870312500e+02 5.9435156250e+02 1.3185155869e+01
5.3359502772e-07 2.5148437500e+02 5.9060156250e+02 1.3246874809e+01
5.4319497167e-07 2.5215625000e+02 5.8952343750e+02 1.3239843369e+01
5.5279497246e-07 2.5496875000e+02 5.9020312500e+02 1.3133593559e+01
5.6239497326e-07 2.5525000000e+02 5.9179687500e+02 1.3235937119e+01
5.7199497405e-07 2.5729687500e+02 5.8933593750e+02 1.3231249809e+01
5.8159497485e-07 2.5809375000e+02 5.9233593750e+02 1.3278124809e+01
5.9119497564e-07 2.6193750000e+02 5.9013281250e+02 1.3202343941e+01
6.0079497644e-07 2.6275000000e+02 5.9252343750e+02 1.3057031631e+01
6.1039497723e-07 2.6437500000e+02 5.9097656250e+02 1.3271875381e+01
6.1999497802e-07 2.6570312500e+02 5.9163281250e+02 1.3164843559e+01
6.2959497882e-07 2.6850000000e+02 5.9242968750e+02 1.3303906441e+01
6.3919497961e-07 2.7121875000e+02 5.9322656250e+02 1.3337499619e+01
6.4879498041e-07 2.7262500000e+02 5.9310937500e+02 1.3208593369e+01
6.5839498120e-07 2.7332812500e+02 5.9317968750e+02 1.3303906441e+01
6.6799498200e-07 2.7601562500e+02 5.9400000000e+02 1.3209375381e+01
6.7759498279e-07 2.7787500000e+02 5.9317968750e+02 1.3243749619e+01
6.8719498358e-07 2.7881250000e+02 5.9301562500e+02 1.3344531059e+01
6.9679498438e-07 2.8010937500e+02 5.9271093750e+02 1.3199218750e+01
7.0639498517e-07 2.8248437500e+02 5.8910156250e+02 1.3289843559e+01
7.1599498597e-07 2.8485937500e+02 5.9376562500e+02 1.3145312309e+01
7.2559498676e-07 2.8725000000e+02 5.9310937500e+02 1.3281250000e+01
7.3519498756e-07 2.8726562500e+02 5.9226562500e+02 1.3217968941e+01
7.4479498835e-07 2.8645312500e+02 5.9421093750e+02 1.3243749619e+01
7.5439498914e-07 2.8892187500e+02 5.9022656250e+02 1.3237500191e+01
7.6399498994e-07 2.9109375000e+02 5.9301562500e+02 1.3253125191e+01
7.7359499073e-07 2.9228125000e+02 5.9221875000e+02 1.3239062309e+01
7.8319499153e-07 2.9343750000e+02 5.9360156250e+02 1.3265625000e+01
7.9279499232e-07 2.9442187500e+02 5.9397656250e+02 1.3143750191e+01
8.0239499312e-07 2.9592187500e+02 5.9271093750e+02 1.3142969131e+01
8.1199499391e-07 2.9595312500e+02 5.9371875000e+02 1.3180468559e+01
8.2159499470e-07 2.9796875000e+02 5.9325000000e+02 1.3309374809e+01
8.3119499550e-07 2.9846875000e+02 5.9123437500e+02 1.3267187119e+01
8.4079499629e-07 2.9957812500e+02 5.9449218750e+02 1.3236719131e+01
8.5039499709e-07 3.0089062500e+02 5.9097656250e+02 1.3168749809e+01
8.5999499788e-07 3.0315625000e+02 5.9428125000e+02 1.3332812309e+01
8.6959499868e-07 3.0275000000e+02 5.9477343750e+02 1.3267187119e+01
8.7919499947e-07 3.0425000000e+02 5.9465625000e+02 1.3303125381e+01
8.8879500026e-07 3.0479687500e+02 5.9219531250e+02 1.3300781250e+01
8.9839500106e-07 3.0681250000e+02 5.9430468750e+02 1.3260156631e+01
9.0799500185e-07 3.0729687500e+02 5.9144531250e+02 1.3324999809e+01
9.1759500265e-07 3.0826562500e+02 5.9446875000e+02 1.3376562119e+01
9.2719500344e-07 3.0854687500e+02 5.9442187500e+02 1.3397656441e+01
9.3679500424e-07 3.0875000000e+02 5.9418750000e+02 1.3257031441e+01
9.4639500503e-07 3.1093750000e+02 5.9482031250e+02 1.3230468750e+01
9.5599500582e-07 3.0778125000e+02 5.9482031250e+02 1.3278905869e+01
9.6559494978e-07 3.1095312500e+02 5.9641406250e+02 1.3296093941e+01
9.7519500741e-07 3.1284375000e+02 5.9491406250e+02 1.3314844131e+01
9.8479495136e-07 3.1356250000e+02 5.9503125000e+02 1.3217968941e+01
9.9439500900e-07 3.1418750000e+02 5.9582812500e+02 1.3289843559e+01
1.0039949530e-06 3.1512500000e+02 5.9688281250e+02 1.3335156441e+01
1.0135950106e-06 3.1604687500e+02 5.9357812500e+02 1.3218750000e+01
1.0231949545e-06 3.1625000000e+02 5.9430468750e+02 1.3360156059e+01
1.0327950122e-06 3.1723437500e+02 5.9376562500e+02 1.3251562119e+01
1.0423949561e-06 3.1648437500e+02 5.9369531250e+02 1.3297656059e+01
1.0519950138e-06 3.1739062500e+02 5.9362500000e+02 1.3223437309e+01
1.0615949577e-06 3.1751562500e+02 5.9629687500e+02 1.3253906250e+01
1.0711950154e-06 3.1843750000e+02 5.9442187500e+02 1.3189062119e+01
1.0807949593e-06 3.1979687500e+02 5.9646093750e+02 1.3277343750e+01
1.0903950169e-06 3.2048437500e+02 5.9460937500e+02 1.3279687881e+01
1.0999949609e-06 3.1993750000e+02 5.9627343750e+02 1.3300000191e+01
1.1095950185e-06 3.2040625000e+02 5.9360156250e+02 1.3284375191e+01
1.1191949625e-06 3.1810937500e+02 5.9341406250e+02 1.3273437500e+01
1.1287950201e-06 3.2073437500e+02 5.9517187500e+02 1.3292187691e+01
1.1383949641e-06 3.2048437500e+02 5.9650781250e+02 1.3225000381e+01
1.1479950217e-06 3.2184375000e+02 5.9592187500e+02 1.3324999809e+01
1.1575949657e-06 3.2326562500e+02 5.9465625000e+02 1.3261718750e+01
1.1671950233e-06 3.2481250000e+02 5.9758593750e+02 1.3286718369e+01
1.1767949673e-06 3.2307812500e+02 5.9460937500e+02 1.3292187691e+01
1.1863950249e-06 3.2470312500e+02 5.9688281250e+02 1.3161718369e+01
1.1959949688e-06 3.2367187500e+02 5.9622656250e+02 1.3223437309e+01
1.2055950265e-06 3.2287500000e+02 5.9723437500e+02 1.3242187500e+01
1.2151949704e-06 3.2273437500e+02 5.9528906250e+02 1.3478906631e+01
1.2247950281e-06 3.2301562500e+02 5.9592187500e+02 1.3314844131e+01
1.2343949720e-06 3.2493750000e+02 5.9561718750e+02 1.3271093369e+01
1.2439950297e-06 3.2484375000e+02 5.9507812500e+02 1.3321874619e+01
1.2535949736e-06 3.2446875000e+02 5.9667187500e+02 1.3169530869e+01
1.2631950312e-06 3.2514062500e+02 5.9557031250e+02 1.3201562881e+01
1.2727949752e-06 3.2582812500e+02 5.9407031250e+02 1.3207812309e+01
1.2823950328e-06 3.2537500000e+02 5.9444531250e+02 1.3257812500e+01
1.2919949768e-06 3.2689062500e+02 5.9845312500e+02 1.3407812119e+01
1.3015950344e-06 3.2589062500e+02 5.9594531250e+02 1.3275781631e+01
1.3111949784e-06 3.2604687500e+02 5.9826562500e+02 1.3230468750e+01
1.3207950360e-06 3.2690625000e+02 5.9793750000e+02 1.3232030869e+01
1.3303949800e-06 3.2515625000e+02 5.9737500000e+02 1.3266406059e+01
1.3399950376e-06 3.2645312500e+02 5.9721093750e+02 1.3236719131e+01
1.3495949815e-06 3.2587500000e+02 5.9627343750e+02 1.3293749809e+01
1.3591950392e-06 3.2650000000e+02 5.9486718750e+02 1.3196093559e+01
1.3687949831e-06 3.2612500000e+02 5.9376562500e+02 1.3267187119e+01
1.3783950408e-06 3.2568750000e+02 5.9524218750e+02 1.3250000000e+01
1.3879949847e-06 3.2571875000e+02 5.9639062500e+02 1.3237500191e+01
1.3975950424e-06 3.2432812500e+02 5.9425781250e+02 1.3453906059e+01
1.4071949863e-06 3.2575000000e+02 5.9425781250e+02 1.3346875191e+01
1.4167950440e-06 3.2607812500e+02 5.9554687500e+02 1.3308593750e+01
1.4263949879e-06 3.2645312500e+02 5.9707031250e+02 1.3338281631e+01
1.4359950455e-06 3.2660937500e+02 5.9692968750e+02 1.3343750000e+01
1.4455949895e-06 3.2523437500e+02 5.9578125000e+02 1.3261718750e+01
1.4551950471e-06 3.2601562500e+02 5.9582812500e+02 1.3324218750e+01
1.4647949911e-06 3.2631250000e+02 5.9559375000e+02 1.3307812691e+01
1.4743950487e-06 3.2593750000e+02 5.9578125000e+02 1.3361719131e+01
1.4839949927e-06 3.2654687500e+02 5.9622656250e+02 1.3384374619e+01
1.4935950503e-06 3.2654687500e+02 5.9510156250e+02 1.3303125381e+01
1.5031949943e-06 3.2664062500e+02 5.9674218750e+02 1.3383593559e+01
1.5127950519e-06 3.2800000000e+02 5.9753906250e+02 1.3270312309e+01
1.5223949958e-06 3.2675000000e+02 5.9573437500e+02 1.3192187309e+01
1.5319950535e-06 3.2490625000e+02 5.9573437500e+02 1.3319531441e+01
1.5415949974e-06 3.2435937500e+02 5.9779687500e+02 1.3289062500e+01
1.5511950551e-06 3.2490625000e+02 5.9580468750e+02 1.3302343369e+01
1.5607949990e-06 3.2515625000e+02 5.9646093750e+02 1.3328906059e+01
1.5703950567e-06 3.2521875000e+02 5.9753906250e+02 1.3192968369e+01
1.5799950006e-06 3.2546875000e+02 5.9615625000e+02 1.3339843750e+01
1.5895949446e-06 3.2571875000e+02 5.9493750000e+02 1.3225781441e+01
1.5991950022e-06 3.2293750000e+02 5.9545312500e+02 1.3246874809e+01
1.6087949462e-06 3.2501562500e+02 5.9439843750e+02 1.3203906059e+01
1.6183950038e-06 3.2348437500e+02 5.9517187500e+02 1.3189062119e+01
1.6279949477e-06 3.2473437500e+02 5.9695312500e+02 1.3238281250e+01
1.6375950054e-06 3.2432812500e+02 5.9662500000e+02 1.3303906441e+01
1.6471949493e-06 3.2470312500e+02 5.9922656250e+02 1.3342968941e+01
1.6567950070e-06 3.2314062500e+02 5.9533593750e+02 1.3221875191e+01
1.6663949509e-06 3.2390625000e+02 5.9657812500e+02 1.3332812309e+01
1.6759950086e-06 3.2226562500e+02 5.9632031250e+02 1.3392969131e+01
1.6855949525e-06 3.2303125000e+02 5.9838281250e+02 1.3276562691e+01
1.6951950101e-06 3.2390625000e+02 5.9592187500e+02 1.3379687309e+01
1.7047949541e-06 3.2292187500e+02 5.9730468750e+02 1.3358593941e+01
1.7143950117e-06 3.2171875000e+02 5.9697656250e+02 1.3317187309e+01
1.7239949557e-06 3.2364062500e+02 5.9639062500e+02 1.3382812500e+01
1.7335950133e-06 3.2340625000e+02 5.9596875000e+02 1.3175000191e+01
1.7431949573e-06 3.2293750000e+02 5.9475000000e+02 1.3193750381e+01
1.7527950149e-06 3.2196875000e+02 5.9669531250e+02 1.3214843750e+01
1.7623949589e-06 3.2162500000e+02 5.9587500000e+02 1.3392969131e+01
1.7719950165e-06 3.2178125000e+02 5.9594531250e+02 1.3276562691e+01
1.7815949604e-06 3.2201562500e+02 5.9603906250e+02 1.3309374809e+01
1.7911950181e-06 3.2115625000e+02 5.9557031250e+02 1.3290624619e+01
1.8007949620e-06 3.2164062500e+02 5.9592187500e+02 1.3142969131e+01
1.8103950197e-06 3.1968750000e+02 5.9669531250e+02 1.3280468941e+01
1.8199949636e-06 3.2020312500e+02 5.9542968750e+02 1.3282031059e+01
1.8295950213e-06 3.1998437500e+02 5.9594531250e+02 1.3371874809e+01
1.8391949652e-06 3.2081250000e+02 5.9709375000e+02 1.3368749619e+01
1.8487950229e-06 3.2015625000e+02 5.9615625000e+02 1.3398437500e+01
1.8583949668e-06 3.1859375000e+02 5.9538281250e+02 1.3357812881e+01
1.8679950244e-06 3.1948437500e+02 5.9643750000e+02 1.3336718559e+01
1.8775949684e-06 3.2004687500e+02 5.9622656250e+02 1.3256250381e+01
1.8871950260e-06 3.1773437500e+02 5.9662500000e+02 1.3265625000e+01
1.8967949700e-06 3.1917187500e+02 5.9615625000e+02 1.3375000000e+01
1.9063950276e-06 3.1854687500e+02 5.9554687500e+02 1.3298437119e+01
1.9159949716e-06 3.1654687500e+02 5.9798437500e+02 1.3407812119e+01
1.9255949155e-06 3.1543750000e+02 5.9807812500e+02 1.3309374809e+01
1.9351950868e-06 3.1581250000e+02 5.9503125000e+02 1.3408594131e+01
1.9447950308e-06 3.1753125000e+02 5.9772656250e+02 1.3287500381e+01
1.9543949747e-06 3.1507812500e+02 5.9552343750e+02 1.3308593750e+01
1.9639949187e-06 3.1573437500e+02 5.9920312500e+02 1.3275781631e+01
1.9735950900e-06 3.1403125000e+02 5.9491406250e+02 1.3403124809e+01
1.9831950340e-06 3.1364062500e+02 5.9460937500e+02 1.3395312309e+01
1.9927949779e-06 3.1543750000e+02 5.9596875000e+02 1.3306249619e+01
2.0023949219e-06 3.1587500000e+02 5.9542968750e+02 1.3247655869e+01
2.0119950932e-06 3.1503125000e+02 5.9564062500e+02 1.3277343750e+01
2.0215950371e-06 3.1467187500e+02 5.9219531250e+02 1.3237500191e+01
2.0311949811e-06 3.1376562500e+02 5.9510156250e+02 1.3289062500e+01
2.0407949251e-06 3.1364062500e+02 5.9573437500e+02 1.3327343941e+01
2.0503950964e-06 3.1317187500e+02 5.9664843750e+02 1.3351562500e+01
2.0599950403e-06 3.1243750000e+02 5.9484375000e+02 1.3342187881e+01
2.0695949843e-06 3.1209375000e+02 5.9460937500e+02 1.3263280869e+01
2.0791949282e-06 3.1217187500e+02 5.9606250000e+02 1.3294530869e+01
2.0887950996e-06 3.1151562500e+02 5.9622656250e+02 1.3348437309e+01
2.0983950435e-06 3.1273437500e+02 5.9538281250e+02 1.3328125000e+01
2.1079949875e-06 3.0981250000e+02 5.9575781250e+02 1.3443750381e+01
2.1175949314e-06 3.1053125000e+02 5.9793750000e+02 1.3274218559e+01
2.1271951027e-06 3.0912500000e+02 5.9460937500e+02 1.3262499809e+01
2.1367950467e-06 3.1089062500e+02 5.9566406250e+02 1.3303125381e+01
2.1463949906e-06 3.0998437500e+02 5.9629687500e+02 1.3249218941e+01
2.1559949346e-06 3.0889062500e+02 5.9646093750e+02 1.3355468750e+01
2.1655951059e-06 3.0953125000e+02 5.9505468750e+02 1.3361719131e+01
2.1751950499e-06 3.0751562500e+02 5.9456250000e+02 1.3310155869e+01
2.1847949938e-06 3.0645312500e+02 5.9596875000e+02 1.3330469131e+01
2.1943949378e-06 3.0771875000e+02 5.9625000000e+02 1.3263280869e+01
2.2039951091e-06 3.0523437500e+02 5.9608593750e+02 1.3338281631e+01
2.2135950530e-06 3.0681250000e+02 5.9634375000e+02 1.3249218941e+01
2.2231949970e-06 3.0603125000e+02 5.9582812500e+02 1.3227343559e+01
2.2327949409e-06 3.0648437500e+02 5.9512500000e+02 1.3314844131e+01
2.2423951123e-06 3.0473437500e+02 5.9557031250e+02 1.3346094131e+01
2.2519950562e-06 3.0582812500e+02 5.9252343750e+02 1.3309374809e+01
2.2615950002e-06 3.0518750000e+02 5.9381250000e+02 1.3323437691e+01
2.2711949441e-06 3.0556250000e+02 5.9671875000e+02 1.3289843559e+01
2.2807948881e-06 3.0600000000e+02 5.9592187500e+02 1.3227343559e+01
2.2903950594e-06 3.0281250000e+02 5.9533593750e+02 1.3264843941e+01
2.2999950033e-06 3.0362500000e+02 5.9271093750e+02 1.3340624809e+01
2.3095949473e-06 3.0412500000e+02 5.9383593750e+02 1.3327343941e+01
2.3191948912e-06 3.0309375000e+02 5.9442187500e+02 1.3314062119e+01
2.3287950626e-06 3.0273437500e+02 5.9287500000e+02 1.3333593369e+01
2.3383950065e-06 3.0371875000e+02 5.9615625000e+02 1.3260937691e+01
2.3479949505e-06 3.0242187500e+02 5.9496093750e+02 1.3343750000e+01
2.3575948944e-06 3.0082812500e+02 5.9435156250e+02 1.3281250000e+01
2.3671950657e-06 3.0145312500e+02 5.9292187500e+02 1.3371874809e+01
2.3767950097e-06 3.0045312500e+02 5.9559375000e+02 1.3282812119e+01
2.3863949536e-06 3.0112500000e+02 5.9519531250e+02 1.3332031250e+01
2.3959948976e-06 2.9970312500e+02 5.9496093750e+02 1.3343750000e+01
2.4055950689e-06 3.0045312500e+02 5.9514843750e+02 1.3344531059e+01
2.4151950129e-06 3.0056250000e+02 5.9498437500e+02 1.3342187881e+01
2.4247949568e-06 2.9815625000e+02 5.9428125000e+02 1.3328125000e+01
2.4343949008e-06 2.9909375000e+02 5.9557031250e+02 1.3262499809e+01
2.4439950721e-06 2.9689062500e+02 5.9421093750e+02 1.3375781059e+01
2.4535950160e-06 2.9765625000e+02 5.9470312500e+02 1.3344531059e+01
2.4631949600e-06 2.9712500000e+02 5.9833593750e+02 1.3273437500e+01
2.4727949040e-06 2.9873437500e+02 5.9444531250e+02 1.3342187881e+01
2.4823950753e-06 2.9687500000e+02 5.9308593750e+02 1.3417968750e+01
2.4919950192e-06 2.9629687500e+02 5.9500781250e+02 1.3369531631e+01
2.5015949632e-06 2.9584375000e+02 5.9538281250e+02 1.3267187119e+01
2.5111949071e-06 2.9685937500e+02 5.9585156250e+02 1.3385156631e+01
2.5207950785e-06 2.9621875000e+02 5.9547656250e+02 1.3378906250e+01
2.5303950224e-06 2.9571875000e+02 5.9252343750e+02 1.3272656441e+01
2.5399949664e-06 2.9704687500e+02 5.9690625000e+02 1.3306249619e+01
2.5495949103e-06 2.9492187500e+02 5.9458593750e+02 1.3423437119e+01
2.5591950816e-06 2.9423437500e+02 5.9271093750e+02 1.3437500000e+01
2.5687950256e-06 2.9403125000e+02 5.9505468750e+02 1.3371093750e+01
2.5783949695e-06 2.9534375000e+02 5.9575781250e+02 1.3279687881e+01
2.5879949135e-06 2.9431250000e+02 5.9498437500e+02 1.3398437500e+01
2.5975950848e-06 2.9164062500e+02 5.9414062500e+02 1.3479687691e+01
2.6071950288e-06 2.9242187500e+02 5.9632031250e+02 1.3339062691e+01
2.6167949727e-06 2.9278125000e+02 5.9451562500e+02 1.3371093750e+01
2.6263949167e-06 2.9209375000e+02 5.9634375000e+02 1.3242968559e+01
2.6359950880e-06 2.9076562500e+02 5.9299218750e+02 1.3269531250e+01
2.6455950319e-06 2.9023437500e+02 5.9653125000e+02 1.3275781631e+01
2.6551949759e-06 2.9146875000e+02 5.9608593750e+02 1.3335937500e+01
2.6647949198e-06 2.9168750000e+02 5.9603906250e+02 1.3270312309e+01
2.6743950912e-06 2.8954687500e+02 5.9681250000e+02 1.3433593750e+01
2.6839950351e-06 2.9082812500e+02 5.9512500000e+02 1.3383593559e+01
2.6935949791e-06 2.8904687500e+02 5.9390625000e+02 1.3288281441e+01
2.7031949230e-06 2.8993750000e+02 5.9500781250e+02 1.3344531059e+01
2.7127950943e-06 2.8989062500e+02 5.9315625000e+02 1.3340624809e+01
2.7223950383e-06 2.8915625000e+02 5.9599218750e+02 1.3361719131e+01
2.7319949822e-06 2.8900000000e+02 5.9603906250e+02 1.3298437119e+01
2.7415949262e-06 2.8764062500e+02 5.9676562500e+02 1.3175781250e+01
2.7511950975e-06 2.8850000000e+02 5.9275781250e+02 1.3307031631e+01
2.7607950415e-06 2.8712500000e+02 5.9289843750e+02 1.3410156250e+01
2.7703949854e-06 2.8917187500e+02 5.9432812500e+02 1.3300781250e+01
2.7799949294e-06 2.8734375000e+02 5.9205468750e+02 1.3287500381e+01
2.7895951007e-06 2.8515625000e+02 5.9360156250e+02 1.3382031441e+01
2.7991950446e-06 2.8512500000e+02 5.9264062500e+02 1.3217968941e+01
2.8087949886e-06 2.8467187500e+02 5.9606250000e+02 1.3303125381e+01
2.8183949325e-06 2.8601562500e+02 5.9521875000e+02 1.3305468559e+01
2.8279951039e-06 2.8346875000e+02 5.9226562500e+02 1.3314844131e+01
2.8375950478e-06 2.8645312500e+02 5.9512500000e+02 1.3359375000e+01
2.8471949918e-06 2.8406250000e+02 5.9458593750e+02 1.3285937309e+01
2.8567949357e-06 2.8420312500e+02 5.9531250000e+02 1.3372655869e+01
2.8663951070e-06 2.8131250000e+02 5.9339062500e+02 1.3307812691e+01
2.8759950510e-06 2.8326562500e+02 5.9446875000e+02 1.3288281441e+01
2.8855949950e-06 2.8301562500e+02 5.9280468750e+02 1.3290624619e+01
2.8951949389e-06 2.8109375000e+02 5.9568750000e+02 1.3302343369e+01
2.9047951102e-06 2.8078125000e+02 5.9414062500e+02 1.3280468941e+01
2.9143950542e-06 2.8192187500e+02 5.9613281250e+02 1.3294530869e+01
2.9239949981e-06 2.8115625000e+02 5.9390625000e+02 1.3345312119e+01
2.9335949421e-06 2.8037500000e+02 5.9390625000e+02 1.3254687309e+01
2.9431951134e-06 2.8114062500e+02 5.9250000000e+02 1.3358593941e+01
2.9527950574e-06 2.7967187500e+02 5.9629687500e+02 1.3292187691e+01
2.9623950013e-06 2.7903125000e+02 5.9561718750e+02 1.3328125000e+01
2.9719949453e-06 2.7878125000e+02 5.9439843750e+02 1.3307031631e+01
2.9815948892e-06 2.7964062500e+02 5.9554687500e+02 1.3320312500e+01
2.9911950605e-06 2.7732812500e+02 5.9456250000e+02 1.3304687500e+01
3.0007950045e-06 2.7840625000e+02 5.9280468750e+02 1.3278905869e+01
3.0103949484e-06 2.7887500000e+02 5.9535937500e+02 1.3420312881e+01
3.0199948924e-06 2.7881250000e+02 5.9528906250e+02 1.3331250191e+01
3.0295950637e-06 2.7687500000e+02 5.9264062500e+02 1.3325780869e+01
3.0391950077e-06 2.7450000000e+02 5.9482031250e+02 1.3348437309e+01
3.0487949516e-06 2.7684375000e+02 5.9550000000e+02 1.3361719131e+01
3.0583948956e-06 2.7757812500e+02 5.9421093750e+02 1.3381250381e+01
3.0679950669e-06 2.7565625000e+02 5.9362500000e+02 1.3371874809e+01
3.0775950108e-06 2.7587500000e+02 5.9634375000e+02 1.3346094131e+01
3.0871949548e-06 2.7959375000e+02 5.9442187500e+02 1.3409375191e+01
3.0967948987e-06 2.7400000000e+02 5.9538281250e+02 1.3328125000e+01
3.1063950701e-06 2.7648437500e+02 5.9453906250e+02 1.3354687691e+01
3.1159950140e-06 2.7306250000e+02 5.9402343750e+02 1.3289062500e+01
3.1255949580e-06 2.7301562500e+02 5.9404687500e+02 1.3235937119e+01
3.1351949019e-06 2.7412500000e+02 5.9460937500e+02 1.3289062500e+01
3.1447950732e-06 2.7443750000e+02 5.9442187500e+02 1.3317968369e+01
3.1543950172e-06 2.7301562500e+02 5.9571093750e+02 1.3306249619e+01
3.1639949611e-06 2.7229687500e+02 5.9498437500e+02 1.3348437309e+01
3.1735949051e-06 2.7187500000e+02 5.9646093750e+02 1.3384374619e+01
3.1831950764e-06 2.7284375000e+02 5.9453906250e+02 1.3296875000e+01
3.1927950204e-06 2.7148437500e+02 5.9299218750e+02 1.3283594131e+01
3.2023949643e-06 2.7248437500e+02 5.9442187500e+02 1.3360156059e+01
3.2119949083e-06 2.7029687500e+02 5.9498437500e+02 1.3272656441e+01
3.2215950796e-06 2.6948437500e+02 5.9491406250e+02 1.3377344131e+01
3.2311950235e-06 2.7026562500e+02 5.9486718750e+02 1.3250781059e+01
3.2407949675e-06 2.7062500000e+02 5.9402343750e+02 1.3417187691e+01
3.2503949114e-06 2.6796875000e+02 5.9343750000e+02 1.3379687309e+01
3.2599950828e-06 2.7223437500e+02 5.9435156250e+02 1.3400781631e+01
3.2695950267e-06 2.7121875000e+02 5.9669531250e+02 1.3310937881e+01
3.2791949707e-06 2.6937500000e+02 5.9674218750e+02 1.3278905869e+01
3.2887949146e-06 2.6953125000e+02 5.9362500000e+02 1.3209375381e+01
3.2983950859e-06 2.6748437500e+02 5.9367187500e+02 1.3333593369e+01
3.3079950299e-06 2.6875000000e+02 5.9062500000e+02 1.3328906059e+01
3.3175949739e-06 2.6951562500e+02 5.9165625000e+02 1.3196093559e+01
3.3271949178e-06 2.6720312500e+02 5.9400000000e+02 1.3357812881e+01
3.3367950891e-06 2.6853125000e+02 5.9240625000e+02 1.3377344131e+01
3.3463950331e-06 2.6723437500e+02 5.9327343750e+02 1.3339843750e+01
3.3559949770e-06 2.6832812500e+02 5.9430468750e+02 1.3313281059e+01
3.3655949210e-06 2.6459375000e+02 5.9392968750e+02 1.3307031631e+01
3.3751950923e-06 2.6434375000e+02 5.9512500000e+02 1.3374218941e+01
3.3847950363e-06 2.6560937500e+02 5.9552343750e+02 1.3339843750e+01
3.3943949802e-06 2.6540625000e+02 5.9571093750e+02 1.3250000000e+01
3.4039949242e-06 2.6443750000e+02 5.9385937500e+02 1.3282812119e+01
3.4135950955e-06 2.6523437500e+02 5.9603906250e+02 1.3355468750e+01
3.4231950394e-06 2.6434375000e+02 5.9606250000e+02 1.3240625381e+01
3.4327949834e-06 2.6439062500e+02 5.9725781250e+02 1.3285937309e+01
3.4423949273e-06 2.6415625000e+02 5.9444531250e+02 1.3293749809e+01
3.4519950987e-06 2.6257812500e+02 5.9205468750e+02 1.3383593559e+01
3.4615950426e-06 2.6493750000e+02 5.9285156250e+02 1.3446093559e+01
3.4711949866e-06 2.6170312500e+02 5.9407031250e+02 1.3373437881e+01
3.4807949305e-06 2.6235937500e+02 5.9400000000e+02 1.3253125191e+01
3.4903951018e-06 2.6315625000e+02 5.9524218750e+02 1.3251562119e+01
3.4999950458e-06 2.6056250000e+02 5.9301562500e+02 1.3182031631e+01
3.5095949897e-06 2.6237500000e+02 5.9533593750e+02 1.3264062881e+01
3.5191949337e-06 2.5992187500e+02 5.9475000000e+02 1.3300781250e+01
3.5287951050e-06 2.6035937500e+02 5.9346093750e+02 1.3380468369e+01
3.5383950490e-06 2.5992187500e+02 5.9449218750e+02 1.3367187500e+01
3.5479949929e-06 2.6068750000e+02 5.9446875000e+02 1.3360156059e+01
3.5575949369e-06 2.6075000000e+02 5.9566406250e+02 1.3331250191e+01
3.5671951082e-06 2.6181250000e+02 5.9521875000e+02 1.3376562119e+01
3.5767950521e-06 2.6167187500e+02 5.9547656250e+02 1.3157031059e+01
3.5863949961e-06 2.5959375000e+02 5.9369531250e+02 1.3288281441e+01
3.5959949400e-06 2.5814062500e+02 5.9346093750e+02 1.3269531250e+01
3.6055951114e-06 2.5990625000e+02 5.9362500000e+02 1.3279687881e+01
3.6151950553e-06 2.5837500000e+02 5.9430468750e+02 1.3190625191e+01
3.6247949993e-06 2.5854687500e+02 5.9517187500e+02 1.3310937881e+01
3.6343949432e-06 2.5665625000e+02 5.9374218750e+02 1.3228906631e+01
3.6439948872e-06 2.5653125000e+02 5.9566406250e+02 1.3326562881e+01
3.6535950585e-06 2.5645312500e+02 5.9475000000e+02 1.3239062309e+01
3.6631950024e-06 2.5582812500e+02 5.9493750000e+02 1.3285937309e+01
3.6727949464e-06 2.5575000000e+02 5.9437500000e+02 1.3320312500e+01
3.6823948903e-06 2.5635937500e+02 5.9332031250e+02 1.3333593369e+01
3.6919950617e-06 2.5459375000e+02 5.9467968750e+02 1.3367187500e+01
3.7015950056e-06 2.5660937500e+02 5.9191406250e+02 1.3314062119e+01
3.7111949496e-06 2.5478125000e+02 5.9308593750e+02 1.3336718559e+01
3.7207948935e-06 2.5565625000e+02 5.9500781250e+02 1.3317187309e+01
3.7303950648e-06 2.5425000000e+02 5.9409375000e+02 1.3208593369e+01
3.7399950088e-06 2.5490625000e+02 5.9339062500e+02 1.3377344131e+01
3.7495949528e-06 2.5521875000e+02 5.9449218750e+02 1.3307812691e+01
3.7591948967e-06 2.5343750000e+02 5.9421093750e+02 1.3232030869e+01
3.7687950680e-06 2.5214062500e+02 5.9617968750e+02 1.3303906441e+01
3.7783950120e-06 2.5470312500e+02 5.9531250000e+02 1.3269531250e+01
3.7879949559e-06 2.5381250000e+02 5.9392968750e+02 1.3202343941e+01
3.7975948999e-06 2.5218750000e+02 5.9273437500e+02 1.3410156250e+01
3.8071950712e-06 2.5392187500e+02 5.9153906250e+02 1.3153124809e+01
3.8167950152e-06 2.5160937500e+02 5.9160937500e+02 1.3293749809e+01
3.8263951865e-06 2.5157812500e+02 5.9252343750e+02 1.3347656250e+01
3.8359949031e-06 2.5035937500e+02 5.9348437500e+02 1.3256250381e+01
3.8455950744e-06 2.4993750000e+02 5.9203125000e+02 1.3246874809e+01
3.8551947910e-06 2.5114062500e+02 5.9512500000e+02 1.3157031059e+01
3.8647949623e-06 2.5231250000e+02 5.9275781250e+02 1.3217968941e+01
3.8743951336e-06 2.4953125000e+02 5.9250000000e+02 1.3247655869e+01
3.8839948502e-06 2.4945312500e+02 5.9261718750e+02 1.3184374809e+01
3.8935950215e-06 2.4815625000e+02 5.9339062500e+02 1.3408594131e+01
3.9031951928e-06 2.4443750000e+02 6.2753906250e+02 1.1056249619e+01
3.9127949094e-06 2.2100000000e+02 6.4856250000e+02 9.5929689407e+00
3.9223950807e-06 1.9350000000e+02 6.5254687500e+02 8.9039058685e+00
3.9319947973e-06 1.7160937500e+02 6.6084375000e+02 8.3742189407e+00
3.9415949686e-06 1.4734375000e+02 6.6471093750e+02 7.9734373093e+00
3.9511951400e-06 1.2445312500e+02 6.6288281250e+02 7.1671876907e+00
3.9607948565e-06 1.0618750000e+02 6.5662500000e+02 6.4820313454e+00
3.9703950279e-06 8.8015625000e+01 6.4066406250e+02 5.7234373093e+00
3.9799951992e-06 7.0515625000e+01 6.2540625000e+02 4.8726563454e+00
3.9895949158e-06 6.0359375000e+01 6.1432031250e+02 4.0617189407e+00
3.9991950871e-06 4.8437500000e+01 6.0447656250e+02 3.7570312023e+00
4.0087948037e-06 4.0609375000e+01 5.9960156250e+02 3.3531250954e+00
4.0183949750e-06 3.1015625000e+01 6.0375000000e+02 3.1406250000e+00
4.0279951463e-06 2.7296875000e+01 6.0787500000e+02 2.7851562500e+00
4.0375948629e-06 2.2062500000e+01 6.1167187500e+02 2.7218749523e+00
4.0471950342e-06 1.8109375000e+01 6.1417968750e+02 2.4937500954e+00
4.0567952055e-06 1.5250000000e+01 6.1235156250e+02 2.3421874046e+00
4.0663949221e-06 1.1203125000e+01 6.0796875000e+02 1.8328125477e+00
