# time_s Ids_true_A Ids_pred_A Ids_physics_A T_mean_K
3.9035057853e-08 1.0250000000e+01 9.6183013916e+00 1.1361807823e+01 3.3680664062e+02
5.7274974097e-08 1.5515625000e+01 1.7874588013e+01 1.9663419724e+01 3.3800817871e+02
6.6874918048e-08 1.8875000000e+01 2.2218627930e+01 2.4817489624e+01 3.3759643555e+02
7.6474861999e-08 2.1640625000e+01 2.5661804199e+01 2.8590805054e+01 3.3892630005e+02
8.6075033323e-08 2.6281250000e+01 2.8009155273e+01 3.0905481339e+01 3.3857827759e+02
9.5674977274e-08 3.0437500000e+01 3.4067016602e+01 3.6446105957e+01 3.4009777832e+02
1.0527492122e-07 3.3312500000e+01 3.6727340698e+01 3.9743606567e+01 3.3983685303e+02
1.1487486518e-07 3.9062500000e+01 3.8976379395e+01 4.1491744995e+01 3.4142535400e+02
1.2447503650e-07 3.8640625000e+01 4.2071342468e+01 4.4503646851e+01 3.4124237061e+02
1.3407509414e-07 4.2156250000e+01 4.4768089294e+01 4.6925041199e+01 3.4292098999e+02
1.4367492440e-07 4.4312500000e+01 4.8254020691e+01 5.0729171753e+01 3.4283618164e+02
1.5327509573e-07 4.6953125000e+01 5.1455543518e+01 5.3156898499e+01 3.4460824585e+02
1.6287492599e-07 4.9593750000e+01 5.1723434448e+01 5.3919113159e+01 3.4452160645e+02
1.7247509732e-07 5.1593750000e+01 5.3448287964e+01 5.4736690521e+01 3.4633862305e+02
1.8207492758e-07 5.4343750000e+01 5.8522186279e+01 5.9918788910e+01 3.4639096069e+02
1.9167498522e-07 5.7171875000e+01 5.8326080322e+01 5.9187915802e+01 3.4820095825e+02
2.0127492917e-07 5.8734375000e+01 6.4208824158e+01 6.5411041260e+01 3.4842364502e+02
2.1087498681e-07 5.9109375000e+01 6.2267646790e+01 6.3270965576e+01 3.5017645264e+02
2.2047493076e-07 6.1890625000e+01 6.1513153076e+01 6.1933582306e+01 3.5034033203e+02
2.3007498839e-07 6.4281250000e+01 6.1973121643e+01 6.2454936981e+01 3.5212097168e+02
2.3967493235e-07 6.4109375000e+01 6.5976455688e+01 6.6199691772e+01 3.5238046265e+02
2.4927498998e-07 6.7984375000e+01 6.6516433716e+01 6.6059906006e+01 3.5417102051e+02
2.5887493393e-07 6.6250000000e+01 6.9619331360e+01 6.8532058716e+01 3.5448645020e+02
2.6847499157e-07 6.8984375000e+01 6.8491317749e+01 6.8089340210e+01 3.5627215576e+02
2.7807493552e-07 6.9343750000e+01 7.0846038818e+01 7.0052955627e+01 3.5662716675e+02
2.8767499316e-07 6.8906250000e+01 7.3862022400e+01 7.4164840698e+01 3.5854617310e+02
2.9727493711e-07 7.1218750000e+01 6.9509078979e+01 7.0123504639e+01 3.5874877930e+02
3.0687499475e-07 7.4203125000e+01 6.9449562073e+01 6.9527618408e+01 3.6066543579e+02
3.1647493870e-07 7.4828125000e+01 7.1937911987e+01 7.2181274414e+01 3.6092449951e+02
3.2607499634e-07 7.4187500000e+01 7.3104331970e+01 7.2339820862e+01 3.6286413574e+02
3.3567494029e-07 7.7156250000e+01 7.6951637268e+01 7.7169860840e+01 3.6324102783e+02
3.4527499793e-07 7.8125000000e+01 7.8647994995e+01 7.8421844482e+01 3.6523367310e+02
3.5487494188e-07 7.7890625000e+01 7.7040901184e+01 7.6919845581e+01 3.6553771973e+02
3.6447499951e-07 8.1015625000e+01 7.7998878479e+01 7.7750167847e+01 3.6756927490e+02
3.7407494347e-07 7.9328125000e+01 7.8481384277e+01 7.8824134827e+01 3.6787496948e+02
3.8367500110e-07 8.1421875000e+01 7.7915061951e+01 7.7617492676e+01 3.6988690186e+02
3.9327494505e-07 8.0781250000e+01 8.2461112976e+01 8.2964080811e+01 3.7032275391e+02
4.0287500269e-07 8.2187500000e+01 8.3972183228e+01 8.3826095581e+01 3.7237838745e+02
4.1247494664e-07 8.1812500000e+01 8.0133247375e+01 7.9889343262e+01 3.7266903687e+02
4.2207500428e-07 8.4359375000e+01 8.3078964233e+01 8.2732902527e+01 3.7482485962e+02
4.3167494823e-07 8.3968750000e+01 8.6599609375e+01 8.6153945923e+01 3.7519049072e+02
4.4127500587e-07 8.3671875000e+01 8.5042869568e+01 8.4972366333e+01 3.7732049561e+02
4.5087494982e-07 8.4437500000e+01 8.4383110046e+01 8.4696128845e+01 3.7764526367e+02
4.6047500746e-07 8.6234375000e+01 8.3903106689e+01 8.3134422302e+01 3.7975256348e+02
4.7007495141e-07 8.6406250000e+01 8.5273689270e+01 8.5413360596e+01 3.8011087036e+02
4.7967500905e-07 8.7203125000e+01 8.3557769775e+01 8.2948677063e+01 3.8216174316e+02
4.8927495300e-07 8.8093750000e+01 8.6704467773e+01 8.6703430176e+01 3.8260266113e+02
4.9887501063e-07 8.9109375000e+01 9.2430999756e+01 9.2519325256e+01 3.8483743286e+02
5.0847495459e-07 8.9796875000e+01 9.2283126831e+01 9.2663108826e+01 3.8525344849e+02
5.1807501222e-07 9.1953125000e+01 9.1095710754e+01 9.0911369324e+01 3.8745184326e+02
5.2767495617e-07 9.0296875000e+01 9.0788993835e+01 9.0989303589e+01 3.8783813477e+02
5.3727501381e-07 9.2046875000e+01 8.9008247375e+01 8.8087959290e+01 3.8997372437e+02
5.4687495776e-07 9.3140625000e+01 9.1377120972e+01 9.1372711182e+01 3.9042166138e+02
5.5647501540e-07 9.3750000000e+01 9.1054489136e+01 9.0425025940e+01 3.9254470825e+02
5.6607495935e-07 9.4687500000e+01 9.6371292114e+01 9.6621040344e+01 3.9314596558e+02
5.7567501699e-07 9.5234375000e+01 9.3234222412e+01 9.2682510376e+01 3.9516503906e+02
5.8527496094e-07 9.7328125000e+01 9.5657791138e+01 9.5698966980e+01 3.9582635498e+02
5.9487501858e-07 9.6953125000e+01 9.5814956665e+01 9.4549751282e+01 3.9783297729e+02
6.0447507622e-07 9.6015625000e+01 9.7203033447e+01 9.7208366394e+01 3.9853622437e+02
6.1407502017e-07 9.9343750000e+01 9.5533874512e+01 9.4761375427e+01 4.0048449707e+02
6.2367507780e-07 1.0015625000e+02 9.7341110229e+01 9.6907119751e+01 4.0122879028e+02
6.3327502176e-07 1.0110937500e+02 9.7369384766e+01 9.6236740112e+01 4.0316864014e+02
6.4287507939e-07 1.0214062500e+02 9.9138290405e+01 9.7961074829e+01 4.0394366455e+02
6.5247513703e-07 1.0245312500e+02 9.7513572693e+01 9.6321746826e+01 4.0583816528e+02
6.6207508098e-07 1.0110937500e+02 1.0431756592e+02 1.0444045258e+02 4.0681304932e+02
6.7167513862e-07 1.0254687500e+02 9.9515533447e+01 9.8444869995e+01 4.0855010986e+02
6.8127508257e-07 1.0398437500e+02 1.0429728699e+02 1.0419673157e+02 4.0966885376e+02
6.9087514021e-07 1.0367187500e+02 1.0590200806e+02 1.0535085297e+02 4.1142910767e+02
7.0047508416e-07 1.0525000000e+02 1.0546424866e+02 1.0529586029e+02 4.1253753662e+02
7.1007514180e-07 1.0614062500e+02 1.0716629028e+02 1.0702080536e+02 4.1434664917e+02
7.1967497206e-07 1.0751562500e+02 1.0757085419e+02 1.0703748322e+02 4.1544906616e+02
7.2927491601e-07 1.0848437500e+02 1.0894575500e+02 1.0851428223e+02 4.1728454590e+02
7.3887497365e-07 1.0707812500e+02 1.0741049194e+02 1.0697140503e+02 4.1833801270e+02
7.4847491760e-07 1.1039062500e+02 1.0983065796e+02 1.0951624298e+02 4.2023971558e+02
7.5807497524e-07 1.0829687500e+02 1.0922505188e+02 1.0884629822e+02 4.2125814819e+02
7.6767491919e-07 1.0907812500e+02 1.0888557434e+02 1.0802108002e+02 4.2314321899e+02
7.7727497683e-07 1.1153125000e+02 1.1093056488e+02 1.1046065521e+02 4.2421566772e+02
7.8687492078e-07 1.1262500000e+02 1.1267189026e+02 1.1218567657e+02 4.2614004517e+02
7.9647497842e-07 1.1393750000e+02 1.1130977631e+02 1.1063930511e+02 4.2715963745e+02
8.0607492237e-07 1.1392187500e+02 1.1308808899e+02 1.1227197266e+02 4.2913632202e+02
8.1567498000e-07 1.1456250000e+02 1.1328419495e+02 1.1269556427e+02 4.3014205933e+02
8.2527492395e-07 1.1510937500e+02 1.1336788940e+02 1.1232022858e+02 4.3211376953e+02
8.3487498159e-07 1.1634375000e+02 1.1173949432e+02 1.1022630310e+02 4.3304669189e+02
8.4447492554e-07 1.1490625000e+02 1.1780729675e+02 1.1752587891e+02 4.3521932983e+02
8.5407498318e-07 1.1651562500e+02 1.1835795593e+02 1.1832611847e+02 4.3615365601e+02
8.6367492713e-07 1.1792187500e+02 1.1358067322e+02 1.1125002289e+02 4.3814947510e+02
8.7327498477e-07 1.1900000000e+02 1.2381446838e+02 1.2496402740e+02 4.3942044067e+02
8.8287492872e-07 1.2185937500e+02 1.2179999542e+02 1.2190979004e+02 4.4134112549e+02
8.9247498636e-07 1.1900000000e+02 1.1645995331e+02 1.1479927826e+02 4.4240148926e+02
9.0207493031e-07 1.2157812500e+02 1.2085641479e+02 1.1987772369e+02 4.4447119141e+02
9.1167498795e-07 1.2204687500e+02 1.2497717285e+02 1.2562512207e+02 4.4565505981e+02
9.2127493190e-07 1.2129687500e+02 1.2373971558e+02 1.2348664093e+02 4.4767083740e+02
9.3087498954e-07 1.2275000000e+02 1.2329129791e+02 1.2280624390e+02 4.4882580566e+02
9.4047493349e-07 1.2460937500e+02 1.2487718201e+02 1.2445893097e+02 4.5088021851e+02
9.5007499112e-07 1.2767187500e+02 1.2490974426e+02 1.2446753693e+02 4.5202545166e+02
9.5967504876e-07 1.2940625000e+02 1.2589046478e+02 1.2532558441e+02 4.5410037231e+02
9.6927499271e-07 1.2687500000e+02 1.2891308594e+02 1.2947959900e+02 4.5533685303e+02
9.7887505035e-07 1.2704687500e+02 1.2867440796e+02 1.2864395142e+02 4.5739645386e+02
9.8847499430e-07 1.2735937500e+02 1.3127799988e+02 1.3226797485e+02 4.5870657349e+02
9.9807505194e-07 1.3045312500e+02 1.2829364014e+02 1.2757649994e+02 4.6064434814e+02
1.0076749959e-06 1.3432812500e+02 1.2726882172e+02 1.2593737793e+02 4.6190298462e+02
1.0172750535e-06 1.3168750000e+02 1.2959277344e+02 1.2874264526e+02 4.6390823364e+02
1.0268749975e-06 1.3153125000e+02 1.3046057129e+02 1.2980368042e+02 4.6517736816e+02
1.0364750551e-06 1.3259375000e+02 1.3491192627e+02 1.3564897156e+02 4.6734521484e+02
1.0460749991e-06 1.3375000000e+02 1.3682485962e+02 1.3835482788e+02 4.6866702271e+02
1.0556750567e-06 1.3431250000e+02 1.3239653015e+02 1.3152511597e+02 4.7065551758e+02
1.0652750007e-06 1.3601562500e+02 1.3635673523e+02 1.3711157227e+02 4.7210052490e+02
1.0748749446e-06 1.3443750000e+02 1.3487104797e+02 1.3448634338e+02 4.7402999878e+02
1.0844751159e-06 1.3434375000e+02 1.3454385376e+02 1.3377705383e+02 4.7543719482e+02
1.0940749462e-06 1.3759375000e+02 1.3641128540e+02 1.3607157898e+02 4.7742382812e+02
1.1036750038e-06 1.3803125000e+02 1.3959918213e+02 1.4066294861e+02 4.7893789673e+02
1.1132749478e-06 1.3807812500e+02 1.3783570862e+02 1.3755879211e+02 4.8084542847e+02
1.1228750054e-06 1.3812500000e+02 1.3980754089e+02 1.4021675110e+02 4.8240701294e+02
1.1324749494e-06 1.4032812500e+02 1.3706156921e+02 1.3566316223e+02 4.8420080566e+02
1.1420750070e-06 1.3960937500e+02 1.3749659729e+02 1.3597671509e+02 4.8576071167e+02
1.1516749510e-06 1.4221875000e+02 1.4328482056e+02 1.4430905151e+02 4.8775143433e+02
1.1612750086e-06 1.4232812500e+02 1.4561689758e+02 1.4778363037e+02 4.8939276123e+02
1.1708749525e-06 1.4209375000e+02 1.4268121338e+02 1.4281449890e+02 4.9125915527e+02
1.1804750102e-06 1.4296875000e+02 1.4529005432e+02 1.4656002808e+02 4.9298205566e+02
1.1900749541e-06 1.4375000000e+02 1.4904605103e+02 1.5212310791e+02 4.9498681641e+02
1.1996750118e-06 1.4551562500e+02 1.4438504028e+02 1.4444818115e+02 4.9650360107e+02
1.2092749557e-06 1.4587500000e+02 1.4471760559e+02 1.4446177673e+02 4.9849987793e+02
1.2188750134e-06 1.4681250000e+02 1.4552992249e+02 1.4547000122e+02 5.0003750610e+02
1.2284749573e-06 1.4582812500e+02 1.4518402100e+02 1.4461856079e+02 5.0202014160e+02
1.2380750150e-06 1.4728125000e+02 1.5031755066e+02 1.5234497070e+02 5.0372146606e+02
1.2476749589e-06 1.4656250000e+02 1.4571133423e+02 1.4457142639e+02 5.0551907349e+02
1.2572750165e-06 1.4867187500e+02 1.4940266418e+02 1.5016897583e+02 5.0735125732e+02
1.2668749605e-06 1.4996875000e+02 1.5087020874e+02 1.5206199646e+02 5.0917160034e+02
1.2764750181e-06 1.5070312500e+02 1.4849038696e+02 1.4775294495e+02 5.1089971924e+02
1.2860749621e-06 1.5187500000e+02 1.5202459717e+02 1.5313800049e+02 5.1284552002e+02
1.2956750197e-06 1.4904687500e+02 1.4812121582e+02 1.4633967590e+02 5.1440093994e+02
1.3052749637e-06 1.5178125000e+02 1.5375532532e+02 1.5524021912e+02 5.1654693604e+02
1.3148750213e-06 1.5240625000e+02 1.4931370544e+02 1.4748486328e+02 5.1791912842e+02
1.3244750789e-06 1.5300000000e+02 1.5230984497e+02 1.5191636658e+02 5.2017309570e+02
1.3340750229e-06 1.5314062500e+02 1.5540368652e+02 1.5683288574e+02 5.2163854980e+02
1.3436749668e-06 1.5201562500e+02 1.5903088379e+02 1.6252027893e+02 5.2403936768e+02
1.3532750245e-06 1.5395312500e+02 1.5783883667e+02 1.6020942688e+02 5.2542913818e+02
1.3628749684e-06 1.5578125000e+02 1.5672764587e+02 1.5781381226e+02 5.2778149414e+02
1.3724750261e-06 1.5567187500e+02 1.6017198181e+02 1.6345046997e+02 5.2928393555e+02
1.3820749700e-06 1.5650000000e+02 1.5806500244e+02 1.5921015930e+02 5.3153656006e+02
1.3916751413e-06 1.5796875000e+02 1.5725321960e+02 1.5776484680e+02 5.3300311279e+02
1.4012749716e-06 1.5762500000e+02 1.5795231628e+02 1.5858555603e+02 5.3527685547e+02
1.4108750293e-06 1.6040625000e+02 1.5723277283e+02 1.5660362244e+02 5.3667559814e+02
1.4204749732e-06 1.5737500000e+02 1.6155459595e+02 1.6374552917e+02 5.3912188721e+02
1.4300750308e-06 1.6065625000e+02 1.6027803040e+02 1.6114916992e+02 5.4043200684e+02
1.4396749748e-06 1.6089062500e+02 1.6263186646e+02 1.6466438293e+02 5.4296777344e+02
1.4492750324e-06 1.6057812500e+02 1.6099026489e+02 1.6180307007e+02 5.4418585205e+02
1.4588749764e-06 1.6159375000e+02 1.6029319763e+02 1.5967199707e+02 5.4667785645e+02
1.4684750340e-06 1.6079687500e+02 1.5905061340e+02 1.5739619446e+02 5.4784490967e+02
1.4780749780e-06 1.6089062500e+02 1.6240856934e+02 1.6286651611e+02 5.5046936035e+02
1.4876750356e-06 1.6332812500e+02 1.6349441528e+02 1.6453962708e+02 5.5166082764e+02
1.4972749796e-06 1.6223437500e+02 1.6277758789e+02 1.6230575562e+02 5.5422882080e+02
1.5068750372e-06 1.6282812500e+02 1.6322016907e+02 1.6286094666e+02 5.5540850830e+02
1.5164749811e-06 1.6625000000e+02 1.6506680298e+02 1.6556138611e+02 5.5804119873e+02
1.5260750388e-06 1.6387500000e+02 1.6535925293e+02 1.6594007874e+02 5.5921447754e+02
1.5356749827e-06 1.6581250000e+02 1.6547683716e+02 1.6531771851e+02 5.6184063721e+02
1.5452750404e-06 1.6575000000e+02 1.6640531921e+02 1.6682737732e+02 5.6303338623e+02
1.5548749843e-06 1.6825000000e+02 1.6957469177e+02 1.7242076111e+02 5.6580523682e+02
1.5644750420e-06 1.6793750000e+02 1.6975350952e+02 1.7262713623e+02 5.6696606445e+02
1.5740749859e-06 1.6778125000e+02 1.6894905090e+02 1.7013713074e+02 5.6969757080e+02
1.5836750435e-06 1.6784375000e+02 1.6970503235e+02 1.7127874756e+02 5.7086700439e+02
1.5932749875e-06 1.6784375000e+02 1.6913264465e+02 1.6953698730e+02 5.7356109619e+02
1.6028750451e-06 1.6959375000e+02 1.6756597900e+02 1.6638357544e+02 5.7464923096e+02
1.6124749891e-06 1.7039062500e+02 1.7341624451e+02 1.7694152832e+02 5.7757995605e+02
1.6220750467e-06 1.6842187500e+02 1.6836921692e+02 1.6715408325e+02 5.7842425537e+02
1.6316749907e-06 1.7068750000e+02 1.7234431458e+02 1.7423420715e+02 5.8153875732e+02
1.6412750483e-06 1.6973437500e+02 1.6771624756e+02 1.6491241455e+02 5.8214929199e+02
1.6508749923e-06 1.7060937500e+02 1.7070668030e+02 1.6976260376e+02 5.8537377930e+02
1.6604750499e-06 1.7200000000e+02 1.7421278381e+02 1.7655027771e+02 5.8612756348e+02
1.6700749939e-06 1.7303125000e+02 1.7277951050e+02 1.7314315796e+02 5.8928112793e+02
1.6796750515e-06 1.7123437500e+02 1.7193733215e+02 1.7119688416e+02 5.8997357178e+02
1.6892749954e-06 1.7264062500e+02 1.7248913574e+02 1.7148660278e+02 5.9313061523e+02
1.6988750531e-06 1.7368750000e+02 1.7250245667e+02 1.7132429504e+02 5.9380920410e+02
1.7084749970e-06 1.7443750000e+02 1.7564746094e+02 1.7717810059e+02 5.9709167480e+02
1.7180750547e-06 1.7501562500e+02 1.7097955322e+02 1.6765219116e+02 5.9754260254e+02
1.7276749986e-06 1.7643750000e+02 1.7448120117e+02 1.7411430359e+02 6.0097082520e+02
1.7372750563e-06 1.7562500000e+02 1.7530549622e+02 1.7515429688e+02 6.0144055176e+02
1.7468750002e-06 1.7396875000e+02 1.7470077515e+02 1.7396223450e+02 6.0486047363e+02
1.7564749442e-06 1.7615625000e+02 1.7619810486e+02 1.7614248657e+02 6.0534753418e+02
1.7660750018e-06 1.7764062500e+02 1.7886402893e+02 1.8127337646e+02 6.0887982178e+02
1.7756749457e-06 1.7787500000e+02 1.7889227295e+02 1.8079335022e+02 6.0935162354e+02
1.7852750034e-06 1.7712500000e+02 1.7695443726e+02 1.7613935852e+02 6.1278710938e+02
1.7948749473e-06 1.7787500000e+02 1.8117022705e+02 1.8471540833e+02 6.1343225098e+02
1.8044750050e-06 1.8026562500e+02 1.7970684814e+02 1.8115089417e+02 6.1680047607e+02
1.8140749489e-06 1.7943750000e+02 1.8225006104e+02 1.8609690857e+02 6.1753802490e+02
1.8236750066e-06 1.7787500000e+02 1.7807000732e+02 1.7677937317e+02 6.2069366455e+02
1.8332749505e-06 1.7862500000e+02 1.7845071411e+02 1.7774064636e+02 6.2145446777e+02
1.8428750082e-06 1.7860937500e+02 1.8118786621e+02 1.8284472656e+02 6.2470507812e+02
1.8524749521e-06 1.7979687500e+02 1.8206930542e+02 1.8441378784e+02 6.2549169922e+02
1.8620750097e-06 1.8035937500e+02 1.7852560425e+02 1.7642370605e+02 6.2858135986e+02
1.8716749537e-06 1.8129687500e+02 1.8004441833e+02 1.7915063477e+02 6.2941510010e+02
1.8812750113e-06 1.8367187500e+02 1.8302325439e+02 1.8495639038e+02 6.3262353516e+02
1.8908749553e-06 1.8093750000e+02 1.8084945679e+02 1.7998081970e+02 6.3334350586e+02
1.9004750129e-06 1.8207812500e+02 1.8293630981e+02 1.8393963623e+02 6.3664453125e+02
1.9100750706e-06 1.8295312500e+02 1.8207342529e+02 1.8199446106e+02 6.3729821777e+02
1.9196750145e-06 1.8006250000e+02 1.8244534302e+02 1.8237287903e+02 6.4060522461e+02
1.9292749585e-06 1.8287500000e+02 1.8169152832e+02 1.8046868896e+02 6.4120812988e+02
1.9388749024e-06 1.8296875000e+02 1.8212031555e+02 1.8067887878e+02 6.4453332520e+02
1.9484750737e-06 1.8357812500e+02 1.8361694336e+02 1.8366949463e+02 6.4518548584e+02
1.9580750177e-06 1.8526562500e+02 1.8449168396e+02 1.8501473999e+02 6.4854492188e+02
1.9676749616e-06 1.8276562500e+02 1.8513781738e+02 1.8625569153e+02 6.4921734619e+02
1.9772749056e-06 1.8487500000e+02 1.8523718262e+02 1.8594134521e+02 6.5256726074e+02
1.9868750769e-06 1.8314062500e+02 1.8472323608e+02 1.8463034058e+02 6.5320129395e+02
1.9964750209e-06 1.8509375000e+02 1.8328398132e+02 1.8111311340e+02 6.5647808838e+02
2.0060749648e-06 1.8576562500e+02 1.8366496277e+02 1.8156166077e+02 6.5710540771e+02
2.0156749088e-06 1.8728125000e+02 1.8610041809e+02 1.8665475464e+02 6.6050512695e+02
2.0252750801e-06 1.8492187500e+02 1.8765417480e+02 1.8973663330e+02 6.6118170166e+02
2.0348750240e-06 1.8756250000e+02 1.8655303955e+02 1.8701670837e+02 6.6453088379e+02
2.0444749680e-06 1.8801562500e+02 1.8790708923e+02 1.8964593506e+02 6.6525329590e+02
2.0540749119e-06 1.8682812500e+02 1.8637834167e+02 1.8583703613e+02 6.6851519775e+02
2.0636750833e-06 1.8521875000e+02 1.8475338745e+02 1.8197004700e+02 6.6913671875e+02
2.0732750272e-06 1.8690625000e+02 1.8647502136e+02 1.8536940002e+02 6.7247497559e+02
2.0828749712e-06 1.8842187500e+02 1.8816535950e+02 1.8902099609e+02 6.7316900635e+02
2.0924749151e-06 1.8818750000e+02 1.8534594727e+02 1.8233256531e+02 6.7636694336e+02
2.1020750864e-06 1.8904687500e+02 1.8739309692e+02 1.8665476990e+02 6.7714544678e+02
2.1116750304e-06 1.8939062500e+02 1.9023884583e+02 1.9257446289e+02 6.8047912598e+02
2.1212749743e-06 1.8851562500e+02 1.9129544067e+02 1.9466340637e+02 6.8130029297e+02
2.1308749183e-06 1.8853125000e+02 1.8908197021e+02 1.8957624817e+02 6.8451416016e+02
2.1404750896e-06 1.8804687500e+02 1.8786877441e+02 1.8665522766e+02 6.8526281738e+02
2.1500750336e-06 1.8915625000e+02 1.9094145203e+02 1.9335643005e+02 6.8860803223e+02
2.1596749775e-06 1.8801562500e+02 1.8872463989e+02 1.8797775269e+02 6.8923767090e+02
2.1692749215e-06 1.8940625000e+02 1.8820237732e+02 1.8709486389e+02 6.9258123779e+02
2.1788750928e-06 1.8839062500e+02 1.9037089539e+02 1.9125001526e+02 6.9327575684e+02
2.1884750367e-06 1.9150000000e+02 1.8939067078e+02 1.8874240112e+02 6.9657238770e+02
2.1980749807e-06 1.8901562500e+02 1.8877584839e+02 1.8714936829e+02 6.9722491455e+02
2.2076749246e-06 1.9093750000e+02 1.8996379089e+02 1.8949110413e+02 7.0056884766e+02
2.2172750960e-06 1.9073437500e+02 1.8655279541e+02 1.8128627014e+02 7.0103649902e+02
2.2268750399e-06 1.8962500000e+02 1.8932901001e+02 1.8748049927e+02 7.0451049805e+02
2.2364749839e-06 1.9096875000e+02 1.8989268494e+02 1.8862194824e+02 7.0499444580e+02
2.2460749278e-06 1.9245312500e+02 1.8822793579e+02 1.8471736145e+02 7.0839178467e+02
2.2556750991e-06 1.9212500000e+02 1.9258123779e+02 1.9449859619e+02 7.0906933594e+02
2.2652750431e-06 1.9056250000e+02 1.9182728577e+02 1.9238404846e+02 7.1242462158e+02
2.2748749871e-06 1.9365625000e+02 1.9179000854e+02 1.9218621826e+02 7.1309930420e+02
2.2844749310e-06 1.9129687500e+02 1.9116612244e+02 1.9052293396e+02 7.1641339111e+02
2.2940751023e-06 1.9323437500e+02 1.9156817627e+02 1.9137490845e+02 7.1710778809e+02
2.3036750463e-06 1.9160937500e+02 1.9582385254e+02 2.0025825500e+02 7.2060241699e+02
2.3132749902e-06 1.9281250000e+02 1.9065965271e+02 1.8895701599e+02 7.2105352783e+02
2.3228749342e-06 1.9189062500e+02 1.8876623535e+02 1.8472798157e+02 7.2445983887e+02
2.3324751055e-06 1.9142187500e+02 1.8906173706e+02 1.8524343872e+02 7.2491778564e+02
2.3420750495e-06 1.9328125000e+02 1.9173623657e+02 1.9093217468e+02 7.2844616699e+02
2.3516749934e-06 1.9218750000e+02 1.9171675110e+02 1.9062509155e+02 7.2888391113e+02
2.3612749374e-06 1.9156250000e+02 1.9331431580e+02 1.9394132996e+02 7.3248034668e+02
2.3708751087e-06 1.9165625000e+02 1.9224627686e+02 1.9143266296e+02 7.3285363770e+02
2.3804750526e-06 1.9287500000e+02 1.9230682373e+02 1.9133311462e+02 7.3644256592e+02
2.3900749966e-06 1.9503125000e+02 1.9180239868e+02 1.8980282593e+02 7.3677270508e+02
2.3996749405e-06 1.9145312500e+02 1.9172950745e+02 1.8995584106e+02 7.4038128662e+02
2.4092751119e-06 1.9393750000e+02 1.9157748413e+02 1.8951666260e+02 7.4069799805e+02
2.4188750558e-06 1.9218750000e+02 1.9479345703e+02 1.9642903137e+02 7.4444403076e+02
2.4284749998e-06 1.9256250000e+02 1.9292457581e+02 1.9221789551e+02 7.4468084717e+02
2.4380749437e-06 1.9503125000e+02 1.9232733154e+02 1.9078594971e+02 7.4838787842e+02
2.4476748877e-06 1.9315625000e+02 1.9353608704e+02 1.9334741211e+02 7.4866119385e+02
2.4572750590e-06 1.9437500000e+02 1.9076135254e+02 1.8695018005e+02 7.5224053955e+02
2.4668750029e-06 1.9396875000e+02 1.9460435486e+02 1.9535180664e+02 7.5269122314e+02
2.4764749469e-06 1.9521875000e+02 1.9376028442e+02 1.9350337219e+02 7.5622302246e+02
2.4860748908e-06 1.9595312500e+02 1.9576449585e+02 1.9772158813e+02 7.5676123047e+02
2.4956750622e-06 1.9390625000e+02 1.9514523315e+02 1.9629380798e+02 7.6025872803e+02
2.5052750061e-06 1.9425000000e+02 1.9111993408e+02 1.8741433716e+02 7.6061059570e+02
2.5148749501e-06 1.9354687500e+02 1.9331332397e+02 1.9191207886e+02 7.6418267822e+02
2.5244748940e-06 1.9396875000e+02 1.9225816345e+02 1.8954095459e+02 7.6449011230e+02
2.5340750653e-06 1.9453125000e+02 1.9196852112e+02 1.8862359619e+02 7.6803729248e+02
2.5436750093e-06 1.9353125000e+02 1.9549249268e+02 1.9704406738e+02 7.6850939941e+02
2.5532749532e-06 1.9598437500e+02 1.9509255981e+02 1.9592243958e+02 7.7204022217e+02
2.5628748972e-06 1.9493750000e+02 1.9252832031e+02 1.9009069824e+02 7.7239520264e+02
2.5724750685e-06 1.9379687500e+02 1.9285069275e+02 1.9011288452e+02 7.7590728760e+02
2.5820750125e-06 1.9465625000e+02 1.9667848206e+02 1.9957366943e+02 7.7645935059e+02
2.5916749564e-06 1.9528125000e+02 1.9607476807e+02 1.9804110718e+02 7.7993750000e+02
2.6012749004e-06 1.9582812500e+02 1.9446350098e+02 1.9424156189e+02 7.8041412354e+02
2.6108750717e-06 1.9425000000e+02 1.9172415161e+02 1.8795596313e+02 7.8376220703e+02
2.6204750156e-06 1.9540625000e+02 1.9545022583e+02 1.9646408081e+02 7.8440539551e+02
2.6300749596e-06 1.9435937500e+02 1.9413156128e+02 1.9323811340e+02 7.8767938232e+02
2.6396749035e-06 1.9428125000e+02 1.9572044373e+02 1.9690840149e+02 7.8840356445e+02
2.6492750749e-06 1.9614062500e+02 1.9608702087e+02 1.9669989014e+02 7.9168292236e+02
2.6588750188e-06 1.9409375000e+02 1.9636566162e+02 1.9843435669e+02 7.9242358398e+02
2.6684749628e-06 1.9540625000e+02 1.9632647705e+02 1.9841882324e+02 7.9569335938e+02
2.6780749067e-06 1.9612500000e+02 1.9544393921e+02 1.9626715088e+02 7.9639440918e+02
2.6876750781e-06 1.9606250000e+02 1.9348970032e+02 1.9166532898e+02 7.9957519531e+02
2.6972750220e-06 1.9440625000e+02 1.9613328552e+02 1.9787802124e+02 8.0038995361e+02
2.7068749660e-06 1.9504687500e+02 1.9385771179e+02 1.9255548096e+02 8.0346514893e+02
2.7164749099e-06 1.9618750000e+02 1.9506254578e+02 1.9484895325e+02 8.0433172607e+02
2.7260750812e-06 1.9454687500e+02 1.9415658569e+02 1.9326141357e+02 8.0735986328e+02
2.7356750252e-06 1.9400000000e+02 1.9519262695e+02 1.9566725159e+02 8.0826934814e+02
2.7452749691e-06 1.9567187500e+02 1.9426867676e+02 1.9347500610e+02 8.1124963379e+02
2.7548749131e-06 1.9450000000e+02 1.9448284912e+02 1.9401826477e+02 8.1216979980e+02
2.7644750844e-06 1.9423437500e+02 1.9427392578e+02 1.9350958252e+02 8.1513470459e+02
2.7740750284e-06 1.9512500000e+02 1.9302520752e+02 1.9071456909e+02 8.1600439453e+02
2.7836749723e-06 1.9529687500e+02 1.9164964294e+02 1.8753964233e+02 8.1890057373e+02
2.7932749163e-06 1.9376562500e+02 1.9374334717e+02 1.9216448975e+02 8.1985394287e+02
2.8028750876e-06 1.9539062500e+02 1.9425210571e+02 1.9360562134e+02 8.2277996826e+02
2.8124750315e-06 1.9409375000e+02 1.9364927673e+02 1.9207551575e+02 8.2369799805e+02
2.8220749755e-06 1.9356250000e+02 1.9284683228e+02 1.9013075256e+02 8.2658093262e+02
2.8316749194e-06 1.9553125000e+02 1.9403665161e+02 1.9273318481e+02 8.2754528809e+02
2.8412750908e-06 1.9503125000e+02 1.9695089722e+02 2.0006610107e+02 8.3057043457e+02
2.8508750347e-06 1.9371875000e+02 1.9373532104e+02 1.9257962036e+02 8.3139453125e+02
2.8604749787e-06 1.9479687500e+02 1.9413925171e+02 1.9354231262e+02 8.3443133545e+02
2.8700749226e-06 1.9435937500e+02 1.9355047607e+02 1.9224078369e+02 8.3523229980e+02
2.8796750939e-06 1.9470312500e+02 1.9169854736e+02 1.8773298645e+02 8.3817169189e+02
2.8892750379e-06 1.9532812500e+02 1.9640792847e+02 1.9836723328e+02 8.3919311523e+02
2.8988749818e-06 1.9496875000e+02 1.9440501404e+02 1.9426394653e+02 8.4204376221e+02
2.9084749258e-06 1.9470312500e+02 1.9218626404e+02 1.8845973206e+02 8.4293652344e+02
2.9180750971e-06 1.9471875000e+02 1.9263458252e+02 1.9033290100e+02 8.4582775879e+02
2.9276750411e-06 1.9426562500e+02 1.9557516479e+02 1.9728926086e+02 8.4685729980e+02
2.9372749850e-06 1.9401562500e+02 1.9372036743e+02 1.9303912354e+02 8.4966064453e+02
2.9468749290e-06 1.9378125000e+02 1.9288711548e+02 1.9098254395e+02 8.5065686035e+02
2.9564751003e-06 1.9512500000e+02 1.9365228271e+02 1.9273139954e+02 8.5347698975e+02
2.9660750442e-06 1.9456250000e+02 1.9411843872e+02 1.9369795227e+02 8.5450677490e+02
2.9756749882e-06 1.9339062500e+02 1.9357308960e+02 1.9299014282e+02 8.5730029297e+02
2.9852749321e-06 1.9425000000e+02 1.9638827515e+02 1.9899012756e+02 8.5845416260e+02
2.9948751035e-06 1.9454687500e+02 1.9223954773e+02 1.8938661194e+02 8.6106079102e+02
3.0044750474e-06 1.9281250000e+02 1.9332693481e+02 1.9241647339e+02 8.6226702881e+02
3.0140749914e-06 1.9426562500e+02 1.9316783142e+02 1.9164587402e+02 8.6486004639e+02
3.0236749353e-06 1.9348437500e+02 1.9254858398e+02 1.9093984985e+02 8.6604418945e+02
3.0332751066e-06 1.9325000000e+02 1.9069735718e+02 1.8547708130e+02 8.6851348877e+02
3.0428750506e-06 1.9431250000e+02 1.9299533081e+02 1.9221611023e+02 8.6983868408e+02
3.0524749945e-06 1.9471875000e+02 1.9500500488e+02 1.9642367554e+02 8.7239361572e+02
3.0620749385e-06 1.9485937500e+02 1.9352572632e+02 1.9362422180e+02 8.7365661621e+02
3.0716751098e-06 1.9185937500e+02 1.9314349365e+02 1.9285461426e+02 8.7619250488e+02
3.0812750538e-06 1.9310937500e+02 1.9200500488e+02 1.9018939209e+02 8.7739971924e+02
3.0908749977e-06 1.9421875000e+02 1.9529350281e+02 1.9794049072e+02 8.8008728027e+02
3.1004749417e-06 1.9304687500e+02 1.9060015869e+02 1.8714189148e+02 8.8108184814e+02
3.1100751130e-06 1.9276562500e+02 1.9323733521e+02 1.9299284363e+02 8.8388739014e+02
3.1196750570e-06 1.9340625000e+02 1.9272712708e+02 1.9230628967e+02 8.8485705566e+02
3.1292750009e-06 1.9343750000e+02 1.9781668091e+02 2.0352778625e+02 8.8788555908e+02
3.1388749449e-06 1.9260937500e+02 1.9219267273e+02 1.9081459045e+02 8.8861096191e+02
3.1484748888e-06 1.9346875000e+02 1.9218193054e+02 1.9119606018e+02 8.9162872314e+02
3.1580750601e-06 1.9404687500e+02 1.9315551758e+02 1.9381559753e+02 8.9240985107e+02
3.1676750041e-06 1.9350000000e+02 1.9530041504e+02 1.9812313843e+02 8.9551519775e+02
3.1772749480e-06 1.9454687500e+02 1.9440702820e+02 1.9606707764e+02 8.9625775146e+02
3.1868748920e-06 1.9217187500e+02 1.9438729858e+02 1.9700794983e+02 8.9936816406e+02
3.1964750633e-06 1.9234375000e+02 1.9346066284e+02 1.9477990723e+02 9.0007128906e+02
3.2060750073e-06 1.9220312500e+02 1.9128633118e+02 1.8994349670e+02 9.0308355713e+02
3.2156749512e-06 1.9420312500e+02 1.9156567383e+02 1.9064886475e+02 9.0380102539e+02
3.2252748952e-06 1.9126562500e+02 1.9129518127e+02 1.8906031799e+02 9.0676318359e+02
3.2348750665e-06 1.9154687500e+02 1.9095854187e+02 1.8956150818e+02 9.0750042725e+02
3.2444750104e-06 1.9190625000e+02 1.9081787109e+02 1.8932341003e+02 9.1045892334e+02
3.2540749544e-06 1.9270312500e+02 1.9261618042e+02 1.9375234985e+02 9.1127642822e+02
3.2636748983e-06 1.9032812500e+02 1.9451815796e+02 1.9816632080e+02 9.1431939697e+02
3.2732750697e-06 1.9304687500e+02 1.9276177979e+02 1.9419422913e+02 9.1506170654e+02
3.2828750136e-06 1.9167187500e+02 1.9174424744e+02 1.9198950195e+02 9.1805065918e+02
3.2924749576e-06 1.9100000000e+02 1.9404434204e+02 1.9727865601e+02 9.1890313721e+02
3.3020746741e-06 1.9017187500e+02 1.9506498718e+02 1.9975392151e+02 9.2193487549e+02
3.3116750728e-06 1.9004687500e+02 1.8975393677e+02 1.8756878662e+02 9.2255529785e+02
3.3212750168e-06 1.9075000000e+02 1.9313700867e+02 1.9460928345e+02 9.2572351074e+02
3.3308747334e-06 1.9248437500e+02 1.9104051208e+02 1.9098394775e+02 9.2626049805e+02
3.3404749047e-06 1.9082812500e+02 1.9176348877e+02 1.9286718750e+02 9.2946655273e+02
3.3500750760e-06 1.9293750000e+02 1.9251075745e+02 1.9461715698e+02 9.3003875732e+02
3.3596747926e-06 1.9232812500e+02 1.9104104614e+02 1.9152421570e+02 9.3317803955e+02
3.3692749639e-06 1.9025000000e+02 1.9188772583e+02 1.9274931335e+02 9.3376318359e+02
3.3788749079e-06 1.9193750000e+02 1.9191864014e+02 1.9385922241e+02 9.3692700195e+02
3.3884750792e-06 1.9328125000e+02 1.8990835571e+02 1.8838774109e+02 9.3740246582e+02
3.3980750231e-06 1.9106250000e+02 1.9154641724e+02 1.9199208069e+02 9.4065045166e+02
3.4076747397e-06 1.9106250000e+02 1.8953976440e+02 1.8800732422e+02 9.4104760742e+02
3.4172749110e-06 1.9106250000e+02 1.8940060425e+02 1.8813169861e+02 9.4428039551e+02
3.4268750824e-06 1.9073437500e+02 1.9296896362e+02 1.9558827209e+02 9.4483691406e+02
3.4364747989e-06 1.8984375000e+02 1.9274676514e+02 1.9667308044e+02 9.4807403564e+02
3.4460749703e-06 1.9059375000e+02 1.9069958496e+02 1.9174078369e+02 9.4854254150e+02
3.4556749142e-06 1.8989062500e+02 1.9152432251e+02 1.9328700256e+02 9.5180841064e+02
3.4652748582e-06 1.8954687500e+02 1.9092408752e+02 1.9255560303e+02 9.5225994873e+02
3.4748750295e-06 1.8896875000e+02 1.9059744263e+02 1.9221356201e+02 9.5550946045e+02
3.4844749734e-06 1.9003125000e+02 1.9038385010e+02 1.9177069092e+02 9.5595184326e+02
3.4940749174e-06 1.8885937500e+02 1.9063482666e+02 1.9256445312e+02 9.5921594238e+02
3.5036750887e-06 1.8918750000e+02 1.9146392822e+02 1.9446504211e+02 9.5969763184e+02
3.5132750327e-06 1.8860937500e+02 1.9003569031e+02 1.9107821655e+02 9.6289520264e+02
3.5228749766e-06 1.8867187500e+02 1.9119711304e+02 1.9418531799e+02 9.6343389893e+02
3.5324749206e-06 1.8865625000e+02 1.9058016968e+02 1.9288691711e+02 9.6659448242e+02
3.5420750919e-06 1.8875000000e+02 1.9072450256e+02 1.9333905029e+02 9.6715124512e+02
3.5516750359e-06 1.8829687500e+02 1.8693765259e+02 1.8445823669e+02 9.7013940430e+02
3.5612749798e-06 1.8862500000e+02 1.9137948608e+02 1.9435673523e+02 9.7088970947e+02
3.5708749238e-06 1.8923437500e+02 1.8938452148e+02 1.9040969849e+02 9.7379620361e+02
3.5804750951e-06 1.8842187500e+02 1.9267184448e+02 1.9751019287e+02 9.7468475342e+02
3.5900750390e-06 1.8982812500e+02 1.9132995605e+02 1.9495291138e+02 9.7753735352e+02
3.5996749830e-06 1.8742187500e+02 1.8952732849e+02 1.9152766418e+02 9.7835595703e+02
3.6092749269e-06 1.8731250000e+02 1.9096244812e+02 1.9495216370e+02 9.8127099609e+02
3.6188750983e-06 1.8753125000e+02 1.9013423157e+02 1.9203684998e+02 9.8204174805e+02
3.6284750422e-06 1.8934375000e+02 1.9013235474e+02 1.9198715210e+02 9.8495294189e+02
3.6380749862e-06 1.8712500000e+02 1.8983132935e+02 1.9259234619e+02 9.8572930908e+02
3.6476749301e-06 1.8628125000e+02 1.8964994812e+02 1.9206562805e+02 9.8862878418e+02
3.6572751014e-06 1.8643750000e+02 1.8827270508e+02 1.8949977112e+02 9.8934906006e+02
3.6668750454e-06 1.8618750000e+02 1.9095153809e+02 1.9541607666e+02 9.9236425781e+02
3.6764749893e-06 1.8784375000e+02 1.8705210876e+02 1.8678958130e+02 9.9291796875e+02
3.6860749333e-06 1.8751562500e+02 1.8744206238e+02 1.8798718262e+02 9.9594976807e+02
3.6956751046e-06 1.8607812500e+02 1.8884675598e+02 1.9054421997e+02 9.9656134033e+02
3.7052750486e-06 1.8706250000e+02 1.8873748779e+02 1.9129780579e+02 9.9959783936e+02
3.7148749925e-06 1.8603125000e+02 1.8749974060e+02 1.8855998230e+02 1.0001541748e+03
3.7244749365e-06 1.8639062500e+02 1.8838078308e+02 1.8986549377e+02 1.0032216797e+03
3.7340751078e-06 1.8762500000e+02 1.8859426880e+02 1.9088433838e+02 1.0037960205e+03
3.7436750517e-06 1.8709375000e+02 1.8986280823e+02 1.9473213196e+02 1.0069257812e+03
3.7532749957e-06 1.8598437500e+02 1.8773942566e+02 1.8886859131e+02 1.0073983154e+03
3.7628749396e-06 1.8626562500e+02 1.9001016235e+02 1.9493742371e+02 1.0106350708e+03
3.7724751110e-06 1.8620312500e+02 1.8941415405e+02 1.9373007202e+02 1.0110856323e+03
3.7820750549e-06 1.8737500000e+02 1.8633909607e+02 1.8668917847e+02 1.0141847534e+03
3.7916749989e-06 1.8432812500e+02 1.8560537720e+02 1.8512571716e+02 1.0146029663e+03
3.8012749428e-06 1.8575000000e+02 1.8834956360e+02 1.8927633667e+02 1.0177911377e+03
3.8108746594e-06 1.8703125000e+02 1.8880883789e+02 1.8966198730e+02 1.0182196045e+03
3.8204748307e-06 1.8596875000e+02 1.9003573608e+02 1.9423188782e+02 1.0214854126e+03
3.8300750020e-06 1.8528125000e+02 1.8848934937e+02 1.9039492798e+02 1.0218441162e+03
3.8396751734e-06 1.8539062500e+02 1.8597056580e+02 1.8688531494e+02 1.0250273438e+03
3.8492748899e-06 1.8421875000e+02 1.8685014343e+02 1.8921118164e+02 1.0254294434e+03
3.8588750613e-06 1.8359375000e+02 1.8699853516e+02 1.8832077026e+02 1.0286027832e+03
3.8684747778e-06 1.8445312500e+02 1.8895002747e+02 1.9185067749e+02 1.0290758057e+03
3.8780749492e-06 1.8334375000e+02 1.8619279480e+02 1.8671612549e+02 1.0321451416e+03
3.8876751205e-06 1.8512500000e+02 1.9230604553e+02 1.9877761841e+02 1.0328519287e+03
3.8972748371e-06 1.7935937500e+02 1.4036253357e+02 9.0242118835e+01 1.0339075928e+03
3.9068750084e-06 1.5870312500e+02 9.1730651855e+01 5.3127582550e+01 1.0339261475e+03
3.9164751797e-06 1.3325000000e+02 9.1835311890e+01 5.3121440887e+01 1.0349849854e+03
3.9260748963e-06 1.0920312500e+02 8.8154327393e+01 5.1128253937e+01 1.0349718018e+03
3.9356750676e-06 9.1703125000e+01 7.2931716919e+01 4.1321201324e+01 1.0358312988e+03
3.9452747842e-06 7.4406250000e+01 5.7901924133e+01 3.1887573242e+01 1.0356164551e+03
3.9548749555e-06 6.0140625000e+01 4.0997360229e+01 2.1771642685e+01 1.0362642822e+03
3.9644751268e-06 4.7250000000e+01 3.2268577576e+01 1.4508227348e+01 1.0358985596e+03
3.9740748434e-06 3.7656250000e+01 2.1588577271e+01 9.3950939178e+00 1.0364443359e+03
3.9836750148e-06 2.9906250000e+01 1.9994827271e+01 7.5075931549e+00 1.0360411377e+03
3.9932751861e-06 2.2281250000e+01 1.5848083496e+01 6.0209484100e+00 1.0365589600e+03
4.0028749027e-06 1.7953125000e+01 1.2593872070e+01 6.0001354218e+00 1.0361561279e+03
4.0124750740e-06 1.3500000000e+01 1.0329910278e+01 5.5115971565e+00 1.0366658936e+03
4.0227150748e-06 1.2500000000e+01 7.9714965820e+00 4.6459522247e+00 1.0362520752e+03
