# epoch total_loss data_loss physics_loss w_data w_physics lr
1.0000000000e+00 1.2118042707e+00 1.0928834677e+00 1.3284336329e+00 4.9513590818e-01 5.0486409141e-01 1.0000000000e-03
2.0000000000e+00 9.1729497910e-01 9.0513515472e-01 9.2921239138e-01 4.9496602824e-01 5.0503397084e-01 1.0000000000e-03
3.0000000000e+00 7.6718771458e-01 7.4766921997e-01 7.8625947237e-01 4.9421153572e-01 5.0578846281e-01 1.0000000000e-03
4.0000000000e+00 6.4951735735e-01 6.1035013199e-01 6.8742382526e-01 4.9182092424e-01 5.0817907366e-01 1.0000000000e-03
5.0000000000e+00 5.2038222551e-01 4.9207895994e-01 5.4757219553e-01 4.8996999214e-01 5.1003000501e-01 1.0000000000e-03
6.0000000000e+00 3.8884037733e-01 3.9184427261e-01 3.8593864441e-01 4.9135263730e-01 5.0864735885e-01 1.0000000000e-03
7.0000000000e+00 2.7532607317e-01 3.0804768205e-01 2.4284768105e-01 4.9813501185e-01 5.0186498286e-01 1.0000000000e-03
8.0000000000e+00 1.9405940175e-01 2.3844490945e-01 1.4785355330e-01 5.1004707426e-01 4.8995291840e-01 1.0000000000e-03
9.0000000000e+00 1.3841445744e-01 1.8047249317e-01 9.1871678829e-02 5.2530869639e-01 4.7469129333e-01 1.0000000000e-03
1.0000000000e+01 9.9033877254e-02 1.3810035586e-01 5.2172336727e-02 5.4535805186e-01 4.5464193363e-01 1.0000000000e-03
1.1000000000e+01 8.8430531323e-02 1.2295817584e-01 4.3653279543e-02 5.6462159509e-01 4.3537838585e-01 1.0000000000e-03
1.2000000000e+01 1.0746048391e-01 1.3373559713e-01 7.2186335921e-02 5.7310423707e-01 4.2689574092e-01 1.0000000000e-03
1.3000000000e+01 1.2562738359e-01 1.4367745817e-01 1.0126134753e-01 5.7445232274e-01 4.2554765337e-01 1.0000000000e-03
1.4000000000e+01 1.3699321449e-01 1.4388969541e-01 1.2785294652e-01 5.6995781218e-01 4.3004216264e-01 1.0000000000e-03
1.5000000000e+01 1.4947819710e-01 1.3838219643e-01 1.6353163123e-01 5.5879702730e-01 4.4120294673e-01 1.0000000000e-03
1.6000000000e+01 1.5691679716e-01 1.2918978930e-01 1.8991504610e-01 5.4340238493e-01 4.5659758855e-01 1.0000000000e-03
1.7000000000e+01 1.4746432006e-01 1.1511468887e-01 1.8359397352e-01 5.2759959095e-01 4.7240038184e-01 1.0000000000e-03
1.8000000000e+01 1.2549802661e-01 9.9009782076e-02 1.5351764858e-01 5.1404716583e-01 4.8595280573e-01 1.0000000000e-03
1.9000000000e+01 1.0508339107e-01 8.5174888372e-02 1.2524203956e-01 5.0312155193e-01 4.9687841772e-01 1.0000000000e-03
2.0000000000e+01 9.0329527855e-02 7.3944158852e-02 1.0631546378e-01 4.9383031627e-01 5.0616965086e-01 1.0000000000e-03
2.1000000000e+01 7.5555473566e-02 6.5126173198e-02 8.5483536124e-02 4.8768896485e-01 5.1231099893e-01 1.0000000000e-03
2.2000000000e+01 6.4331807196e-02 6.3011571765e-02 6.5589748323e-02 4.8791767339e-01 5.1208228624e-01 1.0000000000e-03
2.3000000000e+01 6.3492499292e-02 7.0528239012e-02 5.6607093662e-02 4.9460083342e-01 5.0539912238e-01 1.0000000000e-03
2.4000000000e+01 7.0405252278e-02 8.4139138460e-02 5.6393217295e-02 5.0501246576e-01 4.9498748735e-01 1.0000000000e-03
2.5000000000e+01 7.7313169837e-02 9.7376324236e-02 5.5742308497e-02 5.1810656100e-01 4.8189339026e-01 1.0000000000e-03
2.6000000000e+01 8.1858389080e-02 1.0675382614e-01 5.3452398628e-02 5.3293115558e-01 4.6706879431e-01 1.0000000000e-03
2.7000000000e+01 8.5471026599e-02 1.1190732569e-01 5.3511831909e-02 5.4728880100e-01 4.5271114786e-01 1.0000000000e-03
2.8000000000e+01 8.7490156293e-02 1.1292007565e-01 5.5158559233e-02 5.5974280171e-01 4.4025714632e-01 1.0000000000e-03
2.9000000000e+01 8.5774511099e-02 1.0965882242e-01 5.4014641792e-02 5.7076705196e-01 4.2923289515e-01 1.0000000000e-03
3.0000000000e+01 8.0345958471e-02 1.0267888010e-01 4.9349110574e-02 5.8122979979e-01 4.1877014603e-01 1.0000000000e-03
3.1000000000e+01 7.3604196310e-02 9.3404307961e-02 4.5043896884e-02 5.9057197858e-01 4.0942796543e-01 1.0000000000e-03
3.2000000000e+01 6.7627049983e-02 8.3368964493e-02 4.4326320291e-02 5.9680220156e-01 4.0319774022e-01 1.0000000000e-03
3.3000000000e+01 6.2893562019e-02 7.3757015169e-02 4.6710103750e-02 5.9834782436e-01 4.0165211494e-01 1.0000000000e-03
3.4000000000e+01 5.9543199837e-02 6.5580300987e-02 5.0676722080e-02 5.9492279130e-01 4.0507714547e-01 1.0000000000e-03
3.5000000000e+01 5.8348931372e-02 5.9619843960e-02 5.6544415653e-02 5.8675424895e-01 4.1324568554e-01 1.0000000000e-03
3.6000000000e+01 5.9624355286e-02 5.5876310915e-02 6.4683362842e-02 5.7442625063e-01 4.2557368211e-01 1.0000000000e-03
3.7000000000e+01 6.2220159918e-02 5.3571194410e-02 7.3194220662e-02 5.5924372479e-01 4.4075620679e-01 1.0000000000e-03
3.8000000000e+01 6.4643040299e-02 5.2024140954e-02 7.9626716673e-02 5.4283609982e-01 4.5716383101e-01 1.0000000000e-03
3.9000000000e+01 6.6211923957e-02 5.1126774400e-02 8.2997150719e-02 5.2667154320e-01 4.7332838709e-01 1.0000000000e-03
4.0000000000e+01 6.6359415650e-02 5.0968986005e-02 8.2518838346e-02 5.1218688412e-01 4.8781304564e-01 1.0000000000e-03
4.1000000000e+01 6.4477503300e-02 5.1739178598e-02 7.7270627022e-02 5.0107303452e-01 4.9892689452e-01 1.0000000000e-03
4.2000000000e+01 6.1240669340e-02 5.3835909814e-02 6.8498022854e-02 4.9497306757e-01 5.0502686039e-01 1.0000000000e-03
4.3000000000e+01 5.8154508471e-02 5.7273752987e-02 5.9016890824e-02 4.9472628191e-01 5.0527364465e-01 1.0000000000e-03
4.4000000000e+01 5.5798389018e-02 6.1371777207e-02 5.0219412893e-02 5.0025062226e-01 4.9974930269e-01 1.0000000000e-03
4.5000000000e+01 5.4306104779e-02 6.5615572035e-02 4.2491599917e-02 5.1092048413e-01 4.8907943907e-01 1.0000000000e-03
4.6000000000e+01 5.4271519184e-02 7.0022165775e-02 3.6838099360e-02 5.2535527971e-01 4.7464464182e-01 1.0000000000e-03
4.7000000000e+01 5.5655434728e-02 7.4252836406e-02 3.3681333065e-02 5.4161430484e-01 4.5838561527e-01 1.0000000000e-03
4.8000000000e+01 5.7338077575e-02 7.7307626605e-02 3.2117240131e-02 5.5810191588e-01 4.4189800308e-01 1.0000000000e-03
4.9000000000e+01 5.8444418013e-02 7.8386187553e-02 3.1624477357e-02 5.7354498005e-01 4.2645493793e-01 1.0000000000e-03
5.0000000000e+01 5.8860726655e-02 7.7331602573e-02 3.2662481070e-02 5.8649571391e-01 4.1350420318e-01 1.0000000000e-03
5.1000000000e+01 5.8506090194e-02 7.4244074523e-02 3.5326708108e-02 5.9560514356e-01 4.0439477269e-01 1.0000000000e-03
5.2000000000e+01 5.7226896286e-02 6.9348976016e-02 3.9041891694e-02 6.0002508354e-01 3.9997483186e-01 1.0000000000e-03
5.3000000000e+01 5.5367235094e-02 6.3273124397e-02 4.3545059860e-02 5.9925698262e-01 4.0074293188e-01 1.0000000000e-03
5.4000000000e+01 5.3692020476e-02 5.6956928223e-02 4.8932675272e-02 5.9312025038e-01 4.0687966323e-01 1.0000000000e-03
5.5000000000e+01 5.2682299167e-02 5.1207415760e-02 5.4737061262e-02 5.8214242110e-01 4.1785749170e-01 1.0000000000e-03
5.6000000000e+01 5.2321009338e-02 4.6568632126e-02 5.9874415398e-02 5.6767798589e-01 4.3232192623e-01 1.0000000000e-03
5.7000000000e+01 5.2466142923e-02 4.3498422951e-02 6.3496246934e-02 5.5156494042e-01 4.4843497115e-01 1.0000000000e-03
5.8000000000e+01 5.2899185568e-02 4.2252801359e-02 6.5184578300e-02 5.3573628326e-01 4.6426362784e-01 1.0000000000e-03
5.9000000000e+01 5.3148515522e-02 4.2629193515e-02 6.4631827176e-02 5.2190606710e-01 4.7809384358e-01 1.0000000000e-03
6.0000000000e+01 5.2845280617e-02 4.4206894934e-02 6.1886183918e-02 5.1138348553e-01 4.8861642465e-01 1.0000000000e-03
6.1000000000e+01 5.2069544792e-02 4.6788364649e-02 5.7460155338e-02 5.0512669516e-01 4.9487321440e-01 1.0000000000e-03
6.2000000000e+01 5.1095806062e-02 5.0335988402e-02 5.1867473871e-02 5.0386478717e-01 4.9613512165e-01 1.0000000000e-03
6.3000000000e+01 5.0210341811e-02 5.4600402713e-02 4.5678853989e-02 5.0792665507e-01 4.9207325290e-01 1.0000000000e-03
6.4000000000e+01 4.9712330103e-02 5.8976870030e-02 3.9801992476e-02 5.1683994543e-01 4.8315996162e-01 1.0000000000e-03
6.5000000000e+01 4.9677439034e-02 6.2673039734e-02 3.5065159202e-02 5.2927932743e-01 4.7072057869e-01 1.0000000000e-03
6.6000000000e+01 4.9909375608e-02 6.5020605922e-02 3.1923953444e-02 5.4342127425e-01 4.5657863094e-01 1.0000000000e-03
6.7000000000e+01 5.0148677081e-02 6.5661273897e-02 3.0622396618e-02 5.5727478865e-01 4.4272511563e-01 1.0000000000e-03
6.8000000000e+01 5.0144501030e-02 6.4505837858e-02 3.1188307330e-02 5.6895564599e-01 4.3104425742e-01 1.0000000000e-03
6.9000000000e+01 4.9752779305e-02 6.1701010913e-02 3.3461444080e-02 5.7689763149e-01 4.2310227107e-01 1.0000000000e-03
7.0000000000e+01 4.9085669219e-02 5.7674039155e-02 3.7226475775e-02 5.7998101917e-01 4.2001888259e-01 1.0000000000e-03
7.1000000000e+01 4.8411548138e-02 5.3057789803e-02 4.2053807527e-02 5.7776768558e-01 4.2223221549e-01 1.0000000000e-03
7.2000000000e+01 4.7931928188e-02 4.8497878015e-02 4.7179643065e-02 5.7067980653e-01 4.2932009398e-01 1.0000000000e-03
7.3000000000e+01 4.7727234662e-02 4.4517148286e-02 5.1809933037e-02 5.5982639301e-01 4.4017350707e-01 1.0000000000e-03
7.4000000000e+01 4.7753382474e-02 4.1477411985e-02 5.5322267115e-02 5.4669245743e-01 4.5330744231e-01 1.0000000000e-03
7.5000000000e+01 4.7780301422e-02 3.9617531002e-02 5.7096213102e-02 5.3298691056e-01 4.6701298887e-01 1.0000000000e-03
7.6000000000e+01 4.7533594072e-02 3.9145659655e-02 5.6640788913e-02 5.2055585387e-01 4.7944404518e-01 1.0000000000e-03
7.7000000000e+01 4.6972393990e-02 4.0214184672e-02 5.4039362818e-02 5.1116622799e-01 4.8883367054e-01 1.0000000000e-03
7.8000000000e+01 4.6267900616e-02 4.2722485960e-02 4.9901977181e-02 5.0617400894e-01 4.9382588895e-01 1.0000000000e-03
7.9000000000e+01 4.5642413199e-02 4.6259686351e-02 4.5009542257e-02 5.0624146863e-01 4.9375842850e-01 1.0000000000e-03
8.0000000000e+01 4.5334063470e-02 5.0272513181e-02 4.0169250220e-02 5.1120282313e-01 4.8879707324e-01 1.0000000000e-03
8.1000000000e+01 4.5430555940e-02 5.4118819535e-02 3.6013510078e-02 5.2012627181e-01 4.7987362383e-01 1.0000000000e-03
8.2000000000e+01 4.5736566186e-02 5.7033400983e-02 3.2919753343e-02 5.3151708508e-01 4.6848280987e-01 1.0000000000e-03
8.3000000000e+01 4.5952588320e-02 5.8317888528e-02 3.1231351197e-02 5.4348919247e-01 4.5651070182e-01 1.0000000000e-03
8.4000000000e+01 4.5853503048e-02 5.7643204927e-02 3.1207934022e-02 5.5401642352e-01 4.4598347009e-01 1.0000000000e-03
8.5000000000e+01 4.5371357352e-02 5.5173531175e-02 3.2829351723e-02 5.6130991465e-01 4.3868997823e-01 1.0000000000e-03
8.6000000000e+01 4.4667370617e-02 5.1458552480e-02 3.5878945142e-02 5.6409811367e-01 4.3590177848e-01 1.0000000000e-03
8.7000000000e+01 4.4054500759e-02 4.7208935022e-02 4.0010072291e-02 5.6181518481e-01 4.3818470666e-01 1.0000000000e-03
8.8000000000e+01 4.3788209558e-02 4.3108209968e-02 4.4635497034e-02 5.5476334927e-01 4.4523654165e-01 1.0000000000e-03
8.9000000000e+01 4.3904084712e-02 3.9718069136e-02 4.8900078982e-02 5.4410634932e-01 4.5589354123e-01 1.0000000000e-03
9.0000000000e+01 4.4186837971e-02 3.7428665906e-02 5.1857363433e-02 5.3161566759e-01 4.6838422270e-01 1.0000000000e-03
9.1000000000e+01 4.4297654182e-02 3.6453846842e-02 5.2771665156e-02 5.1930995241e-01 4.8068993764e-01 1.0000000000e-03
9.2000000000e+01 4.4010870159e-02 3.6891166121e-02 5.1396444440e-02 5.0916416543e-01 4.9083572429e-01 1.0000000000e-03
9.3000000000e+01 4.3370723724e-02 3.8753636181e-02 4.8041637987e-02 5.0289722098e-01 4.9710266825e-01 1.0000000000e-03
9.4000000000e+01 4.2666234076e-02 4.1874930263e-02 4.3462876230e-02 5.0167710481e-01 4.9832278377e-01 1.0000000000e-03
9.5000000000e+01 4.2251110077e-02 4.5769046992e-02 3.8651693612e-02 5.0572479359e-01 4.9427509430e-01 1.0000000000e-03
9.6000000000e+01 4.2295187712e-02 4.9647543579e-02 3.4514810890e-02 5.1414251001e-01 4.8585737720e-01 1.0000000000e-03
9.7000000000e+01 4.2666945606e-02 5.2648130804e-02 3.1626239419e-02 5.2520054379e-01 4.7479934284e-01 1.0000000000e-03
9.8000000000e+01 4.3030939996e-02 5.4080795497e-02 3.0223799869e-02 5.3682976721e-01 4.6317011889e-01 1.0000000000e-03
9.9000000000e+01 4.3058551848e-02 5.3568527102e-02 3.0369445682e-02 5.4696596427e-01 4.5303392131e-01 1.0000000000e-03
1.0000000000e+02 4.2644299567e-02 5.1152728498e-02 3.2087456435e-02 5.5372132449e-01 4.4627856052e-01 1.0000000000e-03
1.0100000000e+02 4.1981052607e-02 4.7332532704e-02 3.5289503634e-02 5.5563720995e-01 4.4436267446e-01 1.0000000000e-03
1.0200000000e+02 4.1429623961e-02 4.2930416763e-02 3.9579659700e-02 5.5210399650e-01 4.4789588735e-01 1.0000000000e-03
1.0300000000e+02 4.1278250515e-02 3.8826003671e-02 4.4199712574e-02 5.4365741985e-01 4.5634246356e-01 1.0000000000e-03
1.0400000000e+02 4.1530705988e-02 3.5713572055e-02 4.8140224069e-02 5.3188195934e-01 4.6811792380e-01 1.0000000000e-03
1.0500000000e+02 4.1882134974e-02 3.4009691328e-02 5.0376400352e-02 5.1899624291e-01 4.8100364008e-01 1.0000000000e-03
1.0600000000e+02 4.1949599981e-02 3.3891920000e-02 5.0248607993e-02 5.0737675089e-01 4.9262313191e-01 1.0000000000e-03
1.0700000000e+02 4.1568741202e-02 3.5343356431e-02 4.7773294151e-02 4.9916166536e-01 5.0083821713e-01 1.0000000000e-03
1.0800000000e+02 4.0914118290e-02 3.8161922246e-02 4.3621640652e-02 4.9590758620e-01 5.0409229581e-01 1.0000000000e-03
1.0900000000e+02 4.0377017111e-02 4.1953355074e-02 3.8811609149e-02 4.9826181422e-01 5.0173806721e-01 1.0000000000e-03
1.1000000000e+02 4.0273755789e-02 4.6084556729e-02 3.4327860922e-02 5.0574587461e-01 4.9425400624e-01 1.0000000000e-03
1.1100000000e+02 4.0602896363e-02 4.9673039466e-02 3.0901281163e-02 5.1682000216e-01 4.8317987819e-01 1.0000000000e-03
1.1200000000e+02 4.1051186621e-02 5.1774766296e-02 2.8995513916e-02 5.2923925274e-01 4.7076062720e-01 1.0000000000e-03
1.1300000000e+02 4.1222944856e-02 5.1743272692e-02 2.8847083449e-02 5.4052061052e-01 4.5947926902e-01 1.0000000000e-03
1.1400000000e+02 4.0924798697e-02 4.9519304186e-02 3.0489733443e-02 5.4836067998e-01 4.5163919910e-01 1.0000000000e-03
1.1500000000e+02 4.0309309959e-02 4.5654278249e-02 3.3749572933e-02 5.5102090696e-01 4.4897897162e-01 1.0000000000e-03
1.1600000000e+02 3.9768334478e-02 4.1087880731e-02 3.8170095533e-02 5.4775949841e-01 4.5224037970e-01 1.0000000000e-03
1.1700000000e+02 3.9642509073e-02 3.6823347211e-02 4.2940653861e-02 5.3914891402e-01 4.6085096374e-01 1.0000000000e-03
1.1800000000e+02 3.9946846664e-02 3.3640377223e-02 4.6972315758e-02 5.2696488634e-01 4.7303499124e-01 1.0000000000e-03
1.1900000000e+02 4.0344163775e-02 3.1975977123e-02 4.9182713032e-02 5.1366771911e-01 4.8633215839e-01 1.0000000000e-03
1.2000000000e+02 4.0416270494e-02 3.2002873719e-02 4.8892561346e-02 5.0186173297e-01 4.9813814442e-01 1.0000000000e-03
1.2100000000e+02 4.0008388460e-02 3.3735789359e-02 4.6130180359e-02 4.9391605992e-01 5.0608381721e-01 1.0000000000e-03
1.2200000000e+02 3.9361558855e-02 3.6985766143e-02 4.1658431292e-02 4.9155368513e-01 5.0844619157e-01 1.0000000000e-03
1.2300000000e+02 3.8919415325e-02 4.1226141155e-02 3.6655366421e-02 4.9533275143e-01 5.0466712476e-01 1.0000000000e-03
1.2400000000e+02 3.8969431072e-02 4.5575749129e-02 3.2246813178e-02 5.0436313948e-01 4.9563673624e-01 1.0000000000e-03
1.2500000000e+02 3.9410393685e-02 4.8973791301e-02 2.9190944508e-02 5.1658140311e-01 4.8341847225e-01 1.0000000000e-03
1.2600000000e+02 3.9834626019e-02 5.0483781844e-02 2.7856593952e-02 5.2936484211e-01 4.7063503295e-01 1.0000000000e-03
1.2700000000e+02 3.9854839444e-02 4.9631316215e-02 2.8375681490e-02 5.4005253433e-01 4.5994734040e-01 1.0000000000e-03
1.2800000000e+02 3.9401330054e-02 4.6614758670e-02 3.0714673921e-02 5.4632801888e-01 4.5367185545e-01 1.0000000000e-03
1.2900000000e+02 3.8775838912e-02 4.2237691581e-02 3.4601297230e-02 5.4666429810e-01 4.5333557578e-01 1.0000000000e-03
1.3000000000e+02 3.8423322141e-02 3.7591010332e-02 3.9403624833e-02 5.4082075753e-01 4.5917911597e-01 1.0000000000e-03
1.3100000000e+02 3.8568355143e-02 3.3678941429e-02 4.4083047658e-02 5.3004896421e-01 4.6995090908e-01 1.0000000000e-03
1.3200000000e+02 3.9011180401e-02 3.1186120585e-02 4.7378338873e-02 5.1673900979e-01 4.8326086344e-01 1.0000000000e-03
1.3300000000e+02 3.9289738983e-02 3.0450735241e-02 4.8262372613e-02 5.0375082737e-01 4.9624904584e-01 1.0000000000e-03
1.3400000000e+02 3.9081756026e-02 3.1550183892e-02 4.6429872513e-02 4.9383503807e-01 5.0616483499e-01 1.0000000000e-03
1.3500000000e+02 3.8484975696e-02 3.4343708307e-02 4.2450707406e-02 4.8917315044e-01 5.1082672230e-01 1.0000000000e-03
1.3600000000e+02 3.7936776876e-02 3.8403980434e-02 3.7486359477e-02 4.9086039905e-01 5.0913947323e-01 1.0000000000e-03
1.3700000000e+02 3.7840072066e-02 4.2929392308e-02 3.2781694084e-02 4.9847594498e-01 5.0152392686e-01 1.0000000000e-03
1.3800000000e+02 3.8218222558e-02 4.6814676374e-02 2.9265101999e-02 5.1016200795e-01 4.8983786357e-01 1.0000000000e-03
1.3900000000e+02 3.8700144738e-02 4.8959847540e-02 2.7440717444e-02 5.2322889494e-01 4.7677097633e-01 1.0000000000e-03
1.4000000000e+02 3.8836650550e-02 4.8690643162e-02 2.7508124709e-02 5.3480551214e-01 4.6519435889e-01 1.0000000000e-03
1.4100000000e+02 3.8466759026e-02 4.6051956713e-02 2.9479710385e-02 5.4229534909e-01 4.5770452160e-01 1.0000000000e-03
1.4200000000e+02 3.7848532200e-02 4.1801329702e-02 3.3135820180e-02 5.4384765828e-01 4.5615221199e-01 1.0000000000e-03
1.4300000000e+02 3.7452183664e-02 3.7096023560e-02 3.7868522108e-02 5.3894764325e-01 4.6105222665e-01 1.0000000000e-03
1.4400000000e+02 3.7561044097e-02 3.3048797399e-02 4.2623385787e-02 5.2872651386e-01 4.7127335584e-01 1.0000000000e-03
1.4500000000e+02 3.8010090590e-02 3.0415048823e-02 4.6094566584e-02 5.1560709439e-01 4.8439277527e-01 1.0000000000e-03
1.4600000000e+02 3.8323335350e-02 2.9556928203e-02 4.7180108726e-02 5.0256354112e-01 4.9743632855e-01 1.0000000000e-03
1.4700000000e+02 3.8144607097e-02 3.0569605529e-02 4.5495606959e-02 4.9249586263e-01 5.0750400692e-01 1.0000000000e-03
1.4800000000e+02 3.7562128156e-02 3.3329907805e-02 4.1591662914e-02 4.8773266798e-01 5.1226720126e-01 1.0000000000e-03
1.4900000000e+02 3.7029132247e-02 3.7401251495e-02 3.6672398448e-02 4.8945137299e-01 5.1054849583e-01 1.0000000000e-03
1.5000000000e+02 3.6960713565e-02 4.1941851377e-02 3.2035026699e-02 4.9720212068e-01 5.0279774775e-01 1.0000000000e-03
1.5100000000e+02 3.7363640964e-02 4.5787785202e-02 2.8630334884e-02 5.0900963733e-01 4.9099023081e-01 1.0000000000e-03
1.5200000000e+02 3.7835709751e-02 4.7791033983e-02 2.6962248608e-02 5.2204035116e-01 4.7795951679e-01 1.0000000000e-03
1.5300000000e+02 3.7923656404e-02 4.7292474657e-02 2.7217546478e-02 5.3330760164e-01 4.6669226610e-01 1.0000000000e-03
1.5400000000e+02 3.7508144975e-02 4.4429987669e-02 2.9376799241e-02 5.4017453265e-01 4.5982533477e-01 1.0000000000e-03
1.5500000000e+02 3.6904152483e-02 4.0073435754e-02 3.3170659095e-02 5.4086924473e-01 4.5913062229e-01 1.0000000000e-03
1.5600000000e+02 3.6596566439e-02 3.5442888737e-02 3.7924416363e-02 5.3509114645e-01 4.6490872023e-01 1.0000000000e-03
1.5700000000e+02 3.6807782948e-02 3.1644307077e-02 4.2497951537e-02 5.2426255355e-01 4.7573731298e-01 1.0000000000e-03
1.5800000000e+02 3.7279855460e-02 2.9382027686e-02 4.5534860343e-02 5.1105579134e-01 4.8894407519e-01 1.0000000000e-03
1.5900000000e+02 3.7507686764e-02 2.8959767893e-02 4.6007212251e-02 4.9858023835e-01 5.0141962819e-01 1.0000000000e-03
1.6000000000e+02 3.7212796509e-02 3.0417695642e-02 4.3734718114e-02 4.8974271540e-01 5.1025715100e-01 1.0000000000e-03
1.6100000000e+02 3.6604393274e-02 3.3558309078e-02 3.9492711425e-02 4.8670661728e-01 5.1329324879e-01 1.0000000000e-03
1.6200000000e+02 3.6185335368e-02 3.7830360234e-02 3.4603163600e-02 4.9026364379e-01 5.0973622186e-01 1.0000000000e-03
1.6300000000e+02 3.6288537085e-02 4.2260829359e-02 3.0329240486e-02 4.9945574322e-01 5.0054412210e-01 1.0000000000e-03
1.6400000000e+02 3.6771994084e-02 4.5616444200e-02 2.7496213093e-02 5.1190215361e-01 4.8809771150e-01 1.0000000000e-03
1.6500000000e+02 3.7156172097e-02 4.6822525561e-02 2.6490353048e-02 5.2457864225e-01 4.7542122271e-01 1.0000000000e-03
1.6600000000e+02 3.7058085203e-02 4.5446615666e-02 2.7426742017e-02 5.3448459777e-01 4.6551526697e-01 1.0000000000e-03
1.6700000000e+02 3.6525368690e-02 4.1921947151e-02 3.0211823061e-02 5.3915307991e-01 4.6084678449e-01 1.0000000000e-03
1.6800000000e+02 3.5997401923e-02 3.7345372140e-02 3.4432321787e-02 5.3726698169e-01 4.6273288234e-01 1.0000000000e-03
1.6900000000e+02 3.5914860666e-02 3.2989189029e-02 3.9203934371e-02 5.2923602697e-01 4.7076383680e-01 1.0000000000e-03
1.7000000000e+02 3.6301929504e-02 2.9839493334e-02 4.3223533779e-02 5.1715317565e-01 4.8284668806e-01 1.0000000000e-03
1.7100000000e+02 3.6730218679e-02 2.8417978436e-02 4.5178268105e-02 5.0405120579e-01 4.9594865796e-01 1.0000000000e-03
1.7200000000e+02 3.6729618907e-02 2.8884753585e-02 4.4360365719e-02 4.9308181815e-01 5.0691804557e-01 1.0000000000e-03
1.7300000000e+02 3.6241799593e-02 3.1168283895e-02 4.1056804359e-02 4.8692800324e-01 5.1307186027e-01 1.0000000000e-03
1.7400000000e+02 3.5675466061e-02 3.4920759499e-02 3.6392509937e-02 4.8720330503e-01 5.1279655810e-01 1.0000000000e-03
1.7500000000e+02 3.5517677665e-02 3.9378318936e-02 3.1750947237e-02 4.9384459362e-01 5.0615526914e-01 1.0000000000e-03
1.7600000000e+02 3.5872325301e-02 4.3372239918e-02 2.8219597414e-02 5.0504278652e-01 4.9495707600e-01 1.0000000000e-03
1.7700000000e+02 3.6367084831e-02 4.5652735978e-02 2.6391662657e-02 5.1790600139e-01 4.8209386099e-01 1.0000000000e-03
1.7800000000e+02 3.6507625133e-02 4.5421708375e-02 2.6484454051e-02 5.2928342542e-01 4.7071643682e-01 1.0000000000e-03
1.7900000000e+02 3.6129243672e-02 4.2732592672e-02 2.8490398079e-02 5.3635338711e-01 4.6364647487e-01 1.0000000000e-03
1.8000000000e+02 3.5545542836e-02 3.8471780717e-02 3.2148960978e-02 5.3719464316e-01 4.6280521846e-01 1.0000000000e-03
1.8100000000e+02 3.5266757011e-02 3.3937018365e-02 3.6775123328e-02 5.3146837033e-01 4.6853149099e-01 1.0000000000e-03
1.8200000000e+02 3.5515397787e-02 3.0294582248e-02 4.1187230498e-02 5.2070235276e-01 4.7929750843e-01 1.0000000000e-03
1.8300000000e+02 3.5996254534e-02 2.8252704069e-02 4.3983448297e-02 5.0774369698e-01 4.9225616425e-01 1.0000000000e-03
1.8400000000e+02 3.6182478070e-02 2.8080068529e-02 4.4151324779e-02 4.9584448025e-01 5.0415538101e-01 1.0000000000e-03
1.8500000000e+02 3.5837918520e-02 2.9770975932e-02 4.1619595140e-02 4.8796157812e-01 5.1203828300e-01 1.0000000000e-03
1.8600000000e+02 3.5248212516e-02 3.3078558743e-02 3.7301048636e-02 4.8616561721e-01 5.1383424360e-01 1.0000000000e-03
1.8700000000e+02 3.4941177815e-02 3.7382476032e-02 3.2586447895e-02 4.9097630374e-01 5.0902355669e-01 1.0000000000e-03
1.8800000000e+02 3.5173118114e-02 4.1609235108e-02 2.8709905222e-02 5.0105065556e-01 4.9894920461e-01 1.0000000000e-03
1.8900000000e+02 3.5682860762e-02 4.4454529881e-02 2.6418078691e-02 5.1367013832e-01 4.8632972172e-01 1.0000000000e-03
1.9000000000e+02 3.5950690508e-02 4.4914949685e-02 2.6018029079e-02 5.2562337994e-01 4.7437648000e-01 1.0000000000e-03
1.9100000000e+02 3.5691373050e-02 4.2796764523e-02 2.7552569285e-02 5.3389567409e-01 4.6610418564e-01 1.0000000000e-03
1.9200000000e+02 3.5118740052e-02 3.8826342672e-02 3.0831610784e-02 5.3624466226e-01 4.6375519715e-01 1.0000000000e-03
1.9300000000e+02 3.4750282764e-02 3.4288138151e-02 3.5275451839e-02 5.3191054063e-01 4.6808931846e-01 1.0000000000e-03
1.9400000000e+02 3.4908317029e-02 3.0443251133e-02 3.9785735309e-02 5.2206803585e-01 4.7793182309e-01 1.0000000000e-03
1.9500000000e+02 3.5388145596e-02 2.8110349551e-02 4.2945515364e-02 5.0942214061e-01 4.9057771836e-01 1.0000000000e-03
1.9600000000e+02 3.5657230765e-02 2.7623321861e-02 4.3603647500e-02 4.9726203146e-01 5.0273782757e-01 1.0000000000e-03
1.9700000000e+02 3.5396516323e-02 2.9010415077e-02 4.1499849409e-02 4.8867935710e-01 5.1132050185e-01 1.0000000000e-03
1.9800000000e+02 3.4820485860e-02 3.2071296126e-02 3.7419538945e-02 4.8596325059e-01 5.1403660808e-01 1.0000000000e-03
1.9900000000e+02 3.4461177886e-02 3.6251589656e-02 3.2741602510e-02 4.8991063783e-01 5.1008922047e-01 1.0000000000e-03
2.0000000000e+02 3.4638129175e-02 4.0521353483e-02 2.8769012541e-02 4.9940006702e-01 5.0059979102e-01 1.0000000000e-03
2.0100000000e+02 3.5141967237e-02 4.3552462012e-02 2.6325376704e-02 5.1178662419e-01 4.8821323373e-01 1.0000000000e-03
2.0200000000e+02 3.5448722541e-02 4.4256508350e-02 2.5759881362e-02 5.2381673648e-01 4.7618312137e-01 1.0000000000e-03
2.0300000000e+02 3.5231702030e-02 4.2346756905e-02 2.7131143957e-02 5.3238501999e-01 4.6761483768e-01 1.0000000000e-03
2.0400000000e+02 3.4673631191e-02 3.8499843329e-02 3.0269119889e-02 5.3513083988e-01 4.6486901748e-01 1.0000000000e-03
2.0500000000e+02 3.4295111895e-02 3.4007094800e-02 3.4621436149e-02 5.3117016416e-01 4.6882969289e-01 1.0000000000e-03
2.0600000000e+02 3.4441195428e-02 3.0166702345e-02 3.9101753384e-02 5.2160355994e-01 4.7839629697e-01 1.0000000000e-03
2.0700000000e+02 3.4919433296e-02 2.7827026322e-02 4.2275920510e-02 5.0913771553e-01 4.9086214142e-01 1.0000000000e-03
2.0800000000e+02 3.5191953182e-02 2.7329891920e-02 4.2963471264e-02 4.9710369990e-01 5.0289615714e-01 1.0000000000e-03
2.0900000000e+02 3.4934416413e-02 2.8702324256e-02 4.0889561176e-02 4.8863710417e-01 5.1136275279e-01 1.0000000000e-03
2.1000000000e+02 3.4368075430e-02 3.1745936722e-02 3.6847922951e-02 4.8605440527e-01 5.1394545142e-01 1.0000000000e-03
2.1100000000e+02 3.4032255411e-02 3.5902157426e-02 3.2234679908e-02 4.9014021600e-01 5.0985964035e-01 1.0000000000e-03
2.1200000000e+02 3.4234426916e-02 4.0115498006e-02 2.8360191733e-02 4.9970974763e-01 5.0029010848e-01 1.0000000000e-03
2.1300000000e+02 3.4739151597e-02 4.3028019369e-02 2.6041401550e-02 5.1203553541e-01 4.8796432061e-01 1.0000000000e-03
2.1400000000e+02 3.5012718290e-02 4.3558582664e-02 2.5612473488e-02 5.2380424048e-01 4.7619561548e-01 1.0000000000e-03
2.1500000000e+02 3.4757114947e-02 4.1481208056e-02 2.7116753161e-02 5.3189383810e-01 4.6810601769e-01 1.0000000000e-03
2.1600000000e+02 3.4202121198e-02 3.7556145340e-02 3.0358629301e-02 5.3400337858e-01 4.6599647691e-01 1.0000000000e-03
2.1700000000e+02 3.3882495016e-02 3.3126432449e-02 3.4733101726e-02 5.2941921367e-01 4.7058064153e-01 1.0000000000e-03
2.1800000000e+02 3.4094087780e-02 2.9476173222e-02 3.9086211473e-02 5.1946904216e-01 4.8053081293e-01 1.0000000000e-03
2.1900000000e+02 3.4574922174e-02 2.7395073324e-02 4.1959334165e-02 5.0702225101e-01 4.9297760416e-01 1.0000000000e-03
2.2000000000e+02 3.4777164459e-02 2.7171272784e-02 4.2246244848e-02 4.9546183016e-01 5.0453802508e-01 1.0000000000e-03
2.2100000000e+02 3.4448109567e-02 2.8800651431e-02 3.9828300476e-02 4.8788138673e-01 5.1211846842e-01 1.0000000000e-03
2.2200000000e+02 3.3893339336e-02 3.2045759261e-02 3.5643327981e-02 4.8643581956e-01 5.1356403530e-01 1.0000000000e-03
2.2300000000e+02 3.3656500280e-02 3.6266002804e-02 3.1133238226e-02 4.9159996135e-01 5.0839989318e-01 1.0000000000e-03
2.2400000000e+02 3.3953104168e-02 4.0305044502e-02 2.7554379776e-02 5.0183486724e-01 4.9816498711e-01 1.0000000000e-03
2.2500000000e+02 3.4449063241e-02 4.2780138552e-02 2.5631500408e-02 5.1418479288e-01 4.8581506141e-01 1.0000000000e-03
2.2600000000e+02 3.4611843526e-02 4.2731866241e-02 2.5627102703e-02 5.2527729152e-01 4.7472256271e-01 1.0000000000e-03
2.2700000000e+02 3.4252688289e-02 4.0158972144e-02 2.7536764741e-02 5.3207230271e-01 4.6792755133e-01 1.0000000000e-03
2.2800000000e+02 3.3716775477e-02 3.6023560911e-02 3.1088836491e-02 5.3254152707e-01 4.6745832667e-01 1.0000000000e-03
2.2900000000e+02 3.3535711467e-02 3.1734012067e-02 3.5538762808e-02 5.2645951407e-01 4.7354033943e-01 1.0000000000e-03
2.3000000000e+02 3.3867739141e-02 2.8487948701e-02 3.9595343173e-02 5.1565634631e-01 4.8434350715e-01 1.0000000000e-03
2.3100000000e+02 3.4318171442e-02 2.6930725202e-02 4.1802946478e-02 5.0327197557e-01 4.9672787799e-01 1.0000000000e-03
2.3200000000e+02 3.4364935011e-02 2.7249431238e-02 4.1275944561e-02 4.9271023270e-01 5.0728962092e-01 1.0000000000e-03
2.3300000000e+02 3.3921029419e-02 2.9380811378e-02 3.8229346275e-02 4.8689541195e-01 5.1310444152e-01 1.0000000000e-03
2.3400000000e+02 3.3424966037e-02 3.2990664244e-02 3.3838212490e-02 4.8757174509e-01 5.1242810807e-01 1.0000000000e-03
2.3500000000e+02 3.3373806626e-02 3.7265174091e-02 2.9565988109e-02 4.9457473887e-01 5.0542511400e-01 1.0000000000e-03
2.3600000000e+02 3.3794529736e-02 4.0895923972e-02 2.6527246460e-02 5.0577284918e-01 4.9422700358e-01 1.0000000000e-03
2.3700000000e+02 3.4219637513e-02 4.2542517185e-02 2.5277871639e-02 5.1792376687e-01 4.8207608587e-01 1.0000000000e-03
2.3800000000e+02 3.4183401614e-02 4.1534140706e-02 2.5971826166e-02 5.2765800254e-01 4.7234185011e-01 1.0000000000e-03
2.3900000000e+02 3.3703278750e-02 3.8258332759e-02 2.8521524742e-02 5.3218242191e-01 4.6781743050e-01 1.0000000000e-03
2.4000000000e+02 3.3263418823e-02 3.3941332251e-02 3.2498821616e-02 5.3004974344e-01 4.6995010867e-01 1.0000000000e-03
2.4100000000e+02 3.3307984471e-02 2.9996316880e-02 3.6922615021e-02 5.2186962142e-01 4.7813023054e-01 1.0000000000e-03
2.4200000000e+02 3.3754073083e-02 2.7424456552e-02 4.0345992893e-02 5.1014934163e-01 4.8985051038e-01 1.0000000000e-03
2.4300000000e+02 3.4076418728e-02 2.6659617200e-02 4.1442409158e-02 4.9828098608e-01 5.0171886605e-01 1.0000000000e-03
2.4400000000e+02 3.3886969090e-02 2.7769299224e-02 3.9754819125e-02 4.8957788960e-01 5.1042196250e-01 1.0000000000e-03
2.4500000000e+02 3.3358488232e-02 3.0594579875e-02 3.5977885127e-02 4.8657690167e-01 5.1342295020e-01 1.0000000000e-03
2.4600000000e+02 3.3034425229e-02 3.4608148038e-02 3.1520891935e-02 4.9025347013e-01 5.0974638144e-01 1.0000000000e-03
2.4700000000e+02 3.3239334822e-02 3.8728281856e-02 2.7761923149e-02 4.9947471151e-01 5.0052513986e-01 1.0000000000e-03
2.4800000000e+02 3.3727880567e-02 4.1525911540e-02 2.5565251708e-02 5.1142198676e-01 4.8857786457e-01 1.0000000000e-03
2.4900000000e+02 3.3955365419e-02 4.1887354106e-02 2.5270603597e-02 5.2265117236e-01 4.7734867895e-01 1.0000000000e-03
2.5000000000e+02 3.3660467714e-02 3.9649304003e-02 2.6908263564e-02 5.2995749004e-01 4.7004236111e-01 1.0000000000e-03
2.5100000000e+02 3.3140055835e-02 3.5697333515e-02 3.0243594199e-02 5.3109705477e-01 4.6890279609e-01 1.0000000000e-03
2.5200000000e+02 3.2936349511e-02 3.1461596489e-02 3.4570492804e-02 5.2563326216e-01 4.7436658848e-01 1.0000000000e-03
2.5300000000e+02 3.3244375139e-02 2.8202787042e-02 3.8603946567e-02 5.1528541527e-01 4.8471443533e-01 1.0000000000e-03
2.5400000000e+02 3.3686175942e-02 2.6613250375e-02 4.0850374848e-02 5.0320516361e-01 4.9679468711e-01 1.0000000000e-03
2.5500000000e+02 3.3734466881e-02 2.6899252087e-02 4.0377438068e-02 4.9286766072e-01 5.0713219006e-01 1.0000000000e-03
2.5600000000e+02 3.3303044736e-02 2.9004873708e-02 3.7387762219e-02 4.8726777187e-01 5.1273207878e-01 1.0000000000e-03
2.5700000000e+02 3.2840151340e-02 3.2588664442e-02 3.3080019057e-02 4.8816687074e-01 5.1183297962e-01 1.0000000000e-03
2.5800000000e+02 3.2831549644e-02 3.6792989820e-02 2.8943581507e-02 4.9532052632e-01 5.0467932378e-01 1.0000000000e-03
2.5900000000e+02 3.3263199031e-02 4.0249984711e-02 2.6093594730e-02 5.0645746228e-01 4.9354238774e-01 1.0000000000e-03
2.6000000000e+02 3.3640503883e-02 4.1614521295e-02 2.5063266978e-02 5.1822307692e-01 4.8177677311e-01 1.0000000000e-03
2.6100000000e+02 3.3534266055e-02 4.0305856615e-02 2.5983437896e-02 5.2720372517e-01 4.7279612477e-01 1.0000000000e-03
2.6200000000e+02 3.3043392003e-02 3.6857359111e-02 2.8730820864e-02 5.3067846815e-01 4.6932138154e-01 1.0000000000e-03
2.6300000000e+02 3.2689269632e-02 3.2600879669e-02 3.2787948847e-02 5.2746757003e-01 4.7253227941e-01 1.0000000000e-03
2.6400000000e+02 3.2842382789e-02 2.8940878808e-02 3.7045050412e-02 5.1857997325e-01 4.8141987609e-01 1.0000000000e-03
2.6500000000e+02 3.3297061920e-02 2.6783978567e-02 3.9990633726e-02 5.0683299063e-01 4.9316685880e-01 1.0000000000e-03
2.6600000000e+02 3.3502988517e-02 2.6473931968e-02 4.0413014591e-02 4.9572980304e-01 5.0427004649e-01 1.0000000000e-03
2.6700000000e+02 3.3195402473e-02 2.8026843444e-02 3.8131952286e-02 4.8851980546e-01 5.1148004400e-01 1.0000000000e-03
2.6800000000e+02 3.2692741603e-02 3.1208150089e-02 3.4104641527e-02 4.8745041779e-01 5.1254943142e-01 1.0000000000e-03
2.6900000000e+02 3.2536342740e-02 3.5321641713e-02 2.9828818515e-02 4.9292085840e-01 5.0707899054e-01 1.0000000000e-03
2.7000000000e+02 3.2879509032e-02 3.9095021784e-02 2.6585144922e-02 5.0315209260e-01 4.9684775622e-01 1.0000000000e-03
2.7100000000e+02 3.3316884190e-02 4.1086260229e-02 2.5068825111e-02 5.1494284815e-01 4.8505700067e-01 1.0000000000e-03
2.7200000000e+02 3.3343985677e-02 4.0449183434e-02 2.5497658178e-02 5.2478459749e-01 4.7521525128e-01 1.0000000000e-03
2.7300000000e+02 3.2915059477e-02 3.7445273250e-02 2.7812957764e-02 5.2968628264e-01 4.7031356593e-01 1.0000000000e-03
2.7400000000e+02 3.2493490726e-02 3.3285561949e-02 3.1607419252e-02 5.2801065433e-01 4.7198919397e-01 1.0000000000e-03
2.7500000000e+02 3.2535452396e-02 2.9436510056e-02 3.5896230489e-02 5.2026587355e-01 4.7973397462e-01 1.0000000000e-03
2.7600000000e+02 3.2962754369e-02 2.6948107406e-02 3.9197403938e-02 5.0897992420e-01 4.9101992403e-01 1.0000000000e-03
2.7700000000e+02 3.3248502761e-02 2.6271861047e-02 4.0159318596e-02 4.9762941119e-01 5.0237043717e-01 1.0000000000e-03
2.7800000000e+02 3.3032380044e-02 2.7475126088e-02 3.8363128901e-02 4.8959771267e-01 5.1040213566e-01 1.0000000000e-03
2.7900000000e+02 3.2535240054e-02 3.0378390104e-02 3.4586064517e-02 4.8739949063e-01 5.1260035747e-01 1.0000000000e-03
2.8000000000e+02 3.2303545624e-02 3.4374907613e-02 3.0298950151e-02 4.9181069644e-01 5.0818915140e-01 1.0000000000e-03
2.8100000000e+02 3.2581262290e-02 3.8259394467e-02 2.6871901006e-02 5.0137156999e-01 4.9862827770e-01 1.0000000000e-03
2.8200000000e+02 3.3030834049e-02 4.0555559099e-02 2.5104371831e-02 5.1300047389e-01 4.8699937381e-01 1.0000000000e-03
2.8300000000e+02 3.3124469221e-02 4.0281582624e-02 2.5272492319e-02 5.2314828693e-01 4.7685156074e-01 1.0000000000e-03
2.8400000000e+02 3.2741520554e-02 3.7547100335e-02 2.7350911871e-02 5.2868899691e-01 4.7131085058e-01 1.0000000000e-03
2.8500000000e+02 3.2303128392e-02 3.3487051725e-02 3.0980002135e-02 5.2776453167e-01 4.7223531557e-01 1.0000000000e-03
2.8600000000e+02 3.2295055687e-02 2.9590178281e-02 3.5232819617e-02 5.2063572621e-01 4.7936412087e-01 1.0000000000e-03
2.8700000000e+02 3.2698437572e-02 2.6977881789e-02 3.8644943386e-02 5.0968266294e-01 4.9031718420e-01 1.0000000000e-03
2.8800000000e+02 3.3007141203e-02 2.6158006862e-02 3.9811670780e-02 4.9836595147e-01 5.0163389580e-01 1.0000000000e-03
2.8900000000e+02 3.2829113305e-02 2.7222981676e-02 3.8218181580e-02 4.9012852137e-01 5.0987132588e-01 1.0000000000e-03
2.9000000000e+02 3.2346334308e-02 3.0011199415e-02 3.4568350762e-02 4.8758733819e-01 5.1241250886e-01 1.0000000000e-03
2.9100000000e+02 3.2099999487e-02 3.3939197659e-02 3.0321279541e-02 4.9164363758e-01 5.0835620920e-01 1.0000000000e-03
2.9200000000e+02 3.2357156277e-02 3.7814103067e-02 2.6879876852e-02 5.0092999408e-01 4.9906985257e-01 1.0000000000e-03
2.9300000000e+02 3.2798960805e-02 4.0146365762e-02 2.5078237057e-02 5.1238793998e-01 4.8761190667e-01 1.0000000000e-03
2.9400000000e+02 3.2897830009e-02 3.9924319834e-02 2.5210903957e-02 5.2244365205e-01 4.7755619458e-01 1.0000000000e-03
2.9500000000e+02 3.2525956631e-02 3.7237629294e-02 2.7256608009e-02 5.2793719504e-01 4.7206265143e-01 1.0000000000e-03
2.9600000000e+02 3.2100901008e-02 3.3222913742e-02 3.0850831419e-02 5.2699452384e-01 4.7300532237e-01 1.0000000000e-03
2.9700000000e+02 3.2102972269e-02 2.9378771782e-02 3.5052917898e-02 5.1989183815e-01 4.8010800791e-01 1.0000000000e-03
2.9800000000e+02 3.2502416521e-02 2.6829695329e-02 3.8384143263e-02 5.0904375536e-01 4.9095609077e-01 1.0000000000e-03
2.9900000000e+02 3.2790906727e-02 2.6079269126e-02 3.9447452873e-02 4.9793881485e-01 5.0206103141e-01 1.0000000000e-03
3.0000000000e+02 3.2595794648e-02 2.7213735506e-02 3.7767305970e-02 4.9002442729e-01 5.0997541895e-01 1.0000000000e-03
3.0100000000e+02 3.2124638557e-02 3.0055979267e-02 3.4095339477e-02 4.8787367081e-01 5.1212617522e-01 1.0000000000e-03
3.0200000000e+02 3.1916104257e-02 3.3981446177e-02 2.9913665727e-02 4.9226946570e-01 5.0773038007e-01 1.0000000000e-03
3.0300000000e+02 3.2198436558e-02 3.7749886513e-02 2.6609167457e-02 5.0169763962e-01 4.9830220604e-01 1.0000000000e-03
3.0400000000e+02 3.2618839294e-02 3.9869979024e-02 2.4980340153e-02 5.1300787048e-01 4.8699197519e-01 1.0000000000e-03
3.0500000000e+02 3.2666973770e-02 3.9401382208e-02 2.5294682011e-02 5.2260936025e-01 4.7739048540e-01 1.0000000000e-03
3.0600000000e+02 3.2273620367e-02 3.6547701806e-02 2.7503795922e-02 5.2740828605e-01 4.7259155942e-01 1.0000000000e-03
3.0700000000e+02 3.1890738755e-02 3.2526958734e-02 3.1185524538e-02 5.2572017421e-01 4.7427967102e-01 1.0000000000e-03
3.0800000000e+02 3.1957808882e-02 2.8835359961e-02 3.5314798355e-02 5.1809793746e-01 4.8190190766e-01 1.0000000000e-03
3.0900000000e+02 3.2366562635e-02 2.6532178745e-02 3.8370672613e-02 5.0716797272e-01 4.9283187247e-01 1.0000000000e-03
3.1000000000e+02 3.2590810210e-02 2.6056347415e-02 3.9033982903e-02 4.9648222658e-01 5.0351761873e-01 1.0000000000e-03
3.1100000000e+02 3.2332174480e-02 2.7457363904e-02 3.7005122751e-02 4.8942832672e-01 5.1057151856e-01 1.0000000000e-03
3.1200000000e+02 3.1880818307e-02 3.0504101887e-02 3.3194977790e-02 4.8837330852e-01 5.1162653653e-01 1.0000000000e-03
3.1300000000e+02 3.1762626022e-02 3.4462332726e-02 2.9129810631e-02 4.9372872144e-01 5.0627112338e-01 1.0000000000e-03
3.1400000000e+02 3.2101973891e-02 3.7994496524e-02 2.6123680174e-02 5.0361282221e-01 4.9638702253e-01 1.0000000000e-03
3.1500000000e+02 3.2473258674e-02 3.9640694857e-02 2.4871673435e-02 5.1469818930e-01 4.8530165546e-01 1.0000000000e-03
3.1600000000e+02 3.2418139279e-02 3.8650505245e-02 2.5573546067e-02 5.2340909463e-01 4.7659075008e-01 1.0000000000e-03
3.1700000000e+02 3.1991112977e-02 3.5469006747e-02 2.8118537739e-02 5.2684797892e-01 4.7315186559e-01 1.0000000000e-03
3.1800000000e+02 3.1694114208e-02 3.1448543072e-02 3.1964201480e-02 5.2375658427e-01 4.7624326002e-01 1.0000000000e-03
3.1900000000e+02 3.1869892031e-02 2.8044477105e-02 3.5935424268e-02 5.1521417992e-01 4.8478566432e-01 1.0000000000e-03
3.2000000000e+02 3.2274767756e-02 2.6177091524e-02 3.8475312293e-02 5.0418172433e-01 4.9581812002e-01 1.0000000000e-03
3.2100000000e+02 3.2381284982e-02 2.6173071936e-02 3.8448717445e-02 4.9426547568e-01 5.0573436875e-01 1.0000000000e-03
3.2200000000e+02 3.2034207135e-02 2.8018238023e-02 3.5872556269e-02 4.8869224681e-01 5.1130759753e-01 1.0000000000e-03
3.2300000000e+02 3.1639762223e-02 3.1372334808e-02 3.1896103173e-02 4.8940908882e-01 5.1059075529e-01 1.0000000000e-03
3.2400000000e+02 3.1664393842e-02 3.5318143666e-02 2.8065931052e-02 4.9618901873e-01 5.0381082519e-01 1.0000000000e-03
3.2500000000e+02 3.2060582191e-02 3.8404069841e-02 2.5546805933e-02 5.0662256081e-01 4.9337728307e-01 1.0000000000e-03
3.2600000000e+02 3.2328840345e-02 3.9287935942e-02 2.4874130264e-02 5.1719263739e-01 4.8280720652e-01 1.0000000000e-03
3.2700000000e+02 3.2130867243e-02 3.7553548813e-02 2.6151239872e-02 5.2442269864e-01 4.7557714518e-01 1.0000000000e-03
3.2800000000e+02 3.1697385013e-02 3.3988658339e-02 2.9156737030e-02 5.2580644849e-01 4.7419339512e-01 1.0000000000e-03
3.2900000000e+02 3.1548138708e-02 3.0074931681e-02 3.3149208874e-02 5.2079454346e-01 4.7920529997e-01 1.0000000000e-03
3.3000000000e+02 3.1847342849e-02 2.7146188542e-02 3.6763764918e-02 5.1119076438e-01 4.8880907906e-01 1.0000000000e-03
3.3100000000e+02 3.2193332911e-02 2.5912631303e-02 3.8481891155e-02 5.0031210947e-01 4.9968773409e-01 1.0000000000e-03
3.3200000000e+02 3.2127503306e-02 2.6564324275e-02 3.7509862334e-02 4.9173959123e-01 5.0826025237e-01 1.0000000000e-03
3.3300000000e+02 3.1710967422e-02 2.8991047293e-02 3.4307207912e-02 4.8836633012e-01 5.1163351333e-01 1.0000000000e-03
3.3400000000e+02 3.1445436180e-02 3.2662756741e-02 3.0269138515e-02 4.9143144171e-01 5.0856840150e-01 1.0000000000e-03
3.3500000000e+02 3.1645510346e-02 3.6418378353e-02 2.6875963435e-02 4.9982641480e-01 5.0017342828e-01 1.0000000000e-03
3.3600000000e+02 3.2046131790e-02 3.8745027035e-02 2.5057898834e-02 5.1056986141e-01 4.8942998170e-01 1.0000000000e-03
3.3700000000e+02 3.2137673348e-02 3.8578368723e-02 2.5159152225e-02 5.2003980210e-01 4.7996004101e-01 1.0000000000e-03
3.3800000000e+02 3.1796939671e-02 3.5990133882e-02 2.7161886916e-02 5.2502549178e-01 4.7497435118e-01 1.0000000000e-03
3.3900000000e+02 3.1437002122e-02 3.2144486904e-02 3.0659107491e-02 5.2370549369e-01 4.7629434905e-01 1.0000000000e-03
3.4000000000e+02 3.1494241208e-02 2.8560981154e-02 3.4628145397e-02 5.1653413949e-01 4.8346570315e-01 1.0000000000e-03
3.4100000000e+02 3.1872738153e-02 2.6337431744e-02 3.7544980645e-02 5.0610870463e-01 4.9389113810e-01 1.0000000000e-03
3.4200000000e+02 3.2065555453e-02 2.5932079181e-02 3.8101572543e-02 4.9599540760e-01 5.0400443523e-01 1.0000000000e-03
3.4300000000e+02 3.1805999577e-02 2.7395388111e-02 3.6036621779e-02 4.8958444598e-01 5.1041539680e-01 1.0000000000e-03
3.4400000000e+02 3.1404774636e-02 3.0457543209e-02 3.2311778516e-02 4.8914897012e-01 5.1085087245e-01 1.0000000000e-03
3.4500000000e+02 3.1353890896e-02 3.4297972918e-02 2.8469540179e-02 4.9487693812e-01 5.0512290426e-01 1.0000000000e-03
3.4600000000e+02 3.1702294946e-02 3.7513308227e-02 2.5782041252e-02 5.0465631940e-01 4.9534352295e-01 1.0000000000e-03
3.4700000000e+02 3.1996380538e-02 3.8693960756e-02 2.4883035570e-02 5.1505225202e-01 4.8494759036e-01 1.0000000000e-03
3.4800000000e+02 3.1856246293e-02 3.7274822593e-02 2.5926437229e-02 5.2252499150e-01 4.7747485082e-01 1.0000000000e-03
3.4900000000e+02 3.1449321657e-02 3.3919557929e-02 2.8725434095e-02 5.2441816532e-01 4.7558167681e-01 1.0000000000e-03
3.5000000000e+02 3.1280092895e-02 3.0083226040e-02 3.2576635480e-02 5.1998670264e-01 4.8001313931e-01 1.0000000000e-03
3.5100000000e+02 3.1546607614e-02 2.7144156396e-02 3.6144878715e-02 5.1087721857e-01 4.8912262339e-01 1.0000000000e-03
3.5200000000e+02 3.1881131232e-02 2.5862663984e-02 3.7907924503e-02 5.0034527727e-01 4.9965456481e-01 1.0000000000e-03
3.5300000000e+02 3.1830105931e-02 2.6456579566e-02 3.7034001201e-02 4.9198082892e-01 5.0801901321e-01 1.0000000000e-03
3.5400000000e+02 3.1440719962e-02 2.8819669038e-02 3.3945918083e-02 4.8869909249e-01 5.1130074949e-01 1.0000000000e-03
3.5500000000e+02 3.1197676435e-02 3.2407052815e-02 3.0027642846e-02 4.9173469393e-01 5.0826514784e-01 1.0000000000e-03
3.5600000000e+02 3.1398400664e-02 3.6039110273e-02 2.6758622378e-02 4.9995040566e-01 5.0004943601e-01 1.0000000000e-03
3.5700000000e+02 3.1771384180e-02 3.8208469748e-02 2.5062333792e-02 5.1034414091e-01 4.8965570078e-01 1.0000000000e-03
3.5800000000e+02 3.1829245389e-02 3.7895698100e-02 2.5275703520e-02 5.1929841020e-01 4.8070143150e-01 1.0000000000e-03
3.5900000000e+02 3.1490035355e-02 3.5243798047e-02 2.7363348752e-02 5.2366213025e-01 4.7633771130e-01 1.0000000000e-03
3.6000000000e+02 3.1179446727e-02 3.1471654773e-02 3.0860625207e-02 5.2178604807e-01 4.7821379328e-01 1.0000000000e-03
3.6100000000e+02 3.1284805387e-02 2.8087817132e-02 3.4670908004e-02 5.1436267466e-01 4.8563716662e-01 1.0000000000e-03
3.6200000000e+02 3.1647119671e-02 2.6125894859e-02 3.7260625511e-02 5.0414319995e-01 4.9585664143e-01 1.0000000000e-03
3.6300000000e+02 3.1770471483e-02 2.5991160423e-02 3.7428814918e-02 4.9471148234e-01 5.0528835913e-01 1.0000000000e-03
3.6400000000e+02 3.1475521624e-02 2.7697872370e-02 3.5095605999e-02 4.8934980006e-01 5.1065004135e-01 1.0000000000e-03
3.6500000000e+02 3.1131245196e-02 3.0892148614e-02 3.1361006200e-02 4.9003823872e-01 5.0996160247e-01 1.0000000000e-03
3.6600000000e+02 3.1172037125e-02 3.4622885287e-02 2.7768805623e-02 4.9652718838e-01 5.0347265267e-01 1.0000000000e-03
3.6700000000e+02 3.1530983746e-02 3.7429600954e-02 2.5480100885e-02 5.0637180288e-01 4.9362803817e-01 1.0000000000e-03
3.6800000000e+02 3.1731218100e-02 3.8024030626e-02 2.5021096691e-02 5.1604701502e-01 4.8395282606e-01 1.0000000000e-03
3.6900000000e+02 3.1505670398e-02 3.6107353866e-02 2.6477683336e-02 5.2213557330e-01 4.7786426770e-01 1.0000000000e-03
3.7000000000e+02 3.1139284372e-02 3.2592464238e-02 2.9549993575e-02 5.2236998816e-01 4.7762985264e-01 1.0000000000e-03
3.7100000000e+02 3.1099518761e-02 2.8990542516e-02 3.3353656530e-02 5.1663376778e-01 4.8336607290e-01 1.0000000000e-03
3.7200000000e+02 3.1420160085e-02 2.6538856328e-02 3.6442264915e-02 5.0710818022e-01 4.9289166052e-01 1.0000000000e-03
3.7300000000e+02 3.1655158848e-02 2.5829082355e-02 3.7417195737e-02 4.9723625272e-01 5.0276358813e-01 1.0000000000e-03
3.7400000000e+02 3.1475476921e-02 2.6980819181e-02 3.5802312195e-02 4.9048725183e-01 5.0951258901e-01 1.0000000000e-03
3.7500000000e+02 3.1103409827e-02 2.9766816646e-02 3.2384175807e-02 4.8933287343e-01 5.1066696723e-01 1.0000000000e-03
3.7600000000e+02 3.1016618013e-02 3.3421728760e-02 2.8666405007e-02 4.9422907225e-01 5.0577076824e-01 1.0000000000e-03
3.7700000000e+02 3.1316351146e-02 3.6590069532e-02 2.5972748175e-02 5.0329148430e-01 4.9670835616e-01 1.0000000000e-03
3.7800000000e+02 3.1596772373e-02 3.7852469832e-02 2.5002231821e-02 5.1318450353e-01 4.8681533697e-01 1.0000000000e-03
3.7900000000e+02 3.1482186168e-02 3.6583986133e-02 2.5947017595e-02 5.2037139949e-01 4.7962844097e-01 1.0000000000e-03
3.8000000000e+02 3.1116355211e-02 3.3401448280e-02 2.8619026765e-02 5.2218976914e-01 4.7781007115e-01 1.0000000000e-03
3.8100000000e+02 3.0973138288e-02 2.9741954058e-02 3.2295826823e-02 5.1791246397e-01 4.8208737618e-01 1.0000000000e-03
3.8200000000e+02 3.1227339059e-02 2.6969118044e-02 3.5645086318e-02 5.0919309561e-01 4.9080674455e-01 1.0000000000e-03
3.8300000000e+02 3.1518138945e-02 2.5834651664e-02 3.7185031921e-02 4.9926835488e-01 5.0073148540e-01 1.0000000000e-03
3.8400000000e+02 3.1438052654e-02 2.6554329321e-02 3.6161955446e-02 4.9168191820e-01 5.0831792211e-01 1.0000000000e-03
3.8500000000e+02 3.1079877168e-02 2.8984721750e-02 3.3086519688e-02 4.8920961389e-01 5.1079022627e-01 1.0000000000e-03
3.8600000000e+02 3.0909266323e-02 3.2493270934e-02 2.9370162636e-02 4.9281283974e-01 5.0718700024e-01 1.0000000000e-03
3.8700000000e+02 3.1141623855e-02 3.5834748298e-02 2.6428086683e-02 5.0108554051e-01 4.9891429942e-01 1.0000000000e-03
3.8800000000e+02 3.1455773860e-02 3.7542421371e-02 2.5097571313e-02 5.1091060677e-01 4.8908923320e-01 1.0000000000e-03
3.8900000000e+02 3.1426437199e-02 3.6775097251e-02 2.5661712512e-02 5.1871924244e-01 4.8128059751e-01 1.0000000000e-03
3.9000000000e+02 3.1086597592e-02 3.3911038190e-02 2.8006931767e-02 5.2161499345e-01 4.7838484635e-01 1.0000000000e-03
3.9100000000e+02 3.0882066116e-02 3.0286835507e-02 3.1522929668e-02 5.1845356800e-01 4.8154627165e-01 1.0000000000e-03
3.9200000000e+02 3.1074132770e-02 2.7329789475e-02 3.4978657961e-02 5.1047029766e-01 4.8952954197e-01 1.0000000000e-03
3.9300000000e+02 3.1383685768e-02 2.5910764933e-02 3.6871835589e-02 5.0069387566e-01 4.9930596408e-01 1.0000000000e-03
3.9400000000e+02 3.1373742968e-02 2.6324689388e-02 3.6277018487e-02 4.9267555359e-01 5.0732428620e-01 1.0000000000e-03
3.9500000000e+02 3.1044024974e-02 2.8483562171e-02 3.3497825265e-02 4.8936301595e-01 5.1063682373e-01 1.0000000000e-03
3.9600000000e+02 3.0828064308e-02 3.1841233373e-02 2.9846647754e-02 4.9204338140e-01 5.0795645810e-01 1.0000000000e-03
3.9700000000e+02 3.1005680561e-02 3.5238634795e-02 2.6778491214e-02 4.9965984645e-01 5.0033999298e-01 1.0000000000e-03
3.9800000000e+02 3.1326178461e-02 3.7204898894e-02 2.5224911049e-02 5.0928861785e-01 4.9071122162e-01 1.0000000000e-03
3.9900000000e+02 3.1350675970e-02 3.6773387343e-02 2.5537513196e-02 5.1737572458e-01 4.8262411489e-01 1.0000000000e-03
4.0000000000e+02 3.1040761620e-02 3.4158717841e-02 2.7650743723e-02 5.2090268841e-01 4.7909715094e-01 1.0000000000e-03
4.0100000000e+02 3.0807632953e-02 3.0608646572e-02 3.1021900475e-02 5.1847714440e-01 4.8152269478e-01 1.0000000000e-03
4.0200000000e+02 3.0955765396e-02 2.7572099119e-02 3.4492440522e-02 5.1105430580e-01 4.8894553335e-01 1.0000000000e-03
4.0300000000e+02 3.1264536083e-02 2.5993954390e-02 3.6566827446e-02 5.0149878792e-01 4.9850105134e-01 1.0000000000e-03
4.0400000000e+02 3.1294152141e-02 2.6224359870e-02 3.6230638623e-02 4.9333811144e-01 5.0666172788e-01 1.0000000000e-03
4.0500000000e+02 3.0990939587e-02 2.8207782656e-02 3.3660661429e-02 4.8959745932e-01 5.1040237991e-01 1.0000000000e-03
4.0600000000e+02 3.0757805333e-02 3.1444903463e-02 3.0093058944e-02 4.9173608766e-01 5.0826375139e-01 1.0000000000e-03
4.0700000000e+02 3.0901759863e-02 3.4830458462e-02 2.6990260929e-02 4.9890354573e-01 5.0109629324e-01 1.0000000000e-03
4.0800000000e+02 3.1215637922e-02 3.6904156208e-02 2.5334902108e-02 5.0830738885e-01 4.9169245016e-01 1.0000000000e-03
4.0900000000e+02 3.1264971942e-02 3.6645673215e-02 2.5518728420e-02 5.1642625191e-01 4.8357358710e-01 1.0000000000e-03
4.1000000000e+02 3.0977547169e-02 3.4185055643e-02 2.7499932796e-02 5.2020237765e-01 4.7979746126e-01 1.0000000000e-03
4.1100000000e+02 3.0738957226e-02 3.0713072047e-02 3.0766801909e-02 5.1813843464e-01 4.8186140411e-01 1.0000000000e-03
4.1200000000e+02 3.0865266919e-02 2.7676181868e-02 3.4198559821e-02 5.1105395350e-01 4.8894588521e-01 1.0000000000e-03
4.1300000000e+02 3.1164921820e-02 2.6050601155e-02 3.6314558238e-02 5.0171963231e-01 4.9828020650e-01 1.0000000000e-03
4.1400000000e+02 3.1207021326e-02 2.6212137192e-02 3.6076240242e-02 4.9362956953e-01 5.0637026935e-01 1.0000000000e-03
4.1500000000e+02 3.0921058729e-02 2.8117088601e-02 3.3613085747e-02 4.8981497582e-01 5.1018486296e-01 1.0000000000e-03
4.1600000000e+02 3.0690910295e-02 3.1278379261e-02 3.0122468248e-02 4.9177475256e-01 5.0822508606e-01 1.0000000000e-03
4.1700000000e+02 3.0823260546e-02 3.4610111266e-02 2.7055719867e-02 4.9872253341e-01 5.0127730513e-01 1.0000000000e-03
4.1800000000e+02 3.1125284731e-02 3.6666635424e-02 2.5405541062e-02 5.0792123842e-01 4.9207860016e-01 1.0000000000e-03
4.1900000000e+02 3.1174624339e-02 3.6429934204e-02 2.5574490428e-02 5.1588287053e-01 4.8411696806e-01 1.0000000000e-03
4.2000000000e+02 3.0898656696e-02 3.4021981061e-02 2.7520798147e-02 5.1957641503e-01 4.8042342346e-01 1.0000000000e-03
4.2100000000e+02 3.0671607703e-02 3.0616175383e-02 3.0731076375e-02 5.1752511735e-01 4.8247472098e-01 1.0000000000e-03
4.2200000000e+02 3.0797174200e-02 2.7642816305e-02 3.4087557346e-02 5.1055252544e-01 4.8944731286e-01 1.0000000000e-03
4.2300000000e+02 3.1083792448e-02 2.6070185006e-02 3.6125835031e-02 5.0141342895e-01 4.9858640945e-01 1.0000000000e-03
4.2400000000e+02 3.1115707010e-02 2.6269424707e-02 3.5838905722e-02 4.9356821653e-01 5.0643162192e-01 1.0000000000e-03
4.2500000000e+02 3.0836574733e-02 2.8186496347e-02 3.3382654190e-02 4.8999161358e-01 5.1000822479e-01 1.0000000000e-03
4.2600000000e+02 3.0625302345e-02 3.1317718327e-02 2.9954424128e-02 4.9210493493e-01 5.0789490328e-01 1.0000000000e-03
4.2700000000e+02 3.0765734613e-02 3.4562125802e-02 2.6983732358e-02 4.9905113698e-01 5.0094870116e-01 1.0000000000e-03
4.2800000000e+02 3.1052414328e-02 3.6489278078e-02 2.5437187403e-02 5.0806957382e-01 4.9193026436e-01 1.0000000000e-03
4.2900000000e+02 3.1080635265e-02 3.6137726158e-02 2.5695534423e-02 5.1570643773e-01 4.8429340046e-01 1.0000000000e-03
4.3000000000e+02 3.0806679279e-02 3.3689368516e-02 2.7696043253e-02 5.1901750291e-01 4.8098233516e-01 1.0000000000e-03
4.3100000000e+02 3.0605863780e-02 3.0338481069e-02 3.0891694129e-02 5.1666399581e-01 4.8333584212e-01 1.0000000000e-03
4.3200000000e+02 3.0748307705e-02 2.7488064021e-02 3.4136254340e-02 5.0960346011e-01 4.9039637781e-01 1.0000000000e-03
4.3300000000e+02 3.1017471105e-02 2.6061287150e-02 3.5986471921e-02 5.0064508699e-01 4.9935475101e-01 1.0000000000e-03
4.3400000000e+02 3.1019326299e-02 2.6395775378e-02 3.5519048572e-02 4.9321297136e-01 5.0678686669e-01 1.0000000000e-03
4.3500000000e+02 3.0740382150e-02 2.8407027945e-02 3.2983716577e-02 4.9016415966e-01 5.0983567830e-01 1.0000000000e-03
4.3600000000e+02 3.0563201755e-02 3.1542193145e-02 2.9612297192e-02 4.9272562099e-01 5.0727421682e-01 1.0000000000e-03
4.3700000000e+02 3.0726805329e-02 3.4658215940e-02 2.6797788218e-02 4.9984821633e-01 5.0015162143e-01 1.0000000000e-03
4.3800000000e+02 3.0991910025e-02 3.6348100752e-02 2.5446379557e-02 5.0868433581e-01 4.9131550200e-01 1.0000000000e-03
4.3900000000e+02 3.0980819836e-02 3.5758886486e-02 2.5890538469e-02 5.1581949384e-01 4.8418034396e-01 1.0000000000e-03
4.4000000000e+02 3.0704692006e-02 3.3197004348e-02 2.8021253645e-02 5.1846482895e-01 4.8153500873e-01 1.0000000000e-03
4.4100000000e+02 3.0545528978e-02 2.9904244468e-02 3.1227953732e-02 5.1553567679e-01 4.8446416077e-01 1.0000000000e-03
4.4200000000e+02 3.0716937035e-02 2.7239434421e-02 3.4310955554e-02 5.0823760450e-01 4.9176223306e-01 1.0000000000e-03
4.4300000000e+02 3.0959680676e-02 2.6047190651e-02 3.5862110555e-02 4.9948698320e-01 5.0051285445e-01 1.0000000000e-03
4.4400000000e+02 3.0915072188e-02 2.6606475934e-02 3.5098951310e-02 4.9265681239e-01 5.0734302529e-01 1.0000000000e-03
4.4500000000e+02 3.0636271462e-02 2.8778996319e-02 3.2423678786e-02 4.9041357186e-01 5.0958626571e-01 1.0000000000e-03
4.4600000000e+02 3.0509535223e-02 3.1931895763e-02 2.9122734442e-02 4.9367273706e-01 5.0632710038e-01 1.0000000000e-03
4.4700000000e+02 3.0704751611e-02 3.4859381616e-02 2.6532011107e-02 5.0108765120e-01 4.9891218621e-01 1.0000000000e-03
4.4800000000e+02 3.0936494470e-02 3.6200720817e-02 2.5464326143e-02 5.0968429008e-01 4.9031554737e-01 1.0000000000e-03
4.4900000000e+02 3.0871460214e-02 3.5269159824e-02 2.6180934161e-02 5.1611065382e-01 4.8388918361e-01 1.0000000000e-03
4.5000000000e+02 3.0597422272e-02 3.2549299300e-02 2.8501329944e-02 5.1781483575e-01 4.8218500155e-01 1.0000000000e-03
4.5100000000e+02 3.0496731400e-02 2.9342940077e-02 3.1717441976e-02 5.1408895596e-01 4.8591088123e-01 1.0000000000e-03
4.5200000000e+02 3.0701015145e-02 2.6935620233e-02 3.4565258771e-02 5.0647718374e-01 4.9352265348e-01 1.0000000000e-03
4.5300000000e+02 3.0902139843e-02 2.6064051315e-02 3.5702213645e-02 4.9802733359e-01 5.0197250371e-01 1.0000000000e-03
4.5400000000e+02 3.0799280852e-02 2.6928080246e-02 3.4548960626e-02 4.9202644151e-01 5.0797339580e-01 1.0000000000e-03
4.5500000000e+02 3.0530307442e-02 2.9308160767e-02 3.1708572060e-02 4.9085677882e-01 5.0914305837e-01 1.0000000000e-03
4.5600000000e+02 3.0471006408e-02 3.2461304218e-02 2.8520110995e-02 4.9500256298e-01 5.0499727409e-01 1.0000000000e-03
4.5700000000e+02 3.0696585774e-02 3.5113513470e-02 2.6230949908e-02 5.0274220384e-01 4.9725763323e-01 1.0000000000e-03
4.5800000000e+02 3.0876643956e-02 3.5989455879e-02 2.5534575805e-02 5.1096455633e-01 4.8903528078e-01 1.0000000000e-03
4.5900000000e+02 3.0749365687e-02 3.4637071192e-02 2.6597440243e-02 5.1643271552e-01 4.8356712154e-01 1.0000000000e-03
4.6000000000e+02 3.0492121354e-02 3.1754925847e-02 2.9140781611e-02 5.1693584633e-01 4.8306399060e-01 1.0000000000e-03
4.6100000000e+02 3.0466223136e-02 2.8691601008e-02 3.2330077142e-02 5.1226095600e-01 4.8773888085e-01 1.0000000000e-03
4.6200000000e+02 3.0696008354e-02 2.6625605300e-02 3.4837938845e-02 5.0435419927e-01 4.9564563763e-01 1.0000000000e-03
4.6300000000e+02 3.0834631994e-02 2.6158474386e-02 3.5443622619e-02 4.9638238271e-01 5.0361745427e-01 1.0000000000e-03
4.6400000000e+02 3.0670493841e-02 2.7392392978e-02 3.3838760108e-02 4.9148017687e-01 5.0851966007e-01 1.0000000000e-03
4.6500000000e+02 3.0431693420e-02 2.9998200014e-02 3.0850922689e-02 4.9163146500e-01 5.0836837182e-01 1.0000000000e-03
4.6600000000e+02 3.0453845859e-02 3.3093675971e-02 2.7847887948e-02 4.9677225888e-01 5.0322757784e-01 1.0000000000e-03
4.6700000000e+02 3.0695613474e-02 3.5351030529e-02 2.5950670242e-02 5.0476231517e-01 4.9523752157e-01 1.0000000000e-03
4.6800000000e+02 3.0801575631e-02 3.5648770630e-02 2.5708124042e-02 5.1238675027e-01 4.8761308650e-01 1.0000000000e-03
4.6900000000e+02 3.0614880845e-02 3.3833671361e-02 2.7174958959e-02 5.1660525505e-01 4.8339458165e-01 1.0000000000e-03
4.7000000000e+02 3.0399817973e-02 3.0832815915e-02 2.9938796535e-02 5.1568027794e-01 4.8431955864e-01 1.0000000000e-03
4.7100000000e+02 3.0459087342e-02 2.8001680970e-02 3.3016834408e-02 5.1000270849e-01 4.8999712804e-01 1.0000000000e-03
4.7200000000e+02 3.0692724511e-02 2.6368845254e-02 3.5050213337e-02 5.0193510636e-01 4.9806473023e-01 1.0000000000e-03
4.7300000000e+02 3.0746512115e-02 2.6384130120e-02 3.5017587245e-02 4.9471128282e-01 5.0528855382e-01 1.0000000000e-03
4.7400000000e+02 3.0532054603e-02 2.8032703325e-02 3.2945081592e-02 4.9121214051e-01 5.0878769607e-01 1.0000000000e-03
4.7500000000e+02 3.0353048816e-02 3.0840311199e-02 2.9879475012e-02 4.9288212328e-01 5.0711771318e-01 1.0000000000e-03
4.7600000000e+02 3.0460886657e-02 3.3769279718e-02 2.7165545151e-02 4.9901258861e-01 5.0098724779e-01 1.0000000000e-03
4.7700000000e+02 3.0689883977e-02 3.5485260189e-02 2.5757282972e-02 5.0705349309e-01 4.9294634334e-01 1.0000000000e-03
4.7800000000e+02 3.0701471493e-02 3.5110257566e-02 2.6043139398e-02 5.1376155590e-01 4.8623828053e-01 1.0000000000e-03
4.7900000000e+02 3.0474696308e-02 3.2845403999e-02 2.7943026274e-02 5.1641771937e-01 4.8358211697e-01 1.0000000000e-03
4.8000000000e+02 3.0333977193e-02 2.9821855947e-02 3.0875416473e-02 5.1390805806e-01 4.8609177817e-01 1.0000000000e-03
4.8100000000e+02 3.0474865809e-02 2.7338212356e-02 3.3704511821e-02 5.0730261897e-01 4.9269721725e-01 1.0000000000e-03
4.8200000000e+02 3.0676417053e-02 2.6234867051e-02 3.5106286407e-02 4.9934113676e-01 5.0065869955e-01 1.0000000000e-03
4.8300000000e+02 3.0630242079e-02 2.6797883213e-02 3.4360136837e-02 4.9322446323e-01 5.0677537309e-01 1.0000000000e-03
4.8400000000e+02 3.0395178124e-02 2.8872594237e-02 3.1866502017e-02 4.9143744510e-01 5.0856239113e-01 1.0000000000e-03
4.8500000000e+02 3.0307762325e-02 3.1801208854e-02 2.8845472261e-02 4.9473054136e-01 5.0526929475e-01 1.0000000000e-03
4.8600000000e+02 3.0487151816e-02 3.4400165081e-02 2.6547450572e-02 5.0169966149e-01 4.9830017461e-01 1.0000000000e-03
4.8700000000e+02 3.0662426725e-02 3.5415995866e-02 2.5725638494e-02 5.0945420201e-01 4.9054563412e-01 1.0000000000e-03
4.8800000000e+02 3.0571959913e-02 3.4318238497e-02 2.6596395299e-02 5.1484702227e-01 4.8515281383e-01 1.0000000000e-03
4.8900000000e+02 3.0344001949e-02 3.1686011702e-02 2.8915286064e-02 5.1564833972e-01 4.8435149627e-01 1.0000000000e-03
4.9000000000e+02 3.0306760222e-02 2.8785744682e-02 3.1899515539e-02 5.1151798956e-01 4.8848184635e-01 1.0000000000e-03
4.9100000000e+02 3.0503293499e-02 2.6782102883e-02 3.4287858754e-02 5.0422097253e-01 4.9577886342e-01 1.0000000000e-03
4.9200000000e+02 3.0628912151e-02 2.6299025863e-02 3.4903217107e-02 4.9676955787e-01 5.0323027814e-01 1.0000000000e-03
4.9300000000e+02 3.0486993492e-02 2.7452133596e-02 3.3428441733e-02 4.9218437222e-01 5.0781546376e-01 1.0000000000e-03
4.9400000000e+02 3.0279185623e-02 2.9912320897e-02 3.0635034665e-02 4.9236910988e-01 5.0763072599e-01 1.0000000000e-03
4.9500000000e+02 3.0304446816e-02 3.2809935510e-02 2.7826463804e-02 4.9724149706e-01 5.0275833873e-01 1.0000000000e-03
4.9600000000e+02 3.0516479164e-02 3.4867078066e-02 2.6082910597e-02 5.0472338317e-01 4.9527645264e-01 1.0000000000e-03
4.9700000000e+02 3.0595384538e-02 3.5042926669e-02 2.5934346020e-02 5.1171986787e-01 4.8827996796e-01 1.0000000000e-03
4.9800000000e+02 3.0420292169e-02 3.3247601241e-02 2.7413820848e-02 5.1535634850e-01 4.8464348726e-01 1.0000000000e-03
4.9900000000e+02 3.0245278031e-02 3.0407549813e-02 3.0073596165e-02 5.1409678612e-01 4.8590304952e-01 1.0000000000e-03
5.0000000000e+02 3.0321383849e-02 2.7815259993e-02 3.2914087176e-02 5.0848910722e-01 4.9151072840e-01 1.0000000000e-03
