# time_s Ids_true_A Ids_pred_A Ids_physics_A T_mean_K
2.7835085348e-08 1.0250000000e+01 1.2776153564e+01 9.4537010193e+00 3.2908377075e+02
3.9354972614e-08 1.5937500000e+01 1.5127197266e+01 1.8707162857e+01 3.2974447632e+02
4.8954916565e-08 2.1187500000e+01 2.0747085571e+01 2.4565294266e+01 3.3043634033e+02
5.8555087890e-08 2.8218750000e+01 3.0168579102e+01 3.3822769165e+01 3.3136441040e+02
6.8155031840e-08 3.7234375000e+01 4.6132904053e+01 4.2844215393e+01 3.3250527954e+02
7.7754975791e-08 4.4796875000e+01 5.2197372437e+01 5.0053474426e+01 3.3380227661e+02
8.7354919742e-08 5.0906250000e+01 4.8491470337e+01 5.4421604156e+01 3.3517279053e+02
9.6955091067e-08 5.5750000000e+01 5.6336318970e+01 6.3664913177e+01 3.3674957275e+02
1.0655503502e-07 6.6312500000e+01 6.6034210205e+01 6.7820022583e+01 3.3837036133e+02
1.1615497897e-07 7.3609375000e+01 7.1876571655e+01 7.6930297852e+01 3.4018521118e+02
1.2575492292e-07 7.9343750000e+01 7.6859024048e+01 8.2989128113e+01 3.4209732056e+02
1.3535509424e-07 8.4187500000e+01 9.0074966431e+01 8.8468528748e+01 3.4407647705e+02
1.4495503819e-07 9.0875000000e+01 8.6385528564e+01 8.8523551941e+01 3.4598196411e+02
1.5455498215e-07 9.4234375000e+01 9.4952774048e+01 9.6178688049e+01 3.4802847290e+02
1.6415503978e-07 9.9703125000e+01 1.0340924072e+02 9.9694740295e+01 3.5008956909e+02
1.7375498373e-07 1.0521875000e+02 1.0788382721e+02 1.0883824921e+02 3.5233731079e+02
1.8335504137e-07 1.0876562500e+02 1.1217690277e+02 1.1412678528e+02 3.5465438843e+02
1.9295498532e-07 1.1631250000e+02 1.1516077423e+02 1.1456966400e+02 3.5689379883e+02
2.0255504296e-07 1.1875000000e+02 1.1854927826e+02 1.1965468597e+02 3.5920285034e+02
2.1215498691e-07 1.2417187500e+02 1.1992415619e+02 1.2175237274e+02 3.6149560547e+02
2.2175504455e-07 1.2750000000e+02 1.2546862030e+02 1.2639167786e+02 3.6384201050e+02
2.3135498850e-07 1.3007812500e+02 1.3205639648e+02 1.3166804504e+02 3.6625805664e+02
2.4095504614e-07 1.3425000000e+02 1.2843356323e+02 1.2864202881e+02 3.6853332520e+02
2.5055510378e-07 1.3770312500e+02 1.4324819946e+02 1.4035295105e+02 3.7103512573e+02
2.6015516141e-07 1.3971875000e+02 1.4598095703e+02 1.4322671509e+02 3.7354098511e+02
2.6975499168e-07 1.4150000000e+02 1.4621978760e+02 1.4433760071e+02 3.7601708984e+02
2.7935504932e-07 1.4535937500e+02 1.4784359741e+02 1.4537533569e+02 3.7845986938e+02
2.8895499327e-07 1.4956250000e+02 1.5591195679e+02 1.5287240601e+02 3.8102526855e+02
2.9855505090e-07 1.5203125000e+02 1.5363369751e+02 1.5233451843e+02 3.8351049805e+02
3.0815499485e-07 1.5407812500e+02 1.5463203430e+02 1.5267504883e+02 3.8595315552e+02
3.1775505249e-07 1.5851562500e+02 1.5869451904e+02 1.5727462769e+02 3.8845031738e+02
3.2735499644e-07 1.5931250000e+02 1.5762365723e+02 1.5709098816e+02 3.9088775635e+02
3.3695505408e-07 1.6239062500e+02 1.5974563599e+02 1.5858592224e+02 3.9331365967e+02
3.4655488435e-07 1.6465625000e+02 1.6989642334e+02 1.6488073730e+02 3.9585223389e+02
3.5615494198e-07 1.6962500000e+02 1.7328182983e+02 1.6740905762e+02 3.9840213013e+02
3.6575499962e-07 1.7064062500e+02 1.7494958496e+02 1.7043615723e+02 4.0097140503e+02
3.7535517095e-07 1.7304687500e+02 1.8368969727e+02 1.7778678894e+02 4.0367019653e+02
3.8495500121e-07 1.7559375000e+02 1.7557206726e+02 1.7518746948e+02 4.0623791504e+02
3.9455505885e-07 1.7576562500e+02 1.7968939209e+02 1.7780448914e+02 4.0882730103e+02
4.0415500280e-07 1.8034375000e+02 1.6981005859e+02 1.7301200867e+02 4.1122927856e+02
4.1375506044e-07 1.8259375000e+02 1.8191741943e+02 1.8068920898e+02 4.1379931641e+02
4.2335500439e-07 1.8285937500e+02 1.9086134338e+02 1.8390258789e+02 4.1641424561e+02
4.3295506202e-07 1.8604687500e+02 1.8699800110e+02 1.8522070312e+02 4.1900488281e+02
4.4255500598e-07 1.8954687500e+02 1.8671380615e+02 1.8649702454e+02 4.2157891846e+02
4.5215506361e-07 1.9271875000e+02 1.8810719299e+02 1.8680932617e+02 4.2412252808e+02
4.6175512125e-07 1.9162500000e+02 1.9196485901e+02 1.9027873230e+02 4.2670895386e+02
4.7135517889e-07 1.9398437500e+02 1.8575743103e+02 1.8739001465e+02 4.2918032837e+02
4.8095500915e-07 1.9551562500e+02 1.9825773621e+02 1.9438984680e+02 4.3179193115e+02
4.9055506679e-07 1.9954687500e+02 1.8787718201e+02 1.9064410400e+02 4.3426162720e+02
5.0015501074e-07 2.0195312500e+02 1.9132759094e+02 1.9506250000e+02 4.3679458618e+02
5.0975506838e-07 2.0385937500e+02 1.9547242737e+02 1.9715147400e+02 4.3934826660e+02
5.1935501233e-07 2.0503125000e+02 1.9661248779e+02 1.9686949158e+02 4.4186447144e+02
5.2895506997e-07 2.0543750000e+02 2.0917315674e+02 2.0996168518e+02 4.4464456177e+02
5.3855501392e-07 2.0796875000e+02 2.0663229370e+02 2.0952980042e+02 4.4736746216e+02
5.4815507156e-07 2.0982812500e+02 2.0518058777e+02 2.0854374695e+02 4.5002987671e+02
5.5775501551e-07 2.1160937500e+02 2.0753993225e+02 2.0924034119e+02 4.5267935181e+02
5.6735507314e-07 2.1465625000e+02 2.1594139099e+02 2.1689793396e+02 4.5547039795e+02
5.7695513078e-07 2.1446875000e+02 2.1971398926e+02 2.1994776917e+02 4.5829577637e+02
5.8655518842e-07 2.1710937500e+02 2.1658961487e+02 2.1635002136e+02 4.6100384521e+02
5.9615501868e-07 2.1943750000e+02 2.2355102539e+02 2.2352056885e+02 4.6383959961e+02
6.0575507632e-07 2.2076562500e+02 2.1660310364e+02 2.2071241760e+02 4.6656188965e+02
6.1535502027e-07 2.2354687500e+02 2.2566961670e+02 2.2582572937e+02 4.6937979126e+02
6.2495507791e-07 2.2531250000e+02 2.1826681519e+02 2.2338963318e+02 4.7209097290e+02
6.3455502186e-07 2.2537500000e+02 2.2746005249e+02 2.2843893433e+02 4.7489883423e+02
6.4415507950e-07 2.2943750000e+02 2.2457934570e+02 2.3029490662e+02 4.7769625854e+02
6.5375502345e-07 2.2881250000e+02 2.2490660095e+02 2.2571365356e+02 4.8037802124e+02
6.6335508109e-07 2.2996875000e+02 2.2517349243e+02 2.2632637024e+02 4.8304318237e+02
6.7295502504e-07 2.3318750000e+02 2.2731570435e+02 2.2885575867e+02 4.8573492432e+02
6.8255508268e-07 2.3439062500e+02 2.3268644714e+02 2.3416888428e+02 4.8851638794e+02
6.9215514031e-07 2.3634375000e+02 2.3152893066e+02 2.3399365234e+02 4.9126013184e+02
7.0175519795e-07 2.3470312500e+02 2.3681123352e+02 2.3954487610e+02 4.9409692383e+02
7.1135502822e-07 2.3925000000e+02 2.3990335083e+02 2.4602203369e+02 4.9703091431e+02
7.2095497217e-07 2.3981250000e+02 2.4465475464e+02 2.4112792969e+02 4.9986242676e+02
7.3055502980e-07 2.4154687500e+02 2.4027015686e+02 2.4328401184e+02 5.0268814087e+02
7.4015497376e-07 2.4157812500e+02 2.4271691895e+02 2.4230297852e+02 5.0547610474e+02
7.4975503139e-07 2.4284375000e+02 2.3944374084e+02 2.4269285583e+02 5.0823052979e+02
7.5935497534e-07 2.4612500000e+02 2.5915005493e+02 2.6021697998e+02 5.1135922241e+02
7.6895503298e-07 2.4654687500e+02 2.4705163574e+02 2.4732252502e+02 5.1416748047e+02
7.7855497693e-07 2.5000000000e+02 2.5107952881e+02 2.5221408081e+02 5.1705364990e+02
7.8815503457e-07 2.4860937500e+02 2.5186311340e+02 2.5267100525e+02 5.1992303467e+02
7.9775509221e-07 2.5210937500e+02 2.5591702271e+02 2.5603912354e+02 5.2284381104e+02
8.0735514985e-07 2.5095312500e+02 2.4864236450e+02 2.4765412903e+02 5.2555377197e+02
8.1695498011e-07 2.5239062500e+02 2.5519554138e+02 2.5373834229e+02 5.2837896729e+02
8.2655503775e-07 2.5454687500e+02 2.5180674744e+02 2.5184265137e+02 5.3112738037e+02
8.3615498170e-07 2.5553125000e+02 2.5662207031e+02 2.5973556519e+02 5.3401043701e+02
8.4575503934e-07 2.5756250000e+02 2.5534078979e+02 2.5548989868e+02 5.3678875732e+02
8.5535498329e-07 2.5664062500e+02 2.5828585815e+02 2.5729421997e+02 5.3959100342e+02
8.6495504092e-07 2.5914062500e+02 2.5254185486e+02 2.5278948975e+02 5.4225946045e+02
8.7455498488e-07 2.5890625000e+02 2.5852200317e+02 2.5948956299e+02 5.4505084229e+02
8.8415504251e-07 2.6060937500e+02 2.6421252441e+02 2.6496734619e+02 5.4794488525e+02
8.9375498646e-07 2.6106250000e+02 2.6037005615e+02 2.5922088623e+02 5.5069598389e+02
9.0335504410e-07 2.6381250000e+02 2.6571994019e+02 2.6530706787e+02 5.5356500244e+02
9.1295498805e-07 2.6410937500e+02 2.7062213135e+02 2.7272998047e+02 5.5655639648e+02
9.2255504569e-07 2.6545312500e+02 2.6721951294e+02 2.6766830444e+02 5.5941644287e+02
9.3215498964e-07 2.6634375000e+02 2.6744851685e+02 2.6894686890e+02 5.6226892090e+02
9.4175504728e-07 2.6609375000e+02 2.6704058838e+02 2.6653897095e+02 5.6506665039e+02
9.5135499123e-07 2.6760937500e+02 2.7036679077e+02 2.7112414551e+02 5.6794354248e+02
9.6095504887e-07 2.6778125000e+02 2.6951492310e+02 2.6987603760e+02 5.7076013184e+02
9.7055499282e-07 2.6801562500e+02 2.6888232422e+02 2.6956826782e+02 5.7353887939e+02
9.8015505046e-07 2.6864062500e+02 2.6717584229e+02 2.6561547852e+02 5.7623663330e+02
9.8975499441e-07 2.6935937500e+02 2.7428982544e+02 2.7632553101e+02 5.7911859131e+02
9.9935505204e-07 2.6854687500e+02 2.6968481445e+02 2.6864300537e+02 5.8183642578e+02
1.0089549960e-06 2.7081250000e+02 2.7443560791e+02 2.7540625000e+02 5.8467266846e+02
1.0185550536e-06 2.7114062500e+02 2.7976101685e+02 2.8341220093e+02 5.8765338135e+02
1.0281549976e-06 2.7220312500e+02 2.7206256104e+02 2.7205438232e+02 5.9039263916e+02
1.0377550552e-06 2.7151562500e+02 2.7862857056e+02 2.8088937378e+02 5.9327789307e+02
1.0473549992e-06 2.7514062500e+02 2.7563131714e+02 2.7586639404e+02 5.9603607178e+02
1.0569550568e-06 2.7323437500e+02 2.7404135132e+02 2.7319464111e+02 5.9873077393e+02
1.0665550008e-06 2.7456250000e+02 2.7515704346e+02 2.7486242676e+02 6.0144720459e+02
1.0761549447e-06 2.7590625000e+02 2.7807058716e+02 2.7885409546e+02 6.0422381592e+02
1.0857550024e-06 2.7593750000e+02 2.6995156860e+02 2.6576602173e+02 6.0671008301e+02
1.0953549463e-06 2.7514062500e+02 2.7304421997e+02 2.7054974365e+02 6.0929211426e+02
1.1049550039e-06 2.7665625000e+02 2.7156118774e+02 2.6810293579e+02 6.1181250000e+02
1.1145549479e-06 2.7804687500e+02 2.7969641113e+02 2.8218099976e+02 6.1461370850e+02
1.1241550055e-06 2.7748437500e+02 2.7746353149e+02 2.7628048706e+02 6.1726385498e+02
1.1337549495e-06 2.7776562500e+02 2.7933697510e+02 2.8165032959e+02 6.2002508545e+02
1.1433550071e-06 2.7545312500e+02 2.8416635132e+02 2.8865328979e+02 6.2290460205e+02
1.1529549511e-06 2.7685937500e+02 2.7497503662e+02 2.7343292236e+02 6.2546325684e+02
1.1625550087e-06 2.7735937500e+02 2.8183349609e+02 2.8381082153e+02 6.2821240234e+02
1.1721549527e-06 2.7875000000e+02 2.7804119873e+02 2.7747888184e+02 6.3082104492e+02
1.1817550103e-06 2.7882812500e+02 2.8374118042e+02 2.8454589844e+02 6.3353985596e+02
1.1913549542e-06 2.7981250000e+02 2.7708419800e+02 2.7497171021e+02 6.3606732178e+02
1.2009550119e-06 2.8054687500e+02 2.7650677490e+02 2.7493045044e+02 6.3858868408e+02
1.2105549558e-06 2.8167187500e+02 2.8083670044e+02 2.8096322632e+02 6.4121228027e+02
1.2201550135e-06 2.8076562500e+02 2.7997244263e+02 2.7963531494e+02 6.4379840088e+02
1.2297549574e-06 2.8043750000e+02 2.8296612549e+02 2.8537551880e+02 6.4648968506e+02
1.2393550151e-06 2.8043750000e+02 2.8012979126e+02 2.7898794556e+02 6.4903302002e+02
1.2489549590e-06 2.8381250000e+02 2.7760104370e+02 2.7470584106e+02 6.5148126221e+02
1.2585550166e-06 2.8193750000e+02 2.8133245850e+02 2.8082034302e+02 6.5403912354e+02
1.2681549606e-06 2.8129687500e+02 2.8353115845e+02 2.8592602539e+02 6.5669384766e+02
1.2777550182e-06 2.8128125000e+02 2.8105151367e+02 2.8221105957e+02 6.5926708984e+02
1.2873549622e-06 2.8150000000e+02 2.8435726929e+02 2.8854110718e+02 6.6195617676e+02
1.2969550198e-06 2.8140625000e+02 2.7886730957e+02 2.7679629517e+02 6.6439031982e+02
1.3065548501e-06 2.8059375000e+02 2.8062908936e+02 2.8153973389e+02 6.6691827393e+02
1.3161550214e-06 2.8229687500e+02 2.7755639648e+02 2.7374502563e+02 6.6926873779e+02
1.3257549654e-06 2.8120312500e+02 2.7939453125e+02 2.7751132202e+02 6.7168908691e+02
1.3353550230e-06 2.8103125000e+02 2.8050930786e+02 2.7776214600e+02 6.7409338379e+02
1.3449549670e-06 2.8181250000e+02 2.8526153564e+02 2.8859472656e+02 6.7671612549e+02
1.3545550246e-06 2.8075000000e+02 2.8166976929e+02 2.8047521973e+02 6.7915795898e+02
1.3641549685e-06 2.8257812500e+02 2.8274072266e+02 2.8167102051e+02 6.8160772705e+02
1.3737549125e-06 2.8156250000e+02 2.8142175293e+02 2.8064572144e+02 6.8403973389e+02
1.3833549701e-06 2.8257812500e+02 2.8483004761e+02 2.8657943726e+02 6.8657470703e+02
1.3929550278e-06 2.8129687500e+02 2.8303475952e+02 2.8309280396e+02 6.8903076172e+02
1.4025549717e-06 2.8076562500e+02 2.8316403198e+02 2.8203918457e+02 6.9144531250e+02
1.4121550294e-06 2.8042187500e+02 2.8245916748e+02 2.8250393677e+02 6.9387664795e+02
1.4217550870e-06 2.8228125000e+02 2.7781091309e+02 2.7461291504e+02 6.9615075684e+02
1.4313550309e-06 2.8187500000e+02 2.8137423706e+02 2.8037307739e+02 6.9852423096e+02
1.4409549749e-06 2.8132812500e+02 2.7758599854e+02 2.7429992676e+02 7.0077880859e+02
1.4505550325e-06 2.8317187500e+02 2.8154248047e+02 2.8150216675e+02 7.0316693115e+02
1.4601549765e-06 2.8351562500e+02 2.7979357910e+02 2.7770895386e+02 7.0546875000e+02
1.4697550341e-06 2.8229687500e+02 2.7928677368e+02 2.7712063599e+02 7.0775512695e+02
1.4793549781e-06 2.8292187500e+02 2.7448693848e+02 2.6766540527e+02 7.0984350586e+02
1.4889550357e-06 2.8320312500e+02 2.8230484009e+02 2.8233148193e+02 7.1221441650e+02
1.4985549797e-06 2.8317187500e+02 2.7980200195e+02 2.7919635010e+02 7.1452886963e+02
1.5081550373e-06 2.8254687500e+02 2.7973696899e+02 2.7780505371e+02 7.1680017090e+02
1.5177549813e-06 2.8260937500e+02 2.8027960205e+02 2.7982104492e+02 7.1911096191e+02
1.5273550389e-06 2.8192187500e+02 2.8290527344e+02 2.8319873047e+02 7.2145959473e+02
1.5369549828e-06 2.8117187500e+02 2.7815863037e+02 2.7425012207e+02 7.2363067627e+02
1.5465550405e-06 2.8110937500e+02 2.7832495117e+02 2.7530718994e+02 7.2582672119e+02
1.5561549844e-06 2.8132812500e+02 2.8495523071e+02 2.8720611572e+02 7.2822113037e+02
1.5657550421e-06 2.8021875000e+02 2.7726281738e+02 2.7277172852e+02 7.3034362793e+02
1.5753549860e-06 2.8028125000e+02 2.8067980957e+02 2.7910797119e+02 7.3257043457e+02
1.5849550437e-06 2.7995312500e+02 2.7948052979e+02 2.7986676025e+02 7.3484204102e+02
1.5945549876e-06 2.8067187500e+02 2.8063674927e+02 2.7952050781e+02 7.3707263184e+02
1.6041550452e-06 2.8115625000e+02 2.7873800659e+02 2.7599307251e+02 7.3923217773e+02
1.6137549892e-06 2.7971875000e+02 2.7712820435e+02 2.7309603882e+02 7.4133367920e+02
1.6233550468e-06 2.8085937500e+02 2.7814804077e+02 2.7512963867e+02 7.4346496582e+02
1.6329549908e-06 2.8057812500e+02 2.7965234375e+02 2.7850991821e+02 7.4566619873e+02
1.6425550484e-06 2.7959375000e+02 2.8109637451e+02 2.8132833862e+02 7.4790917969e+02
1.6521549924e-06 2.7789062500e+02 2.7806866455e+02 2.7549862671e+02 7.5003521729e+02
1.6617550500e-06 2.7904687500e+02 2.8216632080e+02 2.8384692383e+02 7.5230419922e+02
1.6713549940e-06 2.7960937500e+02 2.8016394043e+02 2.7999752808e+02 7.5449200439e+02
1.6809550516e-06 2.7748437500e+02 2.7307769775e+02 2.6653103638e+02 7.5641613770e+02
1.6905549955e-06 2.7826562500e+02 2.7886807251e+02 2.7781100464e+02 7.5856048584e+02
1.7001550532e-06 2.7850000000e+02 2.7527947998e+02 2.7105871582e+02 7.6056494141e+02
1.7097549971e-06 2.7550000000e+02 2.7582446289e+02 2.7224121094e+02 7.6259387207e+02
1.7193550548e-06 2.7779687500e+02 2.7092102051e+02 2.6318478394e+02 7.6445507812e+02
1.7289549987e-06 2.7800000000e+02 2.7219833374e+02 2.6575094604e+02 7.6635394287e+02
1.7385550564e-06 2.7815625000e+02 2.7422512817e+02 2.6988067627e+02 7.6833703613e+02
1.7481550003e-06 2.7765625000e+02 2.7364062500e+02 2.6892074585e+02 7.7029425049e+02
1.7577549443e-06 2.7457812500e+02 2.7312969971e+02 2.6817276001e+02 7.7223345947e+02
1.7673550019e-06 2.7856250000e+02 2.7389245605e+02 2.6993383789e+02 7.7419982910e+02
1.7769549459e-06 2.7590625000e+02 2.7537457275e+02 2.7325735474e+02 7.7621856689e+02
1.7865550035e-06 2.7651562500e+02 2.7227850342e+02 2.6732037354e+02 7.7812652588e+02
1.7961549474e-06 2.7767187500e+02 2.7255230713e+02 2.6817721558e+02 7.8005780029e+02
1.8057550051e-06 2.7645312500e+02 2.7467797852e+02 2.7265002441e+02 7.8206890869e+02
1.8153549490e-06 2.7589062500e+02 2.7456741333e+02 2.7372109985e+02 7.8410778809e+02
1.8249550067e-06 2.7517187500e+02 2.7190551758e+02 2.6891561890e+02 7.8605297852e+02
1.8345549506e-06 2.7475000000e+02 2.7586004639e+02 2.7637820435e+02 7.8812872314e+02
1.8441550083e-06 2.7582812500e+02 2.7601934814e+02 2.7671334839e+02 7.9020104980e+02
1.8537549522e-06 2.7362500000e+02 2.7053497314e+02 2.6603268433e+02 7.9207061768e+02
1.8633550098e-06 2.7398437500e+02 2.6602557373e+02 2.5738888550e+02 7.9376239014e+02
1.8729549538e-06 2.7260937500e+02 2.6910226440e+02 2.6354809570e+02 7.9557366943e+02
1.8825550114e-06 2.7275000000e+02 2.7281292725e+02 2.7154849243e+02 7.9753955078e+02
1.8921549554e-06 2.7335937500e+02 2.6812243652e+02 2.6225735474e+02 7.9931634521e+02
1.9017550130e-06 2.7296875000e+02 2.6935968018e+02 2.6499896240e+02 8.0114465332e+02
1.9113549570e-06 2.7314062500e+02 2.6899386597e+02 2.6462930298e+02 8.0296789551e+02
1.9209549009e-06 2.7334375000e+02 2.6989700317e+02 2.6679376221e+02 8.0482000732e+02
1.9305550722e-06 2.7060937500e+02 2.6724090576e+02 2.6182095337e+02 8.0657708740e+02
1.9401550162e-06 2.7159375000e+02 2.6851797485e+02 2.6467855835e+02 8.0839337158e+02
1.9497549602e-06 2.7070312500e+02 2.6838769531e+02 2.6498593140e+02 8.1021887207e+02
1.9593549041e-06 2.7029687500e+02 2.7069281006e+02 2.6981823730e+02 8.1211877441e+02
1.9689550754e-06 2.7143750000e+02 2.6814599609e+02 2.6494836426e+02 8.1392431641e+02
1.9785550194e-06 2.6928125000e+02 2.6407379150e+02 2.5724993896e+02 8.1558111572e+02
1.9881549633e-06 2.7107812500e+02 2.6498748779e+02 2.5942745972e+02 8.1727514648e+02
1.9977549073e-06 2.7015625000e+02 2.6974996948e+02 2.6922543335e+02 8.1913946533e+02
2.0073550786e-06 2.6910937500e+02 2.6997848511e+02 2.7033944702e+02 8.2104547119e+02
2.0169550226e-06 2.6721875000e+02 2.6525091553e+02 2.6082235718e+02 8.2276593018e+02
2.0265549665e-06 2.6796875000e+02 2.6662243652e+02 2.6399420166e+02 8.2454150391e+02
2.0361549105e-06 2.6898437500e+02 2.6465130615e+02 2.6032183838e+02 8.2624926758e+02
2.0457550818e-06 2.6792187500e+02 2.6814303589e+02 2.6786874390e+02 8.2808563232e+02
2.0553550257e-06 2.6842187500e+02 2.6665008545e+02 2.6527764893e+02 8.2988568115e+02
2.0649549697e-06 2.6642187500e+02 2.6481018066e+02 2.6172268677e+02 8.3160864258e+02
2.0745549136e-06 2.6703125000e+02 2.6358517456e+02 2.5958251953e+02 8.3329412842e+02
2.0841550850e-06 2.6657812500e+02 2.6511737061e+02 2.6314489746e+02 8.3504376221e+02
2.0937550289e-06 2.6803125000e+02 2.6312658691e+02 2.5936999512e+02 8.3671551514e+02
2.1033549729e-06 2.6429687500e+02 2.6491311646e+02 2.6347253418e+02 8.3846472168e+02
2.1129549168e-06 2.6509375000e+02 2.6336599731e+02 2.6111499023e+02 8.4018457031e+02
2.1225550881e-06 2.6596875000e+02 2.6705908203e+02 2.6886077881e+02 8.4202990723e+02
2.1321550321e-06 2.6493750000e+02 2.6347048950e+02 2.6149060059e+02 8.4372796631e+02
2.1417549760e-06 2.6379687500e+02 2.6076043701e+02 2.5631109619e+02 8.4533654785e+02
2.1513549200e-06 2.6489062500e+02 2.6230575562e+02 2.5991671753e+02 8.4700964355e+02
2.1609550913e-06 2.6532812500e+02 2.6004086304e+02 2.5563781738e+02 8.4861010742e+02
2.1705550353e-06 2.6190625000e+02 2.5815914917e+02 2.5231147766e+02 8.5015472412e+02
2.1801549792e-06 2.6284375000e+02 2.6021554565e+02 2.5674566650e+02 8.5176983643e+02
2.1897549232e-06 2.6207812500e+02 2.6308630371e+02 2.6326846313e+02 8.5350286865e+02
2.1993550945e-06 2.6253125000e+02 2.6026025391e+02 2.5754156494e+02 8.5512274170e+02
2.2089550384e-06 2.6301562500e+02 2.6032275391e+02 2.5818261719e+02 8.5676226807e+02
2.2185549824e-06 2.6185937500e+02 2.6010015869e+02 2.5791491699e+02 8.5838311768e+02
2.2281549263e-06 2.6059375000e+02 2.6147262573e+02 2.6131463623e+02 8.6006799316e+02
2.2377550977e-06 2.6101562500e+02 2.5630288696e+02 2.5078407288e+02 8.6156103516e+02
2.2473550416e-06 2.6018750000e+02 2.5866925049e+02 2.5588934326e+02 8.6313665771e+02
2.2569549856e-06 2.5770312500e+02 2.6298089600e+02 2.6563299561e+02 8.6489245605e+02
2.2665549295e-06 2.5800000000e+02 2.5855957031e+02 2.5660217285e+02 8.6648236084e+02
2.2761551008e-06 2.5825000000e+02 2.5736071777e+02 2.5453320312e+02 8.6803698730e+02
2.2857550448e-06 2.5898437500e+02 2.5872796631e+02 2.5791937256e+02 8.6965411377e+02
2.2953549887e-06 2.5756250000e+02 2.5836965942e+02 2.5709927368e+02 8.7124401855e+02
2.3049549327e-06 2.5890625000e+02 2.5588504028e+02 2.5229624939e+02 8.7274621582e+02
2.3145551040e-06 2.5848437500e+02 2.5453858948e+02 2.4990951538e+02 8.7420562744e+02
2.3241550480e-06 2.5723437500e+02 2.5436993408e+02 2.5003805542e+02 8.7566986084e+02
2.3337549919e-06 2.5771875000e+02 2.5422271729e+02 2.5012780762e+02 8.7713562012e+02
2.3433549359e-06 2.5684375000e+02 2.5332267761e+02 2.4867704773e+02 8.7857788086e+02
2.3529551072e-06 2.5670312500e+02 2.5676586914e+02 2.5665771484e+02 8.8016845703e+02
2.3625550511e-06 2.5707812500e+02 2.5290263367e+02 2.4853973389e+02 8.8161773682e+02
2.3721549951e-06 2.5693750000e+02 2.5646060181e+02 2.5684518433e+02 8.8320953369e+02
2.3817549391e-06 2.5570312500e+02 2.5549015808e+02 2.5510551453e+02 8.8476806641e+02
2.3913551104e-06 2.5417187500e+02 2.5589051819e+02 2.5602700806e+02 8.8633337402e+02
2.4009550543e-06 2.5654687500e+02 2.5673693848e+02 2.5862463379e+02 8.8794940186e+02
2.4105549983e-06 2.5500000000e+02 2.5266094971e+02 2.4999705505e+02 8.8940704346e+02
2.4201549422e-06 2.5553125000e+02 2.5452761841e+02 2.5406886292e+02 8.9093078613e+02
2.4297551136e-06 2.5325000000e+02 2.5455963135e+02 2.5519375610e+02 8.9248779297e+02
2.4393550575e-06 2.5382812500e+02 2.5383584595e+02 2.5335601807e+02 8.9399609375e+02
2.4489550015e-06 2.5332812500e+02 2.5009651184e+02 2.4563085938e+02 8.9536407471e+02
2.4585549454e-06 2.5229687500e+02 2.5173091125e+02 2.5011619568e+02 8.9682403564e+02
2.4681548894e-06 2.5367187500e+02 2.5275962830e+02 2.5277336121e+02 8.9832745361e+02
2.4777550607e-06 2.5220312500e+02 2.5257730103e+02 2.5232507324e+02 8.9981524658e+02
2.4873550046e-06 2.5146875000e+02 2.5336668396e+02 2.5516342163e+02 9.0136688232e+02
2.4969549486e-06 2.5256250000e+02 2.5140454102e+02 2.5051123047e+02 9.0281915283e+02
2.5065548925e-06 2.5106250000e+02 2.5020306396e+02 2.4877745056e+02 9.0425317383e+02
2.5161550639e-06 2.5142187500e+02 2.5098829651e+02 2.5063673401e+02 9.0572845459e+02
2.5257550078e-06 2.5092187500e+02 2.4831079102e+02 2.4529325867e+02 9.0709838867e+02
2.5353549518e-06 2.4945312500e+02 2.5384425354e+02 2.5860348511e+02 9.0870758057e+02
2.5449548957e-06 2.5093750000e+02 2.5030900574e+02 2.5035441589e+02 9.1015447998e+02
2.5545550670e-06 2.4898437500e+02 2.4879908752e+02 2.4705464172e+02 9.1153845215e+02
2.5641550110e-06 2.5028125000e+02 2.4810586548e+02 2.4652703857e+02 9.1291992188e+02
2.5737549549e-06 2.4745312500e+02 2.4574197388e+02 2.4140847778e+02 9.1421850586e+02
2.5833548989e-06 2.4943750000e+02 2.4651947021e+02 2.4376751709e+02 9.1555816650e+02
2.5929550702e-06 2.4707812500e+02 2.4656694031e+02 2.4438124084e+02 9.1690765381e+02
2.6025550142e-06 2.4781250000e+02 2.4937373352e+02 2.5131077576e+02 9.1837481689e+02
2.6121549581e-06 2.4726562500e+02 2.4634358215e+02 2.4473626709e+02 9.1973010254e+02
2.6217549021e-06 2.4935937500e+02 2.4948678589e+02 2.5254388428e+02 9.2122851562e+02
2.6313550734e-06 2.4617187500e+02 2.4642584229e+02 2.4576815796e+02 9.2259326172e+02
2.6409550173e-06 2.4723437500e+02 2.4515960693e+02 2.4335690308e+02 9.2391802979e+02
2.6505549613e-06 2.4685937500e+02 2.4902471924e+02 2.5294692993e+02 9.2542071533e+02
2.6601549052e-06 2.4464062500e+02 2.4439056396e+02 2.4233543396e+02 9.2672985840e+02
2.6697550766e-06 2.4457812500e+02 2.4644720459e+02 2.4774763489e+02 9.2812951660e+02
2.6793550205e-06 2.4457812500e+02 2.4669143677e+02 2.4865400696e+02 9.2955432129e+02
2.6889549645e-06 2.4610937500e+02 2.4573954773e+02 2.4701361084e+02 9.3094573975e+02
2.6985549084e-06 2.4429687500e+02 2.4551504517e+02 2.4666125488e+02 9.3233398438e+02
2.7081550797e-06 2.4398437500e+02 2.4416448975e+02 2.4394338989e+02 9.3365966797e+02
2.7177550237e-06 2.4512500000e+02 2.4459480286e+02 2.4562994385e+02 9.3501739502e+02
2.7273549676e-06 2.4426562500e+02 2.4663818359e+02 2.5121113586e+02 9.3648083496e+02
2.7369549116e-06 2.4346875000e+02 2.4328143311e+02 2.4338050842e+02 9.3779644775e+02
2.7465550829e-06 2.4279687500e+02 2.4131120300e+02 2.3870895386e+02 9.3903912354e+02
2.7561550269e-06 2.4275000000e+02 2.4474291992e+02 2.4757701111e+02 9.4042651367e+02
2.7657549708e-06 2.4215625000e+02 2.4528843689e+02 2.4994053650e+02 9.4186370850e+02
2.7753549148e-06 2.4218750000e+02 2.4039089966e+02 2.3827000427e+02 9.4308819580e+02
2.7849550861e-06 2.4142187500e+02 2.4326844788e+02 2.4595085144e+02 9.4445324707e+02
2.7945550301e-06 2.4321875000e+02 2.4165806580e+02 2.4228463745e+02 9.4574719238e+02
2.8041549740e-06 2.4154687500e+02 2.4224041748e+02 2.4323797607e+02 9.4707348633e+02
2.8137549180e-06 2.4089062500e+02 2.3946705627e+02 2.3708624268e+02 9.4828717041e+02
2.8233550893e-06 2.4342187500e+02 2.4063186646e+02 2.4095820618e+02 9.4955487061e+02
2.8329550332e-06 2.4209375000e+02 2.4031805420e+02 2.4046722412e+02 9.5081237793e+02
2.8425549772e-06 2.3995312500e+02 2.3883540344e+02 2.3614604187e+02 9.5198767090e+02
2.8521549211e-06 2.3870312500e+02 2.4132342529e+02 2.4463566589e+02 9.5332611084e+02
2.8617550925e-06 2.3751562500e+02 2.3823619080e+02 2.3608178711e+02 9.5450256348e+02
2.8713550364e-06 2.3865625000e+02 2.3901539612e+02 2.3942950439e+02 9.5574414062e+02
2.8809549804e-06 2.3921875000e+02 2.4259477234e+02 2.4693643188e+02 9.5711035156e+02
2.8905549243e-06 2.3834375000e+02 2.3568286133e+02 2.3212673950e+02 9.5822833252e+02
2.9001550956e-06 2.3839062500e+02 2.3949929810e+02 2.4258764648e+02 9.5953039551e+02
2.9097550396e-06 2.3848437500e+02 2.3974732971e+02 2.4125601196e+02 9.6079534912e+02
2.9193549835e-06 2.3754687500e+02 2.4213102722e+02 2.4850596619e+02 9.6219110107e+02
2.9289549275e-06 2.3728125000e+02 2.3847581482e+02 2.4134010315e+02 9.6346722412e+02
2.9385550988e-06 2.3846875000e+02 2.3705055237e+02 2.3642880249e+02 9.6467224121e+02
2.9481550428e-06 2.3726562500e+02 2.3509811401e+02 2.3341419983e+02 9.6581512451e+02
2.9577549867e-06 2.3451562500e+02 2.4046502686e+02 2.4803109741e+02 9.6722058105e+02
2.9673549307e-06 2.3742187500e+02 2.3428323364e+02 2.3228814697e+02 9.6834222412e+02
2.9769551020e-06 2.3612500000e+02 2.3622778320e+02 2.3780618286e+02 9.6955377197e+02
2.9865550459e-06 2.3553125000e+02 2.3697914124e+02 2.4025843811e+02 9.7082135010e+02
2.9961549899e-06 2.3453125000e+02 2.3921861267e+02 2.4687747192e+02 9.7220568848e+02
3.0057549338e-06 2.3467187500e+02 2.3545416260e+02 2.3680616760e+02 9.7339544678e+02
3.0153551052e-06 2.3270312500e+02 2.3530413818e+02 2.3769824219e+02 9.7461309814e+02
3.0249550491e-06 2.3493750000e+02 2.3418142700e+02 2.3529450989e+02 9.7578576660e+02
3.0345549931e-06 2.3504687500e+02 2.3759346008e+02 2.4476731873e+02 9.7712023926e+02
3.0441549370e-06 2.3303125000e+02 2.3507351685e+02 2.3879037476e+02 9.7835528564e+02
3.0537551083e-06 2.3315625000e+02 2.3554808044e+02 2.4061483765e+02 9.7962298584e+02
3.0633550523e-06 2.3360937500e+02 2.3487355042e+02 2.3828120422e+02 9.8085528564e+02
3.0729549962e-06 2.3367187500e+02 2.3327682495e+02 2.3545474243e+02 9.8202947998e+02
3.0825549402e-06 2.3109375000e+02 2.3391104126e+02 2.3752644348e+02 9.8324377441e+02
3.0921551115e-06 2.3168750000e+02 2.3440190125e+02 2.3820831299e+02 9.8445544434e+02
3.1017550555e-06 2.3304687500e+02 2.3289413452e+02 2.3539341736e+02 9.8563397217e+02
3.1113549994e-06 2.2946875000e+02 2.3350543213e+02 2.3694799805e+02 9.8684338379e+02
3.1209549434e-06 2.3209375000e+02 2.3136788940e+02 2.3275167847e+02 9.8796740723e+02
3.1305548873e-06 2.3034375000e+02 2.3292761230e+02 2.3728028870e+02 9.8917926025e+02
3.1401550586e-06 2.3248437500e+02 2.3298016357e+02 2.3572735596e+02 9.9037103271e+02
3.1497550026e-06 2.3132812500e+02 2.3187101746e+02 2.3354409790e+02 9.9152288818e+02
3.1593549465e-06 2.3031250000e+02 2.3282974243e+02 2.3718089294e+02 9.9273840332e+02
3.1689548905e-06 2.3051562500e+02 2.2976335144e+02 2.3058496094e+02 9.9382946777e+02
3.1785550618e-06 2.2792187500e+02 2.3202964783e+02 2.3681356812e+02 9.9503643799e+02
3.1881550058e-06 2.2887500000e+02 2.3114309692e+02 2.3600070190e+02 9.9622143555e+02
3.1977549497e-06 2.2834375000e+02 2.2965319824e+02 2.3216093445e+02 9.9733764648e+02
3.2073548937e-06 2.3007812500e+02 2.3128872681e+02 2.3533569336e+02 9.9852142334e+02
3.2169550650e-06 2.2778125000e+02 2.2975799561e+02 2.3324153137e+02 9.9966107178e+02
3.2265550090e-06 2.2760937500e+02 2.2906251526e+02 2.3205348206e+02 1.0007764893e+03
3.2361549529e-06 2.2732812500e+02 2.3415058899e+02 2.4092074585e+02 1.0020680542e+03
3.2457548969e-06 2.2800000000e+02 2.2987992859e+02 2.3429777527e+02 1.0032301636e+03
3.2553550682e-06 2.2793750000e+02 2.3010560608e+02 2.3409352112e+02 1.0043925781e+03
3.2649550121e-06 2.2742187500e+02 2.2895695496e+02 2.3228781128e+02 1.0055201416e+03
3.2745549561e-06 2.2865625000e+02 2.3164329529e+02 2.4184169006e+02 1.0068133545e+03
3.2841549000e-06 2.2807812500e+02 2.3012803650e+02 2.3711366272e+02 1.0080249023e+03
3.2937550714e-06 2.2512500000e+02 2.2948515320e+02 2.3374172974e+02 1.0091812134e+03
3.3033550153e-06 2.2539062500e+02 2.2915711975e+02 2.3539480591e+02 1.0103616333e+03
3.3129549593e-06 2.2473437500e+02 2.2797637939e+02 2.3230465698e+02 1.0114872437e+03
3.3225549032e-06 2.2650000000e+02 2.2694924927e+02 2.3089263916e+02 1.0125828247e+03
3.3321548472e-06 2.2548437500e+02 2.2786997986e+02 2.2965328979e+02 1.0136695557e+03
3.3417550185e-06 2.2362500000e+02 2.2899397278e+02 2.3805911255e+02 1.0148942871e+03
3.3513549624e-06 2.2575000000e+02 2.2918516541e+02 2.3892965698e+02 1.0161348267e+03
3.3609549064e-06 2.2476562500e+02 2.2636981201e+02 2.3150305176e+02 1.0172359009e+03
3.3705550777e-06 2.2596875000e+02 2.2935008240e+02 2.2986354065e+02 1.0183345337e+03
3.3801550217e-06 2.2492187500e+02 2.2646640015e+02 2.3018563843e+02 1.0194260864e+03
3.3897549656e-06 2.2337500000e+02 2.2624906921e+02 2.2978306580e+02 1.0205114136e+03
3.3993549096e-06 2.2262500000e+02 2.2501904297e+02 2.2929635620e+02 1.0215784912e+03
3.4089550809e-06 2.2343750000e+02 2.2612641907e+02 2.2932804871e+02 1.0226587524e+03
3.4185550248e-06 2.2276562500e+02 2.2390780640e+02 2.2576850891e+02 1.0236693115e+03
3.4281547414e-06 2.2229687500e+02 2.2549714661e+02 2.2871806335e+02 1.0247393799e+03
3.4377549127e-06 2.2306250000e+02 2.2671072388e+02 2.3269343567e+02 1.0258807373e+03
3.4473550841e-06 2.2051562500e+02 2.2599246216e+02 2.3048387146e+02 1.0269836426e+03
3.4569550280e-06 2.2239062500e+02 2.2505662537e+02 2.3135131836e+02 1.0280950928e+03
3.4665549720e-06 2.2264062500e+02 2.2495704651e+02 2.3158926392e+02 1.0292108154e+03
3.4761549159e-06 2.2028125000e+02 2.2547772217e+02 2.3002830505e+02 1.0303063965e+03
3.4857550872e-06 2.2212500000e+02 2.2298123169e+02 2.2728167725e+02 1.0313416748e+03
3.4953550312e-06 2.2176562500e+02 2.2148890686e+02 2.2223118591e+02 1.0322901611e+03
3.5049549751e-06 2.2220312500e+02 2.2310813904e+02 2.2412142944e+02 1.0332828369e+03
3.5145549191e-06 2.2187500000e+02 2.2237521362e+02 2.2639146423e+02 1.0343071289e+03
3.5241550904e-06 2.2057812500e+02 2.2223440552e+02 2.2716688538e+02 1.0353382568e+03
3.5337550344e-06 2.1926562500e+02 2.2182666016e+02 2.2626277161e+02 1.0363571777e+03
3.5433549783e-06 2.2095312500e+02 2.2112919617e+02 2.2429322815e+02 1.0373408203e+03
3.5529549223e-06 2.1865625000e+02 2.2197172546e+02 2.2507792664e+02 1.0383497314e+03
3.5625548662e-06 2.1962500000e+02 2.2174279785e+02 2.2244920349e+02 1.0393168945e+03
3.5721550375e-06 2.1810937500e+02 2.2314891052e+02 2.2616581726e+02 1.0403526611e+03
3.5817549815e-06 2.1829687500e+02 2.2215180969e+02 2.2497731018e+02 1.0413654785e+03
3.5913549254e-06 2.2089062500e+02 2.1866816711e+02 2.1619302368e+02 1.0422176514e+03
3.6009550968e-06 2.1859375000e+02 2.2251905823e+02 2.2686877441e+02 1.0432663574e+03
3.6105550407e-06 2.1757812500e+02 2.2065084839e+02 2.2631596375e+02 1.0442932129e+03
3.6201549847e-06 2.1842187500e+02 2.2178280640e+02 2.2680674744e+02 1.0453393555e+03
3.6297549286e-06 2.1856250000e+02 2.1865808105e+02 2.1851025391e+02 1.0462342529e+03
3.6393550999e-06 2.1956250000e+02 2.1947468567e+02 2.2359796143e+02 1.0472141113e+03
3.6489550439e-06 2.1646875000e+02 2.1875440979e+02 2.1947680664e+02 1.0481290283e+03
3.6585547605e-06 2.1937500000e+02 2.2014793396e+02 2.2294960022e+02 1.0491103516e+03
3.6681549318e-06 2.1604687500e+02 2.2109281921e+02 2.3008358765e+02 1.0502114258e+03
3.6777551031e-06 2.1603125000e+02 2.1832234192e+02 2.2037768555e+02 1.0511407471e+03
3.6873550471e-06 2.1457812500e+02 2.1901953125e+02 2.2351602173e+02 1.0521267090e+03
3.6969549910e-06 2.1459375000e+02 2.1986732483e+02 2.2464498901e+02 1.0531384277e+03
3.7065549350e-06 2.1512500000e+02 2.1821484375e+02 2.2070346069e+02 1.0540775146e+03
3.7161551063e-06 2.1540625000e+02 2.2007122803e+02 2.2735163879e+02 1.0551364746e+03
3.7257550503e-06 2.1407812500e+02 2.2049754333e+02 2.2371575928e+02 1.0561391602e+03
3.7353549942e-06 2.1629687500e+02 2.1695989990e+02 2.1805619812e+02 1.0570301514e+03
3.7449549382e-06 2.1495312500e+02 2.1790327454e+02 2.2231068420e+02 1.0579976807e+03
3.7545551095e-06 2.1440625000e+02 2.2092947388e+02 2.1843403625e+02 1.0589172363e+03
3.7641550534e-06 2.1470312500e+02 2.1717686462e+02 2.2017352295e+02 1.0598489990e+03
3.7737549974e-06 2.1529687500e+02 2.1719068909e+02 2.1927780151e+02 1.0607691650e+03
3.7833549413e-06 2.1514062500e+02 2.1657690430e+02 2.1903869629e+02 1.0616813965e+03
3.7929548853e-06 2.1435937500e+02 2.1629359436e+02 2.1714445496e+02 1.0625644531e+03
3.8025550566e-06 2.1453125000e+02 2.1670353699e+02 2.1862933350e+02 1.0634760742e+03
3.8121550006e-06 2.1323437500e+02 2.1537242126e+02 2.1435450745e+02 1.0643111572e+03
3.8217549445e-06 2.1429687500e+02 2.2106089783e+02 2.2390447998e+02 1.0653315430e+03
3.8313551158e-06 2.1414062500e+02 2.1533219910e+02 2.1280529785e+02 1.0661452637e+03
3.8409548324e-06 2.1367187500e+02 2.1569221497e+02 2.1747227478e+02 1.0670375977e+03
3.8505550037e-06 2.1179687500e+02 2.1404867554e+02 2.1020452881e+02 1.0677944336e+03
3.8601551751e-06 2.1364062500e+02 2.1555218506e+02 2.1610806274e+02 1.0686688232e+03
3.8697548916e-06 2.1312500000e+02 2.1576676941e+02 2.1464015198e+02 1.0695223389e+03
3.8793550630e-06 2.1137500000e+02 2.1720307922e+02 2.1961592102e+02 1.0704659424e+03
3.8889547795e-06 2.1154687500e+02 2.1581616211e+02 2.1565600586e+02 1.0713388672e+03
3.8985549509e-06 2.1132812500e+02 2.1698222351e+02 2.2508345032e+02 1.0723721924e+03
3.9081551222e-06 2.0534375000e+02 1.8052674866e+02 1.3969934082e+02 1.0720554199e+03
3.9177548388e-06 1.8026562500e+02 1.2951463318e+02 8.5516181946e+01 1.0707773438e+03
3.9273550101e-06 1.5715625000e+02 1.1794615173e+02 7.4165458679e+01 1.0693050537e+03
3.9369551814e-06 1.3665625000e+02 1.0441885376e+02 6.1957645416e+01 1.0676295166e+03
3.9465548980e-06 1.1715625000e+02 9.0379943848e+01 5.0155673981e+01 1.0657471924e+03
3.9561550693e-06 9.9312500000e+01 7.1935256958e+01 3.6371589661e+01 1.0636177979e+03
3.9657547859e-06 8.3750000000e+01 5.6182662964e+01 2.6220878601e+01 1.0613089600e+03
3.9753549572e-06 7.1078125000e+01 4.5551818848e+01 1.7248844147e+01 1.0588500977e+03
3.9849551285e-06 5.7875000000e+01 3.8066680908e+01 1.2282365799e+01 1.0563195801e+03
3.9945548451e-06 4.8359375000e+01 3.2103500366e+01 9.7071266174e+00 1.0537628174e+03
4.0041550164e-06 4.2031250000e+01 2.8652893066e+01 8.4499063492e+00 1.0512048340e+03
4.0137551878e-06 3.6531250000e+01 2.5594497681e+01 7.5263738632e+00 1.0486522217e+03
4.0233549043e-06 3.1843750000e+01 2.2467575073e+01 6.7014918327e+00 1.0461063232e+03
4.0329550757e-06 2.7218750000e+01 1.8683959961e+01 5.4364547729e+00 1.0435581055e+03
4.0425547922e-06 2.3796875000e+01 1.4736373901e+01 3.8548219204e+00 1.0410013428e+03
4.0521549636e-06 1.8000000000e+01 1.1046386719e+01 2.4148018360e+00 1.0384387207e+03
4.0617551349e-06 1.6781250000e+01 1.1184616089e+01 1.6349024773e+00 1.0358819580e+03
4.0713548515e-06 1.5578125000e+01 1.0690093994e+01 1.1971696615e+00 1.0333376465e+03
4.0809550228e-06 1.3031250000e+01 9.7528991699e+00 9.0219646692e-01 1.0308078613e+03
4.0905551941e-06 1.0968750000e+01 8.2023620605e+00 7.6162213087e-01 1.0282955322e+03
4.1001549107e-06 1.2125000000e+01 7.0043487549e+00 7.5405901670e-01 1.0258029785e+03
4.1129551391e-06 1.0671875000e+01 5.1778869629e+00 6.4657425880e-01 1.0225073242e+03
