# epoch total_loss data_loss physics_loss w_data w_physics lr
1.0000000000e+00 1.3377213478e+00 1.0095450878e+00 1.6504553556e+00 4.8795281638e-01 5.1204718324e-01 1.0000000000e-03
2.0000000000e+00 1.0185704231e+00 1.0235550404e+00 1.0137927532e+00 4.8939711772e-01 5.1060288145e-01 1.0000000000e-03
3.0000000000e+00 8.1503772736e-01 9.8393386602e-01 6.4557343721e-01 5.0083969807e-01 4.9916030057e-01 1.0000000000e-03
4.0000000000e+00 6.9809883833e-01 8.8132607937e-01 5.0402557850e-01 5.1437322697e-01 4.8562677108e-01 1.0000000000e-03
5.0000000000e+00 6.1533397436e-01 7.3615401983e-01 4.8268514872e-01 5.2333386594e-01 4.7666613149e-01 1.0000000000e-03
6.0000000000e+00 5.0124776363e-01 5.7493758202e-01 4.1852599382e-01 5.2887251313e-01 4.7112748355e-01 1.0000000000e-03
7.0000000000e+00 3.6433398724e-01 4.2505189776e-01 2.9445883632e-01 5.3506039047e-01 4.6493960515e-01 1.0000000000e-03
8.0000000000e+00 2.6660707593e-01 3.1531935930e-01 2.0903272927e-01 5.4168939430e-01 4.5831059985e-01 1.0000000000e-03
9.0000000000e+00 2.4091660976e-01 2.6612111926e-01 2.1093221009e-01 5.4330480796e-01 4.5669518468e-01 1.0000000000e-03
1.0000000000e+01 2.2848692536e-01 2.5451168418e-01 1.9727562368e-01 5.4530872925e-01 4.5469126192e-01 1.0000000000e-03
1.1000000000e+01 1.9147165120e-01 2.4021723866e-01 1.3053624332e-01 5.5556948846e-01 4.4443050089e-01 1.0000000000e-03
1.2000000000e+01 1.4812411368e-01 2.0731319487e-01 6.7936308682e-02 5.7533081800e-01 4.2466916878e-01 1.0000000000e-03
1.3000000000e+01 1.3827556372e-01 1.6404007375e-01 1.0280213505e-01 5.7927229389e-01 4.2072769046e-01 1.0000000000e-03
1.4000000000e+01 1.4459452033e-01 1.3650158048e-01 1.5524104238e-01 5.6813342010e-01 4.3186656240e-01 1.0000000000e-03
1.5000000000e+01 1.2384763360e-01 1.2468183786e-01 1.2277854979e-01 5.6170464024e-01 4.3829533996e-01 1.0000000000e-03
1.6000000000e+01 9.9934630096e-02 1.2255309522e-01 7.0054240525e-02 5.6916263999e-01 4.3083733700e-01 1.0000000000e-03
1.7000000000e+01 1.0449492931e-01 1.2399561703e-01 7.8267611563e-02 5.7355045571e-01 4.2644951863e-01 1.0000000000e-03
1.8000000000e+01 1.1235788465e-01 1.1954240501e-01 1.0283610970e-01 5.6995168232e-01 4.3004829009e-01 1.0000000000e-03
1.9000000000e+01 1.0959951580e-01 1.1740498990e-01 9.9373690784e-02 5.6711543051e-01 4.3288454005e-01 1.0000000000e-03
2.0000000000e+01 1.0965963453e-01 1.3009917736e-01 8.2384288311e-02 5.7163179092e-01 4.2836817788e-01 1.0000000000e-03
2.1000000000e+01 1.1429241300e-01 1.4491203427e-01 7.1773938835e-02 5.8134512696e-01 4.1865484035e-01 1.0000000000e-03
2.2000000000e+01 1.0836245120e-01 1.3927936554e-01 6.3523441553e-02 5.9188784840e-01 4.0811211724e-01 1.0000000000e-03
2.3000000000e+01 9.3864850700e-02 1.1745380610e-01 5.8565806597e-02 5.9942674102e-01 4.0057322237e-01 1.0000000000e-03
2.4000000000e+01 8.2560554147e-02 9.7283102572e-02 6.0366697609e-02 6.0119242068e-01 3.9880754003e-01 1.0000000000e-03
2.5000000000e+01 7.6003178954e-02 8.6961932480e-02 5.9535305947e-02 6.0043397441e-01 3.9956598341e-01 1.0000000000e-03
2.6000000000e+01 6.8941265345e-02 8.3005577326e-02 4.7489766032e-02 6.0399864820e-01 3.9600130617e-01 1.0000000000e-03
2.7000000000e+01 6.3227981329e-02 8.1247739494e-02 3.4596581012e-02 6.1373405814e-01 3.8626589216e-01 1.0000000000e-03
2.8000000000e+01 6.3688725233e-02 8.0655060709e-02 3.5816956311e-02 6.2160909144e-01 3.7839085525e-01 1.0000000000e-03
2.9000000000e+01 6.7950092256e-02 8.0674916506e-02 4.6952538192e-02 6.2265943286e-01 3.7734051132e-01 1.0000000000e-03
3.0000000000e+01 6.9711923599e-02 8.1237532198e-02 5.0751172006e-02 6.2194233691e-01 3.7805760528e-01 1.0000000000e-03
3.1000000000e+01 6.8345710635e-02 8.3265781403e-02 4.3429039419e-02 6.2546963334e-01 3.7453030674e-01 1.0000000000e-03
3.2000000000e+01 6.7852549255e-02 8.5904724896e-02 3.6719184369e-02 6.3297810895e-01 3.6702182896e-01 1.0000000000e-03
3.3000000000e+01 6.7715667188e-02 8.5320904851e-02 3.6451965570e-02 6.3974590261e-01 3.6025403330e-01 1.0000000000e-03
3.4000000000e+01 6.4762152731e-02 7.9564213753e-02 3.8053270429e-02 6.4341789359e-01 3.5658204023e-01 1.0000000000e-03
3.5000000000e+01 6.0127057135e-02 7.1989588439e-02 3.8654766977e-02 6.4414004867e-01 3.5585988273e-01 1.0000000000e-03
3.6000000000e+01 5.7374820113e-02 6.7207008600e-02 3.9697270840e-02 6.4259256577e-01 3.5740736314e-01 1.0000000000e-03
3.7000000000e+01 5.6690778583e-02 6.5643124282e-02 4.0774270892e-02 6.4001788435e-01 3.5998204226e-01 1.0000000000e-03
3.8000000000e+01 5.5458422750e-02 6.4221255481e-02 4.0040444583e-02 6.3761229978e-01 3.6238762458e-01 1.0000000000e-03
3.9000000000e+01 5.3452171385e-02 6.1432197690e-02 3.9589352906e-02 6.3466204652e-01 3.6533787551e-01 1.0000000000e-03
4.0000000000e+01 5.2666783333e-02 5.8637838811e-02 4.2536728084e-02 6.2915293011e-01 3.7084698983e-01 1.0000000000e-03
4.1000000000e+01 5.2928775549e-02 5.7073038071e-02 4.6122614294e-02 6.2154329313e-01 3.7845662512e-01 1.0000000000e-03
4.2000000000e+01 5.2230477333e-02 5.6615699083e-02 4.5226097107e-02 6.1498076958e-01 3.8501914703e-01 1.0000000000e-03
4.3000000000e+01 5.0894923508e-02 5.7043865323e-02 4.1214957833e-02 6.1153738704e-01 3.8846252774e-01 1.0000000000e-03
4.4000000000e+01 5.0638899207e-02 5.7899355888e-02 3.9284683764e-02 6.0996066338e-01 3.9003924962e-01 1.0000000000e-03
4.5000000000e+01 5.0729949027e-02 5.8119948953e-02 3.9235971868e-02 6.0866301343e-01 3.9133689801e-01 1.0000000000e-03
4.6000000000e+01 4.9842018634e-02 5.7803012431e-02 3.7470109761e-02 6.0846755506e-01 3.9153235473e-01 1.0000000000e-03
4.7000000000e+01 4.8945687711e-02 5.8222562075e-02 3.4406628460e-02 6.1047631568e-01 3.8952359234e-01 1.0000000000e-03
4.8000000000e+01 4.8688840121e-02 5.9130027890e-02 3.2061368227e-02 6.1427035111e-01 3.8572955514e-01 1.0000000000e-03
4.9000000000e+01 4.7962032259e-02 5.8990478516e-02 3.0036479235e-02 6.1910467478e-01 3.8089522961e-01 1.0000000000e-03
5.0000000000e+01 4.6759232879e-02 5.7820457965e-02 2.8381172568e-02 6.2427002815e-01 3.7572987421e-01 1.0000000000e-03
5.1000000000e+01 4.6147614717e-02 5.6824076921e-02 2.8063343838e-02 6.2878353279e-01 3.7121636755e-01 1.0000000000e-03
5.2000000000e+01 4.5934204012e-02 5.6195542216e-02 2.8278943151e-02 6.3242885861e-01 3.6757103986e-01 1.0000000000e-03
5.3000000000e+01 4.5480716974e-02 5.5396568030e-02 2.8195887804e-02 6.3545578245e-01 3.6454411421e-01 1.0000000000e-03
5.4000000000e+01 4.5127816498e-02 5.4349876940e-02 2.8932882473e-02 6.3716965381e-01 3.6283024117e-01 1.0000000000e-03
5.5000000000e+01 4.5044757426e-02 5.3179521114e-02 3.0782654881e-02 6.3679015456e-01 3.6320973902e-01 1.0000000000e-03
5.6000000000e+01 4.4660367072e-02 5.1894538105e-02 3.2079827040e-02 6.3490920311e-01 3.6509068920e-01 1.0000000000e-03
5.7000000000e+01 4.3882258236e-02 5.0647675991e-02 3.2237160951e-02 6.3252435690e-01 3.6747553411e-01 1.0000000000e-03
5.8000000000e+01 4.3169483542e-02 4.9460314214e-02 3.2474741340e-02 6.2963717982e-01 3.7036270988e-01 1.0000000000e-03
5.9000000000e+01 4.2500991374e-02 4.8047881573e-02 3.3224854618e-02 6.2579276545e-01 3.7420712298e-01 1.0000000000e-03
6.0000000000e+01 4.1679490358e-02 4.6522192657e-02 3.3738642931e-02 6.2117723488e-01 3.7882265225e-01 1.0000000000e-03
6.1000000000e+01 4.0995046496e-02 4.5470364392e-02 3.3803191036e-02 6.1641830956e-01 3.8358157624e-01 1.0000000000e-03
6.2000000000e+01 4.0564678609e-02 4.4989701360e-02 3.3584002405e-02 6.1203443321e-01 3.8796545128e-01 1.0000000000e-03
6.3000000000e+01 4.0070120245e-02 4.4629655778e-02 3.2988391817e-02 6.0833005282e-01 3.9166983035e-01 1.0000000000e-03
6.4000000000e+01 3.9521750063e-02 4.4253639877e-02 3.2264120877e-02 6.0533150800e-01 3.9466837378e-01 1.0000000000e-03
6.5000000000e+01 3.9076514542e-02 4.4026382267e-02 3.1556729227e-02 6.0304731728e-01 3.9695256309e-01 1.0000000000e-03
6.6000000000e+01 3.8561604917e-02 4.3968729675e-02 3.0387250707e-02 6.0187531911e-01 3.9812455977e-01 1.0000000000e-03
6.7000000000e+01 3.7998519838e-02 4.4041458517e-02 2.8854196891e-02 6.0210490291e-01 3.9789497437e-01 1.0000000000e-03
6.8000000000e+01 3.7582494318e-02 4.4135242701e-02 2.7612572536e-02 6.0340881052e-01 3.9659106509e-01 1.0000000000e-03
6.9000000000e+01 3.7188645452e-02 4.4082459062e-02 2.6610974222e-02 6.0542513972e-01 3.9457473419e-01 1.0000000000e-03
7.0000000000e+01 3.6758080125e-02 4.3934985995e-02 2.5624483824e-02 6.0804437754e-01 3.9195549460e-01 1.0000000000e-03
7.1000000000e+01 3.6398664117e-02 4.3716792017e-02 2.4906791747e-02 6.1094513157e-01 3.8905473878e-01 1.0000000000e-03
7.2000000000e+01 3.6005195230e-02 4.3197739869e-02 2.4584427476e-02 6.1358085188e-01 3.8641901668e-01 1.0000000000e-03
7.3000000000e+01 3.5529077053e-02 4.2344223708e-02 2.4621594697e-02 6.1545535071e-01 3.8454451607e-01 1.0000000000e-03
7.4000000000e+01 3.5093147308e-02 4.1366487741e-02 2.5020254776e-02 6.1622117472e-01 3.8377869032e-01 1.0000000000e-03
7.5000000000e+01 3.4664414823e-02 4.0323428810e-02 2.5595223531e-02 6.1577054856e-01 3.8422931480e-01 1.0000000000e-03
7.6000000000e+01 3.4214615822e-02 3.9212618023e-02 2.6261631399e-02 6.1408362208e-01 3.8591623967e-01 1.0000000000e-03
7.7000000000e+01 3.3824779093e-02 3.8105592132e-02 2.7097642422e-02 6.1111651137e-01 3.8888334887e-01 1.0000000000e-03
7.8000000000e+01 3.3440586179e-02 3.7055313587e-02 2.7855407447e-02 6.0709143590e-01 3.9290842291e-01 1.0000000000e-03
7.9000000000e+01 3.3018704504e-02 3.6161161959e-02 2.8255248442e-02 6.0251885149e-01 3.9748100592e-01 1.0000000000e-03
8.0000000000e+01 3.2621070743e-02 3.5488601774e-02 2.8358098119e-02 5.9785103924e-01 4.0214881676e-01 1.0000000000e-03
8.1000000000e+01 3.2210282981e-02 3.4974083304e-02 2.8175944462e-02 5.9344845691e-01 4.0655139765e-01 1.0000000000e-03
8.2000000000e+01 3.1783647835e-02 3.4652452916e-02 2.7660254389e-02 5.8971417423e-01 4.1028567884e-01 1.0000000000e-03
8.3000000000e+01 3.1409755349e-02 3.4598261118e-02 2.6877505705e-02 5.8702225892e-01 4.1297759257e-01 1.0000000000e-03
8.4000000000e+01 3.1057152897e-02 3.4718707204e-02 2.5882702321e-02 5.8561028708e-01 4.1438956276e-01 1.0000000000e-03
8.5000000000e+01 3.0737865716e-02 3.4920860082e-02 2.4829352275e-02 5.8549399498e-01 4.1450585313e-01 1.0000000000e-03
8.6000000000e+01 3.0483573675e-02 3.5145796835e-02 2.3870863020e-02 5.8649691676e-01 4.1350292961e-01 1.0000000000e-03
8.7000000000e+01 3.0241411179e-02 3.5292487592e-02 2.3021627218e-02 5.8836856139e-01 4.1163128319e-01 1.0000000000e-03
8.8000000000e+01 3.0018035322e-02 3.5288859159e-02 2.2411515936e-02 5.9069049839e-01 4.0930934440e-01 1.0000000000e-03
8.9000000000e+01 2.9801025987e-02 3.5048983991e-02 2.2158296779e-02 5.9288808698e-01 4.0711175405e-01 1.0000000000e-03
9.0000000000e+01 2.9548512772e-02 3.4542478621e-02 2.2228602320e-02 5.9444446911e-01 4.0555537020e-01 1.0000000000e-03
9.1000000000e+01 2.9291301966e-02 3.3840488642e-02 2.2609377280e-02 5.9494787521e-01 4.0505196246e-01 1.0000000000e-03
9.2000000000e+01 2.9026526958e-02 3.2976303250e-02 2.3245222867e-02 5.9410730728e-01 4.0589252883e-01 1.0000000000e-03
9.3000000000e+01 2.8766665608e-02 3.2021652907e-02 2.4047514424e-02 5.9180754987e-01 4.0819228479e-01 1.0000000000e-03
9.4000000000e+01 2.8546899557e-02 3.1107980758e-02 2.4889059365e-02 5.8817968685e-01 4.1182014649e-01 1.0000000000e-03
9.5000000000e+01 2.8344716877e-02 3.0327845365e-02 2.5565048680e-02 5.8362235444e-01 4.1637747768e-01 1.0000000000e-03
9.6000000000e+01 2.8160564601e-02 2.9758175835e-02 2.5966430083e-02 5.7866232795e-01 4.2133750301e-01 1.0000000000e-03
9.7000000000e+01 2.7976378798e-02 2.9420789331e-02 2.6031343266e-02 5.7385227649e-01 4.2614755334e-01 1.0000000000e-03
9.8000000000e+01 2.7769312263e-02 2.9319982976e-02 2.5715952739e-02 5.6974129097e-01 4.3025853771e-01 1.0000000000e-03
9.9000000000e+01 2.7563804761e-02 2.9466059059e-02 2.5074971840e-02 5.6679264172e-01 4.3320718576e-01 1.0000000000e-03
1.0000000000e+02 2.7366330847e-02 2.9803790152e-02 2.4196509272e-02 5.6530526528e-01 4.3469456093e-01 1.0000000000e-03
1.0100000000e+02 2.7205988765e-02 3.0254840851e-02 2.3240664974e-02 5.6533058345e-01 4.3466924144e-01 1.0000000000e-03
1.0200000000e+02 2.7092777193e-02 3.0695706606e-02 2.2381985560e-02 5.6662916693e-01 4.3337065663e-01 1.0000000000e-03
1.0300000000e+02 2.7004409581e-02 3.0989892781e-02 2.1748676896e-02 5.6872758391e-01 4.3127223833e-01 1.0000000000e-03
1.0400000000e+02 2.6925344020e-02 3.1058060005e-02 2.1423948929e-02 5.7103330348e-01 4.2896651749e-01 1.0000000000e-03
1.0500000000e+02 2.6819700375e-02 3.0851963907e-02 2.1409535781e-02 5.7296378997e-01 4.2703602977e-01 1.0000000000e-03
1.0600000000e+02 2.6685301214e-02 3.0376026407e-02 2.1712699905e-02 5.7398333215e-01 4.2601648642e-01 1.0000000000e-03
1.0700000000e+02 2.6532078162e-02 2.9673174024e-02 2.2305386141e-02 5.7367232151e-01 4.2632749596e-01 1.0000000000e-03
1.0800000000e+02 2.6379894465e-02 2.8852045536e-02 2.3077825084e-02 5.7186471167e-01 4.2813510480e-01 1.0000000000e-03
1.0900000000e+02 2.6252590120e-02 2.8064593673e-02 2.3863108829e-02 5.6872374399e-01 4.3127607157e-01 1.0000000000e-03
1.1000000000e+02 2.6142749935e-02 2.7426881716e-02 2.4476947263e-02 5.6469309047e-01 4.3530672427e-01 1.0000000000e-03
1.1100000000e+02 2.6040323079e-02 2.7014758438e-02 2.4798318744e-02 5.6036265194e-01 4.3963716203e-01 1.0000000000e-03
1.1200000000e+02 2.5920867920e-02 2.6854606345e-02 2.4749871343e-02 5.5636567160e-01 4.4363414159e-01 1.0000000000e-03
1.1300000000e+02 2.5780126452e-02 2.6957001537e-02 2.4322424084e-02 5.5329793873e-01 4.4670187364e-01 1.0000000000e-03
1.1400000000e+02 2.5631584227e-02 2.7300156653e-02 2.3578789085e-02 5.5162521438e-01 4.4837459710e-01 1.0000000000e-03
1.1500000000e+02 2.5496950373e-02 2.7805823833e-02 2.2657107562e-02 5.5156416556e-01 4.4843564496e-01 1.0000000000e-03
1.1600000000e+02 2.5396689773e-02 2.8343778104e-02 2.1750926971e-02 5.5298812492e-01 4.4701168458e-01 1.0000000000e-03
1.1700000000e+02 2.5323547423e-02 2.8764095157e-02 2.1024504676e-02 5.5546175326e-01 4.4453805521e-01 1.0000000000e-03
1.1800000000e+02 2.5259293616e-02 2.8958385810e-02 2.0582409576e-02 5.5836918115e-01 4.4163062629e-01 1.0000000000e-03
1.1900000000e+02 2.5175103918e-02 2.8859261423e-02 2.0466348156e-02 5.6103991417e-01 4.3895989225e-01 1.0000000000e-03
1.2000000000e+02 2.5061074644e-02 2.8455447406e-02 2.0690942183e-02 5.6283527579e-01 4.3716452964e-01 1.0000000000e-03
1.2100000000e+02 2.4924859405e-02 2.7802154422e-02 2.1213855594e-02 5.6327229471e-01 4.3672750978e-01 1.0000000000e-03
1.2200000000e+02 2.4788737297e-02 2.7025144547e-02 2.1917294711e-02 5.6216327551e-01 4.3783652809e-01 1.0000000000e-03
1.2300000000e+02 2.4670571089e-02 2.6277162135e-02 2.2628502920e-02 5.5967724021e-01 4.4032256258e-01 1.0000000000e-03
1.2400000000e+02 2.4568598717e-02 2.5685630739e-02 2.3168178275e-02 5.5628602148e-01 4.4371378056e-01 1.0000000000e-03
1.2500000000e+02 2.4467386305e-02 2.5332204998e-02 2.3399051279e-02 5.5264089305e-01 4.4735890827e-01 1.0000000000e-03
1.2600000000e+02 2.4348057806e-02 2.5252565742e-02 2.3245027289e-02 5.4944652300e-01 4.5055327757e-01 1.0000000000e-03
1.2700000000e+02 2.4210967124e-02 2.5448031723e-02 2.2715169936e-02 5.4733894457e-01 4.5266085518e-01 1.0000000000e-03
1.2800000000e+02 2.4072334170e-02 2.5866378099e-02 2.1908231080e-02 5.4674756039e-01 4.5325223845e-01 1.0000000000e-03
1.2900000000e+02 2.3956868798e-02 2.6395902038e-02 2.1002657712e-02 5.4776204176e-01 4.5223775610e-01 1.0000000000e-03
1.3000000000e+02 2.3872863501e-02 2.6886386797e-02 2.0188184455e-02 5.5010028467e-01 4.4989951216e-01 1.0000000000e-03
1.3100000000e+02 2.3808224127e-02 2.7198093012e-02 1.9611204043e-02 5.5319428449e-01 4.4680551130e-01 1.0000000000e-03
1.3200000000e+02 2.3735936731e-02 2.7228377759e-02 1.9356794655e-02 5.5632343636e-01 4.4367635839e-01 1.0000000000e-03
1.3300000000e+02 2.3636773229e-02 2.6935573667e-02 1.9459582865e-02 5.5874794579e-01 4.4125184792e-01 1.0000000000e-03
1.3400000000e+02 2.3511979729e-02 2.6359692216e-02 1.9889568910e-02 5.5986797854e-01 4.4013181418e-01 1.0000000000e-03
1.3500000000e+02 2.3381646723e-02 2.5620356202e-02 2.0539497957e-02 5.5938471534e-01 4.4061507644e-01 1.0000000000e-03
1.3600000000e+02 2.3266119882e-02 2.4875370786e-02 2.1239569411e-02 5.5738833998e-01 4.4261145094e-01 1.0000000000e-03
1.3700000000e+02 2.3168310523e-02 2.4268578738e-02 2.1799799055e-02 5.5432896776e-01 4.4567082236e-01 1.0000000000e-03
1.3800000000e+02 2.3072671145e-02 2.3899318650e-02 2.2058660164e-02 5.5089860475e-01 4.4910118460e-01 1.0000000000e-03
1.3900000000e+02 2.2960592061e-02 2.3817174137e-02 2.1922595799e-02 5.4787977341e-01 4.5212001515e-01 1.0000000000e-03
1.4000000000e+02 2.2830352187e-02 2.4020813406e-02 2.1398786455e-02 5.4597823318e-01 4.5402155450e-01 1.0000000000e-03
1.4100000000e+02 2.2700551897e-02 2.4445638061e-02 2.0604861900e-02 5.4564314314e-01 4.5435664358e-01 1.0000000000e-03
1.4200000000e+02 2.2594654933e-02 2.4966109544e-02 1.9731884822e-02 5.4693391654e-01 4.5306586913e-01 1.0000000000e-03
1.4300000000e+02 2.2519227117e-02 2.5424476713e-02 1.8975500017e-02 5.4950287694e-01 4.5049690765e-01 1.0000000000e-03
1.4400000000e+02 2.2456858307e-02 2.5671008974e-02 1.8485521898e-02 5.5268895696e-01 4.4731082651e-01 1.0000000000e-03
1.4500000000e+02 2.2379867733e-02 2.5602392852e-02 1.8349843100e-02 5.5567053811e-01 4.4432924426e-01 1.0000000000e-03
1.4600000000e+02 2.2273734212e-02 2.5200400501e-02 1.8584100530e-02 5.5765899859e-01 4.4234078271e-01 1.0000000000e-03
1.4700000000e+02 2.2148549557e-02 2.4546002969e-02 1.9120618701e-02 5.5810536432e-01 4.4189441595e-01 1.0000000000e-03
1.4800000000e+02 2.2028192878e-02 2.3791989312e-02 1.9811786711e-02 5.5685887262e-01 4.4314090668e-01 1.0000000000e-03
1.4900000000e+02 2.1926816553e-02 2.3107275367e-02 2.0459260792e-02 5.5421201968e-01 4.4578775875e-01 1.0000000000e-03
1.5000000000e+02 2.1835941821e-02 2.2628938779e-02 2.0863514394e-02 5.5082038129e-01 4.4917939630e-01 1.0000000000e-03
1.5100000000e+02 2.1734457463e-02 2.2439371794e-02 2.0881433040e-02 5.4753647272e-01 4.5246330403e-01 1.0000000000e-03
1.5200000000e+02 2.1612323821e-02 2.2558499128e-02 2.0478090271e-02 5.4519983665e-01 4.5479993919e-01 1.0000000000e-03
1.5300000000e+02 2.1483706310e-02 2.2934416309e-02 1.9750181586e-02 5.4440979790e-01 4.5558997692e-01 1.0000000000e-03
1.5400000000e+02 2.1374236792e-02 2.3445004597e-02 1.8890393898e-02 5.4534800407e-01 4.5465176965e-01 1.0000000000e-03
1.5500000000e+02 2.1295931190e-02 2.3922454566e-02 1.8115162849e-02 5.4772044614e-01 4.5227932642e-01 1.0000000000e-03
1.5600000000e+02 2.1233510226e-02 2.4194555357e-02 1.7602240667e-02 5.5083453604e-01 4.4916523534e-01 1.0000000000e-03
1.5700000000e+02 2.1157674491e-02 2.4137916043e-02 1.7459077761e-02 5.5377909849e-01 4.4622067172e-01 1.0000000000e-03
1.5800000000e+02 2.1052431315e-02 2.3729413748e-02 1.7704637721e-02 5.5567149453e-01 4.4432827451e-01 1.0000000000e-03
1.5900000000e+02 2.0929545164e-02 2.3061474785e-02 1.8260775134e-02 5.5591318717e-01 4.4408658078e-01 1.0000000000e-03
1.6000000000e+02 2.0814653486e-02 2.2305069491e-02 1.8960535526e-02 5.5437430286e-01 4.4562546405e-01 1.0000000000e-03
1.6100000000e+02 2.0719965920e-02 2.1645346656e-02 1.9582359120e-02 5.5143880301e-01 4.4856096296e-01 1.0000000000e-03
1.6200000000e+02 2.0631864667e-02 2.1227873862e-02 1.9909577444e-02 5.4789721703e-01 4.5210254803e-01 1.0000000000e-03
1.6300000000e+02 2.0527955145e-02 2.1131513640e-02 1.9805815071e-02 5.4472666332e-01 4.5527310081e-01 1.0000000000e-03
1.6400000000e+02 2.0404491574e-02 2.1354898810e-02 1.9276097417e-02 5.4281213126e-01 4.5718763184e-01 1.0000000000e-03
1.6500000000e+02 2.0283807069e-02 2.1811207756e-02 1.8471349031e-02 5.4267644434e-01 4.5732331762e-01 1.0000000000e-03
1.6600000000e+02 2.0191090181e-02 2.2340849042e-02 1.7623256892e-02 5.4431107254e-01 4.5568868821e-01 1.0000000000e-03
1.6700000000e+02 2.0126009360e-02 2.2746406496e-02 1.6959741712e-02 5.4716681327e-01 4.5283294622e-01 1.0000000000e-03
1.6800000000e+02 2.0060995594e-02 2.2852014750e-02 1.6645526513e-02 5.5030692058e-01 4.4969283764e-01 1.0000000000e-03
1.6900000000e+02 1.9969278947e-02 2.2576613352e-02 1.6747733578e-02 5.5268750010e-01 4.4731225687e-01 1.0000000000e-03
1.7000000000e+02 1.9852332771e-02 2.1975446492e-02 1.7220610753e-02 5.5348418735e-01 4.4651556841e-01 1.0000000000e-03
1.7100000000e+02 1.9736487418e-02 2.1216303110e-02 1.7910493538e-02 5.5236023754e-01 4.4763951709e-01 1.0000000000e-03
1.7200000000e+02 1.9641719759e-02 2.0509328693e-02 1.8583083525e-02 5.4958790759e-01 4.5041184600e-01 1.0000000000e-03
1.7300000000e+02 1.9558820873e-02 2.0034803078e-02 1.8986459821e-02 5.4597240112e-01 4.5402735148e-01 1.0000000000e-03
1.7400000000e+02 1.9461929798e-02 1.9898213446e-02 1.8944382668e-02 5.4260296325e-01 4.5739678834e-01 1.0000000000e-03
1.7500000000e+02 1.9343081862e-02 2.0109588280e-02 1.8441447988e-02 5.4050620132e-01 4.5949354917e-01 1.0000000000e-03
1.7600000000e+02 1.9225193188e-02 2.0578980446e-02 1.7633996904e-02 5.4030894852e-01 4.5969080076e-01 1.0000000000e-03
1.7700000000e+02 1.9136328250e-02 2.1129360422e-02 1.6777599230e-02 5.4201809466e-01 4.5798165331e-01 1.0000000000e-03
1.7800000000e+02 1.9075283781e-02 2.1535769105e-02 1.6128176823e-02 5.4499500839e-01 4.5500473823e-01 1.0000000000e-03
1.7900000000e+02 1.9010482356e-02 2.1603774279e-02 1.5864450485e-02 5.4815441360e-01 4.5184533167e-01 1.0000000000e-03
1.8000000000e+02 1.8915513530e-02 2.1260835230e-02 1.6045203432e-02 5.5032928880e-01 4.4967045514e-01 1.0000000000e-03
1.8100000000e+02 1.8799027428e-02 2.0594952628e-02 1.6598070040e-02 5.5066950685e-01 4.4933023580e-01 1.0000000000e-03
1.8200000000e+02 1.8692212179e-02 1.9813176244e-02 1.7327964306e-02 5.4894817403e-01 4.5105156743e-01 1.0000000000e-03
1.8300000000e+02 1.8608931452e-02 1.9151989371e-02 1.7956724390e-02 5.4566383371e-01 4.5433590666e-01 1.0000000000e-03
1.8400000000e+02 1.8528655171e-02 1.8793454394e-02 1.8215451390e-02 5.4187833380e-01 4.5812140552e-01 1.0000000000e-03
1.8500000000e+02 1.8425660208e-02 1.8817983568e-02 1.7967248335e-02 5.3884684083e-01 4.6115289737e-01 1.0000000000e-03
1.8600000000e+02 1.8306527287e-02 1.9188912585e-02 1.7280735075e-02 5.3757825960e-01 4.6242147736e-01 1.0000000000e-03
1.8700000000e+02 1.8205150962e-02 1.9755231217e-02 1.6396703199e-02 5.3846543693e-01 4.6153429867e-01 1.0000000000e-03
1.8800000000e+02 1.8138851970e-02 2.0277833566e-02 1.5616618097e-02 5.4111182453e-01 4.5888790965e-01 1.0000000000e-03
1.8900000000e+02 1.8083609641e-02 2.0506862551e-02 1.5187447891e-02 5.4445197411e-01 4.5554775864e-01 1.0000000000e-03
1.9000000000e+02 1.8002476543e-02 2.0298494026e-02 1.5228438191e-02 5.4714227094e-01 4.5285746038e-01 1.0000000000e-03
1.9100000000e+02 1.7891865224e-02 1.9692763686e-02 1.5707990155e-02 5.4805611949e-01 4.5194361046e-01 1.0000000000e-03
1.9200000000e+02 1.7784364522e-02 1.8894841895e-02 1.6444995999e-02 5.4671661738e-01 4.5328311127e-01 1.0000000000e-03
1.9300000000e+02 1.7703138292e-02 1.8176017329e-02 1.7140120268e-02 5.4351154690e-01 4.5648818058e-01 1.0000000000e-03
1.9400000000e+02 1.7630323768e-02 1.7760578543e-02 1.7477696761e-02 5.3956176216e-01 4.6043796418e-01 1.0000000000e-03
1.9500000000e+02 1.7534188926e-02 1.7757646739e-02 1.7275758088e-02 5.3629332743e-01 4.6370639774e-01 1.0000000000e-03
1.9600000000e+02 1.7418364063e-02 1.8139414489e-02 1.6589123756e-02 5.3489599230e-01 4.6510373156e-01 1.0000000000e-03
1.9700000000e+02 1.7320893705e-02 1.8740188330e-02 1.5682373196e-02 5.3584796294e-01 4.6415175948e-01 1.0000000000e-03
1.9800000000e+02 1.7260968685e-02 1.9286196679e-02 1.4896089211e-02 5.3868476203e-01 4.6131495890e-01 1.0000000000e-03
1.9900000000e+02 1.7209246755e-02 1.9495710731e-02 1.4501686208e-02 5.4216098498e-01 4.5783873443e-01 1.0000000000e-03
2.0000000000e+02 1.7126105726e-02 1.9222263247e-02 1.4617881738e-02 5.4474800472e-01 4.5525171320e-01 1.0000000000e-03
2.0100000000e+02 1.7015734687e-02 1.8540905789e-02 1.5187084675e-02 5.4524505415e-01 4.5475466234e-01 1.0000000000e-03
2.0200000000e+02 1.6918286681e-02 1.7710098997e-02 1.5976363793e-02 5.4329387425e-01 4.5670584090e-01 1.0000000000e-03
2.0300000000e+02 1.6849683598e-02 1.7036752775e-02 1.6630472615e-02 5.3956784816e-01 4.6043186577e-01 1.0000000000e-03
2.0400000000e+02 1.6778232530e-02 1.6744459048e-02 1.6817178577e-02 5.3550271120e-01 4.6449700154e-01 1.0000000000e-03
2.0500000000e+02 1.6675662249e-02 1.6909532249e-02 1.6409067437e-02 5.3270345403e-01 4.6729625743e-01 1.0000000000e-03
2.0600000000e+02 1.6565509140e-02 1.7443411052e-02 1.5566456132e-02 5.3227611363e-01 4.6772359639e-01 1.0000000000e-03
2.0700000000e+02 1.6490582377e-02 1.8098533154e-02 1.4645627700e-02 5.3432103683e-01 4.6567867164e-01 1.0000000000e-03
2.0800000000e+02 1.6446879134e-02 1.8539370969e-02 1.4011711814e-02 5.3784361388e-01 4.6215609302e-01 1.0000000000e-03
2.0900000000e+02 1.6385629773e-02 1.8501065671e-02 1.3890515082e-02 5.4117613142e-01 4.5882357393e-01 1.0000000000e-03
2.1000000000e+02 1.6284937039e-02 1.7948204651e-02 1.4311099425e-02 5.4269579751e-01 4.5730390630e-01 1.0000000000e-03
2.1100000000e+02 1.6181740910e-02 1.7104214057e-02 1.5092063695e-02 5.4155101956e-01 4.5844868281e-01 1.0000000000e-03
2.1200000000e+02 1.6112230718e-02 1.6318907961e-02 1.5871476382e-02 5.3809087893e-01 4.6190882214e-01 1.0000000000e-03
2.1300000000e+02 1.6053909436e-02 1.5890136361e-02 1.6241393983e-02 5.3373518228e-01 4.6626451755e-01 1.0000000000e-03
2.1400000000e+02 1.5963749960e-02 1.5957320109e-02 1.5971019864e-02 5.3034019449e-01 4.6965950404e-01 1.0000000000e-03
2.1500000000e+02 1.5853645280e-02 1.6467304900e-02 1.5163411386e-02 5.2936727775e-01 4.7063241931e-01 1.0000000000e-03
2.1600000000e+02 1.5776006505e-02 1.7173320055e-02 1.4192828909e-02 5.3118165953e-01 4.6881803595e-01 1.0000000000e-03
2.1700000000e+02 1.5738086775e-02 1.7699074000e-02 1.3483511284e-02 5.3482295775e-01 4.6517673611e-01 1.0000000000e-03
2.1800000000e+02 1.5685759485e-02 1.7718136311e-02 1.3314915821e-02 5.3843504807e-01 4.6156464418e-01 1.0000000000e-03
2.1900000000e+02 1.5588618815e-02 1.7163550481e-02 1.3738805428e-02 5.4013276147e-01 4.5986692919e-01 1.0000000000e-03
2.2000000000e+02 1.5488359146e-02 1.6280271113e-02 1.4562826604e-02 5.3890363167e-01 4.6109605751e-01 1.0000000000e-03
2.2100000000e+02 1.5427606180e-02 1.5467861667e-02 1.5381270088e-02 5.3515359911e-01 4.6484608873e-01 1.0000000000e-03
2.2200000000e+02 1.5376826748e-02 1.5061421320e-02 1.5733288601e-02 5.3054734231e-01 4.6945234427e-01 1.0000000000e-03
2.2300000000e+02 1.5286901034e-02 1.5203440562e-02 1.5379977413e-02 5.2720397652e-01 4.7279570871e-01 1.0000000000e-03
2.2400000000e+02 1.5180433169e-02 1.5808923170e-02 1.4481112361e-02 5.2667538939e-01 4.7332429430e-01 1.0000000000e-03
2.2500000000e+02 1.5117570758e-02 1.6568316147e-02 1.3487314805e-02 5.2913332980e-01 4.7086635225e-01 1.0000000000e-03
2.2600000000e+02 1.5090329573e-02 1.7042275518e-02 1.2860628776e-02 5.3321201891e-01 4.6678766150e-01 1.0000000000e-03
2.2700000000e+02 1.5031313524e-02 1.6905609518e-02 1.2860205956e-02 5.3668618301e-01 4.6331349576e-01 1.0000000000e-03
2.2800000000e+02 1.4928128570e-02 1.6180003062e-02 1.3472772203e-02 5.3758243245e-01 4.6241724472e-01 1.0000000000e-03
2.2900000000e+02 1.4843786135e-02 1.5226096846e-02 1.4403557405e-02 5.3521220601e-01 4.6478746969e-01 1.0000000000e-03
2.3000000000e+02 1.4803095721e-02 1.4501255937e-02 1.5144308098e-02 5.3060640166e-01 4.6939327274e-01 1.0000000000e-03
2.3100000000e+02 1.4747131616e-02 1.4313915744e-02 1.5227882192e-02 5.2599884119e-01 4.7400083192e-01 1.0000000000e-03
2.3200000000e+02 1.4644689858e-02 1.4722471125e-02 1.4559186064e-02 5.2367775790e-01 4.7632191375e-01 1.0000000000e-03
2.3300000000e+02 1.4556702226e-02 1.5514189377e-02 1.3499360532e-02 5.2478218416e-01 4.7521748585e-01 1.0000000000e-03
2.3400000000e+02 1.4527278021e-02 1.6241250560e-02 1.2605290860e-02 5.2860619170e-01 4.7139347665e-01 1.0000000000e-03
2.3500000000e+02 1.4497807249e-02 1.6426298767e-02 1.2297369540e-02 5.3293288187e-01 4.6706678483e-01 1.0000000000e-03
2.3600000000e+02 1.4410229400e-02 1.5893729404e-02 1.2701901607e-02 5.3522054533e-01 4.6477911973e-01 1.0000000000e-03
2.3700000000e+02 1.4312816784e-02 1.4917793684e-02 1.3619645499e-02 5.3397293757e-01 4.6602672594e-01 1.0000000000e-03
2.3800000000e+02 1.4268916100e-02 1.4018001966e-02 1.4551468194e-02 5.2964199675e-01 4.7035766541e-01 1.0000000000e-03
2.3900000000e+02 1.4235071838e-02 1.3626441360e-02 1.4906256460e-02 5.2443506374e-01 4.7556459716e-01 1.0000000000e-03
2.4000000000e+02 1.4146020636e-02 1.3903042302e-02 1.4410413802e-02 5.2109554997e-01 4.7890410952e-01 1.0000000000e-03
2.4100000000e+02 1.4048079029e-02 1.4695950784e-02 1.3342279010e-02 5.2139995138e-01 4.7859970649e-01 1.0000000000e-03
2.4200000000e+02 1.4015113004e-02 1.5552624129e-02 1.2315302156e-02 5.2506826573e-01 4.7493139047e-01 1.0000000000e-03
2.4300000000e+02 1.4001652598e-02 1.5903595835e-02 1.1858229525e-02 5.2984726204e-01 4.7015239252e-01 1.0000000000e-03
2.4400000000e+02 1.3925268315e-02 1.5457524918e-02 1.2177900411e-02 5.3279624824e-01 4.6720340468e-01 1.0000000000e-03
2.4500000000e+02 1.3824883848e-02 1.4452527277e-02 1.3111564331e-02 5.3194904978e-01 4.6805060157e-01 1.0000000000e-03
2.4600000000e+02 1.3784131035e-02 1.3467781246e-02 1.4137373306e-02 5.2754132453e-01 4.7245832545e-01 1.0000000000e-03
2.4700000000e+02 1.3762778603e-02 1.3014478609e-02 1.4579810202e-02 5.2195084243e-01 4.7804880632e-01 1.0000000000e-03
2.4800000000e+02 1.3678399846e-02 1.3295410201e-02 1.4090504497e-02 5.1830409223e-01 4.8169555513e-01 1.0000000000e-03
2.4900000000e+02 1.3580732048e-02 1.4152838849e-02 1.2964264490e-02 5.1866522224e-01 4.8133442350e-01 1.0000000000e-03
2.5000000000e+02 1.3557087630e-02 1.5079404227e-02 1.1889900081e-02 5.2271189104e-01 4.7728775305e-01 1.0000000000e-03
2.5100000000e+02 1.3551153243e-02 1.5427549370e-02 1.1453552172e-02 5.2783248556e-01 4.7216715693e-01 1.0000000000e-03
2.5200000000e+02 1.3470839709e-02 1.4896331355e-02 1.1858684942e-02 5.3072599541e-01 4.6927364544e-01 1.0000000000e-03
2.5300000000e+02 1.3374823146e-02 1.3796972111e-02 1.2900064699e-02 5.2933316483e-01 4.7066647448e-01 1.0000000000e-03
2.5400000000e+02 1.3351691887e-02 1.2808839791e-02 1.3949938118e-02 5.2426763606e-01 4.7573200195e-01 1.0000000000e-03
2.5500000000e+02 1.3333445415e-02 1.2452322990e-02 1.4281980693e-02 5.1841892618e-01 4.8158071063e-01 1.0000000000e-03
2.5600000000e+02 1.3239681721e-02 1.2918545865e-02 1.3581136242e-02 5.1532682964e-01 4.8467280574e-01 1.0000000000e-03
2.5700000000e+02 1.3158648275e-02 1.3896543533e-02 1.2369766831e-02 5.1670046679e-01 4.8329916699e-01 1.0000000000e-03
2.5800000000e+02 1.3173947111e-02 1.4876599424e-02 1.1315859854e-02 5.2182765929e-01 4.7817197293e-01 1.0000000000e-03
2.5900000000e+02 1.3210883364e-02 1.4949931763e-02 1.1276030913e-02 5.2664919192e-01 4.7335043895e-01 1.0000000000e-03
2.6000000000e+02 1.3318340294e-02 1.4544319361e-02 1.1941970326e-02 5.2889688616e-01 4.7110274386e-01 1.0000000000e-03
2.6100000000e+02 1.3986526057e-02 1.3671863824e-02 1.4334077947e-02 5.2482490578e-01 4.7517472553e-01 1.0000000000e-03
2.6200000000e+02 1.6061710194e-02 1.5268948860e-02 1.6919786111e-02 5.1977809148e-01 4.8022154564e-01 1.0000000000e-03
2.6300000000e+02 1.9039541483e-02 1.6771972179e-02 2.1415980533e-02 5.1171980824e-01 4.8827983898e-01 1.0000000000e-03
2.6400000000e+02 1.9071042538e-02 1.8149528652e-02 2.0022895187e-02 5.0809399314e-01 4.9190566316e-01 1.0000000000e-03
2.6500000000e+02 1.6277447343e-02 1.5947636217e-02 1.6615629196e-02 5.0625889391e-01 4.9374076606e-01 1.0000000000e-03
2.6600000000e+02 1.5601011924e-02 1.7162375152e-02 1.3970990665e-02 5.1075833128e-01 4.8924133057e-01 1.0000000000e-03
2.6700000000e+02 1.4566497877e-02 1.6921034083e-02 1.2034899555e-02 5.1811966841e-01 4.8187999272e-01 1.0000000000e-03
2.6800000000e+02 1.4706525020e-02 1.5674253926e-02 1.3659244403e-02 5.1974233935e-01 4.8025732157e-01 1.0000000000e-03
2.6900000000e+02 1.6141068190e-02 1.6302993521e-02 1.5966856852e-02 5.1828891131e-01 4.8171075253e-01 1.0000000000e-03
2.7000000000e+02 1.3343101367e-02 1.3122695498e-02 1.3577721082e-02 5.1560790723e-01 4.8439175277e-01 1.0000000000e-03
2.7100000000e+02 1.3641508296e-02 1.2700039893e-02 1.4623484574e-02 5.1052734003e-01 4.8947231738e-01 1.0000000000e-03
2.7200000000e+02 1.5283639543e-02 1.4168640599e-02 1.6424763948e-02 5.0578732008e-01 4.9421233890e-01 1.0000000000e-03
2.7300000000e+02 1.3119377196e-02 1.2910271995e-02 1.3332206756e-02 5.0440465372e-01 4.9559500125e-01 1.0000000000e-03
2.7400000000e+02 1.3553269207e-02 1.4736097306e-02 1.2329981662e-02 5.0840905966e-01 4.9159059287e-01 1.0000000000e-03
2.7500000000e+02 1.3581234962e-02 1.5311355703e-02 1.1750364676e-02 5.1414752052e-01 4.8585212980e-01 1.0000000000e-03
2.7600000000e+02 1.3434036635e-02 1.5004267916e-02 1.1740890332e-02 5.1883362294e-01 4.8116602496e-01 1.0000000000e-03
2.7700000000e+02 1.3473158702e-02 1.5057720244e-02 1.1734739877e-02 5.2315157458e-01 4.7684807121e-01 1.0000000000e-03
2.7800000000e+02 1.2521862984e-02 1.3054437004e-02 1.1937775649e-02 5.2307041482e-01 4.7692922638e-01 1.0000000000e-03
2.7900000000e+02 1.3532159850e-02 1.2842289172e-02 1.4273935929e-02 5.1812352169e-01 4.8187611851e-01 1.0000000000e-03
2.8000000000e+02 1.2909950688e-02 1.2088441290e-02 1.3775503263e-02 5.1304973483e-01 4.8694990269e-01 1.0000000000e-03
2.8100000000e+02 1.2567963451e-02 1.1903310195e-02 1.3257142156e-02 5.0905434584e-01 4.9094528818e-01 1.0000000000e-03
2.8200000000e+02 1.3022698462e-02 1.2823561206e-02 1.3227805495e-02 5.0737303232e-01 4.9262659991e-01 1.0000000000e-03
2.8300000000e+02 1.2539654039e-02 1.3638640754e-02 1.1390652508e-02 5.1112642190e-01 4.8887320715e-01 1.0000000000e-03
2.8400000000e+02 1.2759955600e-02 1.4411433600e-02 1.0994077660e-02 5.1673937669e-01 4.8326025010e-01 1.0000000000e-03
2.8500000000e+02 1.2419090606e-02 1.4127964154e-02 1.0550577193e-02 5.2231338666e-01 4.7768623693e-01 1.0000000000e-03
2.8600000000e+02 1.2609541416e-02 1.3821520843e-02 1.1269086972e-02 5.2516845896e-01 4.7483116242e-01 1.0000000000e-03
2.8700000000e+02 1.2513514608e-02 1.2792299502e-02 1.2206844985e-02 5.2382254170e-01 4.7617707754e-01 1.0000000000e-03
2.8800000000e+02 1.2143095955e-02 1.1593625881e-02 1.2736205943e-02 5.1909216280e-01 4.8090745341e-01 1.0000000000e-03
2.8900000000e+02 1.2531883083e-02 1.1456321925e-02 1.3663918711e-02 5.1278886858e-01 4.8721074620e-01 1.0000000000e-03
2.9000000000e+02 1.2274384499e-02 1.1412136257e-02 1.3164487667e-02 5.0794488526e-01 4.9205472735e-01 1.0000000000e-03
2.9100000000e+02 1.2199856341e-02 1.2351511046e-02 1.2043415569e-02 5.0778185047e-01 4.9221775989e-01 1.0000000000e-03
2.9200000000e+02 1.2136943638e-02 1.3175100088e-02 1.1050398462e-02 5.1138890180e-01 4.8861070624e-01 1.0000000000e-03
2.9300000000e+02 1.2140233070e-02 1.3668856584e-02 1.0505369864e-02 5.1679308637e-01 4.8320651951e-01 1.0000000000e-03
2.9400000000e+02 1.2268656865e-02 1.4009607024e-02 1.0362923145e-02 5.2259488937e-01 4.7740471489e-01 1.0000000000e-03
2.9500000000e+02 1.1951605789e-02 1.2930469587e-02 1.0871182196e-02 5.2466131139e-01 4.7533829043e-01 1.0000000000e-03
2.9600000000e+02 1.2005776167e-02 1.1986093596e-02 1.2027289718e-02 5.2210938204e-01 4.7789021795e-01 1.0000000000e-03
2.9700000000e+02 1.2042631395e-02 1.1278888211e-02 1.2858923525e-02 5.1662547801e-01 4.8337412055e-01 1.0000000000e-03
2.9800000000e+02 1.1968586594e-02 1.0851667263e-02 1.3132077642e-02 5.1020883647e-01 4.8979076054e-01 1.0000000000e-03
2.9900000000e+02 1.1942710727e-02 1.1251542717e-02 1.2651414610e-02 5.0625969318e-01 4.9373990230e-01 1.0000000000e-03
3.0000000000e+02 1.1791879311e-02 1.2115499005e-02 1.1459045112e-02 5.0702599599e-01 4.9297359752e-01 1.0000000000e-03
3.0100000000e+02 1.1882796884e-02 1.3030104339e-02 1.0682569817e-02 5.1127333058e-01 4.8872626140e-01 1.0000000000e-03
3.0200000000e+02 1.1878727004e-02 1.3604790904e-02 1.0025843047e-02 5.1771866009e-01 4.8228093038e-01 1.0000000000e-03
3.0300000000e+02 1.1776850559e-02 1.3229476288e-02 1.0187709704e-02 5.2244150119e-01 4.7755808753e-01 1.0000000000e-03
3.0400000000e+02 1.1761466041e-02 1.2414423749e-02 1.1045218445e-02 5.2311554289e-01 4.7688404433e-01 1.0000000000e-03
3.0500000000e+02 1.1698086746e-02 1.1350915767e-02 1.2073089369e-02 5.1926244332e-01 4.8073714249e-01 1.0000000000e-03
3.0600000000e+02 1.1745223776e-02 1.0662727989e-02 1.2883789837e-02 5.1261985213e-01 4.8737973262e-01 1.0000000000e-03
3.0700000000e+02 1.1709149927e-02 1.0674733669e-02 1.2772462331e-02 5.0688454361e-01 4.9311504002e-01 1.0000000000e-03
3.0800000000e+02 1.1598899961e-02 1.1267228983e-02 1.1936947703e-02 5.0475296882e-01 4.9524661336e-01 1.0000000000e-03
3.0900000000e+02 1.1605864391e-02 1.2230142020e-02 1.0963849723e-02 5.0700743437e-01 4.9299214647e-01 1.0000000000e-03
3.1000000000e+02 1.1611040682e-02 1.3165325858e-02 9.9724298343e-03 5.1320641943e-01 4.8679316011e-01 1.0000000000e-03
3.1100000000e+02 1.1613748968e-02 1.3257235289e-02 9.8383910954e-03 5.1928724964e-01 4.8071232864e-01 1.0000000000e-03
3.1200000000e+02 1.1550654657e-02 1.2628979981e-02 1.0371825658e-02 5.2226518616e-01 4.7773439082e-01 1.0000000000e-03
3.1300000000e+02 1.1469168589e-02 1.1581541970e-02 1.1347172782e-02 5.2054972778e-01 4.7944984789e-01 1.0000000000e-03
3.1400000000e+02 1.1512438767e-02 1.0669508949e-02 1.2406555936e-02 5.1473099319e-01 4.8526858158e-01 1.0000000000e-03
3.1500000000e+02 1.1522907764e-02 1.0300260037e-02 1.2784704566e-02 5.0787678653e-01 4.9212278745e-01 1.0000000000e-03
3.1600000000e+02 1.1444231495e-02 1.0642166249e-02 1.2257814407e-02 5.0356146854e-01 4.9643810437e-01 1.0000000000e-03
3.1700000000e+02 1.1382414028e-02 1.1595719494e-02 1.1165548116e-02 5.0415026288e-01 4.9584930880e-01 1.0000000000e-03
3.1800000000e+02 1.1387309060e-02 1.2637059204e-02 1.0089994408e-02 5.0933880870e-01 4.9066076181e-01 1.0000000000e-03
3.1900000000e+02 1.1435341090e-02 1.3085795566e-02 9.6765216440e-03 5.1589375771e-01 4.8410581182e-01 1.0000000000e-03
3.2000000000e+02 1.1395836249e-02 1.2803025544e-02 9.8666129634e-03 5.2078088858e-01 4.7921867989e-01 1.0000000000e-03
3.2100000000e+02 1.1293591931e-02 1.1738265865e-02 1.0810402222e-02 5.2076024548e-01 4.7923932179e-01 1.0000000000e-03
3.2200000000e+02 1.1294201948e-02 1.0670390911e-02 1.1958835647e-02 5.1583734023e-01 4.8416222612e-01 1.0000000000e-03
3.2300000000e+02 1.1341695674e-02 1.0118401609e-02 1.2608705088e-02 5.0877487894e-01 4.9122468677e-01 1.0000000000e-03
3.2400000000e+02 1.1305801570e-02 1.0242799297e-02 1.2382375076e-02 5.0316906322e-01 4.9683050173e-01 1.0000000000e-03
3.2500000000e+02 1.1221436784e-02 1.1099489406e-02 1.1344525963e-02 5.0230625091e-01 4.9769331299e-01 1.0000000000e-03
3.2600000000e+02 1.1200996116e-02 1.2183928862e-02 1.0192073882e-02 5.0652647460e-01 4.9347308822e-01 1.0000000000e-03
3.2700000000e+02 1.1252340861e-02 1.2927605771e-02 9.4837052748e-03 5.1355719950e-01 4.8644236241e-01 1.0000000000e-03
3.2800000000e+02 1.1242847890e-02 1.2778472155e-02 9.5836240798e-03 5.1934489896e-01 4.8065466204e-01 1.0000000000e-03
3.2900000000e+02 1.1149730533e-02 1.1820541695e-02 1.0421408340e-02 5.2055564301e-01 4.7944391693e-01 1.0000000000e-03
3.3000000000e+02 1.1124328710e-02 1.0685005225e-02 1.1593574658e-02 5.1646094734e-01 4.8353861173e-01 1.0000000000e-03
3.3100000000e+02 1.1179647408e-02 9.9294167012e-03 1.2476403266e-02 5.0913107171e-01 4.9086848682e-01 1.0000000000e-03
3.3200000000e+02 1.1163353920e-02 9.9692353979e-03 1.2371135876e-02 5.0284224949e-01 4.9715730843e-01 1.0000000000e-03
3.3300000000e+02 1.1069318280e-02 1.0734806769e-02 1.1405239813e-02 5.0104392939e-01 4.9895562756e-01 1.0000000000e-03
3.3400000000e+02 1.1042492464e-02 1.1887479573e-02 1.0181115940e-02 5.0480555697e-01 4.9519399898e-01 1.0000000000e-03
3.3500000000e+02 1.1101916432e-02 1.2757507153e-02 9.3649616465e-03 5.1199262192e-01 4.8800693322e-01 1.0000000000e-03
3.3600000000e+02 1.1104131117e-02 1.2702112086e-02 9.3847224489e-03 5.1830321392e-01 4.8169634044e-01 1.0000000000e-03
3.3700000000e+02 1.1012727395e-02 1.1789140292e-02 1.0171093047e-02 5.2015690736e-01 4.7984264603e-01 1.0000000000e-03
3.3800000000e+02 1.0975481942e-02 1.0564103723e-02 1.1414433829e-02 5.1620673914e-01 4.8379281341e-01 1.0000000000e-03
3.3900000000e+02 1.1034745723e-02 9.7722290084e-03 1.2342379428e-02 5.0877506643e-01 4.9122448564e-01 1.0000000000e-03
3.4000000000e+02 1.1032667011e-02 9.7401924431e-03 1.2335634790e-02 5.0201906848e-01 4.9798048309e-01 1.0000000000e-03
3.4100000000e+02 1.0933747515e-02 1.0533437133e-02 1.1334048584e-02 4.9998654174e-01 5.0001300894e-01 1.0000000000e-03
3.4200000000e+02 1.0904010385e-02 1.1741871946e-02 1.0053114034e-02 5.0386205188e-01 4.9613749785e-01 1.0000000000e-03
3.4300000000e+02 1.0973160155e-02 1.2637542561e-02 9.2320833355e-03 5.1126163984e-01 4.8873790919e-01 1.0000000000e-03
3.4400000000e+02 1.0974306613e-02 1.2604855932e-02 9.2228073627e-03 5.1788261070e-01 4.8211693761e-01 1.0000000000e-03
3.4500000000e+02 1.0877190158e-02 1.1614051647e-02 1.0080115870e-02 5.1962968942e-01 4.8036985797e-01 1.0000000000e-03
3.4600000000e+02 1.0848136619e-02 1.0361140594e-02 1.1366002262e-02 5.1535424154e-01 4.8464530509e-01 1.0000000000e-03
3.4700000000e+02 1.0915258899e-02 9.5590138808e-03 1.2312949635e-02 5.0752321321e-01 4.9247633303e-01 1.0000000000e-03
3.4800000000e+02 1.0907269083e-02 9.6113141626e-03 1.2207500637e-02 5.0082145030e-01 4.9917809548e-01 1.0000000000e-03
3.4900000000e+02 1.0804962367e-02 1.0466083884e-02 1.1142732576e-02 4.9917360550e-01 5.0082593943e-01 1.0000000000e-03
3.5000000000e+02 1.0788079351e-02 1.1757965200e-02 9.8033901304e-03 5.0378880827e-01 4.9621073579e-01 1.0000000000e-03
3.5100000000e+02 1.0865865275e-02 1.2595864013e-02 9.0537648648e-03 5.1159040834e-01 4.8840913512e-01 1.0000000000e-03
3.5200000000e+02 1.0853511281e-02 1.2439129874e-02 9.1491229832e-03 5.1805124159e-01 4.8194830121e-01 1.0000000000e-03
3.5300000000e+02 1.0749237612e-02 1.1309713125e-02 1.0144587606e-02 5.1896145873e-01 4.8103808318e-01 1.0000000000e-03
3.5400000000e+02 1.0741967708e-02 1.0048561729e-02 1.1474608444e-02 5.1375247362e-01 4.8624706763e-01 1.0000000000e-03
3.5500000000e+02 1.0819078423e-02 9.3334671110e-03 1.2337421998e-02 5.0544635350e-01 4.9455318749e-01 1.0000000000e-03
3.5600000000e+02 1.0787848383e-02 9.5660034567e-03 1.2006027624e-02 4.9924617040e-01 5.0075337013e-01 1.0000000000e-03
3.5700000000e+02 1.0684982873e-02 1.0568079539e-02 1.0801324621e-02 4.9877578481e-01 5.0122375487e-01 1.0000000000e-03
3.5800000000e+02 1.0706619360e-02 1.1940453202e-02 9.4492696226e-03 5.0472149921e-01 4.9527803975e-01 1.0000000000e-03
3.5900000000e+02 1.0795818642e-02 1.2566521764e-02 8.9328279719e-03 5.1270002837e-01 4.8729951018e-01 1.0000000000e-03
3.6000000000e+02 1.0766694322e-02 1.2233491056e-02 9.1869318858e-03 5.1854134112e-01 4.8145819689e-01 1.0000000000e-03
3.6100000000e+02 1.0696895421e-02 1.0873917490e-02 1.0507007129e-02 5.1754521524e-01 4.8245432220e-01 1.0000000000e-03
3.6200000000e+02 1.0787806474e-02 9.7823273391e-03 1.1838681065e-02 5.1103521993e-01 4.8896431751e-01 1.0000000000e-03
3.6300000000e+02 1.0970587842e-02 9.2837922275e-03 1.2672406621e-02 5.0221491856e-01 4.9778461960e-01 1.0000000000e-03
3.6400000000e+02 1.1130489409e-02 1.0107740760e-02 1.2142750435e-02 4.9742045179e-01 5.0257908760e-01 1.0000000000e-03
3.6500000000e+02 1.1530981399e-02 1.1325594038e-02 1.1733761057e-02 4.9679334968e-01 5.0320619241e-01 1.0000000000e-03
3.6600000000e+02 1.2610903941e-02 1.4084267430e-02 1.1119793169e-02 5.0299493829e-01 4.9700460992e-01 1.0000000000e-03
3.6700000000e+02 1.4491233043e-02 1.4813382179e-02 1.4164142311e-02 5.0381567411e-01 4.9618388476e-01 1.0000000000e-03
3.6800000000e+02 1.7166322097e-02 1.7339697108e-02 1.6990205273e-02 5.0394311155e-01 4.9605646231e-01 1.0000000000e-03
3.6900000000e+02 1.9064240158e-02 1.6529140994e-02 2.1568465978e-02 4.9693508622e-01 5.0306450400e-01 1.0000000000e-03
3.7000000000e+02 1.5261176042e-02 1.3196067885e-02 1.7249956727e-02 4.9058406227e-01 5.0941553609e-01 1.0000000000e-03
3.7100000000e+02 1.1391954497e-02 1.0292469524e-02 1.2434941716e-02 4.8681222602e-01 5.1318736850e-01 1.0000000000e-03
3.7200000000e+02 1.0788327083e-02 1.0456416756e-02 1.1102959514e-02 4.8663153412e-01 5.1336805457e-01 1.0000000000e-03
3.7300000000e+02 1.3119522482e-02 1.3595391065e-02 1.2662795372e-02 4.8974417992e-01 5.1025541181e-01 1.0000000000e-03
3.7400000000e+02 1.4757679775e-02 1.4420076273e-02 1.5081600286e-02 4.8964858194e-01 5.1035101673e-01 1.0000000000e-03
3.7500000000e+02 1.3409502804e-02 1.5011964366e-02 1.1828608811e-02 4.9661382134e-01 5.0338578020e-01 1.0000000000e-03
3.7600000000e+02 1.0876820423e-02 1.2048040517e-02 9.6944775432e-03 5.0236476515e-01 4.9763483025e-01 1.0000000000e-03
3.7700000000e+02 1.0883966461e-02 1.1139932089e-02 1.0624596849e-02 5.0331215299e-01 4.9668743691e-01 1.0000000000e-03
3.7800000000e+02 1.2640328147e-02 1.1648060754e-02 1.3628893532e-02 4.9906266105e-01 5.0093693031e-01 5.0000000000e-04
3.7900000000e+02 1.2661095709e-02 1.1050610803e-02 1.4226336032e-02 4.9287451685e-01 5.0712507581e-01 5.0000000000e-04
3.8000000000e+02 1.0629637167e-02 9.9625047296e-03 1.1271910742e-02 4.9050382655e-01 5.0949575975e-01 5.0000000000e-04
3.8100000000e+02 1.1944836006e-02 1.1570846662e-02 1.2304050848e-02 4.8991791085e-01 5.1008167493e-01 5.0000000000e-04
3.8200000000e+02 1.0842066258e-02 1.1445349082e-02 1.0253871791e-02 4.9367153341e-01 5.0632804771e-01 5.0000000000e-04
3.8300000000e+02 1.1296167970e-02 1.1980134062e-02 1.0619520210e-02 4.9731461030e-01 5.0268496846e-01 5.0000000000e-04
3.8400000000e+02 1.1160617694e-02 1.2292196974e-02 1.0016839020e-02 5.0268275764e-01 4.9731681841e-01 5.0000000000e-04
3.8500000000e+02 1.0872013867e-02 1.2603742070e-02 9.0654296800e-03 5.1057884736e-01 4.8942072494e-01 5.0000000000e-04
3.8600000000e+02 1.1321499944e-02 1.2678298168e-02 9.8765576258e-03 5.1573188529e-01 4.8426768545e-01 5.0000000000e-04
3.8700000000e+02 1.0516148061e-02 1.1238836683e-02 9.7403321415e-03 5.1773008188e-01 4.8226948412e-01 5.0000000000e-04
3.8800000000e+02 1.1234002188e-02 1.0940470733e-02 1.1545216665e-02 5.1461231680e-01 4.8538724813e-01 5.0000000000e-04
3.8900000000e+02 1.0430281982e-02 9.9227111787e-03 1.0959994979e-02 5.1066746710e-01 4.8933209344e-01 5.0000000000e-04
3.9000000000e+02 1.1123616248e-02 1.0103008710e-02 1.2164733373e-02 5.0497130236e-01 4.9502825723e-01 5.0000000000e-04
3.9100000000e+02 1.0535609908e-02 9.5831118524e-03 1.1487944052e-02 4.9995412978e-01 5.0004542638e-01 5.0000000000e-04
3.9200000000e+02 1.0883670300e-02 9.9629815668e-03 1.1788891628e-02 4.9576156283e-01 5.0423799175e-01 5.0000000000e-04
3.9300000000e+02 1.0560404509e-02 1.0344447568e-02 1.0772240348e-02 4.9517245750e-01 5.0482709426e-01 5.0000000000e-04
3.9400000000e+02 1.0618630797e-02 1.1275304481e-02 9.9652698264e-03 4.9873898910e-01 5.0126056041e-01 5.0000000000e-04
3.9500000000e+02 1.0658488609e-02 1.1903097853e-02 9.3899294734e-03 5.0476645208e-01 4.9523309552e-01 5.0000000000e-04
3.9600000000e+02 1.0538157076e-02 1.1908080429e-02 9.1068679467e-03 5.1095458924e-01 4.8904495601e-01 5.0000000000e-04
3.9700000000e+02 1.0738021694e-02 1.1932815425e-02 9.4661666080e-03 5.1562257659e-01 4.8437696740e-01 5.0000000000e-04
3.9800000000e+02 1.0434143245e-02 1.1497996747e-02 9.2844758183e-03 5.1938574365e-01 4.8061379782e-01 5.0000000000e-04
3.9900000000e+02 1.0639185086e-02 1.1087843217e-02 1.0153836571e-02 5.1964566822e-01 4.8035387203e-01 5.0000000000e-04
4.0000000000e+02 1.0366536677e-02 1.0131558403e-02 1.0617573746e-02 5.1650990757e-01 4.8348963046e-01 5.0000000000e-04
4.0100000000e+02 1.0598525405e-02 9.6698133275e-03 1.1566676199e-02 5.1039284916e-01 4.8960668797e-01 5.0000000000e-04
4.0200000000e+02 1.0452169925e-02 9.3334391713e-03 1.1588789523e-02 5.0396370042e-01 4.9603583521e-01 5.0000000000e-04
4.0300000000e+02 1.0554032400e-02 9.5698237419e-03 1.1533983052e-02 4.9891374252e-01 5.0108579216e-01 5.0000000000e-04
4.0400000000e+02 1.0433508083e-02 9.9161881953e-03 1.0943766683e-02 4.9655930447e-01 5.0344022881e-01 5.0000000000e-04
4.0500000000e+02 1.0409278795e-02 1.0441939346e-02 1.0377009399e-02 4.9705928947e-01 5.0294024244e-01 5.0000000000e-04
4.0600000000e+02 1.0417703539e-02 1.1119909585e-02 9.7134560347e-03 5.0072881820e-01 4.9927071253e-01 5.0000000000e-04
4.0700000000e+02 1.0408410802e-02 1.1751718819e-02 9.0257730335e-03 5.0721576201e-01 4.9278376751e-01 5.0000000000e-04
4.0800000000e+02 1.0498784482e-02 1.2020777911e-02 8.8892253116e-03 5.1398232694e-01 4.8601720181e-01 5.0000000000e-04
4.0900000000e+02 1.0404063389e-02 1.1648849584e-02 9.0618617833e-03 5.1882959809e-01 4.8116992949e-01 5.0000000000e-04
4.1000000000e+02 1.0433984920e-02 1.1111787520e-02 9.6987020224e-03 5.2034174059e-01 4.7965778619e-01 5.0000000000e-04
4.1100000000e+02 1.0316628031e-02 1.0404274799e-02 1.0222162120e-02 5.1874899660e-01 4.8125052902e-01 5.0000000000e-04
4.1200000000e+02 1.0394925252e-02 9.8369214684e-03 1.0985363275e-02 5.1411635141e-01 4.8588317362e-01 5.0000000000e-04
4.1300000000e+02 1.0369810276e-02 9.3540521339e-03 1.1417512782e-02 5.0773766235e-01 4.9226186203e-01 5.0000000000e-04
4.1400000000e+02 1.0431859642e-02 9.2551922426e-03 1.1614723131e-02 5.0131092696e-01 4.9868859707e-01 5.0000000000e-04
4.1500000000e+02 1.0367549956e-02 9.4991885126e-03 1.1225613765e-02 4.9701469340e-01 5.0298482998e-01 5.0000000000e-04
4.1600000000e+02 1.0335679166e-02 1.0121619329e-02 1.0546592064e-02 4.9628511736e-01 5.0371440529e-01 5.0000000000e-04
4.1700000000e+02 1.0304186493e-02 1.0816087946e-02 9.7940620035e-03 4.9913600400e-01 5.0086351786e-01 5.0000000000e-04
4.1800000000e+02 1.0327845812e-02 1.1385284364e-02 9.2516755685e-03 5.0439176423e-01 4.9560775700e-01 5.0000000000e-04
4.1900000000e+02 1.0376877151e-02 1.1757834814e-02 8.9351097122e-03 5.1077306165e-01 4.8922645913e-01 5.0000000000e-04
4.2000000000e+02 1.0369574651e-02 1.1781116948e-02 8.8600600138e-03 5.1677152816e-01 4.8322799209e-01 5.0000000000e-04
4.2100000000e+02 1.0349364951e-02 1.1373459361e-02 9.2387255281e-03 5.2027267839e-01 4.7972684132e-01 5.0000000000e-04
4.2200000000e+02 1.0280985385e-02 1.0636406951e-02 9.8958788440e-03 5.2004871135e-01 4.7995080769e-01 5.0000000000e-04
4.2300000000e+02 1.0292967781e-02 9.9277785048e-03 1.0682643391e-02 5.1621254699e-01 4.8378697163e-01 5.0000000000e-04
4.2400000000e+02 1.0305821896e-02 9.3975029886e-03 1.1251611635e-02 5.1010171058e-01 4.8989780775e-01 5.0000000000e-04
4.2500000000e+02 1.0356189683e-02 9.1987885535e-03 1.1529772542e-02 5.0346887991e-01 4.9653063834e-01 5.0000000000e-04
4.2600000000e+02 1.0327231139e-02 9.3080094084e-03 1.1339164339e-02 4.9820324621e-01 5.0179627179e-01 5.0000000000e-04
4.2700000000e+02 1.0291337967e-02 9.7545767203e-03 1.0819157586e-02 4.9579566559e-01 5.0420385199e-01 5.0000000000e-04
4.2800000000e+02 1.0242944583e-02 1.0447573848e-02 1.0040597059e-02 4.9720927356e-01 5.0279024346e-01 5.0000000000e-04
4.2900000000e+02 1.0264271870e-02 1.1205107905e-02 9.3155372888e-03 5.0209239174e-01 4.9790712485e-01 5.0000000000e-04
4.3000000000e+02 1.0303329676e-02 1.1687616818e-02 8.8698146865e-03 5.0873661273e-01 4.9126290355e-01 5.0000000000e-04
4.3100000000e+02 1.0330097750e-02 1.1755077168e-02 8.8169584051e-03 5.1500397386e-01 4.8499554219e-01 5.0000000000e-04
4.3200000000e+02 1.0301413015e-02 1.1431435123e-02 9.0809892863e-03 5.1923287166e-01 4.8076664403e-01 5.0000000000e-04
4.3300000000e+02 1.0249355808e-02 1.0813157074e-02 9.6381353214e-03 5.2018229091e-01 4.7981722431e-01 5.0000000000e-04
4.3400000000e+02 1.0228909552e-02 1.0072249919e-02 1.0396856815e-02 5.1737111873e-01 4.8262839612e-01 5.0000000000e-04
4.3500000000e+02 1.0253123939e-02 9.4443531707e-03 1.1100335978e-02 5.1160378768e-01 4.8839572700e-01 5.0000000000e-04
4.3600000000e+02 1.0297114961e-02 9.1234315187e-03 1.1493068188e-02 5.0469644519e-01 4.9530306953e-01 5.0000000000e-04
4.3700000000e+02 1.0294026695e-02 9.1789215803e-03 1.1403900571e-02 4.9882183751e-01 5.0117767715e-01 5.0000000000e-04
4.3800000000e+02 1.0252237320e-02 9.5969242975e-03 1.0896562599e-02 4.9576877397e-01 5.0423074043e-01 5.0000000000e-04
4.3900000000e+02 1.0202663951e-02 1.0247043334e-02 1.0158928111e-02 4.9640777745e-01 5.0359173650e-01 5.0000000000e-04
4.4000000000e+02 1.0208771564e-02 1.0978250764e-02 9.4376364723e-03 5.0054005037e-01 4.9945946321e-01 5.0000000000e-04
4.4100000000e+02 1.0250052437e-02 1.1569259688e-02 8.8932579383e-03 5.0702480681e-01 4.9297470654e-01 5.0000000000e-04
4.4200000000e+02 1.0286809877e-02 1.1781638488e-02 8.7069701403e-03 5.1382565860e-01 4.8617385461e-01 5.0000000000e-04
4.4300000000e+02 1.0265219957e-02 1.1501900852e-02 8.9322868735e-03 5.1873060158e-01 4.8126891136e-01 5.0000000000e-04
4.4400000000e+02 1.0214807466e-02 1.0869608261e-02 9.5048602670e-03 5.2020667743e-01 4.7979283514e-01 5.0000000000e-04
4.4500000000e+02 1.0182415135e-02 1.0114882141e-02 1.0254955851e-02 5.1784215904e-01 4.8215735318e-01 5.0000000000e-04
4.4600000000e+02 1.0206978768e-02 9.4655957073e-03 1.0985895060e-02 5.1234107813e-01 4.8765843398e-01 5.0000000000e-04
4.4700000000e+02 1.0249868035e-02 9.0884668753e-03 1.1436576955e-02 5.0538683896e-01 4.9461267322e-01 5.0000000000e-04
4.4800000000e+02 1.0259397328e-02 9.0832319111e-03 1.1431463063e-02 4.9912484304e-01 5.0087466917e-01 5.0000000000e-04
4.4900000000e+02 1.0215081275e-02 9.4619002193e-03 1.0955002159e-02 4.9555580207e-01 5.0444370994e-01 5.0000000000e-04
4.5000000000e+02 1.0165719315e-02 1.0140614584e-02 1.0190422647e-02 4.9587770466e-01 5.0412180696e-01 5.0000000000e-04
4.5100000000e+02 1.0163290426e-02 1.0907147080e-02 9.4195948914e-03 4.9994900917e-01 5.0005050210e-01 5.0000000000e-04
4.5200000000e+02 1.0208697990e-02 1.1506176554e-02 8.8775726035e-03 5.0640187367e-01 4.9359763741e-01 5.0000000000e-04
4.5300000000e+02 1.0246370919e-02 1.1737455614e-02 8.6740162224e-03 5.1326586806e-01 4.8673364292e-01 5.0000000000e-04
4.5400000000e+02 1.0230254382e-02 1.1505225673e-02 8.8576488197e-03 5.1844024347e-01 4.8155926730e-01 5.0000000000e-04
4.5500000000e+02 1.0176092386e-02 1.0878603905e-02 9.4144279137e-03 5.2020377585e-01 4.7979573456e-01 5.0000000000e-04
4.5600000000e+02 1.0143039748e-02 1.0090562515e-02 1.0199425742e-02 5.1791510542e-01 4.8208440467e-01 5.0000000000e-04
4.5700000000e+02 1.0166530497e-02 9.4103803858e-03 1.0960889049e-02 5.1231794618e-01 4.8768156381e-01 5.0000000000e-04
4.5800000000e+02 1.0213198140e-02 9.0264631435e-03 1.1424996890e-02 5.0522216295e-01 4.9477734715e-01 5.0000000000e-04
4.5900000000e+02 1.0222841986e-02 9.0282643214e-03 1.1412038468e-02 4.9886886136e-01 5.0113064880e-01 5.0000000000e-04
4.6000000000e+02 1.0177249089e-02 9.4140581787e-03 1.0926130228e-02 4.9526499563e-01 5.0473451436e-01 5.0000000000e-04
4.6100000000e+02 1.0126238689e-02 1.0099570267e-02 1.0152452625e-02 4.9560791076e-01 5.0439159885e-01 5.0000000000e-04
4.6200000000e+02 1.0125844739e-02 1.0894934647e-02 9.3572456390e-03 4.9984344736e-01 5.0015606191e-01 5.0000000000e-04
4.6300000000e+02 1.0174876079e-02 1.1519454420e-02 8.7945219129e-03 5.0656611340e-01 4.9343339572e-01 5.0000000000e-04
4.6400000000e+02 1.0212287307e-02 1.1727427132e-02 8.6126429960e-03 5.1356624214e-01 4.8643326690e-01 5.0000000000e-04
4.6500000000e+02 1.0192451999e-02 1.1446713470e-02 8.8411085308e-03 5.1863118860e-01 4.8136832024e-01 5.0000000000e-04
4.6600000000e+02 1.0135117918e-02 1.0788234882e-02 9.4272028655e-03 5.2013436178e-01 4.7986514671e-01 5.0000000000e-04
4.6700000000e+02 1.0105604306e-02 9.9869873375e-03 1.0232843459e-02 5.1751294327e-01 4.8248656492e-01 5.0000000000e-04
4.6800000000e+02 1.0134611279e-02 9.3065081164e-03 1.1002017185e-02 5.1158724876e-01 4.8841225937e-01 5.0000000000e-04
4.6900000000e+02 1.0183167644e-02 8.9443018660e-03 1.1443533935e-02 5.0429927881e-01 4.9570022946e-01 5.0000000000e-04
4.7000000000e+02 1.0186379775e-02 8.9908922091e-03 1.1372454464e-02 4.9802166016e-01 5.0197784817e-01 5.0000000000e-04
4.7100000000e+02 1.0135108605e-02 9.4374902546e-03 1.0818406008e-02 4.9481079513e-01 5.0518871300e-01 5.0000000000e-04
4.7200000000e+02 1.0085996240e-02 1.0169064626e-02 1.0004341602e-02 4.9573795838e-01 5.0426154936e-01 5.0000000000e-04
4.7300000000e+02 1.0095392354e-02 1.0970036499e-02 9.2190038413e-03 5.0050072773e-01 4.9949877971e-01 5.0000000000e-04
4.7400000000e+02 1.0149381123e-02 1.1562974192e-02 8.6925318465e-03 5.0753621215e-01 4.9246329518e-01 5.0000000000e-04
4.7500000000e+02 1.0181307793e-02 1.1708633043e-02 8.5624819621e-03 5.1454274505e-01 4.8545676222e-01 5.0000000000e-04
4.7600000000e+02 1.0150313377e-02 1.1340367608e-02 8.8651524857e-03 5.1921353905e-01 4.8078596799e-01 5.0000000000e-04
4.7700000000e+02 1.0091044009e-02 1.0610010475e-02 9.5288939774e-03 5.1997630822e-01 4.8002319847e-01 5.0000000000e-04
4.7800000000e+02 1.0071624070e-02 9.7910091281e-03 1.0371448472e-02 5.1653924707e-01 4.8346025935e-01 5.0000000000e-04
4.7900000000e+02 1.0112046264e-02 9.1484943405e-03 1.1115069501e-02 5.1003280924e-01 4.8996669719e-01 5.0000000000e-04
4.8000000000e+02 1.0157806799e-02 8.8598271832e-03 1.1469426565e-02 5.0261117147e-01 4.9738833512e-01 5.0000000000e-04
4.8100000000e+02 1.0147228837e-02 8.9976973832e-03 1.1281780899e-02 4.9671851796e-01 5.0328098867e-01 5.0000000000e-04
4.8200000000e+02 1.0087503120e-02 9.5358658582e-03 1.0626805946e-02 4.9434129666e-01 5.0565820970e-01 5.0000000000e-04
4.8300000000e+02 1.0047865100e-02 1.0333871469e-02 9.7660478204e-03 4.9631964373e-01 5.0367986225e-01 5.0000000000e-04
4.8400000000e+02 1.0073978454e-02 1.1133328080e-02 9.0062627569e-03 5.0196845761e-01 4.9803104812e-01 5.0000000000e-04
4.8500000000e+02 1.0131977499e-02 1.1638137512e-02 8.5683111101e-03 5.0936773856e-01 4.9063176710e-01 5.0000000000e-04
4.8600000000e+02 1.0148967616e-02 1.1644868180e-02 8.5536418483e-03 5.1608305092e-01 4.8391645467e-01 5.0000000000e-04
4.8700000000e+02 1.0102028027e-02 1.1145421304e-02 8.9722583070e-03 5.1987584565e-01 4.8012365967e-01 5.0000000000e-04
4.8800000000e+02 1.0045578703e-02 1.0337797925e-02 9.7297756001e-03 5.1940317274e-01 4.8059633222e-01 5.0000000000e-04
4.8900000000e+02 1.0045940056e-02 9.5219593495e-03 1.0601852089e-02 5.1477971016e-01 4.8521979461e-01 5.0000000000e-04
4.9000000000e+02 1.0098719969e-02 8.9587122202e-03 1.1273839511e-02 5.0758042387e-01 4.9241908100e-01 5.0000000000e-04
4.9100000000e+02 1.0133103468e-02 8.7983869016e-03 1.1469080113e-02 5.0023373898e-01 4.9976576606e-01 5.0000000000e-04
4.9200000000e+02 1.0100448504e-02 9.0806772932e-03 1.1100858450e-02 4.9520531942e-01 5.0479418556e-01 5.0000000000e-04
4.9300000000e+02 1.0036325082e-02 9.7414925694e-03 1.0324443690e-02 4.9423217440e-01 5.0576733025e-01 5.0000000000e-04
4.9400000000e+02 1.0017094202e-02 1.0596420616e-02 9.4431126490e-03 4.9768651248e-01 5.0231299181e-01 5.0000000000e-04
4.9500000000e+02 1.0064495727e-02 1.1350082234e-02 8.7562594563e-03 5.0436809352e-01 4.9563141060e-01 5.0000000000e-04
4.9600000000e+02 1.0117799044e-02 1.1701367795e-02 8.4564918652e-03 5.1197991724e-01 4.8801958686e-01 5.0000000000e-04
4.9700000000e+02 1.0109053925e-02 1.1501887813e-02 8.6124129593e-03 5.1796453517e-01 4.8203496880e-01 5.0000000000e-04
4.9800000000e+02 1.0046639480e-02 1.0835645720e-02 9.1909524053e-03 5.2027432697e-01 4.7972517668e-01 5.0000000000e-04
4.9900000000e+02 1.0005452670e-02 9.9669657648e-03 1.0046833195e-02 5.1804733848e-01 4.8195216484e-01 5.0000000000e-04
5.0000000000e+02 1.0033845901e-02 9.2054475099e-03 1.0903070681e-02 5.1202142754e-01 4.8797807571e-01 5.0000000000e-04
