# epoch total_loss data_loss physics_loss w_data w_physics lr
1.0000000000e+00 1.1348710060e+00 1.0228505135e+00 1.2447208166e+00 4.9510775451e-01 5.0489224505e-01 1.0000000000e-03
2.0000000000e+00 8.9875304699e-01 8.3779799938e-01 9.5784831047e-01 4.9225416261e-01 5.0774583643e-01 1.0000000000e-03
3.0000000000e+00 7.2977697849e-01 6.8698757887e-01 7.7091306448e-01 4.9015044681e-01 5.0984955165e-01 1.0000000000e-03
4.0000000000e+00 5.8354854584e-01 5.5471217632e-01 6.1111211777e-01 4.8871651486e-01 5.1128348290e-01 1.0000000000e-03
5.0000000000e+00 4.4296681881e-01 4.3669876456e-01 4.4896867871e-01 4.8915216974e-01 5.1084782711e-01 1.0000000000e-03
6.0000000000e+00 3.1426861882e-01 3.3584025502e-01 2.9324033856e-01 4.9362283894e-01 5.0637715663e-01 1.0000000000e-03
7.0000000000e+00 2.1268379688e-01 2.5877794623e-01 1.6561388969e-01 5.0523673749e-01 4.9476325617e-01 1.0000000000e-03
8.0000000000e+00 1.5301443636e-01 2.1052093804e-01 8.9483790100e-02 5.2488560146e-01 4.7511438950e-01 1.0000000000e-03
9.0000000000e+00 1.3667739928e-01 1.8997986615e-01 7.2918951511e-02 5.4466053060e-01 4.5533945746e-01 1.0000000000e-03
1.0000000000e+01 1.5051215887e-01 1.9317695498e-01 9.6914649010e-02 5.5678618363e-01 4.4321380218e-01 1.0000000000e-03
1.1000000000e+01 1.7597582936e-01 2.1048846841e-01 1.3157680631e-01 5.6264215466e-01 4.3735782964e-01 1.0000000000e-03
1.2000000000e+01 1.9357940555e-01 2.2500741482e-01 1.5259836614e-01 5.6596585342e-01 4.3403412981e-01 1.0000000000e-03
1.3000000000e+01 1.9368475676e-01 2.2122688591e-01 1.5750412643e-01 5.6778193376e-01 4.3221804851e-01 1.0000000000e-03
1.4000000000e+01 1.8210643530e-01 1.9817657769e-01 1.6113512218e-01 5.6615824057e-01 4.3384174069e-01 1.0000000000e-03
1.5000000000e+01 1.6796894372e-01 1.6567705572e-01 1.7087137699e-01 5.5877071018e-01 4.4122926998e-01 1.0000000000e-03
1.6000000000e+01 1.4902210236e-01 1.3839226961e-01 1.6196021438e-01 5.4897025660e-01 4.5102972221e-01 1.0000000000e-03
1.7000000000e+01 1.3098502159e-01 1.2529593706e-01 1.3770975173e-01 5.4171323936e-01 4.5828673776e-01 1.0000000000e-03
1.8000000000e+01 1.2153053284e-01 1.2126208842e-01 1.2184241414e-01 5.3742255612e-01 4.6257741918e-01 1.0000000000e-03
1.9000000000e+01 1.1862561852e-01 1.1590161175e-01 1.2172780931e-01 5.3245439858e-01 4.6754557499e-01 1.0000000000e-03
2.0000000000e+01 1.1749258637e-01 1.0780561715e-01 1.2819449604e-01 5.2488928113e-01 4.7511069084e-01 1.0000000000e-03
2.1000000000e+01 1.1680729687e-01 1.0314857960e-01 1.3139122725e-01 5.1637948670e-01 4.8362048381e-01 1.0000000000e-03
2.2000000000e+01 1.1608710885e-01 1.0646308959e-01 1.2612460554e-01 5.1051484730e-01 4.8948512186e-01 1.0000000000e-03
2.3000000000e+01 1.1435432732e-01 1.1669719219e-01 1.1191084981e-01 5.1051020504e-01 4.8948976282e-01 1.0000000000e-03
2.4000000000e+01 1.1217510700e-01 1.2981303036e-01 9.3245930970e-02 5.1765591592e-01 4.8234405068e-01 1.0000000000e-03
2.5000000000e+01 1.1156599224e-01 1.4213876426e-01 7.6985351741e-02 5.3075710411e-01 4.6924286127e-01 1.0000000000e-03
2.6000000000e+01 1.1307179183e-01 1.5060475469e-01 6.7817695439e-02 5.4663252381e-01 4.5336744044e-01 1.0000000000e-03
2.7000000000e+01 1.1466722190e-01 1.5250045061e-01 6.6181257367e-02 5.6170553106e-01 4.3829443220e-01 1.0000000000e-03
2.8000000000e+01 1.1395481229e-01 1.4660799503e-01 7.0103473961e-02 5.7318621439e-01 4.2681374793e-01 1.0000000000e-03
2.9000000000e+01 1.1037588120e-01 1.3406203687e-01 7.7780134976e-02 5.7915151294e-01 4.2084844842e-01 1.0000000000e-03
3.0000000000e+01 1.0509146750e-01 1.1786584556e-01 8.7550632656e-02 5.7861532211e-01 4.2138463825e-01 1.0000000000e-03
3.1000000000e+01 9.9597349763e-02 1.0178112984e-01 9.6678398550e-02 5.7203937217e-01 4.2796058711e-01 1.0000000000e-03
3.2000000000e+01 9.5044538379e-02 8.9428693056e-02 1.0223548859e-01 5.6149448602e-01 4.3850547212e-01 1.0000000000e-03
3.3000000000e+01 9.2580057681e-02 8.3571463823e-02 1.0359044373e-01 5.4999699703e-01 4.5000295996e-01 1.0000000000e-03
3.4000000000e+01 9.3163087964e-02 8.5010431707e-02 1.0274419188e-01 5.4027470544e-01 4.5972525052e-01 1.0000000000e-03
3.5000000000e+01 9.6348807216e-02 9.1449834406e-02 1.0195211321e-01 5.3353208947e-01 4.6646786572e-01 1.0000000000e-03
3.6000000000e+01 9.9709883332e-02 9.7962163389e-02 1.0167479515e-01 5.2924903226e-01 4.7075092240e-01 1.0000000000e-03
3.7000000000e+01 1.0048075020e-01 9.9972262979e-02 1.0104515404e-01 5.2605726136e-01 4.7394269286e-01 1.0000000000e-03
3.8000000000e+01 9.7981661558e-02 9.6488587558e-02 9.9616460502e-02 5.2265403337e-01 4.7734592033e-01 1.0000000000e-03
3.9000000000e+01 9.3894802034e-02 9.0374514461e-02 9.7684778273e-02 5.1844502137e-01 4.8155493164e-01 1.0000000000e-03
4.0000000000e+01 9.0377360582e-02 8.5922650993e-02 9.5090024173e-02 5.1406827041e-01 4.8593168178e-01 1.0000000000e-03
4.1000000000e+01 8.8381178677e-02 8.6170375347e-02 9.0694986284e-02 5.1138232895e-01 4.8861762236e-01 1.0000000000e-03
4.2000000000e+01 8.7752662599e-02 9.1733656824e-02 8.3566285670e-02 5.1257363495e-01 4.8742631553e-01 1.0000000000e-03
4.3000000000e+01 8.8271223009e-02 1.0117473453e-01 7.4350692332e-02 5.1895733838e-01 4.8104261135e-01 1.0000000000e-03
4.4000000000e+01 8.9840814471e-02 1.1167630553e-01 6.5197989345e-02 5.3020039998e-01 4.6979954913e-01 1.0000000000e-03
4.5000000000e+01 9.1819889843e-02 1.1962783337e-01 5.8605488390e-02 5.4429902526e-01 4.5570092332e-01 1.0000000000e-03
4.6000000000e+01 9.2913866043e-02 1.2181472033e-01 5.6395042688e-02 5.5822380288e-01 4.4177614523e-01 1.0000000000e-03
4.7000000000e+01 9.2162422836e-02 1.1702848971e-01 5.9368714690e-02 5.6874515149e-01 4.3125479614e-01 1.0000000000e-03
4.8000000000e+01 8.9904464781e-02 1.0673423856e-01 6.7301832139e-02 5.7319943560e-01 4.2680051153e-01 1.0000000000e-03
4.9000000000e+01 8.7587103248e-02 9.4224385917e-02 7.8776501119e-02 5.7034417259e-01 4.2965577405e-01 1.0000000000e-03
5.0000000000e+01 8.6536921561e-02 8.3031006157e-02 9.1017439961e-02 5.6101543914e-01 4.3898450708e-01 1.0000000000e-03
5.1000000000e+01 8.6836844683e-02 7.5599096715e-02 1.0045341402e-01 5.4785511322e-01 4.5214483270e-01 1.0000000000e-03
5.2000000000e+01 8.7494552135e-02 7.2819076478e-02 1.0432351381e-01 5.3417720468e-01 4.6582274100e-01 1.0000000000e-03
5.3000000000e+01 8.7658539414e-02 7.4352361262e-02 1.0223994404e-01 5.2286344617e-01 4.7713649928e-01 1.0000000000e-03
5.4000000000e+01 8.7331660092e-02 7.9104214907e-02 9.6093550324e-02 5.1572848250e-01 4.8427146270e-01 1.0000000000e-03
5.5000000000e+01 8.6872115731e-02 8.5417032242e-02 8.8406711817e-02 5.1329565698e-01 4.8670428795e-01 1.0000000000e-03
5.6000000000e+01 8.6318552494e-02 9.1290108860e-02 8.1040762365e-02 5.1493982890e-01 4.8506011573e-01 1.0000000000e-03
5.7000000000e+01 8.5572645068e-02 9.5053836703e-02 7.5332880020e-02 5.1923295955e-01 4.8076698474e-01 1.0000000000e-03
5.8000000000e+01 8.4871113300e-02 9.6167102456e-02 7.2418428957e-02 5.2435316902e-01 4.7564677492e-01 1.0000000000e-03
5.9000000000e+01 8.4616243839e-02 9.5324032009e-02 7.2605222464e-02 5.2868224772e-01 4.7131769587e-01 1.0000000000e-03
6.0000000000e+01 8.4814541042e-02 9.3727886677e-02 7.4704185128e-02 5.3146131156e-01 4.6853863174e-01 1.0000000000e-03
6.1000000000e+01 8.4962241352e-02 9.2308670282e-02 7.6578512788e-02 5.3297217872e-01 4.6702776432e-01 1.0000000000e-03
6.2000000000e+01 8.4623098373e-02 9.1542132199e-02 7.6691605151e-02 5.3408861664e-01 4.6591132616e-01 1.0000000000e-03
6.3000000000e+01 8.3962425590e-02 9.1570332646e-02 7.5188420713e-02 5.3559161136e-01 4.6440833116e-01 1.0000000000e-03
6.4000000000e+01 8.3511710167e-02 9.2077620327e-02 7.3551721871e-02 5.3762502431e-01 4.6237491792e-01 1.0000000000e-03
6.5000000000e+01 8.3507314324e-02 9.2180363834e-02 7.3344253004e-02 5.3955234012e-01 4.6044760184e-01 1.0000000000e-03
6.6000000000e+01 8.3660498261e-02 9.0880692005e-02 7.5173474848e-02 5.4032664904e-01 4.5967329271e-01 1.0000000000e-03
6.7000000000e+01 8.3569958806e-02 8.7864764035e-02 7.8546591103e-02 5.3909372168e-01 4.6090621989e-01 1.0000000000e-03
6.8000000000e+01 8.3187639713e-02 8.3865873516e-02 8.2405366004e-02 5.3562354074e-01 4.6437640065e-01 1.0000000000e-03
6.9000000000e+01 8.2777731121e-02 8.0275788903e-02 8.5604242980e-02 5.3045506697e-01 4.6954487426e-01 1.0000000000e-03
7.0000000000e+01 8.2506865263e-02 7.8404955566e-02 8.7036937475e-02 5.2480079195e-01 4.7519914911e-01 1.0000000000e-03
7.1000000000e+01 8.2280047238e-02 7.8936770558e-02 8.5904948413e-02 5.2020711327e-01 4.7979282761e-01 1.0000000000e-03
7.2000000000e+01 8.2036107779e-02 8.1765115261e-02 8.2327365875e-02 5.1801507765e-01 4.8198486305e-01 1.0000000000e-03
7.3000000000e+01 8.1943824887e-02 8.6032405496e-02 7.7535584569e-02 5.1881090277e-01 4.8118903774e-01 1.0000000000e-03
7.4000000000e+01 8.2100242376e-02 9.0253666043e-02 7.3190972209e-02 5.2214952572e-01 4.7785041463e-01 1.0000000000e-03
7.5000000000e+01 8.2251489162e-02 9.2737793922e-02 7.0581257343e-02 5.2671777604e-01 4.7328216415e-01 1.0000000000e-03
7.6000000000e+01 8.2077458501e-02 9.2391565442e-02 7.0409372449e-02 5.3079724383e-01 4.6920269620e-01 1.0000000000e-03
7.7000000000e+01 8.1631988287e-02 8.9398726821e-02 7.2773173451e-02 5.3284342052e-01 4.6715651934e-01 1.0000000000e-03
7.8000000000e+01 8.1279344857e-02 8.5135944188e-02 7.6893545687e-02 5.3210256237e-01 4.6789737733e-01 1.0000000000e-03
7.9000000000e+01 8.1225916743e-02 8.1368729472e-02 8.1065542996e-02 5.2898562895e-01 4.7101431063e-01 1.0000000000e-03
8.0000000000e+01 8.1304445863e-02 7.9405553639e-02 8.3402037621e-02 5.2485969892e-01 4.7514024056e-01 1.0000000000e-03
8.1000000000e+01 8.1278890371e-02 7.9715386033e-02 8.2982026041e-02 5.2136982559e-01 4.7863011379e-01 1.0000000000e-03
8.2000000000e+01 8.1154957414e-02 8.1897556782e-02 8.0351434648e-02 5.1970930579e-01 4.8029063349e-01 1.0000000000e-03
8.3000000000e+01 8.1045702100e-02 8.4799125791e-02 7.6976954937e-02 5.2015596387e-01 4.7984397530e-01 1.0000000000e-03
8.4000000000e+01 8.0924242735e-02 8.6964473128e-02 7.4326470494e-02 5.2205812987e-01 4.7794180918e-01 1.0000000000e-03
8.5000000000e+01 8.0723732710e-02 8.7446331978e-02 7.3315903544e-02 5.2424713558e-01 4.7575280335e-01 1.0000000000e-03
8.6000000000e+01 8.0547139049e-02 8.6347118020e-02 7.4120372534e-02 5.2563214531e-01 4.7436779349e-01 1.0000000000e-03
8.7000000000e+01 8.0537080765e-02 8.4559872746e-02 7.6078191400e-02 5.2570892488e-01 4.7429101382e-01 1.0000000000e-03
8.8000000000e+01 8.0610513687e-02 8.3059005439e-02 7.7907130122e-02 5.2473832707e-01 4.7526161155e-01 1.0000000000e-03
8.9000000000e+01 8.0552712083e-02 8.2409180701e-02 7.8513354063e-02 5.2347495764e-01 4.7652498090e-01 1.0000000000e-03
9.0000000000e+01 8.0347254872e-02 8.2644559443e-02 7.7832177281e-02 5.2262686047e-01 4.7737307798e-01 1.0000000000e-03
9.1000000000e+01 8.0187857151e-02 8.3300597966e-02 7.6783157885e-02 5.2239980560e-01 4.7760013277e-01 1.0000000000e-03
9.2000000000e+01 8.0160200596e-02 8.3606809378e-02 7.6390072703e-02 5.2241509593e-01 4.7758484235e-01 1.0000000000e-03
9.3000000000e+01 8.0141857266e-02 8.2966275513e-02 7.7057197690e-02 5.2201989905e-01 4.7798003915e-01 1.0000000000e-03
9.4000000000e+01 8.0054253340e-02 8.1450134516e-02 7.8537642956e-02 5.2072812911e-01 4.7927180902e-01 1.0000000000e-03
9.5000000000e+01 7.9974189401e-02 7.9824522138e-02 8.0135397613e-02 5.1855814015e-01 4.8144179792e-01 1.0000000000e-03
9.6000000000e+01 7.9936340451e-02 7.9068496823e-02 8.0862089992e-02 5.1614158191e-01 4.8385835610e-01 1.0000000000e-03
9.7000000000e+01 7.9858966172e-02 7.9800702631e-02 7.9920716584e-02 5.1448985082e-01 4.8551008713e-01 1.0000000000e-03
9.8000000000e+01 7.9738207161e-02 8.1946253777e-02 7.7398583293e-02 5.1446785273e-01 4.8553208515e-01 1.0000000000e-03
9.9000000000e+01 7.9694889486e-02 8.4679320455e-02 7.4375368655e-02 5.1626018641e-01 4.8373975139e-01 1.0000000000e-03
1.0000000000e+02 7.9749748111e-02 8.6687497795e-02 7.2258733213e-02 5.1917304660e-01 4.8082689113e-01 1.0000000000e-03
1.0100000000e+02 7.9759202898e-02 8.6847215891e-02 7.2021171451e-02 5.2192187903e-01 4.7807805863e-01 1.0000000000e-03
1.0200000000e+02 7.9654343426e-02 8.4976620972e-02 7.3813095689e-02 5.2324487927e-01 4.7675505832e-01 1.0000000000e-03
1.0300000000e+02 7.9545319080e-02 8.1985376775e-02 7.6875001192e-02 5.2252883686e-01 4.7747110068e-01 1.0000000000e-03
1.0400000000e+02 7.9512387514e-02 7.9265244305e-02 7.9780250788e-02 5.2011404465e-01 4.7988589285e-01 1.0000000000e-03
1.0500000000e+02 7.9490810633e-02 7.7898912132e-02 8.1195235252e-02 5.1706667092e-01 4.8293326654e-01 1.0000000000e-03
1.0600000000e+02 7.9434938729e-02 7.8204721212e-02 8.0738984048e-02 5.1456278048e-01 4.8543715695e-01 1.0000000000e-03
1.0700000000e+02 7.9393893480e-02 7.9665713012e-02 7.9107254744e-02 5.1328236619e-01 4.8671757119e-01 1.0000000000e-03
1.0800000000e+02 7.9370453954e-02 8.1236727536e-02 7.7403292060e-02 5.1316234464e-01 4.8683759270e-01 1.0000000000e-03
1.0900000000e+02 7.9304993153e-02 8.2023292780e-02 7.6434575021e-02 5.1360957812e-01 4.8639035918e-01 1.0000000000e-03
1.1000000000e+02 7.9221859574e-02 8.1874132156e-02 7.6417095959e-02 5.1397235002e-01 4.8602758723e-01 1.0000000000e-03
1.1100000000e+02 7.9200655222e-02 8.1332415342e-02 7.6946429908e-02 5.1396063661e-01 4.8603930060e-01 1.0000000000e-03
1.1200000000e+02 7.9215981066e-02 8.1076569855e-02 7.7249988914e-02 5.1377301540e-01 4.8622692177e-01 1.0000000000e-03
1.1300000000e+02 7.9182893038e-02 8.1417202950e-02 7.6821304858e-02 5.1384791657e-01 4.8615202056e-01 1.0000000000e-03
1.1400000000e+02 7.9116389155e-02 8.2125887275e-02 7.5928114355e-02 5.1442377206e-01 4.8557616504e-01 1.0000000000e-03
1.1500000000e+02 7.9082563519e-02 8.2570672035e-02 7.5374864042e-02 5.1525933119e-01 4.8474060586e-01 1.0000000000e-03
1.1600000000e+02 7.9065129161e-02 8.2137241960e-02 7.5793303549e-02 5.1574185312e-01 4.8425808390e-01 1.0000000000e-03
1.1700000000e+02 7.9025775194e-02 8.0748036504e-02 7.7194854617e-02 5.1529249578e-01 4.8470744120e-01 1.0000000000e-03
1.1800000000e+02 7.8995034099e-02 7.9023994505e-02 7.8964442015e-02 5.1378209014e-01 4.8621784681e-01 1.0000000000e-03
1.1900000000e+02 7.8987419605e-02 7.7894285321e-02 8.0132938921e-02 5.1169556537e-01 4.8830437156e-01 1.0000000000e-03
1.2000000000e+02 7.8954346478e-02 7.8000679612e-02 7.9946592450e-02 5.0991000493e-01 4.9008993197e-01 1.0000000000e-03
1.2100000000e+02 7.8895777464e-02 7.9312607646e-02 7.8463360667e-02 5.0918813190e-01 4.9081180497e-01 1.0000000000e-03
1.2200000000e+02 7.8873038292e-02 8.1098087132e-02 7.6559871435e-02 5.0970857540e-01 4.9029136145e-01 1.0000000000e-03
1.2300000000e+02 7.8882433474e-02 8.2300439477e-02 7.5311303139e-02 5.1095491493e-01 4.8904502189e-01 1.0000000000e-03
1.2400000000e+02 7.8866235912e-02 8.2230001688e-02 7.5336389244e-02 5.1204694641e-01 4.8795299038e-01 1.0000000000e-03
1.2500000000e+02 7.8829228878e-02 8.1056833267e-02 7.6489329338e-02 5.1229182489e-01 4.8770811187e-01 1.0000000000e-03
1.2600000000e+02 7.8807957470e-02 7.9623155296e-02 7.7954068780e-02 5.1159224826e-01 4.8840768848e-01 1.0000000000e-03
1.2700000000e+02 7.8787848353e-02 7.8790180385e-02 7.8785434365e-02 5.1043452621e-01 4.8956541051e-01 1.0000000000e-03
1.2800000000e+02 7.8756608069e-02 7.8891821206e-02 7.8616179526e-02 5.0947857126e-01 4.9052136544e-01 1.0000000000e-03
1.2900000000e+02 7.8741982579e-02 7.9591892660e-02 7.7860638499e-02 5.0908048111e-01 4.9091945557e-01 1.0000000000e-03
1.3000000000e+02 7.8738227487e-02 8.0181583762e-02 7.7241338789e-02 5.0910629788e-01 4.9089363877e-01 1.0000000000e-03
1.3100000000e+02 7.8710779548e-02 8.0164901912e-02 7.7202536166e-02 5.0913689062e-01 4.9086304601e-01 1.0000000000e-03
1.3200000000e+02 7.8677192330e-02 7.9656779766e-02 7.7662274241e-02 5.0885710297e-01 4.9114283365e-01 1.0000000000e-03
1.3300000000e+02 7.8669026494e-02 7.9210720956e-02 7.8109011054e-02 5.0832153941e-01 4.9167839718e-01 1.0000000000e-03
1.3400000000e+02 7.8663975000e-02 7.9295977950e-02 7.8011699021e-02 5.0789758833e-01 4.9210234826e-01 1.0000000000e-03
1.3500000000e+02 7.8643426299e-02 7.9912543297e-02 7.7333420515e-02 5.0792791815e-01 4.9207201842e-01 1.0000000000e-03
1.3600000000e+02 7.8629024327e-02 8.0574855208e-02 7.6616749167e-02 5.0839412989e-01 4.9160580665e-01 1.0000000000e-03
1.3700000000e+02 7.8620523214e-02 8.0658271909e-02 7.6509140432e-02 5.0887468558e-01 4.9112525095e-01 1.0000000000e-03
1.3800000000e+02 7.8600302339e-02 7.9919084907e-02 7.7234044671e-02 5.0884148892e-01 4.9115844759e-01 1.0000000000e-03
1.3900000000e+02 7.8585058451e-02 7.8756302595e-02 7.8408204019e-02 5.0806808022e-01 4.9193185628e-01 1.0000000000e-03
1.4000000000e+02 7.8584805131e-02 7.7929615974e-02 7.9258173704e-02 5.0683866697e-01 4.9316126952e-01 1.0000000000e-03
1.4100000000e+02 7.8573666513e-02 7.7989347279e-02 7.9171657562e-02 5.0577865092e-01 4.9422128556e-01 1.0000000000e-03
1.4200000000e+02 7.8550964594e-02 7.8884519637e-02 7.8210122883e-02 5.0541542927e-01 4.9458450719e-01 1.0000000000e-03
1.4300000000e+02 7.8542090952e-02 7.9990215600e-02 7.7059946954e-02 5.0580679161e-01 4.9419314484e-01 1.0000000000e-03
1.4400000000e+02 7.8539803624e-02 8.0552197993e-02 7.6474212110e-02 5.0652461237e-01 4.9347532407e-01 1.0000000000e-03
1.4500000000e+02 7.8528933227e-02 8.0264516175e-02 7.6744124293e-02 5.0699323009e-01 4.9300670634e-01 1.0000000000e-03
1.4600000000e+02 7.8520730138e-02 7.9469360411e-02 7.7545538545e-02 5.0690652784e-01 4.9309340857e-01 1.0000000000e-03
1.4700000000e+02 7.8514829278e-02 7.8802265227e-02 7.8219942749e-02 5.0640129865e-01 4.9359863775e-01 1.0000000000e-03
1.4800000000e+02 7.8499734402e-02 7.8663490713e-02 7.8332103789e-02 5.0586670579e-01 4.9413323060e-01 1.0000000000e-03
1.4900000000e+02 7.8488379717e-02 7.8952670097e-02 7.8013621271e-02 5.0557915637e-01 4.9442078001e-01 1.0000000000e-03
1.5000000000e+02 7.8487865627e-02 7.9217366874e-02 7.7742166817e-02 5.0549116757e-01 4.9450876880e-01 1.0000000000e-03
1.5100000000e+02 7.8480958939e-02 7.9096488655e-02 7.7852167189e-02 5.0533845797e-01 4.9466147840e-01 1.0000000000e-03
1.5200000000e+02 7.8468590975e-02 7.8675419092e-02 7.8257642686e-02 5.0493771554e-01 4.9506222082e-01 1.0000000000e-03
1.5300000000e+02 7.8463733196e-02 7.8393176198e-02 7.8535549343e-02 5.0439857844e-01 4.9560135791e-01 1.0000000000e-03
1.5400000000e+02 7.8458756208e-02 7.8609719872e-02 7.8305326402e-02 5.0405571048e-01 4.9594422586e-01 1.0000000000e-03
1.5500000000e+02 7.8450545669e-02 7.9257674515e-02 7.7629864216e-02 5.0416891875e-01 4.9583101758e-01 1.0000000000e-03
1.5600000000e+02 7.8448519111e-02 7.9858370125e-02 7.7012144029e-02 5.0465921327e-01 4.9534072306e-01 1.0000000000e-03
1.5700000000e+02 7.8445345163e-02 7.9898722470e-02 7.6961837709e-02 5.0512943375e-01 4.9487050257e-01 1.0000000000e-03
1.5800000000e+02 7.8435249627e-02 7.9285964370e-02 7.7566787601e-02 5.0516450966e-01 4.9483542665e-01 1.0000000000e-03
1.5900000000e+02 7.8430309892e-02 7.8451059759e-02 7.8409187496e-02 5.0466140250e-01 4.9533853380e-01 1.0000000000e-03
1.6000000000e+02 7.8429467976e-02 7.7986232936e-02 7.8879699111e-02 5.0391047252e-01 4.9608946377e-01 1.0000000000e-03
1.6100000000e+02 7.8422799706e-02 7.8167058527e-02 7.8682005405e-02 5.0335526846e-01 4.9664466783e-01 1.0000000000e-03
1.6200000000e+02 7.8416831791e-02 7.8759804368e-02 7.8069396317e-02 5.0323985305e-01 4.9676008324e-01 1.0000000000e-03
1.6300000000e+02 7.8414455056e-02 7.9243451357e-02 7.7573947608e-02 5.0344817272e-01 4.9655176356e-01 1.0000000000e-03
1.6400000000e+02 7.8409239650e-02 7.9268388450e-02 7.7537439764e-02 5.0365529239e-01 4.9634464389e-01 1.0000000000e-03
1.6500000000e+02 7.8405663371e-02 7.8937664628e-02 7.7865883708e-02 5.0363151908e-01 4.9636841719e-01 1.0000000000e-03
1.6600000000e+02 7.8405186534e-02 7.8643225133e-02 7.8163892031e-02 5.0342120560e-01 4.9657873066e-01 1.0000000000e-03
1.6700000000e+02 7.8399978578e-02 7.8661389649e-02 7.8135162592e-02 5.0324688753e-01 4.9675304873e-01 1.0000000000e-03
1.6800000000e+02 7.8394129872e-02 7.8907355666e-02 7.7874191105e-02 5.0325168733e-01 4.9674824893e-01 1.0000000000e-03
1.6900000000e+02 7.8392818570e-02 7.9043105245e-02 7.7733799815e-02 5.0334408499e-01 4.9665585126e-01 1.0000000000e-03
1.7000000000e+02 7.8389853239e-02 7.8832961619e-02 7.7940888703e-02 5.0329418276e-01 4.9670575349e-01 1.0000000000e-03
1.7100000000e+02 7.8385815024e-02 7.8406386077e-02 7.8365013003e-02 5.0297795664e-01 4.9702197960e-01 1.0000000000e-03
1.7200000000e+02 7.8384280205e-02 7.8147679567e-02 7.8623287380e-02 5.0252846906e-01 4.9747146718e-01 1.0000000000e-03
1.7300000000e+02 7.8380636871e-02 7.8325845301e-02 7.8435935080e-02 5.0224050525e-01 4.9775943099e-01 1.0000000000e-03
1.7400000000e+02 7.8376635909e-02 7.8830651939e-02 7.7918417752e-02 5.0230743703e-01 4.9769249920e-01 1.0000000000e-03
1.7500000000e+02 7.8376404941e-02 7.9249791801e-02 7.7493764460e-02 5.0263684944e-01 4.9736308679e-01 1.0000000000e-03
1.7600000000e+02 7.8374519944e-02 7.9230271280e-02 7.7508710325e-02 5.0292234213e-01 4.9707759410e-01 1.0000000000e-03
1.7700000000e+02 7.8370556235e-02 7.8801520169e-02 7.7934570611e-02 5.0290666818e-01 4.9709326804e-01 1.0000000000e-03
1.7800000000e+02 7.8369021416e-02 7.8336067498e-02 7.8402332962e-02 5.0259485930e-01 4.9740507692e-01 1.0000000000e-03
1.7900000000e+02 7.8366830945e-02 7.8194752336e-02 7.8540466726e-02 5.0222508407e-01 4.9777485215e-01 1.0000000000e-03
1.8000000000e+02 7.8363664448e-02 7.8415475786e-02 7.8311443329e-02 5.0203576155e-01 4.9796417467e-01 1.0000000000e-03
1.8100000000e+02 7.8362450004e-02 7.8718163073e-02 7.8003793955e-02 5.0206009190e-01 4.9793984431e-01 1.0000000000e-03
1.8200000000e+02 7.8360125422e-02 7.8802287579e-02 7.7914170921e-02 5.0213743094e-01 4.9786250528e-01 1.0000000000e-03
1.8300000000e+02 7.8357033432e-02 7.8642010689e-02 7.8069649637e-02 5.0210630061e-01 4.9789363560e-01 1.0000000000e-03
1.8400000000e+02 7.8356251121e-02 7.8476183116e-02 7.8235387802e-02 5.0197249491e-01 4.9802744130e-01 1.0000000000e-03
1.8500000000e+02 7.8354611993e-02 7.8526452184e-02 7.8181482852e-02 5.0188530982e-01 4.9811462639e-01 1.0000000000e-03
1.8600000000e+02 7.8351743519e-02 7.8756690025e-02 7.7943623066e-02 5.0195620937e-01 4.9804372684e-01 1.0000000000e-03
1.8700000000e+02 7.8350365162e-02 7.8908346593e-02 7.7787652612e-02 5.0211818656e-01 4.9788174965e-01 1.0000000000e-03
1.8800000000e+02 7.8348435462e-02 7.8772231936e-02 7.7920936048e-02 5.0217800892e-01 4.9782192728e-01 1.0000000000e-03
1.8900000000e+02 7.8346207738e-02 7.8423351049e-02 7.8268446028e-02 5.0200963468e-01 4.9799030152e-01 1.0000000000e-03
1.9000000000e+02 7.8345417976e-02 7.8163497150e-02 7.8528583050e-02 5.0169217015e-01 4.9830776605e-01 1.0000000000e-03
1.9100000000e+02 7.8343436122e-02 7.8228309751e-02 7.8459225595e-02 5.0144926321e-01 4.9855067298e-01 1.0000000000e-03
1.9200000000e+02 7.8340902925e-02 7.8559018672e-02 7.8121535480e-02 5.0144394361e-01 4.9855599258e-01 1.0000000000e-03
1.9300000000e+02 7.8339964151e-02 7.8857973218e-02 7.7818572521e-02 5.0163124875e-01 4.9836868744e-01 1.0000000000e-03
1.9400000000e+02 7.8338511288e-02 7.8874349594e-02 7.7798783779e-02 5.0181137218e-01 4.9818856401e-01 1.0000000000e-03
1.9500000000e+02 7.8336670995e-02 7.8638501465e-02 7.8032635152e-02 5.0182358783e-01 4.9817634836e-01 1.0000000000e-03
1.9600000000e+02 7.8335493803e-02 7.8404098749e-02 7.8266441822e-02 5.0168515783e-01 4.9831477836e-01 1.0000000000e-03
1.9700000000e+02 7.8333392739e-02 7.8376300633e-02 7.8290216625e-02 5.0154411250e-01 4.9845582369e-01 1.0000000000e-03
1.9800000000e+02 7.8331440687e-02 7.8519128263e-02 7.8142628074e-02 5.0150986145e-01 4.9849007473e-01 1.0000000000e-03
1.9900000000e+02 7.8330434859e-02 7.8624375165e-02 7.8034684062e-02 5.0154708053e-01 4.9845285565e-01 1.0000000000e-03
2.0000000000e+02 7.8328609467e-02 7.8555256128e-02 7.8100584447e-02 5.0153748729e-01 4.9846244889e-01 1.0000000000e-03
2.0100000000e+02 7.8326910734e-02 7.8397974372e-02 7.8255459666e-02 5.0142922262e-01 4.9857071356e-01 1.0000000000e-03
2.0200000000e+02 7.8325852752e-02 7.8355140984e-02 7.8296415508e-02 5.0130504115e-01 4.9869489503e-01 1.0000000000e-03
2.0300000000e+02 7.8324094415e-02 7.8510425985e-02 7.8136801720e-02 5.0129379042e-01 4.9870614576e-01 1.0000000000e-03
2.0400000000e+02 7.8322663903e-02 7.8725650907e-02 7.7917397022e-02 5.0142240043e-01 4.9857753575e-01 1.0000000000e-03
2.0500000000e+02 7.8321509063e-02 7.8777790070e-02 7.7862352133e-02 5.0157236769e-01 4.9842756848e-01 1.0000000000e-03
2.0600000000e+02 7.8319638968e-02 7.8595787287e-02 7.8041732311e-02 5.0159198668e-01 4.9840794949e-01 1.0000000000e-03
2.0700000000e+02 7.8318305314e-02 7.8342013061e-02 7.8294463456e-02 5.0144796315e-01 4.9855197302e-01 1.0000000000e-03
2.0800000000e+02 7.8317098320e-02 7.8246809542e-02 7.8387752175e-02 5.0125817273e-01 4.9874176344e-01 1.0000000000e-03
2.0900000000e+02 7.8315243125e-02 7.8377872705e-02 7.8252337873e-02 5.0117242590e-01 4.9882751027e-01 1.0000000000e-03
2.1000000000e+02 7.8313864768e-02 7.8583963215e-02 7.8042447567e-02 5.0122804867e-01 4.9877188750e-01 1.0000000000e-03
2.1100000000e+02 7.8312546015e-02 7.8662864864e-02 7.7960371971e-02 5.0132950262e-01 4.9867043354e-01 1.0000000000e-03
2.1200000000e+02 7.8311033547e-02 7.8570619226e-02 7.8050039709e-02 5.0136274036e-01 4.9863719580e-01 1.0000000000e-03
2.1300000000e+02 7.8309975564e-02 7.8445717692e-02 7.8173518181e-02 5.0131336162e-01 4.9868657454e-01 1.0000000000e-03
2.1400000000e+02 7.8308477998e-02 7.8435547650e-02 7.8180775046e-02 5.0126335880e-01 4.9873657736e-01 1.0000000000e-03
2.1500000000e+02 7.8306779265e-02 7.8531652689e-02 7.8080765903e-02 5.0128096960e-01 4.9871896656e-01 1.0000000000e-03
2.1600000000e+02 7.8305572271e-02 7.8591831028e-02 7.8017793596e-02 5.0133613960e-01 4.9866379656e-01 1.0000000000e-03
2.1700000000e+02 7.8304141760e-02 7.8515425324e-02 7.8091733158e-02 5.0133779473e-01 4.9866214143e-01 1.0000000000e-03
2.1800000000e+02 7.8302726150e-02 7.8368894756e-02 7.8236244619e-02 5.0124636384e-01 4.9875357231e-01 1.0000000000e-03
2.1900000000e+02 7.8301534057e-02 7.8314311802e-02 7.8288704157e-02 5.0112990024e-01 4.9887003592e-01 1.0000000000e-03
2.2000000000e+02 7.8299954534e-02 7.8425161541e-02 7.8174211085e-02 5.0109703200e-01 4.9890290415e-01 1.0000000000e-03
2.2100000000e+02 7.8298635781e-02 7.8598834574e-02 7.7997028828e-02 5.0117947810e-01 4.9882045805e-01 1.0000000000e-03
2.2200000000e+02 7.8297480941e-02 7.8662872314e-02 7.7930212021e-02 5.0129546471e-01 4.9870447144e-01 1.0000000000e-03
2.2300000000e+02 7.8296028078e-02 7.8558921814e-02 7.8031733632e-02 5.0133424826e-01 4.9866568789e-01 1.0000000000e-03
2.2400000000e+02 7.8294754028e-02 7.8400604427e-02 7.8188382089e-02 5.0126858437e-01 4.9873135178e-01 1.0000000000e-03
2.2500000000e+02 7.8293427825e-02 7.8343495727e-02 7.8243128955e-02 5.0117377106e-01 4.9882616509e-01 1.0000000000e-03
2.2600000000e+02 7.8291922808e-02 7.8419968486e-02 7.8163295984e-02 5.0113835114e-01 4.9886158501e-01 1.0000000000e-03
2.2700000000e+02 7.8290671110e-02 7.8519523144e-02 7.8060761094e-02 5.0117100702e-01 4.9882892913e-01 1.0000000000e-03
2.2800000000e+02 7.8289344907e-02 7.8526362777e-02 7.8051187098e-02 5.0120564124e-01 4.9879429491e-01 1.0000000000e-03
2.2900000000e+02 7.8288003802e-02 7.8451015055e-02 7.8124232590e-02 5.0118942708e-01 4.9881050906e-01 1.0000000000e-03
2.3000000000e+02 7.8286871314e-02 7.8404709697e-02 7.8168503940e-02 5.0114591099e-01 4.9885402515e-01 1.0000000000e-03
2.3100000000e+02 7.8285470605e-02 7.8456170857e-02 7.8113995492e-02 5.0114058890e-01 4.9885934724e-01 1.0000000000e-03
2.3200000000e+02 7.8284129500e-02 7.8546352684e-02 7.8020669520e-02 5.0119440480e-01 4.9880553134e-01 1.0000000000e-03
2.3300000000e+02 7.8282892704e-02 7.8558750451e-02 7.8005671501e-02 5.0125159095e-01 4.9874834519e-01 1.0000000000e-03
2.3400000000e+02 7.8281536698e-02 7.8461356461e-02 7.8100830317e-02 5.0124156697e-01 4.9875836916e-01 1.0000000000e-03
2.3500000000e+02 7.8280329704e-02 7.8350484371e-02 7.8209862113e-02 5.0116231700e-01 4.9883761914e-01 1.0000000000e-03
2.3600000000e+02 7.8279048204e-02 7.8343085945e-02 7.8214734793e-02 5.0108707372e-01 4.9891286242e-01 1.0000000000e-03
2.3700000000e+02 7.8277669847e-02 7.8444868326e-02 7.8109748662e-02 5.0108539278e-01 4.9891454336e-01 1.0000000000e-03
2.3800000000e+02 7.8276455402e-02 7.8545629978e-02 7.8006058931e-02 5.0114918029e-01 4.9885075584e-01 1.0000000000e-03
2.3900000000e+02 7.8275248408e-02 7.8544713557e-02 7.8004494309e-02 5.0120679882e-01 4.9879313731e-01 1.0000000000e-03
2.4000000000e+02 7.8273996711e-02 7.8459702432e-02 7.8087396920e-02 5.0120502740e-01 4.9879490874e-01 1.0000000000e-03
2.4100000000e+02 7.8272819519e-02 7.8394651413e-02 7.8150428832e-02 5.0116252537e-01 4.9883741076e-01 1.0000000000e-03
2.4200000000e+02 7.8271448612e-02 7.8413322568e-02 7.8128941357e-02 5.0113710172e-01 4.9886283441e-01 1.0000000000e-03
2.4300000000e+02 7.8270182014e-02 7.8471258283e-02 7.8068181872e-02 5.0115213431e-01 4.9884780182e-01 1.0000000000e-03
2.4400000000e+02 7.8268975019e-02 7.8481040895e-02 7.8055925667e-02 5.0117270516e-01 4.9882723097e-01 1.0000000000e-03
2.4500000000e+02 7.8267723322e-02 7.8425422311e-02 7.8109294176e-02 5.0115640845e-01 4.9884352768e-01 1.0000000000e-03
2.4600000000e+02 7.8266553581e-02 7.8377604485e-02 7.8155018389e-02 5.0111186335e-01 4.9888807277e-01 1.0000000000e-03
2.4700000000e+02 7.8265309334e-02 7.8406527638e-02 7.8123494983e-02 5.0109108224e-01 4.9890885388e-01 1.0000000000e-03
2.4800000000e+02 7.8264072537e-02 7.8487507999e-02 7.8039638698e-02 5.0112503523e-01 4.9887490089e-01 1.0000000000e-03
2.4900000000e+02 7.8262910247e-02 7.8528337181e-02 7.7996239066e-02 5.0118250121e-01 4.9881743491e-01 1.0000000000e-03
2.5000000000e+02 7.8261680901e-02 7.8478656709e-02 7.8043669462e-02 5.0120320162e-01 4.9879673450e-01 1.0000000000e-03
2.5100000000e+02 7.8260481358e-02 7.8390561044e-02 7.8129813075e-02 5.0116617348e-01 4.9883376264e-01 1.0000000000e-03
2.5200000000e+02 7.8259304166e-02 7.8356958926e-02 7.8161217272e-02 5.0111208294e-01 4.9888785318e-01 1.0000000000e-03
2.5300000000e+02 7.8258037567e-02 7.8404203057e-02 7.8111246228e-02 5.0109445864e-01 4.9890547748e-01 1.0000000000e-03
2.5400000000e+02 7.8256860375e-02 7.8467465937e-02 7.8045316041e-02 5.0111987073e-01 4.9888006539e-01 1.0000000000e-03
2.5500000000e+02 7.8255683184e-02 7.8473858535e-02 7.8036524355e-02 5.0114759456e-01 4.9885234155e-01 1.0000000000e-03
2.5600000000e+02 7.8254535794e-02 7.8428216279e-02 7.8080065548e-02 5.0114405628e-01 4.9885587983e-01 1.0000000000e-03
2.5700000000e+02 7.8253403306e-02 7.8397743404e-02 7.8108429909e-02 5.0112207623e-01 4.9887785988e-01 1.0000000000e-03
2.5800000000e+02 7.8252181411e-02 7.8421428800e-02 7.8082181513e-02 5.0111824862e-01 4.9888168749e-01 1.0000000000e-03
2.5900000000e+02 7.8251004219e-02 7.8461870551e-02 7.8039169312e-02 5.0114146798e-01 4.9885846813e-01 1.0000000000e-03
2.6000000000e+02 7.8249864280e-02 7.8456953168e-02 7.8041821718e-02 5.0115994887e-01 4.9883998724e-01 1.0000000000e-03
2.6100000000e+02 7.8248679638e-02 7.8403130174e-02 7.8093528748e-02 5.0114286709e-01 4.9885706902e-01 1.0000000000e-03
2.6200000000e+02 7.8247576952e-02 7.8362695873e-02 7.8131943941e-02 5.0110230237e-01 4.9889763374e-01 1.0000000000e-03
2.6300000000e+02 7.8246399760e-02 7.8385733068e-02 7.8106462955e-02 5.0108129706e-01 4.9891863905e-01 1.0000000000e-03
2.6400000000e+02 7.8245230019e-02 7.8446619213e-02 7.8042961657e-02 5.0110213681e-01 4.9889779930e-01 1.0000000000e-03
2.6500000000e+02 7.8244134784e-02 7.8474879265e-02 7.8012339771e-02 5.0113970819e-01 4.9886022792e-01 1.0000000000e-03
2.6600000000e+02 7.8242987394e-02 7.8440472484e-02 7.8044593334e-02 5.0115222520e-01 4.9884771090e-01 1.0000000000e-03
2.6700000000e+02 7.8241899610e-02 7.8387305140e-02 7.8095838428e-02 5.0113012987e-01 4.9886980624e-01 1.0000000000e-03
2.6800000000e+02 7.8240752220e-02 7.8375257552e-02 7.8105658293e-02 5.0110325813e-01 4.9889667797e-01 1.0000000000e-03
2.6900000000e+02 7.8239582479e-02 7.8407526016e-02 7.8070908785e-02 5.0110048938e-01 4.9889944672e-01 1.0000000000e-03
2.7000000000e+02 7.8238487244e-02 7.8433342278e-02 7.8042767942e-02 5.0111524042e-01 4.9888469568e-01 1.0000000000e-03
2.7100000000e+02 7.8237377107e-02 7.8417755663e-02 7.8056201339e-02 5.0111924497e-01 4.9888069113e-01 1.0000000000e-03
2.7200000000e+02 7.8236296773e-02 7.8385666013e-02 7.8086279333e-02 5.0110298511e-01 4.9889695099e-01 1.0000000000e-03
2.7300000000e+02 7.8235194087e-02 7.8384675086e-02 7.8085072339e-02 5.0108842164e-01 4.9891151446e-01 1.0000000000e-03
2.7400000000e+02 7.8234076500e-02 7.8419171274e-02 7.8048191965e-02 5.0109812473e-01 4.9890181137e-01 1.0000000000e-03
2.7500000000e+02 7.8232988715e-02 7.8443214297e-02 7.8021824360e-02 5.0112296851e-01 4.9887696759e-01 1.0000000000e-03
2.7600000000e+02 7.8231900930e-02 7.8420892358e-02 7.8042052686e-02 5.0113173216e-01 4.9886820394e-01 1.0000000000e-03
2.7700000000e+02 7.8230828047e-02 7.8374572098e-02 7.8086458147e-02 5.0111062785e-01 4.9888930824e-01 1.0000000000e-03
2.7800000000e+02 7.8229747713e-02 7.8357219696e-02 7.8101731837e-02 5.0108120880e-01 4.9891872730e-01 1.0000000000e-03
2.7900000000e+02 7.8228645027e-02 7.8385777771e-02 7.8070849180e-02 5.0107372877e-01 4.9892620732e-01 1.0000000000e-03
2.8000000000e+02 7.8227587044e-02 7.8421771526e-02 7.8032560647e-02 5.0109073751e-01 4.9890919858e-01 1.0000000000e-03
2.8100000000e+02 7.8226521611e-02 7.8421972692e-02 7.8030206263e-02 5.0110686381e-01 4.9889307228e-01 1.0000000000e-03
2.8200000000e+02 7.8225478530e-02 7.8391969204e-02 7.8058265150e-02 5.0110282285e-01 4.9889711324e-01 1.0000000000e-03
2.8300000000e+02 7.8224427998e-02 7.8373454511e-02 7.8074753284e-02 5.0108800066e-01 4.9891193543e-01 1.0000000000e-03
2.8400000000e+02 7.8223355114e-02 7.8386932611e-02 7.8059077263e-02 5.0108397966e-01 4.9891595643e-01 1.0000000000e-03
2.8500000000e+02 7.8222289681e-02 7.8406594694e-02 7.8037194908e-02 5.0109363999e-01 4.9890629610e-01 1.0000000000e-03
2.8600000000e+02 7.8221246600e-02 7.8399099410e-02 7.8042626381e-02 5.0109820436e-01 4.9890173173e-01 1.0000000000e-03
2.8700000000e+02 7.8220218420e-02 7.8370712698e-02 7.8069068491e-02 5.0108478977e-01 4.9891514632e-01 1.0000000000e-03
2.8800000000e+02 7.8219190240e-02 7.8358888626e-02 7.8078910708e-02 5.0106579297e-01 4.9893414312e-01 1.0000000000e-03
2.8900000000e+02 7.8218132257e-02 7.8380778432e-02 7.8054808080e-02 5.0106339723e-01 4.9893653885e-01 1.0000000000e-03
2.9000000000e+02 7.8217104077e-02 7.8408941627e-02 7.8024454415e-02 5.0107994597e-01 4.9891999011e-01 1.0000000000e-03
2.9100000000e+02 7.8216105700e-02 7.8406713903e-02 7.8024670482e-02 5.0109406031e-01 4.9890587577e-01 1.0000000000e-03
2.9200000000e+02 7.8215077519e-02 7.8376181424e-02 7.8053280711e-02 5.0108786076e-01 4.9891207532e-01 1.0000000000e-03
2.9300000000e+02 7.8214056790e-02 7.8354492784e-02 7.8073032200e-02 5.0106903666e-01 4.9893089942e-01 1.0000000000e-03
2.9400000000e+02 7.8213043511e-02 7.8364342451e-02 7.8061111271e-02 5.0105905493e-01 4.9894088115e-01 1.0000000000e-03
2.9500000000e+02 7.8212022781e-02 7.8386299312e-02 7.8037023544e-02 5.0106479063e-01 4.9893514545e-01 1.0000000000e-03
2.9600000000e+02 7.8211031854e-02 7.8388482332e-02 7.8032828867e-02 5.0107199283e-01 4.9892794325e-01 1.0000000000e-03
2.9700000000e+02 7.8210033476e-02 7.8369997442e-02 7.8049391508e-02 5.0106727314e-01 4.9893266293e-01 1.0000000000e-03
2.9800000000e+02 7.8209050000e-02 7.8358963132e-02 7.8058511019e-02 5.0105658436e-01 4.9894335171e-01 1.0000000000e-03
2.9900000000e+02 7.8208044171e-02 7.8370809555e-02 7.8044608235e-02 5.0105519675e-01 4.9894473932e-01 1.0000000000e-03
3.0000000000e+02 7.8207045794e-02 7.8386619687e-02 7.8026719391e-02 5.0106472170e-01 4.9893521437e-01 1.0000000000e-03
3.0100000000e+02 7.8206077218e-02 7.8380391002e-02 7.8031025827e-02 5.0106992781e-01 4.9893000827e-01 1.0000000000e-03
3.0200000000e+02 7.8205093741e-02 7.8356347978e-02 7.8053198755e-02 5.0105984062e-01 4.9894009545e-01 1.0000000000e-03
3.0300000000e+02 7.8204125166e-02 7.8343920410e-02 7.8063748777e-02 5.0104341790e-01 4.9895651817e-01 1.0000000000e-03
3.0400000000e+02 7.8203134239e-02 7.8357778490e-02 7.8047864139e-02 5.0103814681e-01 4.9896178926e-01 1.0000000000e-03
3.0500000000e+02 7.8202173114e-02 7.8378155828e-02 7.8025460243e-02 5.0104708066e-01 4.9895285541e-01 1.0000000000e-03
3.0600000000e+02 7.8201204538e-02 7.8378066421e-02 7.8023605049e-02 5.0105568703e-01 4.9894424904e-01 1.0000000000e-03
3.0700000000e+02 7.8200265765e-02 7.8358933330e-02 7.8040927649e-02 5.0105177944e-01 4.9894815663e-01 1.0000000000e-03
3.0800000000e+02 7.8199297190e-02 7.8346565366e-02 7.8051432967e-02 5.0104095129e-01 4.9895898478e-01 1.0000000000e-03
3.0900000000e+02 7.8198343515e-02 7.8354306519e-02 7.8041739762e-02 5.0103678092e-01 4.9896315515e-01 1.0000000000e-03
3.1000000000e+02 7.8197404742e-02 7.8365668654e-02 7.8028440475e-02 5.0104091320e-01 4.9895902286e-01 1.0000000000e-03
3.1100000000e+02 7.8196436167e-02 7.8360602260e-02 7.8031599522e-02 5.0104200383e-01 4.9895793224e-01 1.0000000000e-03
3.1200000000e+02 7.8195497394e-02 7.8345112503e-02 7.8045271337e-02 5.0103366328e-01 4.9896627278e-01 1.0000000000e-03
3.1300000000e+02 7.8194580972e-02 7.8341424465e-02 7.8047148883e-02 5.0102437850e-01 4.9897555757e-01 1.0000000000e-03
3.1400000000e+02 7.8193634748e-02 7.8354880214e-02 7.8031733632e-02 5.0102525402e-01 4.9897468205e-01 1.0000000000e-03
3.1500000000e+02 7.8192710876e-02 7.8365899622e-02 7.8018806875e-02 5.0103369942e-01 4.9896623664e-01 1.0000000000e-03
3.1600000000e+02 7.8191772103e-02 7.8357607126e-02 7.8025259078e-02 5.0103658729e-01 4.9896334877e-01 1.0000000000e-03
3.1700000000e+02 7.8190863132e-02 7.8339196742e-02 7.8041926026e-02 5.0102797222e-01 4.9897196384e-01 1.0000000000e-03
3.1800000000e+02 7.8189946711e-02 7.8333050013e-02 7.8046269715e-02 5.0101686560e-01 4.9898307046e-01 1.0000000000e-03
3.1900000000e+02 7.8189022839e-02 7.8344017267e-02 7.8033410013e-02 5.0101448917e-01 4.9898544689e-01 1.0000000000e-03
3.2000000000e+02 7.8188121319e-02 7.8353829682e-02 7.8021734953e-02 5.0101922203e-01 4.9898071403e-01 1.0000000000e-03
3.2100000000e+02 7.8187227249e-02 7.8348092735e-02 7.8025706112e-02 5.0102037867e-01 4.9897955739e-01 1.0000000000e-03
3.2200000000e+02 7.8186318278e-02 7.8336089849e-02 7.8035943210e-02 5.0101430957e-01 4.9898562649e-01 1.0000000000e-03
3.2300000000e+02 7.8185409307e-02 7.8335091472e-02 7.8035138547e-02 5.0100878654e-01 4.9899114952e-01 1.0000000000e-03
3.2400000000e+02 7.8184515238e-02 7.8344292939e-02 7.8024089336e-02 5.0101029226e-01 4.9898964379e-01 1.0000000000e-03
3.2500000000e+02 7.8183606267e-02 7.8346818686e-02 7.8019738197e-02 5.0101384757e-01 4.9898608849e-01 1.0000000000e-03
3.2600000000e+02 7.8182727098e-02 7.8335784376e-02 7.8029051423e-02 5.0101054207e-01 4.9898939399e-01 1.0000000000e-03
3.2700000000e+02 7.8181847930e-02 7.8324802220e-02 7.8038334846e-02 5.0100108789e-01 4.9899884816e-01 1.0000000000e-03
3.2800000000e+02 7.8180968761e-02 7.8328065574e-02 7.8033298254e-02 5.0099523426e-01 4.9900470179e-01 1.0000000000e-03
3.2900000000e+02 7.8180074692e-02 7.8339770436e-02 7.8019753098e-02 5.0099804144e-01 4.9900189461e-01 1.0000000000e-03
3.3000000000e+02 7.8179202974e-02 7.8342355788e-02 7.8015401959e-02 5.0100278722e-01 4.9899714883e-01 1.0000000000e-03
3.3100000000e+02 7.8178353608e-02 7.8331746161e-02 7.8024357557e-02 5.0100080289e-01 4.9899913316e-01 1.0000000000e-03
3.3200000000e+02 7.8177474439e-02 7.8322194517e-02 7.8032180667e-02 5.0099346188e-01 4.9900647417e-01 1.0000000000e-03
3.3300000000e+02 7.8176602721e-02 7.8324735165e-02 7.8027889132e-02 5.0098904087e-01 4.9901089518e-01 1.0000000000e-03
3.3400000000e+02 7.8175745904e-02 7.8331783414e-02 7.8019089997e-02 5.0099013091e-01 4.9900980513e-01 1.0000000000e-03
3.3500000000e+02 7.8174889088e-02 7.8330218792e-02 7.8018948436e-02 5.0099065796e-01 4.9900927809e-01 1.0000000000e-03
3.3600000000e+02 7.8174039721e-02 7.8321360052e-02 7.8026145697e-02 5.0098599863e-01 4.9901393741e-01 1.0000000000e-03
3.3700000000e+02 7.8173190355e-02 7.8317999840e-02 7.8027829528e-02 5.0098019315e-01 4.9901974289e-01 1.0000000000e-03
3.3800000000e+02 7.8172326088e-02 7.8324466944e-02 7.8019611537e-02 5.0097966566e-01 4.9902027038e-01 1.0000000000e-03
3.3900000000e+02 7.8171491623e-02 7.8329697251e-02 7.8012667596e-02 5.0098308545e-01 4.9901685060e-01 1.0000000000e-03
3.4000000000e+02 7.8170657158e-02 7.8323803842e-02 7.8016906977e-02 5.0098292371e-01 4.9901701233e-01 1.0000000000e-03
3.4100000000e+02 7.8169815242e-02 7.8313276172e-02 7.8025802970e-02 5.0097656715e-01 4.9902336890e-01 1.0000000000e-03
3.4200000000e+02 7.8168988228e-02 7.8311257064e-02 7.8026175499e-02 5.0097008231e-01 4.9902985373e-01 1.0000000000e-03
3.4300000000e+02 7.8168153763e-02 7.8318141401e-02 7.8017592430e-02 5.0096919380e-01 4.9903074224e-01 1.0000000000e-03
3.4400000000e+02 7.8167326748e-02 7.8321956098e-02 7.8012101352e-02 5.0097137142e-01 4.9902856462e-01 1.0000000000e-03
3.4500000000e+02 7.8166499734e-02 7.8316457570e-02 7.8015968204e-02 5.0097033698e-01 4.9902959906e-01 1.0000000000e-03
3.4600000000e+02 7.8165695071e-02 7.8309588134e-02 7.8021243215e-02 5.0096552274e-01 4.9903441330e-01 1.0000000000e-03
3.4700000000e+02 7.8164868057e-02 7.8310340643e-02 7.8018844128e-02 5.0096219890e-01 4.9903773714e-01 1.0000000000e-03
3.4800000000e+02 7.8164055943e-02 7.8315094113e-02 7.8012444079e-02 5.0096277578e-01 4.9903716026e-01 1.0000000000e-03
3.4900000000e+02 7.8163251281e-02 7.8313775361e-02 7.8012146056e-02 5.0096296950e-01 4.9903696654e-01 1.0000000000e-03
3.5000000000e+02 7.8162431717e-02 7.8306183219e-02 7.8018136322e-02 5.0095880053e-01 4.9904113551e-01 1.0000000000e-03
3.5100000000e+02 7.8161634505e-02 7.8302294016e-02 7.8020446002e-02 5.0095306667e-01 4.9904686937e-01 1.0000000000e-03
3.5200000000e+02 7.8160837293e-02 7.8306734562e-02 7.8014381230e-02 5.0095126730e-01 4.9904866873e-01 1.0000000000e-03
3.5300000000e+02 7.8160032630e-02 7.8311644495e-02 7.8007847071e-02 5.0095330933e-01 4.9904662671e-01 1.0000000000e-03
3.5400000000e+02 7.8159242868e-02 7.8308269382e-02 7.8009650111e-02 5.0095349184e-01 4.9904644420e-01 1.0000000000e-03
3.5500000000e+02 7.8158453107e-02 7.8300490975e-02 7.8015871346e-02 5.0094917906e-01 4.9905075697e-01 1.0000000000e-03
3.5600000000e+02 7.8157663345e-02 7.8298307955e-02 7.8016497195e-02 5.0094440001e-01 4.9905553602e-01 1.0000000000e-03
3.5700000000e+02 7.8156888485e-02 7.8302375972e-02 7.8010857105e-02 5.0094320510e-01 4.9905673093e-01 1.0000000000e-03
3.5800000000e+02 7.8156083822e-02 7.8303821385e-02 7.8007809818e-02 5.0094356774e-01 4.9905636829e-01 1.0000000000e-03
3.5900000000e+02 7.8155323863e-02 7.8299112618e-02 7.8010998666e-02 5.0094136877e-01 4.9905856726e-01 1.0000000000e-03
3.6000000000e+02 7.8154534101e-02 7.8294754028e-02 7.8013807535e-02 5.0093709789e-01 4.9906283814e-01 1.0000000000e-03
3.6100000000e+02 7.8153781593e-02 7.8296430409e-02 7.8010603786e-02 5.0093481604e-01 4.9906511999e-01 1.0000000000e-03
3.6200000000e+02 7.8153014183e-02 7.8299947083e-02 7.8005537391e-02 5.0093550889e-01 4.9906442714e-01 1.0000000000e-03
3.6300000000e+02 7.8152231872e-02 7.8297831118e-02 7.8006103635e-02 5.0093527538e-01 4.9906466065e-01 1.0000000000e-03
3.6400000000e+02 7.8151479363e-02 7.8291386366e-02 7.8011050820e-02 5.0093142191e-01 4.9906851411e-01 1.0000000000e-03
3.6500000000e+02 7.8150719404e-02 7.8288711607e-02 7.8012228012e-02 5.0092672243e-01 4.9907321359e-01 1.0000000000e-03
3.6600000000e+02 7.8149966896e-02 7.8292056918e-02 7.8007355332e-02 5.0092512269e-01 4.9907481334e-01 1.0000000000e-03
3.6700000000e+02 7.8149229288e-02 7.8294448555e-02 7.8003473580e-02 5.0092569066e-01 4.9907424537e-01 1.0000000000e-03
3.6800000000e+02 7.8148469329e-02 7.8291036189e-02 7.8005380929e-02 5.0092450093e-01 4.9907543510e-01 1.0000000000e-03
3.6900000000e+02 7.8147709370e-02 7.8286364675e-02 7.8008562326e-02 5.0092091883e-01 4.9907901720e-01 1.0000000000e-03
3.7000000000e+02 7.8146979213e-02 7.8286185861e-02 7.8007273376e-02 5.0091805092e-01 4.9908188511e-01 1.0000000000e-03
3.7100000000e+02 7.8146219254e-02 7.8288592398e-02 7.8003339469e-02 5.0091749907e-01 4.9908243696e-01 1.0000000000e-03
3.7200000000e+02 7.8145481646e-02 7.8287579119e-02 7.8002870083e-02 5.0091682927e-01 4.9908310675e-01 1.0000000000e-03
3.7300000000e+02 7.8144758940e-02 7.8282885253e-02 7.8006133437e-02 5.0091368161e-01 4.9908625441e-01 1.0000000000e-03
3.7400000000e+02 7.8144013882e-02 7.8280530870e-02 7.8007012606e-02 5.0090981506e-01 4.9909012096e-01 1.0000000000e-03
3.7500000000e+02 7.8143283725e-02 7.8283093870e-02 7.8002981842e-02 5.0090844551e-01 4.9909149051e-01 1.0000000000e-03
3.7600000000e+02 7.8142575920e-02 7.8284837306e-02 7.7999800444e-02 5.0090878933e-01 4.9909114669e-01 1.0000000000e-03
3.7700000000e+02 7.8141853213e-02 7.8281521797e-02 7.8001685441e-02 5.0090743580e-01 4.9909250022e-01 1.0000000000e-03
3.7800000000e+02 7.8141123056e-02 7.8277140856e-02 7.8004628420e-02 5.0090387527e-01 4.9909606075e-01 1.0000000000e-03
3.7900000000e+02 7.8140407801e-02 7.8276716173e-02 7.8003622591e-02 5.0090085752e-01 4.9909907850e-01 1.0000000000e-03
3.8000000000e+02 7.8139692545e-02 7.8278705478e-02 7.8000195324e-02 5.0089987533e-01 4.9910006069e-01 1.0000000000e-03
3.8100000000e+02 7.8138977289e-02 7.8278161585e-02 7.7999316156e-02 5.0089909944e-01 4.9910083658e-01 1.0000000000e-03
3.8200000000e+02 7.8138276935e-02 7.8274607658e-02 7.8001461923e-02 5.0089657834e-01 4.9910335767e-01 1.0000000000e-03
3.8300000000e+02 7.8137561679e-02 7.8272685409e-02 7.8001961112e-02 5.0089353542e-01 4.9910640060e-01 1.0000000000e-03
3.8400000000e+02 7.8136876225e-02 7.8274138272e-02 7.7999122441e-02 5.0089217064e-01 4.9910776538e-01 1.0000000000e-03
3.8500000000e+02 7.8136175871e-02 7.8274779022e-02 7.7997088432e-02 5.0089179892e-01 4.9910813709e-01 1.0000000000e-03
3.8600000000e+02 7.8135482967e-02 7.8271716833e-02 7.7998772264e-02 5.0088994663e-01 4.9910998938e-01 1.0000000000e-03
3.8700000000e+02 7.8134775162e-02 7.8268289566e-02 7.8000783920e-02 5.0088654012e-01 4.9911339589e-01 1.0000000000e-03
3.8800000000e+02 7.8134089708e-02 7.8268148005e-02 7.7999554574e-02 5.0088382307e-01 4.9911611294e-01 1.0000000000e-03
3.8900000000e+02 7.8133404255e-02 7.8269936144e-02 7.7996388078e-02 5.0088296379e-01 4.9911697222e-01 1.0000000000e-03
3.9000000000e+02 7.8132703900e-02 7.8269369900e-02 7.7995568514e-02 5.0088227228e-01 4.9911766374e-01 1.0000000000e-03
3.9100000000e+02 7.8132033348e-02 7.8266076744e-02 7.7997535467e-02 5.0087996757e-01 4.9911996844e-01 1.0000000000e-03
3.9200000000e+02 7.8131347895e-02 7.8264094889e-02 7.7998138964e-02 5.0087706684e-01 4.9912286917e-01 1.0000000000e-03
3.9300000000e+02 7.8130677342e-02 7.8264996409e-02 7.7995896339e-02 5.0087546297e-01 4.9912447304e-01 1.0000000000e-03
3.9400000000e+02 7.8129991889e-02 7.8265272081e-02 7.7994257212e-02 5.0087463294e-01 4.9912530307e-01 1.0000000000e-03
3.9500000000e+02 7.8129321337e-02 7.8262574971e-02 7.7995613217e-02 5.0087258972e-01 4.9912734629e-01 1.0000000000e-03
3.9600000000e+02 7.8128665686e-02 7.8260064125e-02 7.7996812761e-02 5.0086956427e-01 4.9913037174e-01 1.0000000000e-03
3.9700000000e+02 7.8127995133e-02 7.8260429204e-02 7.7995106578e-02 5.0086750487e-01 4.9913243113e-01 1.0000000000e-03
3.9800000000e+02 7.8127317131e-02 7.8261539340e-02 7.7992647886e-02 5.0086679414e-01 4.9913314187e-01 1.0000000000e-03
3.9900000000e+02 7.8126654029e-02 7.8260138631e-02 7.7992722392e-02 5.0086568315e-01 4.9913425286e-01 1.0000000000e-03
4.0000000000e+02 7.8126013279e-02 7.8256897628e-02 7.7994689345e-02 5.0086301743e-01 4.9913691858e-01 1.0000000000e-03
4.0100000000e+02 7.8125350177e-02 7.8255616128e-02 7.7994644642e-02 5.0086022322e-01 4.9913971279e-01 1.0000000000e-03
4.0200000000e+02 7.8124701977e-02 7.8256770968e-02 7.7992200851e-02 5.0085886068e-01 4.9914107532e-01 1.0000000000e-03
4.0300000000e+02 7.8124046326e-02 7.8256532550e-02 7.7991105616e-02 5.0085790931e-01 4.9914202669e-01 1.0000000000e-03
4.0400000000e+02 7.8123405576e-02 7.8253872693e-02 7.7992506325e-02 5.0085575435e-01 4.9914418165e-01 1.0000000000e-03
4.0500000000e+02 7.8122749925e-02 7.8252173960e-02 7.7992908657e-02 5.0085314322e-01 4.9914679278e-01 1.0000000000e-03
4.0600000000e+02 7.8122109175e-02 7.8252740204e-02 7.7991046011e-02 5.0085157116e-01 4.9914836484e-01 1.0000000000e-03
4.0700000000e+02 7.8121468425e-02 7.8252725303e-02 7.7989771962e-02 5.0085055995e-01 4.9914937605e-01 1.0000000000e-03
4.0800000000e+02 7.8120835125e-02 7.8250661492e-02 7.7990584075e-02 5.0084873019e-01 4.9915120581e-01 1.0000000000e-03
4.0900000000e+02 7.8120216727e-02 7.8248381615e-02 7.7991612256e-02 5.0084602542e-01 4.9915391058e-01 1.0000000000e-03
4.1000000000e+02 7.8119575977e-02 7.8248105943e-02 7.7990628779e-02 5.0084381831e-01 4.9915611769e-01 1.0000000000e-03
4.1100000000e+02 7.8118950129e-02 7.8248880804e-02 7.7988587320e-02 5.0084273387e-01 4.9915720213e-01 1.0000000000e-03
4.1200000000e+02 7.8118324280e-02 7.8247845173e-02 7.7988386154e-02 5.0084149148e-01 4.9915844452e-01 1.0000000000e-03
4.1300000000e+02 7.8117705882e-02 7.8245341778e-02 7.7989652753e-02 5.0083916747e-01 4.9916076853e-01 1.0000000000e-03
4.1400000000e+02 7.8117080033e-02 7.8244373202e-02 7.7989369631e-02 5.0083685715e-01 4.9916307885e-01 1.0000000000e-03
4.1500000000e+02 7.8116446733e-02 7.8244820237e-02 7.7987663448e-02 5.0083546763e-01 4.9916446837e-01 1.0000000000e-03
4.1600000000e+02 7.8115843236e-02 7.8244052827e-02 7.7987216413e-02 5.0083411517e-01 4.9916582083e-01 1.0000000000e-03
4.1700000000e+02 7.8115224838e-02 7.8241921961e-02 7.7988132834e-02 5.0083192333e-01 4.9916801266e-01 1.0000000000e-03
4.1800000000e+02 7.8114628792e-02 7.8240700066e-02 7.7988140285e-02 5.0082955787e-01 4.9917037813e-01 1.0000000000e-03
4.1900000000e+02 7.8114017844e-02 7.8240901232e-02 7.7986717224e-02 5.0082794941e-01 4.9917198658e-01 1.0000000000e-03
4.2000000000e+02 7.8113406897e-02 7.8240789473e-02 7.7985614538e-02 5.0082681958e-01 4.9917311642e-01 1.0000000000e-03
4.2100000000e+02 7.8112810850e-02 7.8239157796e-02 7.7986046672e-02 5.0082514283e-01 4.9917479316e-01 1.0000000000e-03
4.2200000000e+02 7.8112214804e-02 7.8237041831e-02 7.7986985445e-02 5.0082265669e-01 4.9917727931e-01 1.0000000000e-03
4.2300000000e+02 7.8111603856e-02 7.8236781061e-02 7.7986031771e-02 5.0082064155e-01 4.9917929444e-01 1.0000000000e-03
4.2400000000e+02 7.8111000359e-02 7.8237071633e-02 7.7984534204e-02 5.0081940085e-01 4.9918053514e-01 1.0000000000e-03
4.2500000000e+02 7.8110426664e-02 7.8235715628e-02 7.7984735370e-02 5.0081778644e-01 4.9918214956e-01 1.0000000000e-03
4.2600000000e+02 7.8109830618e-02 7.8233957291e-02 7.7985301614e-02 5.0081559006e-01 4.9918434593e-01 1.0000000000e-03
4.2700000000e+02 7.8109234571e-02 7.8233353794e-02 7.7984713018e-02 5.0081360916e-01 4.9918632683e-01 1.0000000000e-03
4.2800000000e+02 7.8108660877e-02 7.8233323991e-02 7.7983602881e-02 5.0081217271e-01 4.9918776328e-01 1.0000000000e-03
4.2900000000e+02 7.8108072281e-02 7.8232526779e-02 7.7983222902e-02 5.0081074697e-01 4.9918918902e-01 1.0000000000e-03
4.3000000000e+02 7.8107491136e-02 7.8230679035e-02 7.7983900905e-02 5.0080865597e-01 4.9919128002e-01 1.0000000000e-03
4.3100000000e+02 7.8106917441e-02 7.8229494393e-02 7.7983953059e-02 5.0080637878e-01 4.9919355721e-01 1.0000000000e-03
4.3200000000e+02 7.8106343746e-02 7.8229695559e-02 7.7982604504e-02 5.0080482592e-01 4.9919511007e-01 1.0000000000e-03
4.3300000000e+02 7.8105755150e-02 7.8229308128e-02 7.7981814742e-02 5.0080355771e-01 4.9919637827e-01 1.0000000000e-03
4.3400000000e+02 7.8105203807e-02 7.8227587044e-02 7.7982433140e-02 5.0080166806e-01 4.9919826792e-01 1.0000000000e-03
4.3500000000e+02 7.8104615211e-02 7.8226260841e-02 7.7982604504e-02 5.0079948861e-01 4.9920044738e-01 1.0000000000e-03
4.3600000000e+02 7.8104048967e-02 7.8226119280e-02 7.7981598675e-02 5.0079780432e-01 4.9920213167e-01 1.0000000000e-03
4.3700000000e+02 7.8103497624e-02 7.8225694597e-02 7.7980928123e-02 5.0079636770e-01 4.9920356828e-01 1.0000000000e-03
4.3800000000e+02 7.8102923930e-02 7.8224293888e-02 7.7981181443e-02 5.0079454588e-01 4.9920539010e-01 1.0000000000e-03
4.3900000000e+02 7.8102372587e-02 7.8223057091e-02 7.7981315553e-02 5.0079246798e-01 4.9920746801e-01 1.0000000000e-03
4.4000000000e+02 7.8101821244e-02 7.8222617507e-02 7.7980652452e-02 5.0079066996e-01 4.9920926603e-01 1.0000000000e-03
4.4100000000e+02 7.8101262450e-02 7.8222483397e-02 7.7979676425e-02 5.0078932178e-01 4.9921061420e-01 1.0000000000e-03
4.4200000000e+02 7.8100711107e-02 7.8221358359e-02 7.7979706228e-02 5.0078773931e-01 4.9921219668e-01 1.0000000000e-03
4.4300000000e+02 7.8100159764e-02 7.8219681978e-02 7.7980279922e-02 5.0078559537e-01 4.9921434062e-01 1.0000000000e-03
4.4400000000e+02 7.8099608421e-02 7.8219100833e-02 7.7979750931e-02 5.0078364967e-01 4.9921628631e-01 1.0000000000e-03
4.4500000000e+02 7.8099064529e-02 7.8219048679e-02 7.7978722751e-02 5.0078221151e-01 4.9921772447e-01 1.0000000000e-03
4.4600000000e+02 7.8098513186e-02 7.8218020499e-02 7.7978633344e-02 5.0078061721e-01 4.9921931877e-01 1.0000000000e-03
4.4700000000e+02 7.8097976744e-02 7.8216694295e-02 7.7978901565e-02 5.0077867246e-01 4.9922126352e-01 1.0000000000e-03
4.4800000000e+02 7.8097447753e-02 7.8215949237e-02 7.7978588641e-02 5.0077678437e-01 4.9922315161e-01 1.0000000000e-03
4.4900000000e+02 7.8096911311e-02 7.8215725720e-02 7.7977739275e-02 5.0077528595e-01 4.9922465003e-01 1.0000000000e-03
4.5000000000e+02 7.8096389771e-02 7.8214950860e-02 7.7977471054e-02 5.0077377570e-01 4.9922616028e-01 1.0000000000e-03
4.5100000000e+02 7.8095838428e-02 7.8213416040e-02 7.7977918088e-02 5.0077178258e-01 4.9922815340e-01 1.0000000000e-03
4.5200000000e+02 7.8095324337e-02 7.8212529421e-02 7.7977769077e-02 5.0076975314e-01 4.9923018284e-01 1.0000000000e-03
4.5300000000e+02 7.8094795346e-02 7.8212462366e-02 7.7976770699e-02 5.0076822529e-01 4.9923171068e-01 1.0000000000e-03
4.5400000000e+02 7.8094273806e-02 7.8211799264e-02 7.7976390719e-02 5.0076676010e-01 4.9923317587e-01 1.0000000000e-03
4.5500000000e+02 7.8093737364e-02 7.8210569918e-02 7.7976562083e-02 5.0076499354e-01 4.9923494244e-01 1.0000000000e-03
4.5600000000e+02 7.8093230724e-02 7.8209564090e-02 7.7976539731e-02 5.0076308928e-01 4.9923684670e-01 1.0000000000e-03
4.5700000000e+02 7.8092701733e-02 7.8209020197e-02 7.7976047993e-02 5.0076135924e-01 4.9923857673e-01 1.0000000000e-03
4.5800000000e+02 7.8092195094e-02 7.8208640218e-02 7.7975407243e-02 5.0075988618e-01 4.9924004980e-01 1.0000000000e-03
4.5900000000e+02 7.8091681004e-02 7.8207343817e-02 7.7975682914e-02 5.0075805763e-01 4.9924187834e-01 1.0000000000e-03
4.6000000000e+02 7.8091174364e-02 7.8206375241e-02 7.7975638211e-02 5.0075611666e-01 4.9924381932e-01 1.0000000000e-03
4.6100000000e+02 7.8090645373e-02 7.8206188977e-02 7.7974766493e-02 5.0075458972e-01 4.9924534626e-01 1.0000000000e-03
4.6200000000e+02 7.8090153635e-02 7.8205451369e-02 7.7974520624e-02 5.0075305851e-01 4.9924687746e-01 1.0000000000e-03
4.6300000000e+02 7.8089639544e-02 7.8204318881e-02 7.7974632382e-02 5.0075128257e-01 4.9924865340e-01 1.0000000000e-03
4.6400000000e+02 7.8089155257e-02 7.8203551471e-02 7.7974416316e-02 5.0074950818e-01 4.9925042780e-01 1.0000000000e-03
4.6500000000e+02 7.8088641167e-02 7.8202813864e-02 7.7974133193e-02 5.0074776620e-01 4.9925216978e-01 1.0000000000e-03
4.6600000000e+02 7.8088149428e-02 7.8202366829e-02 7.7973604202e-02 5.0074622511e-01 4.9925371086e-01 1.0000000000e-03
4.6700000000e+02 7.8087642789e-02 7.8201487660e-02 7.7973477542e-02 5.0074459769e-01 4.9925533829e-01 1.0000000000e-03
4.6800000000e+02 7.8087151051e-02 7.8200310469e-02 7.7973678708e-02 5.0074269217e-01 4.9925724380e-01 1.0000000000e-03
4.6900000000e+02 7.8086666763e-02 7.8199900687e-02 7.7973112464e-02 5.0074102775e-01 4.9925890822e-01 1.0000000000e-03
4.7000000000e+02 7.8086167574e-02 7.8199423850e-02 7.7972590923e-02 5.0073954456e-01 4.9926039142e-01 1.0000000000e-03
4.7100000000e+02 7.8085690737e-02 7.8198425472e-02 7.7972620726e-02 5.0073788094e-01 4.9926205503e-01 1.0000000000e-03
4.7200000000e+02 7.8085198998e-02 7.8197367489e-02 7.7972710133e-02 5.0073601679e-01 4.9926391918e-01 1.0000000000e-03
4.7300000000e+02 7.8084729612e-02 7.8196868300e-02 7.7972270548e-02 5.0073432040e-01 4.9926561557e-01 1.0000000000e-03
4.7400000000e+02 7.8084230423e-02 7.8196473420e-02 7.7971667051e-02 5.0073286090e-01 4.9926707507e-01 1.0000000000e-03
4.7500000000e+02 7.8083761036e-02 7.8195452690e-02 7.7971756458e-02 5.0073119234e-01 4.9926874363e-01 1.0000000000e-03
4.7600000000e+02 7.8083284199e-02 7.8194454312e-02 7.7971793711e-02 5.0072935951e-01 4.9927057646e-01 1.0000000000e-03
4.7700000000e+02 7.8082807362e-02 7.8194096684e-02 7.7971205115e-02 5.0072778434e-01 4.9927215163e-01 1.0000000000e-03
4.7800000000e+02 7.8082337976e-02 7.8193485737e-02 7.7970862389e-02 5.0072628124e-01 4.9927365473e-01 1.0000000000e-03
4.7900000000e+02 7.8081861138e-02 7.8192397952e-02 7.7971018851e-02 5.0072453050e-01 4.9927540547e-01 1.0000000000e-03
4.8000000000e+02 7.8081399202e-02 7.8191623092e-02 7.7970862389e-02 5.0072275726e-01 4.9927717871e-01 1.0000000000e-03
4.8100000000e+02 7.8080907464e-02 7.8191213310e-02 7.7970296144e-02 5.0072121188e-01 4.9927872409e-01 1.0000000000e-03
4.8200000000e+02 7.8080460429e-02 7.8190535307e-02 7.7970072627e-02 5.0071967593e-01 4.9928026004e-01 1.0000000000e-03
4.8300000000e+02 7.8080013394e-02 7.8189544380e-02 7.7970169485e-02 5.0071794568e-01 4.9928199029e-01 1.0000000000e-03
4.8400000000e+02 7.8079536557e-02 7.8188888729e-02 7.7969886363e-02 5.0071626960e-01 4.9928366636e-01 1.0000000000e-03
4.8500000000e+02 7.8079074621e-02 7.8188307583e-02 7.7969543636e-02 5.0071468521e-01 4.9928525076e-01 1.0000000000e-03
4.8600000000e+02 7.8078612685e-02 7.8187696636e-02 7.7969223261e-02 5.0071316663e-01 4.9928676933e-01 1.0000000000e-03
4.8700000000e+02 7.8078165650e-02 7.8186802566e-02 7.7969223261e-02 5.0071151404e-01 4.9928842192e-01 1.0000000000e-03
4.8800000000e+02 7.8077718616e-02 7.8185968101e-02 7.7969171107e-02 5.0070977661e-01 4.9929015935e-01 1.0000000000e-03
4.8900000000e+02 7.8077271581e-02 7.8185513616e-02 7.7968724072e-02 5.0070821094e-01 4.9929172502e-01 1.0000000000e-03
4.9000000000e+02 7.8076809645e-02 7.8184977174e-02 7.7968344092e-02 5.0070675215e-01 4.9929318382e-01 1.0000000000e-03
4.9100000000e+02 7.8076362610e-02 7.8183874488e-02 7.7968552709e-02 5.0070501975e-01 4.9929491621e-01 1.0000000000e-03
4.9200000000e+02 7.8075930476e-02 7.8183174133e-02 7.7968388796e-02 5.0070328920e-01 4.9929664676e-01 1.0000000000e-03
4.9300000000e+02 7.8075468540e-02 7.8182838857e-02 7.7967807651e-02 5.0070181085e-01 4.9929812512e-01 1.0000000000e-03
4.9400000000e+02 7.8075021505e-02 7.8182227910e-02 7.7967539430e-02 5.0070037097e-01 4.9929956500e-01 1.0000000000e-03
4.9500000000e+02 7.8074589372e-02 7.8181147575e-02 7.7967748046e-02 5.0069866273e-01 4.9930127323e-01 1.0000000000e-03
4.9600000000e+02 7.8074157238e-02 7.8180521727e-02 7.7967509627e-02 5.0069700163e-01 4.9930293433e-01 1.0000000000e-03
4.9700000000e+02 7.8073732555e-02 7.8180074692e-02 7.7967092395e-02 5.0069549748e-01 4.9930443848e-01 1.0000000000e-03
4.9800000000e+02 7.8073285520e-02 7.8179381788e-02 7.7966906130e-02 5.0069398190e-01 4.9930595406e-01 1.0000000000e-03
4.9900000000e+02 7.8072853386e-02 7.8178673983e-02 7.7966757119e-02 5.0069243931e-01 4.9930749665e-01 1.0000000000e-03
5.0000000000e+02 7.8072428703e-02 7.8177526593e-02 7.7967047691e-02 5.0069059090e-01 4.9930934506e-01 1.0000000000e-03
