# epoch total_loss data_loss physics_loss w_data w_physics lr
1.0000000000e+00 1.1276741028e+00 1.1289913654e+00 1.1263564825e+00 5.0005841389e-01 4.9994158566e-01 1.0000000000e-03
2.0000000000e+00 7.9762780666e-01 8.9335161448e-01 6.9952505827e-01 5.0613673923e-01 4.9386325975e-01 1.0000000000e-03
3.0000000000e+00 6.4360380173e-01 6.9709181786e-01 5.8798414469e-01 5.0976824868e-01 4.9023174961e-01 1.0000000000e-03
4.0000000000e+00 5.3444862366e-01 5.3511059284e-01 5.3376287222e-01 5.0885446732e-01 4.9114553021e-01 1.0000000000e-03
5.0000000000e+00 4.2697596550e-01 4.0632456541e-01 4.4808885455e-01 5.0552498719e-01 4.9447500942e-01 1.0000000000e-03
6.0000000000e+00 3.3773493767e-01 3.1025582552e-01 3.6531287432e-01 5.0089762103e-01 4.9910237444e-01 1.0000000000e-03
7.0000000000e+00 2.8501144052e-01 2.4239006639e-01 3.2652452588e-01 4.9341356204e-01 5.0658643213e-01 1.0000000000e-03
8.0000000000e+00 2.4919429421e-01 1.9171090424e-01 3.0286189914e-01 4.8283513397e-01 5.1716485875e-01 1.0000000000e-03
9.0000000000e+00 2.0091870427e-01 1.5070627630e-01 2.4590477347e-01 4.7255012631e-01 5.2744986462e-01 1.0000000000e-03
1.0000000000e+01 1.5042842925e-01 1.2237614393e-01 1.7495316267e-01 4.6645356564e-01 5.3354642284e-01 1.0000000000e-03
1.1000000000e+01 1.2156359851e-01 1.1422512680e-01 1.2799249589e-01 4.6696626505e-01 5.3303372045e-01 1.0000000000e-03
1.2000000000e+01 1.2044645101e-01 1.2725839019e-01 1.1433386803e-01 4.7294449901e-01 5.2705548380e-01 1.0000000000e-03
1.3000000000e+01 1.2948003411e-01 1.4890308678e-01 1.1134406179e-01 4.8286607698e-01 5.1713390370e-01 1.0000000000e-03
1.4000000000e+01 1.3462159038e-01 1.6536876559e-01 1.0437638313e-01 4.9588502390e-01 5.0411495501e-01 1.0000000000e-03
1.5000000000e+01 1.3432125747e-01 1.7114187777e-01 9.5940232277e-02 5.1037489476e-01 4.8962508252e-01 1.0000000000e-03
1.6000000000e+01 1.2907882035e-01 1.6699737310e-01 8.7161570787e-02 5.2504328365e-01 4.7495669196e-01 1.0000000000e-03
1.7000000000e+01 1.2277661264e-01 1.5993098915e-01 7.9265713692e-02 5.3940065553e-01 4.6059931834e-01 1.0000000000e-03
1.8000000000e+01 1.2202056497e-01 1.5816311538e-01 7.7377885580e-02 5.5260945494e-01 4.4739051729e-01 1.0000000000e-03
1.9000000000e+01 1.2658248842e-01 1.6236622632e-01 8.0241844058e-02 5.6427382623e-01 4.3572614467e-01 1.0000000000e-03
2.0000000000e+01 1.2794452906e-01 1.6536609828e-01 7.7097482979e-02 5.7604888894e-01 4.2395108074e-01 1.0000000000e-03
2.1000000000e+01 1.2270627171e-01 1.6360741854e-01 6.3750013709e-02 5.9040444124e-01 4.0959552707e-01 1.0000000000e-03
2.2000000000e+01 1.1608761549e-01 1.6005237401e-01 4.7791417688e-02 6.0837008183e-01 3.9162988484e-01 1.0000000000e-03
2.3000000000e+01 1.1258831620e-01 1.5689027309e-01 3.7755411118e-02 6.2813607580e-01 3.7186388907e-01 1.0000000000e-03
2.4000000000e+01 1.1065535247e-01 1.5187329054e-01 3.5283625126e-02 6.4647003463e-01 3.5352992841e-01 1.0000000000e-03
2.5000000000e+01 1.0658820719e-01 1.4193014801e-01 3.7731479853e-02 6.6082161411e-01 3.3917834706e-01 1.0000000000e-03
2.6000000000e+01 9.9588789046e-02 1.2721909583e-01 4.3700587004e-02 6.6917154049e-01 3.3082841871e-01 1.0000000000e-03
2.7000000000e+01 9.1963581741e-02 1.1085600406e-01 5.3669761866e-02 6.6963349676e-01 3.3036646044e-01 1.0000000000e-03
2.8000000000e+01 8.6621634662e-02 9.6366234124e-02 6.7583054304e-02 6.6144821753e-01 3.3855173785e-01 1.0000000000e-03
2.9000000000e+01 8.4920130670e-02 8.5673972964e-02 8.3544880152e-02 6.4593248723e-01 3.5406746670e-01 1.0000000000e-03
3.0000000000e+01 8.6178153753e-02 7.8740462661e-02 9.8613359034e-02 6.2573662305e-01 3.7426332985e-01 1.0000000000e-03
3.1000000000e+01 8.8583901525e-02 7.4498035014e-02 1.1002676189e-01 6.0353587118e-01 3.9646408102e-01 1.0000000000e-03
3.2000000000e+01 9.0215265751e-02 7.1957722306e-02 1.1558911949e-01 5.8155014874e-01 4.1844980290e-01 1.0000000000e-03
3.3000000000e+01 8.9839130640e-02 7.0782050490e-02 1.1425640434e-01 5.6164774829e-01 4.3835220278e-01 1.0000000000e-03
3.4000000000e+01 8.7658174336e-02 7.1204841137e-02 1.0739399493e-01 5.4535156315e-01 4.5464838721e-01 1.0000000000e-03
3.5000000000e+01 8.5009455681e-02 7.3370218277e-02 9.8323017359e-02 5.3354972346e-01 4.6645022604e-01 1.0000000000e-03
3.6000000000e+01 8.2692727447e-02 7.6600871980e-02 8.9461639524e-02 5.2632248137e-01 4.7367746716e-01 1.0000000000e-03
3.7000000000e+01 8.0058038235e-02 7.9492241144e-02 8.0679185688e-02 5.2331970695e-01 4.7668024048e-01 1.0000000000e-03
3.8000000000e+01 7.6358720660e-02 8.0993540585e-02 7.1252711117e-02 5.2418677030e-01 4.7581317583e-01 1.0000000000e-03
3.9000000000e+01 7.2274811566e-02 8.1267572939e-02 6.2198404223e-02 5.2841397467e-01 4.7158596987e-01 1.0000000000e-03
4.0000000000e+01 6.9221481681e-02 8.1283129752e-02 5.5340379477e-02 5.3506682110e-01 4.6493312167e-01 1.0000000000e-03
4.1000000000e+01 6.7638926208e-02 8.1745147705e-02 5.0864383578e-02 5.4320362777e-01 4.5679631318e-01 1.0000000000e-03
4.2000000000e+01 6.6795282066e-02 8.2640901208e-02 4.7230422497e-02 5.5251616908e-01 4.4748377008e-01 1.0000000000e-03
4.3000000000e+01 6.5971121192e-02 8.3624213934e-02 4.3209951371e-02 5.6319647764e-01 4.3680345971e-01 1.0000000000e-03
4.4000000000e+01 6.5042570233e-02 8.4419615567e-02 3.8783926517e-02 5.7539726954e-01 4.2460266596e-01 1.0000000000e-03
4.5000000000e+01 6.4164966345e-02 8.4844447672e-02 3.4538380802e-02 5.8892675886e-01 4.1107317472e-01 1.0000000000e-03
4.6000000000e+01 6.3554637134e-02 8.4722422063e-02 3.1404290348e-02 6.0299095311e-01 3.9700897850e-01 1.0000000000e-03
4.7000000000e+01 6.3300222158e-02 8.3752669394e-02 3.0490737408e-02 6.1600257604e-01 3.8399735366e-01 1.0000000000e-03
4.8000000000e+01 6.3005097210e-02 8.1422142684e-02 3.2167769969e-02 6.2608309854e-01 3.7391682938e-01 1.0000000000e-03
4.9000000000e+01 6.2071375549e-02 7.7417485416e-02 3.5727668554e-02 6.3189793883e-01 3.6810198747e-01 1.0000000000e-03
5.0000000000e+01 6.0516536236e-02 7.2246536613e-02 4.0292982012e-02 6.3290473213e-01 3.6709519265e-01 1.0000000000e-03
5.1000000000e+01 5.8899305761e-02 6.6985592246e-02 4.5169688761e-02 6.2934001206e-01 3.7065991132e-01 1.0000000000e-03
5.2000000000e+01 5.7349927723e-02 6.2330842018e-02 4.9142606556e-02 6.2232142141e-01 3.7767850067e-01 1.0000000000e-03
5.3000000000e+01 5.5456846952e-02 5.8393429965e-02 5.0794184208e-02 6.1356917720e-01 3.8643074351e-01 1.0000000000e-03
5.4000000000e+01 5.3229622543e-02 5.5351722986e-02 4.9982573837e-02 6.0476087793e-01 3.9523904122e-01 1.0000000000e-03
5.5000000000e+01 5.1315329969e-02 5.3558621556e-02 4.7991793603e-02 5.9702570330e-01 4.0297421408e-01 1.0000000000e-03
5.6000000000e+01 5.0137177110e-02 5.2917137742e-02 4.6124298126e-02 5.9075241935e-01 4.0924749620e-01 1.0000000000e-03
5.7000000000e+01 4.9505054951e-02 5.2738625556e-02 4.4934250414e-02 5.8567233178e-01 4.1432758197e-01 1.0000000000e-03
5.8000000000e+01 4.9080561846e-02 5.2341539413e-02 4.4556517154e-02 5.8112221295e-01 4.1887769911e-01 1.0000000000e-03
5.9000000000e+01 4.8704721034e-02 5.1503658295e-02 4.4895570725e-02 5.7643744483e-01 4.2356246565e-01 1.0000000000e-03
6.0000000000e+01 4.8323575407e-02 5.0379514694e-02 4.5583855361e-02 5.7129238752e-01 4.2870752149e-01 1.0000000000e-03
6.1000000000e+01 4.7871902585e-02 4.9209505320e-02 4.6129055321e-02 5.6577867540e-01 4.3422123222e-01 1.0000000000e-03
6.2000000000e+01 4.7200627625e-02 4.8128623515e-02 4.6018000692e-02 5.6032172569e-01 4.3967818054e-01 1.0000000000e-03
6.3000000000e+01 4.6196028590e-02 4.7219827771e-02 4.4916380197e-02 5.5553957056e-01 4.4446033420e-01 1.0000000000e-03
6.4000000000e+01 4.5067884028e-02 4.6654764563e-02 4.3112952262e-02 5.5195837277e-01 4.4804153037e-01 1.0000000000e-03
6.5000000000e+01 4.4191550463e-02 4.6529781073e-02 4.1336987168e-02 5.4971745430e-01 4.5028244715e-01 1.0000000000e-03
6.6000000000e+01 4.3593280017e-02 4.6621032059e-02 3.9913255721e-02 5.4862149368e-01 4.5137840607e-01 1.0000000000e-03
6.7000000000e+01 4.3061129749e-02 4.6674586833e-02 3.8672298193e-02 5.4844743439e-01 4.5155246367e-01 1.0000000000e-03
6.8000000000e+01 4.2622745037e-02 4.6829264611e-02 3.7499397993e-02 5.4913453222e-01 4.5086536418e-01 1.0000000000e-03
6.9000000000e+01 4.2404953390e-02 4.7383043915e-02 3.6299861968e-02 5.5084320242e-01 4.4915669239e-01 1.0000000000e-03
7.0000000000e+01 4.2329844087e-02 4.8356510699e-02 3.4847538918e-02 5.5387685253e-01 4.4612304078e-01 1.0000000000e-03
7.1000000000e+01 4.2267233133e-02 4.9525249749e-02 3.3088143915e-02 5.5843736884e-01 4.4156252303e-01 1.0000000000e-03
7.2000000000e+01 4.2188741267e-02 5.0607196987e-02 3.1281370670e-02 5.6439370034e-01 4.3560619014e-01 1.0000000000e-03
7.3000000000e+01 4.2110461742e-02 5.1273882389e-02 2.9908291996e-02 5.7111336301e-01 4.2888652609e-01 1.0000000000e-03
7.4000000000e+01 4.1983783245e-02 5.1131851971e-02 2.9483249411e-02 5.7742915730e-01 4.2257073049e-01 1.0000000000e-03
7.5000000000e+01 4.1669454426e-02 4.9886319786e-02 3.0230971053e-02 5.8195284225e-01 4.1804704428e-01 1.0000000000e-03
7.6000000000e+01 4.1160326451e-02 4.7654606402e-02 3.2060660422e-02 5.8353857905e-01 4.1646130628e-01 1.0000000000e-03
7.7000000000e+01 4.0664892644e-02 4.4958163053e-02 3.4696362913e-02 5.8162615603e-01 4.1837372821e-01 1.0000000000e-03
7.8000000000e+01 4.0318433195e-02 4.2318418622e-02 3.7596836686e-02 5.7641765184e-01 4.2358223147e-01 1.0000000000e-03
7.9000000000e+01 4.0101528168e-02 4.0076095611e-02 4.0135081857e-02 5.6873911108e-01 4.3126077143e-01 1.0000000000e-03
8.0000000000e+01 4.0003675967e-02 3.8489248604e-02 4.1929002851e-02 5.5972652886e-01 4.4027335296e-01 1.0000000000e-03
8.1000000000e+01 3.9975665510e-02 3.7676170468e-02 4.2792700231e-02 5.5057467197e-01 4.4942520925e-01 1.0000000000e-03
8.2000000000e+01 3.9879202843e-02 3.7547536194e-02 4.2642310262e-02 5.4234050369e-01 4.5765937693e-01 1.0000000000e-03
8.3000000000e+01 3.9628684521e-02 3.7952512503e-02 4.1563682258e-02 5.3583573394e-01 4.6416414605e-01 1.0000000000e-03
8.4000000000e+01 3.9265528321e-02 3.8821462542e-02 3.9769615978e-02 5.3164893475e-01 4.6835094451e-01 1.0000000000e-03
8.5000000000e+01 3.8899950683e-02 4.0116168559e-02 3.7527650595e-02 5.3015095286e-01 4.6984892560e-01 1.0000000000e-03
8.6000000000e+01 3.8592234254e-02 4.1666902602e-02 3.5105384886e-02 5.3140921393e-01 4.6859066365e-01 1.0000000000e-03
8.7000000000e+01 3.8334798068e-02 4.3153457344e-02 3.2788701355e-02 5.3509239710e-01 4.6490747956e-01 1.0000000000e-03
8.8000000000e+01 3.8139794022e-02 4.4254027307e-02 3.0949831009e-02 5.4042857092e-01 4.5957130477e-01 1.0000000000e-03
8.9000000000e+01 3.7999983877e-02 4.4723447412e-02 2.9903786257e-02 5.4631482981e-01 4.5368504491e-01 1.0000000000e-03
9.0000000000e+01 3.7861421704e-02 4.4452093542e-02 2.9754340649e-02 5.5158662616e-01 4.4841324762e-01 1.0000000000e-03
9.1000000000e+01 3.7714242935e-02 4.3561320752e-02 3.0412513763e-02 5.5531542713e-01 4.4468444575e-01 1.0000000000e-03
9.2000000000e+01 3.7574194372e-02 4.2338538915e-02 3.1582374126e-02 5.5705933117e-01 4.4294054090e-01 1.0000000000e-03
9.3000000000e+01 3.7414744496e-02 4.1068851948e-02 3.2821532339e-02 5.5693417055e-01 4.4306570077e-01 1.0000000000e-03
9.4000000000e+01 3.7190698087e-02 3.9953593165e-02 3.3738456666e-02 5.5545771155e-01 4.4454215908e-01 1.0000000000e-03
9.5000000000e+01 3.6895379424e-02 3.9111930877e-02 3.4149907529e-02 5.5329843244e-01 4.4670143747e-01 1.0000000000e-03
9.6000000000e+01 3.6579463631e-02 3.8582310081e-02 3.4121271223e-02 5.5103654553e-01 4.4896332364e-01 1.0000000000e-03
9.7000000000e+01 3.6298386753e-02 3.8304254413e-02 3.3856522292e-02 5.4901470474e-01 4.5098516365e-01 1.0000000000e-03
9.8000000000e+01 3.6082673818e-02 3.8164015859e-02 3.3566221595e-02 5.4731814742e-01 4.5268172019e-01 1.0000000000e-03
9.9000000000e+01 3.5942219198e-02 3.8066342473e-02 3.3389121294e-02 5.4585914785e-01 4.5414071900e-01 1.0000000000e-03
1.0000000000e+02 3.5834997892e-02 3.7930738181e-02 3.3329769969e-02 5.4450149910e-01 4.5549836703e-01 1.0000000000e-03
1.0100000000e+02 3.5695865750e-02 3.7690170109e-02 3.3325087279e-02 5.4312468327e-01 4.5687518217e-01 1.0000000000e-03
1.0200000000e+02 3.5504687577e-02 3.7330288440e-02 3.3347491175e-02 5.4162978132e-01 4.5837008343e-01 1.0000000000e-03
1.0300000000e+02 3.5284668207e-02 3.6900408566e-02 3.3388204873e-02 5.3996521155e-01 4.6003465250e-01 1.0000000000e-03
1.0400000000e+02 3.5067129880e-02 3.6492109299e-02 3.3406574279e-02 5.3817583109e-01 4.6182403225e-01 1.0000000000e-03
1.0500000000e+02 3.4866470844e-02 3.6217045039e-02 3.3303480595e-02 5.3645371115e-01 4.6354615147e-01 1.0000000000e-03
1.0600000000e+02 3.4684572369e-02 3.6189489067e-02 3.2952077687e-02 5.3514947943e-01 4.6485038246e-01 1.0000000000e-03
1.0700000000e+02 3.4516982734e-02 3.6477513611e-02 3.2264057547e-02 5.3469923119e-01 4.6530062997e-01 1.0000000000e-03
1.0800000000e+02 3.4358158708e-02 3.7045206875e-02 3.1260848045e-02 5.3546344806e-01 4.6453641234e-01 1.0000000000e-03
1.0900000000e+02 3.4220136702e-02 3.7750154734e-02 3.0117023736e-02 5.3754067569e-01 4.6245918394e-01 1.0000000000e-03
1.1000000000e+02 3.4113384783e-02 3.8374930620e-02 2.9097363353e-02 5.4066169369e-01 4.5933816515e-01 1.0000000000e-03
1.1100000000e+02 3.4018348902e-02 3.8684040308e-02 2.8447331861e-02 5.4421990067e-01 4.5577995740e-01 1.0000000000e-03
1.1200000000e+02 3.3899988979e-02 3.8513973355e-02 2.8319017962e-02 5.4742508968e-01 4.5257476761e-01 1.0000000000e-03
1.1300000000e+02 3.3740028739e-02 3.7846289575e-02 2.8730822727e-02 5.4952836838e-01 4.5047148817e-01 1.0000000000e-03
1.1400000000e+02 3.3549990505e-02 3.6811139435e-02 2.9563583434e-02 5.5003509852e-01 4.4996475730e-01 1.0000000000e-03
1.1500000000e+02 3.3360417932e-02 3.5621028394e-02 3.0610663816e-02 5.4881403303e-01 4.5118582211e-01 1.0000000000e-03
1.1600000000e+02 3.3199284226e-02 3.4493807703e-02 3.1641885638e-02 5.4608873598e-01 4.5391111853e-01 1.0000000000e-03
1.1700000000e+02 3.3069331199e-02 3.3600386232e-02 3.2439980656e-02 5.4235841247e-01 4.5764144145e-01 1.0000000000e-03
1.1800000000e+02 3.2945491374e-02 3.3046334982e-02 3.2827928662e-02 5.3828833876e-01 4.6171151459e-01 1.0000000000e-03
1.1900000000e+02 3.2805707306e-02 3.2881021500e-02 3.2719209790e-02 5.3458282890e-01 4.6541702386e-01 1.0000000000e-03
1.2000000000e+02 3.2649368048e-02 3.3096872270e-02 3.2140966505e-02 5.3185716962e-01 4.6814268254e-01 1.0000000000e-03
1.2100000000e+02 3.2490633428e-02 3.3611178398e-02 3.1224451959e-02 5.3051204251e-01 4.6948780901e-01 1.0000000000e-03
1.2200000000e+02 3.2342441380e-02 3.4260462970e-02 3.0174082145e-02 5.3063178498e-01 4.6936806586e-01 1.0000000000e-03
1.2300000000e+02 3.2207567245e-02 3.4838546067e-02 2.9217325151e-02 5.3195634638e-01 4.6804350377e-01 1.0000000000e-03
1.2400000000e+02 3.2079987228e-02 3.5169437528e-02 2.8540248051e-02 5.3396335745e-01 4.6603649199e-01 1.0000000000e-03
1.2500000000e+02 3.1954988837e-02 3.5173516721e-02 2.8236495331e-02 5.3603698620e-01 4.6396286253e-01 1.0000000000e-03
1.2600000000e+02 3.1836703420e-02 3.4888785332e-02 2.8287451714e-02 5.3765781731e-01 4.6234203071e-01 1.0000000000e-03
1.2700000000e+02 3.1727846712e-02 3.4431662410e-02 2.8572384268e-02 5.3854194898e-01 4.6145789838e-01 1.0000000000e-03
1.2800000000e+02 3.1619183719e-02 3.3932708204e-02 2.8917737305e-02 5.3867735197e-01 4.6132249473e-01 1.0000000000e-03
1.2900000000e+02 3.1496856362e-02 3.3489052206e-02 2.9174594209e-02 5.3825216086e-01 4.6174768521e-01 1.0000000000e-03
1.3000000000e+02 3.1357355416e-02 3.3146265894e-02 2.9278147966e-02 5.3752517756e-01 4.6247466789e-01 1.0000000000e-03
1.3100000000e+02 3.1212072819e-02 3.2903235406e-02 2.9252920300e-02 5.3670905804e-01 4.6329078678e-01 1.0000000000e-03
1.3200000000e+02 3.1078919768e-02 3.2727017999e-02 2.9175806791e-02 5.3590651943e-01 4.6409332475e-01 1.0000000000e-03
1.3300000000e+02 3.0965032056e-02 3.2567732036e-02 2.9120258987e-02 5.3511014108e-01 4.6488970247e-01 1.0000000000e-03
1.3400000000e+02 3.0861411244e-02 3.2372392714e-02 2.9128307477e-02 5.3423655606e-01 4.6576328688e-01 1.0000000000e-03
1.3500000000e+02 3.0753549188e-02 3.2108165324e-02 2.9206385836e-02 5.3317919765e-01 4.6682064468e-01 1.0000000000e-03
1.3600000000e+02 3.0636450276e-02 3.1786501408e-02 2.9329812154e-02 5.3187111676e-01 4.6812872498e-01 1.0000000000e-03
1.3700000000e+02 3.0515443534e-02 3.1468588859e-02 2.9439117759e-02 5.3035001820e-01 4.6964982295e-01 1.0000000000e-03
1.3800000000e+02 3.0396632850e-02 3.1243821606e-02 2.9445905238e-02 5.2879624406e-01 4.7120359649e-01 1.0000000000e-03
1.3900000000e+02 3.0281417072e-02 3.1190520152e-02 2.9266474769e-02 5.2750786238e-01 4.7249197758e-01 1.0000000000e-03
1.4000000000e+02 3.0168544501e-02 3.1337104738e-02 2.8867585585e-02 5.2680800335e-01 4.7319183600e-01 1.0000000000e-03
1.4100000000e+02 3.0059907585e-02 3.1641330570e-02 2.8298545629e-02 5.2691564253e-01 4.7308419621e-01 1.0000000000e-03
1.4200000000e+02 2.9961423948e-02 3.1996101141e-02 2.7686867863e-02 5.2783417226e-01 4.7216566584e-01 1.0000000000e-03
1.4300000000e+02 2.9873384163e-02 3.2260030508e-02 2.7189455926e-02 5.2931535347e-01 4.7068448401e-01 1.0000000000e-03
1.4400000000e+02 2.9786683619e-02 3.2307401299e-02 2.6933666319e-02 5.3091929012e-01 4.6908054672e-01 1.0000000000e-03
1.4500000000e+02 2.9691083357e-02 3.2078415155e-02 2.6975676417e-02 5.3214774581e-01 4.6785209042e-01 1.0000000000e-03
1.4600000000e+02 2.9584631324e-02 3.1602859497e-02 2.7284888551e-02 5.3259923489e-01 4.6740060073e-01 1.0000000000e-03
1.4700000000e+02 2.9475647956e-02 3.0983470380e-02 2.7761075646e-02 5.3208202064e-01 4.6791781440e-01 1.0000000000e-03
1.4800000000e+02 2.9373329133e-02 3.0354900286e-02 2.8263533488e-02 5.3065769125e-01 4.6934214322e-01 1.0000000000e-03
1.4900000000e+02 2.9278699309e-02 2.9842473567e-02 2.8646489605e-02 5.2861431481e-01 4.7138551912e-01 1.0000000000e-03
1.5000000000e+02 2.9185973108e-02 2.9533872381e-02 2.8799321502e-02 5.2638249119e-01 4.7361734220e-01 1.0000000000e-03
1.5100000000e+02 2.9090790078e-02 2.9461640865e-02 2.8681874275e-02 5.2441478672e-01 4.7558504614e-01 1.0000000000e-03
1.5200000000e+02 2.8994277120e-02 2.9594441876e-02 2.8336089104e-02 5.2305938695e-01 4.7694044536e-01 1.0000000000e-03
1.5300000000e+02 2.8899418190e-02 2.9844120145e-02 2.7865832672e-02 5.2246743088e-01 4.7753240087e-01 1.0000000000e-03
1.5400000000e+02 2.8807267547e-02 3.0095558614e-02 2.7397194877e-02 5.2256737768e-01 4.7743245350e-01 1.0000000000e-03
1.5500000000e+02 2.8716947883e-02 3.0250543728e-02 2.7034673840e-02 5.2311752402e-01 4.7688230659e-01 1.0000000000e-03
1.5600000000e+02 2.8628770262e-02 3.0263299122e-02 2.6830781251e-02 5.2381178139e-01 4.7618804865e-01 1.0000000000e-03
1.5700000000e+02 2.8545118868e-02 3.0147634447e-02 2.6778252795e-02 5.2439003983e-01 4.7560978964e-01 1.0000000000e-03
1.5800000000e+02 2.8465095907e-02 2.9955016449e-02 2.6820251718e-02 5.2471170460e-01 4.7528812430e-01 1.0000000000e-03
1.5900000000e+02 2.8384368867e-02 2.9741354287e-02 2.6885982603e-02 5.2476172032e-01 4.7523810804e-01 1.0000000000e-03
1.6000000000e+02 2.8299063444e-02 2.9543235898e-02 2.6926122606e-02 5.2460282521e-01 4.7539700260e-01 1.0000000000e-03
1.6100000000e+02 2.8210185468e-02 2.9371153563e-02 2.6930568740e-02 5.2430994920e-01 4.7568987807e-01 1.0000000000e-03
1.6200000000e+02 2.8123024851e-02 2.9214354232e-02 2.6922039688e-02 5.2392068156e-01 4.7607914517e-01 1.0000000000e-03
1.6300000000e+02 2.8041118756e-02 2.9050808400e-02 2.6932198554e-02 5.2342079425e-01 4.7657903194e-01 1.0000000000e-03
1.6400000000e+02 2.7962550521e-02 2.8860589489e-02 2.6978850365e-02 5.2276366080e-01 4.7723616487e-01 1.0000000000e-03
1.6500000000e+02 2.7884114534e-02 2.8642112389e-02 2.7056649327e-02 5.2191053352e-01 4.7808929163e-01 1.0000000000e-03
1.6600000000e+02 2.7804300189e-02 2.8422318399e-02 2.7132421732e-02 5.2088039500e-01 4.7911942963e-01 1.0000000000e-03
1.6700000000e+02 2.7724176645e-02 2.8249703348e-02 2.7155365795e-02 5.1977992520e-01 4.8021989891e-01 1.0000000000e-03
1.6800000000e+02 2.7644503862e-02 2.8172509745e-02 2.7075264603e-02 5.1879494548e-01 4.8120487812e-01 1.0000000000e-03
1.6900000000e+02 2.7565481141e-02 2.8213459998e-02 2.6868736371e-02 5.1813609342e-01 4.8186372967e-01 1.0000000000e-03
1.7000000000e+02 2.7487911284e-02 2.8354117647e-02 2.6557173580e-02 5.1795869924e-01 4.8204112333e-01 1.0000000000e-03
1.7100000000e+02 2.7414236218e-02 2.8535146266e-02 2.6208223775e-02 5.1828812052e-01 4.8171170152e-01 1.0000000000e-03
1.7200000000e+02 2.7344496921e-02 2.8674555942e-02 2.5909412652e-02 5.1899222505e-01 4.8100759647e-01 1.0000000000e-03
1.7300000000e+02 2.7276035398e-02 2.8698325157e-02 2.5736376643e-02 5.1981363651e-01 4.8018618449e-01 1.0000000000e-03
1.7400000000e+02 2.7205489576e-02 2.8570273891e-02 2.5724295527e-02 5.2045313151e-01 4.7954668897e-01 1.0000000000e-03
1.7500000000e+02 2.7131926268e-02 2.8305273503e-02 2.5857407600e-02 5.2066754351e-01 4.7933227646e-01 1.0000000000e-03
1.7600000000e+02 2.7057830244e-02 2.7960868552e-02 2.6078207418e-02 5.2034272382e-01 4.7965709565e-01 1.0000000000e-03
1.7700000000e+02 2.6985824108e-02 2.7614988387e-02 2.6305543259e-02 5.1952267804e-01 4.8047714093e-01 1.0000000000e-03
1.7800000000e+02 2.6915917173e-02 2.7339870110e-02 2.6459600776e-02 5.1838850301e-01 4.8161131547e-01 1.0000000000e-03
1.7900000000e+02 2.6846770197e-02 2.7180384845e-02 2.6489404961e-02 5.1719337589e-01 4.8280644212e-01 1.0000000000e-03
1.8000000000e+02 2.6777759194e-02 2.7142606676e-02 2.6388518512e-02 5.1617837435e-01 4.8382144318e-01 1.0000000000e-03
1.8100000000e+02 2.6709008962e-02 2.7195718139e-02 2.6191161945e-02 5.1550135421e-01 4.8449846283e-01 1.0000000000e-03
1.8200000000e+02 2.6640661061e-02 2.7286939323e-02 2.5953860953e-02 5.1520314223e-01 4.8479667432e-01 1.0000000000e-03
1.8300000000e+02 2.6572864503e-02 2.7363784611e-02 2.5732291862e-02 5.1521917735e-01 4.8478063871e-01 1.0000000000e-03
1.8400000000e+02 2.6506163180e-02 2.7393646538e-02 2.5562183931e-02 5.1542648588e-01 4.8457332969e-01 1.0000000000e-03
1.8500000000e+02 2.6441834867e-02 2.7369923890e-02 2.5453589857e-02 5.1569772995e-01 4.8430208514e-01 1.0000000000e-03
1.8600000000e+02 2.6379210874e-02 2.7304213494e-02 2.5393294170e-02 5.1594104930e-01 4.8405876530e-01 1.0000000000e-03
1.8700000000e+02 2.6316801086e-02 2.7212006971e-02 2.5362009183e-02 5.1610635670e-01 4.8389345743e-01 1.0000000000e-03
1.8800000000e+02 2.6252934709e-02 2.7103228495e-02 2.5345813483e-02 5.1617106590e-01 4.8382874774e-01 1.0000000000e-03
1.8900000000e+02 2.6188343763e-02 2.6979809627e-02 2.5344161317e-02 5.1611695039e-01 4.8388286277e-01 1.0000000000e-03
1.9000000000e+02 2.6124557480e-02 2.6838693768e-02 2.5363463908e-02 5.1591824252e-01 4.8408157017e-01 1.0000000000e-03
1.9100000000e+02 2.6062197983e-02 2.6678360999e-02 2.5406491011e-02 5.1554736802e-01 4.8445244420e-01 1.0000000000e-03
1.9200000000e+02 2.6001140475e-02 2.6506219059e-02 2.5464842096e-02 5.1499450297e-01 4.8500530879e-01 1.0000000000e-03
1.9300000000e+02 2.5940343738e-02 2.6342416182e-02 2.5514619425e-02 5.1429319567e-01 4.8570661563e-01 1.0000000000e-03
1.9400000000e+02 2.5879636407e-02 2.6215627789e-02 2.5524960831e-02 5.1353129877e-01 4.8646851208e-01 1.0000000000e-03
1.9500000000e+02 2.5818895549e-02 2.6151882485e-02 2.5468364358e-02 5.1284022306e-01 4.8715958733e-01 1.0000000000e-03
1.9600000000e+02 2.5758342817e-02 2.6161504909e-02 2.5334756821e-02 5.1235891720e-01 4.8764089273e-01 1.0000000000e-03
1.9700000000e+02 2.5698497891e-02 2.6230650023e-02 2.5139773265e-02 5.1218479067e-01 4.8781501880e-01 1.0000000000e-03
1.9800000000e+02 2.5640308857e-02 2.6322461665e-02 2.4923665449e-02 5.1233108395e-01 4.8766872506e-01 1.0000000000e-03
1.9900000000e+02 2.5584017858e-02 2.6388982311e-02 2.4737060070e-02 5.1271350440e-01 4.8728630415e-01 1.0000000000e-03
2.0000000000e+02 2.5528404862e-02 2.6389265433e-02 2.4620959535e-02 5.1317542954e-01 4.8682437855e-01 1.0000000000e-03
2.0100000000e+02 2.5472251698e-02 2.6304455474e-02 2.4593735114e-02 5.1353840804e-01 4.8646139959e-01 1.0000000000e-03
2.0200000000e+02 2.5415534154e-02 2.6143796742e-02 2.4646373466e-02 5.1365868415e-01 4.8634112303e-01 1.0000000000e-03
2.0300000000e+02 2.5358717889e-02 2.5940114632e-02 2.4745132774e-02 5.1347163175e-01 4.8652817499e-01 1.0000000000e-03
2.0400000000e+02 2.5302603841e-02 2.5736574084e-02 2.4845464155e-02 5.1300531460e-01 4.8699449169e-01 1.0000000000e-03
2.0500000000e+02 2.5247421116e-02 2.5571348146e-02 2.4907076731e-02 5.1236274868e-01 4.8763705717e-01 1.0000000000e-03
2.0600000000e+02 2.5193013251e-02 2.5466298684e-02 2.4906663224e-02 5.1168195569e-01 4.8831784972e-01 1.0000000000e-03
2.0700000000e+02 2.5138951838e-02 2.5422854349e-02 2.4842176586e-02 5.1109136610e-01 4.8890843888e-01 1.0000000000e-03
2.0800000000e+02 2.5085072964e-02 2.5425391272e-02 2.4729913101e-02 5.1067554403e-01 4.8932426051e-01 1.0000000000e-03
2.0900000000e+02 2.5031212717e-02 2.5450397283e-02 2.4594120681e-02 5.1046349435e-01 4.8953630976e-01 1.0000000000e-03
2.1000000000e+02 2.4977937341e-02 2.5476235896e-02 2.4458402768e-02 5.1043630011e-01 4.8956350356e-01 1.0000000000e-03
2.1100000000e+02 2.4925891310e-02 2.5488745421e-02 2.4338789284e-02 5.1054659625e-01 4.8945320699e-01 1.0000000000e-03
2.1200000000e+02 2.4875018746e-02 2.5480840355e-02 2.4242615327e-02 5.1073703791e-01 4.8926276488e-01 1.0000000000e-03
2.1300000000e+02 2.4824559689e-02 2.5448661298e-02 2.4172520265e-02 5.1094920715e-01 4.8905059522e-01 1.0000000000e-03
2.1400000000e+02 2.4774093181e-02 2.5389295071e-02 2.4130903184e-02 5.1112486054e-01 4.8887494140e-01 1.0000000000e-03
2.1500000000e+02 2.4723472074e-02 2.5301296264e-02 2.4119159207e-02 5.1120836388e-01 4.8879143762e-01 1.0000000000e-03
2.1600000000e+02 2.4672988802e-02 2.5186482817e-02 2.4136075750e-02 5.1115235147e-01 4.8884744961e-01 1.0000000000e-03
2.1700000000e+02 2.4623122066e-02 2.5052586570e-02 2.4174472317e-02 5.1092900799e-01 4.8907079267e-01 1.0000000000e-03
2.1800000000e+02 2.4573994800e-02 2.4914864451e-02 2.4218449369e-02 5.1054479635e-01 4.8945500389e-01 1.0000000000e-03
2.1900000000e+02 2.4525368586e-02 2.4793777615e-02 2.4245958775e-02 5.1004885227e-01 4.8995094755e-01 1.0000000000e-03
2.2000000000e+02 2.4477144703e-02 2.4709314108e-02 2.4235965684e-02 5.0952750533e-01 4.9047229409e-01 1.0000000000e-03
2.2100000000e+02 2.4428959936e-02 2.4673951790e-02 2.4174908176e-02 5.0908554820e-01 4.9091425080e-01 1.0000000000e-03
2.2200000000e+02 2.4380946532e-02 2.4686137214e-02 2.4064812809e-02 5.0881422637e-01 4.9118557221e-01 1.0000000000e-03
2.2300000000e+02 2.4333558977e-02 2.4728741497e-02 2.3924294859e-02 5.0875951110e-01 4.9124028707e-01 1.0000000000e-03
2.2400000000e+02 2.4287249893e-02 2.4774353951e-02 2.3782491684e-02 5.0890489082e-01 4.9109490695e-01 1.0000000000e-03
2.2500000000e+02 2.4241870269e-02 2.4794640020e-02 2.3668441921e-02 5.0917630459e-01 4.9082349276e-01 1.0000000000e-03
2.2600000000e+02 2.4196956307e-02 2.4769756943e-02 2.3602062836e-02 5.0946566187e-01 4.9053413508e-01 1.0000000000e-03
2.2700000000e+02 2.4151805788e-02 2.4694712833e-02 2.3587508127e-02 5.0966568179e-01 4.9033411475e-01 1.0000000000e-03
2.2800000000e+02 2.4106767029e-02 2.4580113590e-02 2.3614700884e-02 5.0970067624e-01 4.9029911989e-01 1.0000000000e-03
2.2900000000e+02 2.4061936885e-02 2.4447327480e-02 2.3661551997e-02 5.0954726173e-01 4.9045253401e-01 1.0000000000e-03
2.3000000000e+02 2.4017624557e-02 2.4320116267e-02 2.3703761399e-02 5.0923424211e-01 4.9076555323e-01 1.0000000000e-03
2.3100000000e+02 2.3973990232e-02 2.4217605591e-02 2.3721626028e-02 5.0882810764e-01 4.9117168730e-01 1.0000000000e-03
2.3200000000e+02 2.3930892348e-02 2.4149581790e-02 2.3704731837e-02 5.0841008242e-01 4.9158971214e-01 1.0000000000e-03
2.3300000000e+02 2.3888040334e-02 2.4115974084e-02 2.3652654141e-02 5.0805402619e-01 4.9194576798e-01 1.0000000000e-03
2.3400000000e+02 2.3845309392e-02 2.4109775200e-02 2.3572459817e-02 5.0781204648e-01 4.9218774730e-01 1.0000000000e-03
2.3500000000e+02 2.3802995682e-02 2.4120338261e-02 2.3475723341e-02 5.0770800372e-01 4.9229178966e-01 1.0000000000e-03
2.3600000000e+02 2.3761337623e-02 2.4135760963e-02 2.3375153542e-02 5.0773764812e-01 4.9226214488e-01 1.0000000000e-03
2.3700000000e+02 2.3720558733e-02 2.4144228548e-02 2.3283343762e-02 5.0787145096e-01 4.9212834166e-01 1.0000000000e-03
2.3800000000e+02 2.3680290207e-02 2.4135001004e-02 2.3210685700e-02 5.0806042974e-01 4.9193936249e-01 1.0000000000e-03
2.3900000000e+02 2.3640200496e-02 2.4099770933e-02 2.3165231571e-02 5.0824299262e-01 4.9175679923e-01 1.0000000000e-03
2.4000000000e+02 2.3600324988e-02 2.4035017937e-02 2.3150866851e-02 5.0835556347e-01 4.9164422801e-01 1.0000000000e-03
2.4100000000e+02 2.3560529575e-02 2.3944180459e-02 2.3163858801e-02 5.0834822191e-01 4.9165156919e-01 1.0000000000e-03
2.4200000000e+02 2.3521199822e-02 2.3837843910e-02 2.3194007576e-02 5.0819785735e-01 4.9180193338e-01 1.0000000000e-03
2.4300000000e+02 2.3482408375e-02 2.3732073605e-02 2.3224720731e-02 5.0791829457e-01 4.9208149579e-01 1.0000000000e-03
2.4400000000e+02 2.3444162682e-02 2.3644495755e-02 2.3237688467e-02 5.0756031564e-01 4.9243947436e-01 1.0000000000e-03
2.4500000000e+02 2.3406211287e-02 2.3588590324e-02 2.3218512535e-02 5.0719959556e-01 4.9280019407e-01 1.0000000000e-03
2.4600000000e+02 2.3368541151e-02 2.3568857461e-02 2.3162616417e-02 5.0691427986e-01 4.9308550941e-01 1.0000000000e-03
2.4700000000e+02 2.3331081495e-02 2.3579308763e-02 2.3076059297e-02 5.0676216748e-01 4.9323762143e-01 1.0000000000e-03
2.4800000000e+02 2.3294255137e-02 2.3604903370e-02 2.2975102067e-02 5.0676198239e-01 4.9323780616e-01 1.0000000000e-03
2.4900000000e+02 2.3258049041e-02 2.3626413196e-02 2.2879401222e-02 5.0688891148e-01 4.9311087671e-01 1.0000000000e-03
2.5000000000e+02 2.3222494870e-02 2.3626899347e-02 2.2806476802e-02 5.0708344992e-01 4.9291633791e-01 1.0000000000e-03
2.5100000000e+02 2.3187236860e-02 2.3596752435e-02 2.2765645757e-02 5.0727140940e-01 4.9272837808e-01 1.0000000000e-03
2.5200000000e+02 2.3152120411e-02 2.3535551503e-02 2.2757200524e-02 5.0738494090e-01 4.9261484623e-01 1.0000000000e-03
2.5300000000e+02 2.3117171600e-02 2.3451844230e-02 2.2772481665e-02 5.0738128978e-01 4.9261849701e-01 1.0000000000e-03
2.5400000000e+02 2.3082675412e-02 2.3359421641e-02 2.2797791287e-02 5.0725153834e-01 4.9274824810e-01 1.0000000000e-03
2.5500000000e+02 2.3048572242e-02 2.3272665218e-02 2.2818107158e-02 5.0701948533e-01 4.9298030077e-01 1.0000000000e-03
2.5600000000e+02 2.3014973849e-02 2.3203255609e-02 2.2821562365e-02 5.0673218609e-01 4.9326759967e-01 1.0000000000e-03
2.5700000000e+02 2.2981660441e-02 2.3158002645e-02 2.2800721228e-02 5.0644765466e-01 4.9355213076e-01 1.0000000000e-03
2.5800000000e+02 2.2948727012e-02 2.3137744516e-02 2.2754956037e-02 5.0621992545e-01 4.9377985965e-01 1.0000000000e-03
2.5900000000e+02 2.2916054353e-02 2.3138126358e-02 2.2688517347e-02 5.0608847604e-01 4.9391130872e-01 1.0000000000e-03
2.6000000000e+02 2.2883895785e-02 2.3150740191e-02 2.2610502318e-02 5.0606989624e-01 4.9392988820e-01 1.0000000000e-03
2.6100000000e+02 2.2852273658e-02 2.3163761944e-02 2.2533031181e-02 5.0615302137e-01 4.9384676274e-01 1.0000000000e-03
2.6200000000e+02 2.2821143270e-02 2.3164898157e-02 2.2468622774e-02 5.0630060714e-01 4.9369917664e-01 1.0000000000e-03
2.6300000000e+02 2.2790402174e-02 2.3144932464e-02 2.2426601499e-02 5.0645867088e-01 4.9354111258e-01 1.0000000000e-03
2.6400000000e+02 2.2759884596e-02 2.3099545389e-02 2.2411189973e-02 5.0656904873e-01 4.9343073441e-01 1.0000000000e-03
2.6500000000e+02 2.2729646415e-02 2.3031558841e-02 2.2419681773e-02 5.0658524643e-01 4.9341453640e-01 1.0000000000e-03
2.6600000000e+02 2.2699583322e-02 2.2951077670e-02 2.2441485897e-02 5.0648802701e-01 4.9351175551e-01 1.0000000000e-03
2.6700000000e+02 2.2670041770e-02 2.2871652618e-02 2.2463303059e-02 5.0628958260e-01 4.9371019960e-01 1.0000000000e-03
2.6800000000e+02 2.2640913725e-02 2.2806925699e-02 2.2470856085e-02 5.0603173300e-01 4.9396804889e-01 1.0000000000e-03
2.6900000000e+02 2.2612053901e-02 2.2766472772e-02 2.2454034537e-02 5.0577400935e-01 4.9422577224e-01 1.0000000000e-03
2.7000000000e+02 2.2583529353e-02 2.2752188146e-02 2.2411076352e-02 5.0557424024e-01 4.9442554105e-01 1.0000000000e-03
2.7100000000e+02 2.2555297241e-02 2.2758385167e-02 2.2347725928e-02 5.0547201967e-01 4.9452776133e-01 1.0000000000e-03
2.7200000000e+02 2.2527512163e-02 2.2774169222e-02 2.2275401279e-02 5.0547838328e-01 4.9452139742e-01 1.0000000000e-03
2.7300000000e+02 2.2500287741e-02 2.2786112502e-02 2.2208031267e-02 5.0557292978e-01 4.9442685062e-01 1.0000000000e-03
2.7400000000e+02 2.2473452613e-02 2.2782545537e-02 2.2157225758e-02 5.0571135645e-01 4.9428842366e-01 1.0000000000e-03
2.7500000000e+02 2.2446881980e-02 2.2757606581e-02 2.2128820419e-02 5.0584062855e-01 4.9415915127e-01 1.0000000000e-03
2.7600000000e+02 2.2420525551e-02 2.2710943595e-02 2.2123165429e-02 5.0591205774e-01 4.9408772180e-01 1.0000000000e-03
2.7700000000e+02 2.2394381464e-02 2.2648474202e-02 2.2134236991e-02 5.0589498770e-01 4.9410479155e-01 1.0000000000e-03
2.7800000000e+02 2.2368621081e-02 2.2580394521e-02 2.2151900455e-02 5.0578443146e-01 4.9421534751e-01 1.0000000000e-03
2.7900000000e+02 2.2343199700e-02 2.2517282516e-02 2.2165184841e-02 5.0559997685e-01 4.9439980185e-01 1.0000000000e-03
2.8000000000e+02 2.2318147123e-02 2.2468606010e-02 2.2164424881e-02 5.0538072575e-01 4.9461905267e-01 1.0000000000e-03
2.8100000000e+02 2.2293431684e-02 2.2439932451e-02 2.2143878043e-02 5.0517466197e-01 4.9482511618e-01 1.0000000000e-03
2.8200000000e+02 2.2268913686e-02 2.2431433201e-02 2.2103102878e-02 5.0502580885e-01 4.9497396903e-01 1.0000000000e-03
2.8300000000e+02 2.2244682536e-02 2.2438131273e-02 2.2047365084e-02 5.0496242291e-01 4.9503735470e-01 1.0000000000e-03
2.8400000000e+02 2.2220892832e-02 2.2450810298e-02 2.1986350417e-02 5.0498877226e-01 4.9501100509e-01 1.0000000000e-03
2.8500000000e+02 2.2197468206e-02 2.2458374500e-02 2.1931212395e-02 5.0508367392e-01 4.9491610317e-01 1.0000000000e-03
2.8600000000e+02 2.2174408659e-02 2.2451369092e-02 2.1891629323e-02 5.0520644296e-01 4.9479333386e-01 1.0000000000e-03
2.8700000000e+02 2.2151555866e-02 2.2424418479e-02 2.1872844547e-02 5.0530836965e-01 4.9469140692e-01 1.0000000000e-03
2.8800000000e+02 2.2128906101e-02 2.2378455848e-02 2.1873969585e-02 5.0534753099e-01 4.9465224533e-01 1.0000000000e-03
2.8900000000e+02 2.2106476128e-02 2.2320138291e-02 2.1888246760e-02 5.0530123888e-01 4.9469853718e-01 1.0000000000e-03
2.9000000000e+02 2.2084414959e-02 2.2259991616e-02 2.1905176342e-02 5.0517279488e-01 4.9482698093e-01 1.0000000000e-03
2.9100000000e+02 2.2062618285e-02 2.2208804265e-02 2.1913493052e-02 5.0499015475e-01 4.9500962082e-01 1.0000000000e-03
2.9200000000e+02 2.2041095421e-02 2.2174499929e-02 2.1905116737e-02 5.0479669222e-01 4.9520308311e-01 1.0000000000e-03
2.9300000000e+02 2.2019803524e-02 2.2159853950e-02 2.1877141669e-02 5.0463800563e-01 4.9536176945e-01 1.0000000000e-03
2.9400000000e+02 2.1998718381e-02 2.2161656991e-02 2.1832799539e-02 5.0454794235e-01 4.9545183249e-01 1.0000000000e-03
2.9500000000e+02 2.1977994591e-02 2.2172290832e-02 2.1780146286e-02 5.0453923767e-01 4.9546053694e-01 1.0000000000e-03
2.9600000000e+02 2.1957652643e-02 2.2181967273e-02 2.1729180589e-02 5.0460087385e-01 4.9539890053e-01 1.0000000000e-03
2.9700000000e+02 2.1937496960e-02 2.2181509063e-02 2.1688858047e-02 5.0470225988e-01 4.9529751426e-01 1.0000000000e-03
2.9800000000e+02 2.1917574108e-02 2.2165047005e-02 2.1665312350e-02 5.0480210057e-01 4.9519767335e-01 1.0000000000e-03
2.9900000000e+02 2.1897889674e-02 2.2131739184e-02 2.1659459919e-02 5.0486111890e-01 4.9513865478e-01 1.0000000000e-03
3.0000000000e+02 2.1878361702e-02 2.2085404024e-02 2.1667273715e-02 5.0485282944e-01 4.9514694402e-01 1.0000000000e-03
3.0100000000e+02 2.1859025583e-02 2.2033914924e-02 2.1680776030e-02 5.0477144826e-01 4.9522832498e-01 1.0000000000e-03
3.0200000000e+02 2.1839903668e-02 2.1986316890e-02 2.1690761670e-02 5.0463263324e-01 4.9536713978e-01 1.0000000000e-03
3.0300000000e+02 2.1821102127e-02 2.1950557828e-02 2.1689321846e-02 5.0446866717e-01 4.9553110564e-01 1.0000000000e-03
3.0400000000e+02 2.1802494302e-02 2.1931115538e-02 2.1671641618e-02 5.0431933193e-01 4.9568044066e-01 1.0000000000e-03
3.0500000000e+02 2.1784113720e-02 2.1927697584e-02 2.1638095379e-02 5.0421976058e-01 4.9578001180e-01 1.0000000000e-03
3.0600000000e+02 2.1765917540e-02 2.1935269237e-02 2.1593714133e-02 5.0419010361e-01 4.9580966855e-01 1.0000000000e-03
3.0700000000e+02 2.1747834980e-02 2.1945565939e-02 2.1546736360e-02 5.0422958759e-01 4.9577018437e-01 1.0000000000e-03
3.0800000000e+02 2.1730106324e-02 2.1949490532e-02 2.1506909281e-02 5.0431584169e-01 4.9568393006e-01 1.0000000000e-03
3.0900000000e+02 2.1712617949e-02 2.1939976141e-02 2.1481219679e-02 5.0441250916e-01 4.9558726239e-01 1.0000000000e-03
3.1000000000e+02 2.1695263684e-02 2.1914798766e-02 2.1471768618e-02 5.0448180802e-01 4.9551796332e-01 1.0000000000e-03
3.1100000000e+02 2.1678015590e-02 2.1876299754e-02 2.1476143971e-02 5.0449513025e-01 4.9550464089e-01 1.0000000000e-03
3.1200000000e+02 2.1660905331e-02 2.1831130609e-02 2.1487636492e-02 5.0444207823e-01 4.9555769271e-01 1.0000000000e-03
3.1300000000e+02 2.1644115448e-02 2.1788068116e-02 2.1497657523e-02 5.0433331647e-01 4.9566645427e-01 1.0000000000e-03
3.1400000000e+02 2.1627347916e-02 2.1754477173e-02 2.1498078480e-02 5.0419637036e-01 4.9580340019e-01 1.0000000000e-03
3.1500000000e+02 2.1610757336e-02 2.1735353395e-02 2.1484127268e-02 5.0406736160e-01 4.9593240875e-01 1.0000000000e-03
3.1600000000e+02 2.1594423801e-02 2.1730482578e-02 2.1456193179e-02 5.0397817632e-01 4.9602159384e-01 1.0000000000e-03
3.1700000000e+02 2.1578207612e-02 2.1735887975e-02 2.1418027580e-02 5.0394863387e-01 4.9605113611e-01 1.0000000000e-03
3.1800000000e+02 2.1562065929e-02 2.1744752303e-02 2.1376458928e-02 5.0398080312e-01 4.9601896667e-01 1.0000000000e-03
3.1900000000e+02 2.1546259522e-02 2.1748786792e-02 2.1340429783e-02 5.0405656168e-01 4.9594320792e-01 1.0000000000e-03
3.2000000000e+02 2.1530602127e-02 2.1742036566e-02 2.1315641701e-02 5.0414603760e-01 4.9585373182e-01 1.0000000000e-03
3.2100000000e+02 2.1514996886e-02 2.1721655503e-02 2.1304834634e-02 5.0421579914e-01 4.9578397010e-01 1.0000000000e-03
3.2200000000e+02 2.1499477327e-02 2.1689252928e-02 2.1306468174e-02 5.0423935034e-01 4.9576041872e-01 1.0000000000e-03
3.2300000000e+02 2.1484140307e-02 2.1650154144e-02 2.1315323189e-02 5.0420505473e-01 4.9579471415e-01 1.0000000000e-03
3.2400000000e+02 2.1468939260e-02 2.1611908451e-02 2.1323602647e-02 5.0412028037e-01 4.9587948833e-01 1.0000000000e-03
3.2500000000e+02 2.1453764290e-02 2.1581551060e-02 2.1323923022e-02 5.0400846808e-01 4.9599130044e-01 1.0000000000e-03
3.2600000000e+02 2.1438915282e-02 2.1563574672e-02 2.1312303841e-02 5.0390063074e-01 4.9609913760e-01 1.0000000000e-03
3.2700000000e+02 2.1424029022e-02 2.1558735520e-02 2.1287253127e-02 5.0382736784e-01 4.9617240033e-01 1.0000000000e-03
3.2800000000e+02 2.1409217268e-02 2.1563343704e-02 2.1252734587e-02 5.0380734415e-01 4.9619242385e-01 1.0000000000e-03
3.2900000000e+02 2.1394647658e-02 2.1571017802e-02 2.1215554327e-02 5.0384198934e-01 4.9615777848e-01 1.0000000000e-03
3.3000000000e+02 2.1380286664e-02 2.1574420854e-02 2.1183095872e-02 5.0391538818e-01 4.9608437947e-01 1.0000000000e-03
3.3100000000e+02 2.1365903318e-02 2.1567961201e-02 2.1160596982e-02 5.0400052602e-01 4.9599924147e-01 1.0000000000e-03
3.3200000000e+02 2.1351665258e-02 2.1549241617e-02 2.1150860935e-02 5.0406694840e-01 4.9593281892e-01 1.0000000000e-03
3.3300000000e+02 2.1337501705e-02 2.1519912407e-02 2.1152090281e-02 5.0409122939e-01 4.9590853776e-01 1.0000000000e-03
3.3400000000e+02 2.1323399618e-02 2.1485166624e-02 2.1158991382e-02 5.0406453300e-01 4.9593523398e-01 1.0000000000e-03
3.3500000000e+02 2.1309401840e-02 2.1451679990e-02 2.1164840087e-02 5.0399460394e-01 4.9600516289e-01 1.0000000000e-03
3.3600000000e+02 2.1295540035e-02 2.1425656974e-02 2.1163383499e-02 5.0390304366e-01 4.9609672300e-01 1.0000000000e-03
3.3700000000e+02 2.1281704307e-02 2.1410752088e-02 2.1150676534e-02 5.0381825711e-01 4.9618150939e-01 1.0000000000e-03
3.3800000000e+02 2.1268058568e-02 2.1407067776e-02 2.1126952022e-02 5.0376570393e-01 4.9623406241e-01 1.0000000000e-03
3.3900000000e+02 2.1254343912e-02 2.1411126480e-02 2.1095193923e-02 5.0376075178e-01 4.9623901440e-01 1.0000000000e-03
3.4000000000e+02 2.1240858361e-02 2.1417157724e-02 2.1061867476e-02 5.0380285965e-01 4.9619690637e-01 1.0000000000e-03
3.4100000000e+02 2.1227559075e-02 2.1418457851e-02 2.1033687517e-02 5.0387574306e-01 4.9612402280e-01 1.0000000000e-03
3.4200000000e+02 2.1214157343e-02 2.1410863847e-02 2.1014325321e-02 5.0395549541e-01 4.9604427030e-01 1.0000000000e-03
3.4300000000e+02 2.1200906485e-02 2.1392025054e-02 2.1006703377e-02 5.0401433636e-01 4.9598542918e-01 1.0000000000e-03
3.4400000000e+02 2.1187726408e-02 2.1364698187e-02 2.1007888019e-02 5.0403392976e-01 4.9596583563e-01 1.0000000000e-03
3.4500000000e+02 2.1174531430e-02 2.1333299577e-02 2.1013207734e-02 5.0400846850e-01 4.9599129674e-01 1.0000000000e-03
3.4600000000e+02 2.1161556244e-02 2.1304070950e-02 2.1016784012e-02 5.0394702509e-01 4.9605274000e-01 1.0000000000e-03
3.4700000000e+02 2.1148422733e-02 2.1282650530e-02 2.1012108773e-02 5.0387213962e-01 4.9612762532e-01 1.0000000000e-03
3.4800000000e+02 2.1135605872e-02 2.1271253005e-02 2.0997885615e-02 5.0380827897e-01 4.9619148581e-01 1.0000000000e-03
3.4900000000e+02 2.1122651175e-02 2.1269472316e-02 2.0973604172e-02 5.0377763636e-01 4.9622212827e-01 1.0000000000e-03
3.5000000000e+02 2.1109897643e-02 2.1273395047e-02 2.0943913609e-02 5.0379008159e-01 4.9620968290e-01 1.0000000000e-03
3.5100000000e+02 2.1097231656e-02 2.1277263761e-02 2.0914418623e-02 5.0384105753e-01 4.9615870680e-01 1.0000000000e-03
3.5200000000e+02 2.1084565669e-02 2.1275993437e-02 2.0890126005e-02 5.0391449606e-01 4.9608526812e-01 1.0000000000e-03
3.5300000000e+02 2.1072043106e-02 2.1265426651e-02 2.0875563845e-02 5.0398560406e-01 4.9601415998e-01 1.0000000000e-03
3.5400000000e+02 2.1059446037e-02 2.1245729178e-02 2.0870143548e-02 5.0403292726e-01 4.9596683663e-01 1.0000000000e-03
3.5500000000e+02 2.1046943963e-02 2.1219184622e-02 2.0871907473e-02 5.0404215301e-01 4.9595761073e-01 1.0000000000e-03
3.5600000000e+02 2.1034497768e-02 2.1190868691e-02 2.0875608549e-02 5.0401264233e-01 4.9598712126e-01 1.0000000000e-03
3.5700000000e+02 2.1022174507e-02 2.1166363731e-02 2.0875694230e-02 5.0395705508e-01 4.9604270837e-01 1.0000000000e-03
3.5800000000e+02 2.1009836346e-02 2.1149454638e-02 2.0868035033e-02 5.0389622148e-01 4.9610354183e-01 1.0000000000e-03
3.5900000000e+02 2.0997619256e-02 2.1142233163e-02 2.0850768313e-02 5.0385362713e-01 4.9614613603e-01 1.0000000000e-03
3.6000000000e+02 2.0985389128e-02 2.1141935140e-02 2.0826427266e-02 5.0384414017e-01 4.9615562284e-01 1.0000000000e-03
3.6100000000e+02 2.0973199978e-02 2.1145595238e-02 2.0798120648e-02 5.0387392945e-01 4.9612583342e-01 1.0000000000e-03
3.6200000000e+02 2.0961131901e-02 2.1146427840e-02 2.0772907883e-02 5.0393204675e-01 4.9606771598e-01 1.0000000000e-03
3.6300000000e+02 2.0949065685e-02 2.1141821519e-02 2.0753208548e-02 5.0400262367e-01 4.9599713892e-01 1.0000000000e-03
3.6400000000e+02 2.0937070251e-02 2.1127564833e-02 2.0743465051e-02 5.0406101934e-01 4.9593874310e-01 1.0000000000e-03
3.6500000000e+02 2.0925108343e-02 2.1106703207e-02 2.0740529522e-02 5.0409241778e-01 4.9590734453e-01 1.0000000000e-03
3.6600000000e+02 2.0913157612e-02 2.1080689505e-02 2.0742872730e-02 5.0408702335e-01 4.9591273882e-01 1.0000000000e-03
3.6700000000e+02 2.0901247859e-02 2.1056331694e-02 2.0743640140e-02 5.0405234218e-01 4.9594741985e-01 1.0000000000e-03
3.6800000000e+02 2.0889466628e-02 2.1036243066e-02 2.0740332082e-02 5.0400125488e-01 4.9599850700e-01 1.0000000000e-03
3.6900000000e+02 2.0877644420e-02 2.1024858579e-02 2.0728092641e-02 5.0395650052e-01 4.9604326122e-01 1.0000000000e-03
3.7000000000e+02 2.0865861326e-02 2.1020578220e-02 2.0708702505e-02 5.0393452770e-01 4.9606523391e-01 1.0000000000e-03
3.7100000000e+02 2.0854111761e-02 2.1021936089e-02 2.0683627576e-02 5.0394665443e-01 4.9605310704e-01 1.0000000000e-03
3.7200000000e+02 2.0842507482e-02 2.1023232490e-02 2.0658886060e-02 5.0398903052e-01 4.9601073081e-01 1.0000000000e-03
3.7300000000e+02 2.0830824971e-02 2.1021004766e-02 2.0637547597e-02 5.0405035359e-01 4.9594940760e-01 1.0000000000e-03
3.7400000000e+02 2.0819280297e-02 2.1011484787e-02 2.0623899996e-02 5.0411075730e-01 4.9588900375e-01 1.0000000000e-03
3.7500000000e+02 2.0807698369e-02 2.0994555205e-02 2.0617723465e-02 5.0415245857e-01 4.9584730235e-01 1.0000000000e-03
3.7600000000e+02 2.0796196535e-02 2.0972156897e-02 2.0617293194e-02 5.0416382765e-01 4.9583593313e-01 1.0000000000e-03
3.7700000000e+02 2.0784689113e-02 2.0948283374e-02 2.0618369803e-02 5.0414428162e-01 4.9585547903e-01 1.0000000000e-03
3.7800000000e+02 2.0773254335e-02 2.0927822217e-02 2.0616138354e-02 5.0410496669e-01 4.9589479382e-01 1.0000000000e-03
3.7900000000e+02 2.0761821419e-02 2.0913287997e-02 2.0607884973e-02 5.0406222571e-01 4.9593753467e-01 1.0000000000e-03
3.8000000000e+02 2.0750455558e-02 2.0906582475e-02 2.0591797307e-02 5.0403526504e-01 4.9596449520e-01 1.0000000000e-03
3.8100000000e+02 2.0739059895e-02 2.0904919133e-02 2.0570510998e-02 5.0403486643e-01 4.9596489368e-01 1.0000000000e-03
3.8200000000e+02 2.0727753639e-02 2.0906165242e-02 2.0546425134e-02 5.0406528514e-01 4.9593447483e-01 1.0000000000e-03
3.8300000000e+02 2.0716451108e-02 2.0904047415e-02 2.0525749773e-02 5.0411529706e-01 4.9588446278e-01 1.0000000000e-03
3.8400000000e+02 2.0705249161e-02 2.0897684619e-02 2.0509583876e-02 5.0417239359e-01 4.9582736611e-01 1.0000000000e-03
3.8500000000e+02 2.0694019273e-02 2.0882695913e-02 2.0502142608e-02 5.0421491586e-01 4.9578484371e-01 1.0000000000e-03
3.8600000000e+02 2.0682767034e-02 2.0864531398e-02 2.0497906953e-02 5.0423659732e-01 4.9576316211e-01 1.0000000000e-03
3.8700000000e+02 2.0671680570e-02 2.0840546116e-02 2.0499950275e-02 5.0422486510e-01 4.9577489420e-01 1.0000000000e-03
3.8800000000e+02 2.0660519600e-02 2.0822677761e-02 2.0495625213e-02 5.0419813840e-01 4.9580162077e-01 1.0000000000e-03
3.8900000000e+02 2.0649470389e-02 2.0803632215e-02 2.0492738113e-02 5.0415473055e-01 4.9584502849e-01 1.0000000000e-03
3.9000000000e+02 2.0638402551e-02 2.0799811929e-02 2.0474310964e-02 5.0413356132e-01 4.9586619759e-01 1.0000000000e-03
3.9100000000e+02 2.0627476275e-02 2.0789345726e-02 2.0462932065e-02 5.0411582404e-01 4.9588393473e-01 1.0000000000e-03
3.9200000000e+02 2.0616713911e-02 2.0799528807e-02 2.0430848002e-02 5.0415132792e-01 4.9584843072e-01 1.0000000000e-03
3.9300000000e+02 2.0606391132e-02 2.0783038810e-02 2.0426783711e-02 5.0416842826e-01 4.9583133025e-01 1.0000000000e-03
3.9400000000e+02 2.0596738905e-02 2.0800927654e-02 2.0389057696e-02 5.0425153688e-01 4.9574822150e-01 1.0000000000e-03
3.9500000000e+02 2.0588839427e-02 2.0756985992e-02 2.0417826250e-02 5.0423822437e-01 4.9576153389e-01 1.0000000000e-03
3.9600000000e+02 2.0584853366e-02 2.0795982331e-02 2.0370045677e-02 5.0433172965e-01 4.9566802849e-01 1.0000000000e-03
3.9700000000e+02 2.0590327680e-02 2.0709766075e-02 2.0468877628e-02 5.0419103644e-01 4.9580872160e-01 1.0000000000e-03
3.9800000000e+02 2.0618496463e-02 2.0837444812e-02 2.0395753905e-02 5.0430752161e-01 4.9569223638e-01 1.0000000000e-03
3.9900000000e+02 2.0699866116e-02 2.0707737654e-02 2.0691882819e-02 5.0389590589e-01 4.9610385214e-01 1.0000000000e-03
4.0000000000e+02 2.0903110504e-02 2.1133875474e-02 2.0668573678e-02 5.0406285170e-01 4.9593690661e-01 1.0000000000e-03
4.0100000000e+02 2.1360673010e-02 2.1047031507e-02 2.1678008139e-02 5.0291813950e-01 4.9708161958e-01 1.0000000000e-03
4.0200000000e+02 2.2223290056e-02 2.2301772609e-02 2.2143932059e-02 5.0280387984e-01 4.9719588082e-01 1.0000000000e-03
4.0300000000e+02 2.3410946131e-02 2.2274017334e-02 2.4548316374e-02 5.0009483402e-01 4.9990492922e-01 1.0000000000e-03
4.0400000000e+02 2.4022933096e-02 2.3791801184e-02 2.4253712967e-02 4.9960463801e-01 5.0039512809e-01 1.0000000000e-03
4.0500000000e+02 2.3011993617e-02 2.1995583549e-02 2.4018086493e-02 4.9744644416e-01 5.0255332360e-01 1.0000000000e-03
4.0600000000e+02 2.1070538089e-02 2.1532427520e-02 2.0610878244e-02 4.9879513953e-01 5.0120462772e-01 1.0000000000e-03
4.0700000000e+02 2.0529948175e-02 2.1042721346e-02 2.0016849041e-02 5.0016486180e-01 4.9983490437e-01 1.0000000000e-03
4.0800000000e+02 2.1644409746e-02 2.1408032626e-02 2.1880419925e-02 4.9960273682e-01 5.0039702964e-01 1.0000000000e-03
4.0900000000e+02 2.2270914167e-02 2.2591434419e-02 2.1949939430e-02 5.0036256311e-01 4.9963720425e-01 1.0000000000e-03
4.1000000000e+02 2.1323405206e-02 2.1236175671e-02 2.1410688758e-02 5.0012169264e-01 4.9987807453e-01 1.0000000000e-03
4.1100000000e+02 2.0431967452e-02 2.0897082984e-02 1.9964527339e-02 5.0125062552e-01 4.9874914047e-01 1.0000000000e-03
4.1200000000e+02 2.0940136164e-02 2.1373597905e-02 2.0502915606e-02 5.0216513386e-01 4.9783463165e-01 1.0000000000e-03
4.1300000000e+02 2.1549794823e-02 2.1187175065e-02 2.1914033219e-02 5.0110540979e-01 4.9889435597e-01 1.0000000000e-03
4.1400000000e+02 2.1009802818e-02 2.1339813247e-02 2.0677439868e-02 5.0178307267e-01 4.9821669271e-01 1.0000000000e-03
4.1500000000e+02 2.0395644009e-02 2.0658666268e-02 2.0130248740e-02 5.0225249947e-01 4.9774726485e-01 1.0000000000e-03
4.1600000000e+02 2.0745508373e-02 2.0775148645e-02 2.0715627819e-02 5.0209896524e-01 4.9790079855e-01 1.0000000000e-03
4.1700000000e+02 2.1112550050e-02 2.1515820175e-02 2.0704664290e-02 5.0284967552e-01 4.9715008821e-01 1.0000000000e-03
4.1800000000e+02 2.0699240267e-02 2.0864712074e-02 2.0531801507e-02 5.0296679556e-01 4.9703296764e-01 1.0000000000e-03
4.1900000000e+02 2.0357146859e-02 2.0811986178e-02 1.9895358011e-02 5.0379597911e-01 4.9620378320e-01 1.0000000000e-03
4.2000000000e+02 2.0657375455e-02 2.1167306229e-02 2.0137853920e-02 5.0466252339e-01 4.9533723848e-01 1.0000000000e-03
4.2100000000e+02 2.0817255601e-02 2.0847007632e-02 2.0787000656e-02 5.0426832388e-01 4.9573143778e-01 1.0000000000e-03
4.2200000000e+02 2.0478229970e-02 2.0872538909e-02 2.0076261833e-02 5.0481376280e-01 4.9518599827e-01 1.0000000000e-03
4.2300000000e+02 2.0340539515e-02 2.0636357367e-02 2.0038671792e-02 5.0506708228e-01 4.9493267810e-01 1.0000000000e-03
4.2400000000e+02 2.0579477772e-02 2.0557563752e-02 2.0601797849e-02 5.0450662676e-01 4.9549313329e-01 1.0000000000e-03
4.2500000000e+02 2.0594093949e-02 2.0880855620e-02 2.0301831886e-02 5.0475894588e-01 4.9524081388e-01 1.0000000000e-03
4.2600000000e+02 2.0345926285e-02 2.0492665470e-02 2.0196445286e-02 5.0464704316e-01 4.9535271605e-01 1.0000000000e-03
4.2700000000e+02 2.0328857005e-02 2.0511714742e-02 2.0142588764e-02 5.0463630787e-01 4.9536345082e-01 1.0000000000e-03
4.2800000000e+02 2.0488878712e-02 2.0846284926e-02 2.0124182105e-02 5.0505391263e-01 4.9494584578e-01 1.0000000000e-03
4.2900000000e+02 2.0434305072e-02 2.0582847297e-02 2.0282825455e-02 5.0491559201e-01 4.9508416610e-01 1.0000000000e-03
4.3000000000e+02 2.0273853093e-02 2.0627718419e-02 1.9912404940e-02 5.0530624929e-01 4.9469350833e-01 1.0000000000e-03
4.3100000000e+02 2.0307542756e-02 2.0669030026e-02 1.9937764853e-02 5.0567603400e-01 4.9432372323e-01 1.0000000000e-03
4.3200000000e+02 2.0397786051e-02 2.0502334461e-02 2.0290981978e-02 5.0536747111e-01 4.9463228589e-01 1.0000000000e-03
4.3300000000e+02 2.0323920995e-02 2.0606786013e-02 2.0034736022e-02 5.0553448683e-01 4.9446526986e-01 1.0000000000e-03
4.3400000000e+02 2.0229550079e-02 2.0390436053e-02 2.0065173507e-02 5.0538302500e-01 4.9461673130e-01 1.0000000000e-03
4.3500000000e+02 2.0272467285e-02 2.0325686783e-02 2.0218186080e-02 5.0497728344e-01 4.9502247257e-01 1.0000000000e-03
4.3600000000e+02 2.0315606147e-02 2.0517630503e-02 2.0109523088e-02 5.0498180209e-01 4.9501795371e-01 1.0000000000e-03
4.3700000000e+02 2.0248755813e-02 2.0338697359e-02 2.0157111809e-02 5.0470781237e-01 4.9529194315e-01 1.0000000000e-03
4.3800000000e+02 2.0194629207e-02 2.0399317145e-02 1.9986024126e-02 5.0474870555e-01 4.9525104966e-01 1.0000000000e-03
4.3900000000e+02 2.0229345188e-02 2.0526319742e-02 1.9926361740e-02 5.0501537774e-01 4.9498437722e-01 1.0000000000e-03
4.4000000000e+02 2.0247064531e-02 2.0417915657e-02 2.0072814077e-02 5.0493997639e-01 4.9505977838e-01 1.0000000000e-03
4.4100000000e+02 2.0195215940e-02 2.0505642518e-02 1.9878247753e-02 5.0522275460e-01 4.9477699994e-01 1.0000000000e-03
4.4200000000e+02 2.0161893219e-02 2.0413203165e-02 1.9905176014e-02 5.0533048589e-01 4.9466926838e-01 1.0000000000e-03
4.4300000000e+02 2.0184341818e-02 2.0327100530e-02 2.0038621500e-02 5.0515475652e-01 4.9484499756e-01 1.0000000000e-03
4.4400000000e+02 2.0190414041e-02 2.0409923047e-02 1.9966308028e-02 5.0518862004e-01 4.9481113386e-01 1.0000000000e-03
4.4500000000e+02 2.0152144134e-02 2.0251180977e-02 2.0051149651e-02 5.0491790904e-01 4.9508184466e-01 1.0000000000e-03
4.4600000000e+02 2.0128104836e-02 2.0252546296e-02 2.0001290366e-02 5.0473819505e-01 4.9526155843e-01 1.0000000000e-03
4.4700000000e+02 2.0140413195e-02 2.0319098607e-02 1.9958339632e-02 5.0471220553e-01 4.9528754778e-01 1.0000000000e-03
4.4800000000e+02 2.0142061636e-02 2.0250562578e-02 2.0031595603e-02 5.0451276401e-01 4.9548698915e-01 1.0000000000e-03
4.4900000000e+02 2.0114611834e-02 2.0345659927e-02 1.9879246131e-02 5.0464123250e-01 4.9535852047e-01 1.0000000000e-03
4.5000000000e+02 2.0094525069e-02 2.0329561085e-02 1.9854974002e-02 5.0476760627e-01 4.9523214652e-01 1.0000000000e-03
4.5100000000e+02 2.0098743960e-02 2.0308226347e-02 1.9885197282e-02 5.0481707472e-01 4.9518267792e-01 1.0000000000e-03
4.5200000000e+02 2.0099340007e-02 2.0376514643e-02 1.9816542044e-02 5.0503195828e-01 4.9496779421e-01 1.0000000000e-03
4.5300000000e+02 2.0079892129e-02 2.0257957280e-02 1.9898254424e-02 5.0497662936e-01 4.9502312298e-01 1.0000000000e-03
4.5400000000e+02 2.0061567426e-02 2.0238904282e-02 1.9880712032e-02 5.0492535923e-01 4.9507439295e-01 1.0000000000e-03
4.5500000000e+02 2.0059632137e-02 2.0222915336e-02 1.9893163815e-02 5.0484380744e-01 4.9515594460e-01 1.0000000000e-03
4.5600000000e+02 2.0059088245e-02 2.0142158493e-02 1.9974496216e-02 5.0456838260e-01 4.9543136931e-01 1.0000000000e-03
4.5700000000e+02 2.0045943558e-02 2.0194672048e-02 1.9894532859e-02 5.0448587094e-01 4.9551388083e-01 1.0000000000e-03
4.5800000000e+02 2.0029440522e-02 2.0167548209e-02 1.9888900220e-02 5.0438509041e-01 4.9561466122e-01 1.0000000000e-03
4.5900000000e+02 2.0022714511e-02 2.0186170936e-02 1.9856393337e-02 5.0435835260e-01 4.9564139889e-01 1.0000000000e-03
4.6000000000e+02 2.0020743832e-02 2.0251937211e-02 1.9785353914e-02 5.0450519060e-01 4.9549456077e-01 1.0000000000e-03
4.6100000000e+02 2.0012166351e-02 2.0207503811e-02 1.9813252613e-02 5.0454721733e-01 4.9545253392e-01 1.0000000000e-03
4.6200000000e+02 1.9998308271e-02 2.0235726610e-02 1.9756400958e-02 5.0469175795e-01 4.9530799316e-01 1.0000000000e-03
4.6300000000e+02 1.9988514483e-02 2.0200777799e-02 1.9772185013e-02 5.0475867286e-01 4.9524107812e-01 1.0000000000e-03
4.6400000000e+02 1.9983990118e-02 2.0143525675e-02 1.9821446389e-02 5.0468574494e-01 4.9531400593e-01 1.0000000000e-03
4.6500000000e+02 1.9977854565e-02 2.0149815828e-02 1.9802672789e-02 5.0465160265e-01 4.9534814810e-01 1.0000000000e-03
4.6600000000e+02 1.9966946915e-02 2.0081503317e-02 1.9850330427e-02 5.0447588918e-01 4.9552386145e-01 1.0000000000e-03
4.6700000000e+02 1.9955970347e-02 2.0086281002e-02 1.9823379815e-02 5.0435765801e-01 4.9564209250e-01 1.0000000000e-03
4.6800000000e+02 1.9948823377e-02 2.0098039880e-02 1.9797028974e-02 5.0429913286e-01 4.9570061754e-01 1.0000000000e-03
4.6900000000e+02 1.9943078980e-02 2.0091559738e-02 1.9792065024e-02 5.0424466769e-01 4.9575508259e-01 1.0000000000e-03
4.7000000000e+02 1.9934996963e-02 2.0147752017e-02 1.9718512893e-02 5.0435853705e-01 4.9564121312e-01 1.0000000000e-03
4.7100000000e+02 1.9924825057e-02 2.0133661106e-02 1.9712248817e-02 5.0445147311e-01 4.9554827695e-01 1.0000000000e-03
4.7200000000e+02 1.9915793091e-02 2.0140999928e-02 1.9686436281e-02 5.0457697957e-01 4.9542277037e-01 1.0000000000e-03
4.7300000000e+02 1.9908986986e-02 2.0134706050e-02 1.9679002464e-02 5.0469156374e-01 4.9530818610e-01 1.0000000000e-03
4.7400000000e+02 1.9902203232e-02 2.0078895614e-02 1.9722189754e-02 5.0467050541e-01 4.9532924432e-01 1.0000000000e-03
4.7500000000e+02 1.9893642515e-02 2.0069427788e-02 1.9714567810e-02 5.0464942552e-01 4.9535032410e-01 1.0000000000e-03
4.7600000000e+02 1.9884336740e-02 2.0021954551e-02 1.9744209945e-02 5.0453369258e-01 4.9546605693e-01 1.0000000000e-03
4.7700000000e+02 1.9876008853e-02 2.0011700690e-02 1.9737904891e-02 5.0442471130e-01 4.9557503810e-01 1.0000000000e-03
4.7800000000e+02 1.9868824631e-02 2.0024318248e-02 1.9710591063e-02 5.0437700275e-01 4.9562274654e-01 1.0000000000e-03
4.7900000000e+02 1.9861478359e-02 2.0019173622e-02 1.9701031968e-02 5.0433976814e-01 4.9565998104e-01 1.0000000000e-03
4.8000000000e+02 1.9853258505e-02 2.0057948306e-02 1.9644921646e-02 5.0442592571e-01 4.9557382337e-01 1.0000000000e-03
4.8100000000e+02 1.9844587892e-02 2.0055232570e-02 1.9630113617e-02 5.0451893241e-01 4.9548081657e-01 1.0000000000e-03
4.8200000000e+02 1.9836522639e-02 2.0058019087e-02 1.9610892981e-02 5.0463059885e-01 4.9536915001e-01 1.0000000000e-03
4.8300000000e+02 1.9829139113e-02 2.0051073283e-02 1.9602973014e-02 5.0473253825e-01 4.9526721051e-01 1.0000000000e-03
4.8400000000e+02 1.9821658731e-02 2.0008573309e-02 1.9631179050e-02 5.0473530174e-01 4.9526444692e-01 1.0000000000e-03
4.8500000000e+02 1.9813701510e-02 1.9992634654e-02 1.9631369039e-02 5.0471762596e-01 4.9528212260e-01 1.0000000000e-03
4.8600000000e+02 1.9805371761e-02 1.9951261580e-02 1.9656769931e-02 5.0461760813e-01 4.9538214032e-01 1.0000000000e-03
4.8700000000e+02 1.9797256216e-02 1.9940374419e-02 1.9651535898e-02 5.0452060422e-01 4.9547914413e-01 1.0000000000e-03
4.8800000000e+02 1.9789565355e-02 1.9942149520e-02 1.9634244964e-02 5.0445753133e-01 4.9554221692e-01 1.0000000000e-03
4.8900000000e+02 1.9782057032e-02 1.9942814484e-02 1.9618442282e-02 5.0442172740e-01 4.9557802074e-01 1.0000000000e-03
4.9000000000e+02 1.9774368033e-02 1.9971743226e-02 1.9573431462e-02 5.0448315803e-01 4.9551659001e-01 1.0000000000e-03
4.9100000000e+02 1.9766366109e-02 1.9971104339e-02 1.9557870924e-02 5.0455752629e-01 4.9544222165e-01 1.0000000000e-03
4.9200000000e+02 1.9758408889e-02 1.9977854565e-02 1.9534843042e-02 5.0466235474e-01 4.9533739310e-01 1.0000000000e-03
4.9300000000e+02 1.9750677049e-02 1.9961990416e-02 1.9535331056e-02 5.0473621824e-01 4.9526352950e-01 1.0000000000e-03
4.9400000000e+02 1.9743032753e-02 1.9931763411e-02 1.9550694153e-02 5.0474516410e-01 4.9525458354e-01 1.0000000000e-03
4.9500000000e+02 1.9735410810e-02 1.9910870120e-02 1.9556619227e-02 5.0471942313e-01 4.9528032440e-01 1.0000000000e-03
4.9600000000e+02 1.9727686420e-02 1.9875058904e-02 1.9577572122e-02 5.0462448572e-01 4.9537526171e-01 1.0000000000e-03
4.9700000000e+02 1.9719831645e-02 1.9869429991e-02 1.9567495212e-02 5.0454483157e-01 4.9545491576e-01 1.0000000000e-03
4.9800000000e+02 1.9711980596e-02 1.9862601534e-02 1.9558649510e-02 5.0447585362e-01 4.9552389361e-01 1.0000000000e-03
4.9900000000e+02 1.9704241306e-02 1.9872231409e-02 1.9533237442e-02 5.0445839114e-01 4.9554135599e-01 1.0000000000e-03
5.0000000000e+02 1.9696664065e-02 1.9888354465e-02 1.9501499832e-02 5.0450359794e-01 4.9549614909e-01 1.0000000000e-03
