# time_s Ids_true_A Ids_pred_A Ids_physics_A T_mean_K
4.1919975047e-08 1.0281250000e+01 1.3072143555e+01 3.1307546616e+01 3.3006433105e+02
5.1520146371e-08 2.6468750000e+01 2.7821014404e+01 5.0721500397e+01 3.3075155640e+02
6.1119862949e-08 4.6812500000e+01 5.9219390869e+01 7.1105651855e+01 3.3165451050e+02
7.0720034273e-08 6.3468750000e+01 8.2350845337e+01 8.9936271667e+01 3.3273980713e+02
8.0319750850e-08 8.4812500000e+01 1.0058296204e+02 1.0778856659e+02 3.3398043823e+02
8.9919922175e-08 1.0834375000e+02 1.1834509277e+02 1.2759353638e+02 3.3539117432e+02
9.9520093499e-08 1.2962500000e+02 1.3805671692e+02 1.4967149353e+02 3.3700765991e+02
1.0911981008e-07 1.5121875000e+02 1.5738005066e+02 1.6931904602e+02 3.3881280518e+02
1.1871998140e-07 1.7806250000e+02 1.7225759888e+02 1.8068121338e+02 3.4071798706e+02
1.2832015273e-07 1.9500000000e+02 2.0085964966e+02 2.0397164917e+02 3.4287545776e+02
1.3791986930e-07 2.1609375000e+02 2.3036058044e+02 2.2524052429e+02 3.4526330566e+02
1.4752004063e-07 2.3131250000e+02 2.5266674805e+02 2.4009516907e+02 3.4779309082e+02
1.5711975720e-07 2.5487500000e+02 2.7863562012e+02 2.5559117126e+02 3.5047967529e+02
1.6671992853e-07 2.6584375000e+02 2.8900366211e+02 2.6308206177e+02 3.5317807007e+02
1.7632009985e-07 2.7850000000e+02 2.9223693848e+02 2.7266375732e+02 3.5588806152e+02
1.8591981643e-07 2.9393750000e+02 3.0278439331e+02 2.8393386841e+02 3.5865185547e+02
1.9551998776e-07 3.1093750000e+02 3.0814538574e+02 2.9795553589e+02 3.6147879028e+02
2.0512015908e-07 3.1878125000e+02 3.0143338013e+02 3.0211032104e+02 3.6423339844e+02
2.1471987566e-07 3.2896875000e+02 3.1278494263e+02 3.1836141968e+02 3.6709780884e+02
2.2432004698e-07 3.3921875000e+02 3.1325460815e+02 3.2881863403e+02 3.6997473145e+02
2.3391976356e-07 3.5115625000e+02 3.3179339600e+02 3.4427618408e+02 3.7299340820e+02
2.4351993488e-07 3.6068750000e+02 3.4737298584e+02 3.5758334351e+02 3.7611758423e+02
2.5312010621e-07 3.6790625000e+02 3.5953927612e+02 3.6435119629e+02 3.7926803589e+02
2.6271982279e-07 3.7781250000e+02 3.7919018555e+02 3.6826446533e+02 3.8242318726e+02
2.7231999411e-07 3.8943750000e+02 4.1003085327e+02 3.8609252930e+02 3.8574612427e+02
2.8191971069e-07 3.9981250000e+02 4.2894583130e+02 3.9421917725e+02 3.8910256958e+02
2.9151988201e-07 4.0250000000e+02 4.3871197510e+02 3.9666250610e+02 3.9241534424e+02
3.0112005334e-07 4.1271875000e+02 4.4667114258e+02 4.1347586060e+02 3.9585247803e+02
3.1071976991e-07 4.1609375000e+02 4.3493768311e+02 4.0954153442e+02 3.9914727783e+02
3.2031994124e-07 4.2334375000e+02 4.2278182983e+02 4.2649319458e+02 4.0254180908e+02
3.2992011256e-07 4.3065625000e+02 4.1217578125e+02 4.2810650635e+02 4.0586322021e+02
3.3951982914e-07 4.3634375000e+02 4.0273687744e+02 4.3152551270e+02 4.0913656616e+02
3.4912000046e-07 4.4215625000e+02 4.0764947510e+02 4.3811978149e+02 4.1242630005e+02
3.5871971704e-07 4.4309375000e+02 4.2140515137e+02 4.4566146851e+02 4.1575906372e+02
3.6831988837e-07 4.5128125000e+02 4.2649398804e+02 4.5295611572e+02 4.1911718750e+02
3.7792005969e-07 4.5462500000e+02 4.3860491943e+02 4.5157177734e+02 4.2241754150e+02
3.8751977627e-07 4.6406250000e+02 4.6298873901e+02 4.7321047974e+02 4.2593472290e+02
3.9711994759e-07 4.6903125000e+02 4.8004064941e+02 4.7147729492e+02 4.2939297485e+02
4.0672011892e-07 4.7034375000e+02 4.9359130859e+02 4.7712625122e+02 4.3287326050e+02
4.1631983549e-07 4.7790625000e+02 5.1039672852e+02 4.7372418213e+02 4.3627822876e+02
4.2592000682e-07 4.8162500000e+02 5.1064407349e+02 4.9143585205e+02 4.3982992554e+02
4.3551972340e-07 4.8462500000e+02 4.9453540039e+02 4.9682067871e+02 4.4335830688e+02
4.4511989472e-07 4.8718750000e+02 4.9420794678e+02 4.8802883911e+02 4.4673110962e+02
4.5472006605e-07 4.8896875000e+02 4.9471649170e+02 5.0077609253e+02 4.5019668579e+02
4.6431978262e-07 4.9725000000e+02 4.7946899414e+02 5.0386322021e+02 4.5362115479e+02
4.7391995395e-07 4.9584375000e+02 4.8702258301e+02 5.0251104736e+02 4.5699307251e+02
4.8352012527e-07 4.9928125000e+02 4.8048037720e+02 5.1509948730e+02 4.6044619751e+02
4.9311984185e-07 5.0212500000e+02 4.8248348999e+02 5.1523431396e+02 4.6385604858e+02
5.0272001317e-07 5.0540625000e+02 4.9507446289e+02 5.0441357422e+02 4.6712118530e+02
5.1231972975e-07 5.0284375000e+02 5.1262506104e+02 5.1462036133e+02 4.7048571777e+02
5.2191990108e-07 5.0740625000e+02 5.0787139893e+02 5.2299261475e+02 4.7389257812e+02
5.3152007240e-07 5.1187500000e+02 5.3528808594e+02 5.2483532715e+02 4.7732907104e+02
5.4111978898e-07 5.1600000000e+02 5.3496997070e+02 5.3633007812e+02 4.8085202026e+02
5.5071996030e-07 5.1900000000e+02 5.1088580322e+02 5.1803173828e+02 4.8408062744e+02
5.6032013163e-07 5.2021875000e+02 5.2663378906e+02 5.2426220703e+02 4.8737084961e+02
5.6991984820e-07 5.1821875000e+02 5.2090557861e+02 5.3696240234e+02 4.9075396729e+02
5.7952001953e-07 5.2321875000e+02 5.2661871338e+02 5.2315490723e+02 4.9395791626e+02
5.8911973611e-07 5.2228125000e+02 5.1867681885e+02 5.3664178467e+02 4.9726202393e+02
5.9871990743e-07 5.2284375000e+02 5.1710675049e+02 5.2271154785e+02 5.0037615967e+02
6.0832007875e-07 5.2490625000e+02 5.3081433105e+02 5.2994055176e+02 5.0356771851e+02
6.1791979533e-07 5.2715625000e+02 5.2722100830e+02 5.3756530762e+02 5.0680462646e+02
6.2751996666e-07 5.3012500000e+02 5.2806994629e+02 5.3447747803e+02 5.0997833252e+02
6.3712013798e-07 5.2903125000e+02 5.2997473145e+02 5.2937054443e+02 5.1307098389e+02
6.4671985456e-07 5.3218750000e+02 5.3231616211e+02 5.2872796631e+02 5.1613531494e+02
6.5632002588e-07 5.3321875000e+02 5.3146972656e+02 5.3405212402e+02 5.1923083496e+02
6.6591974246e-07 5.2928125000e+02 5.3599108887e+02 5.3382202148e+02 5.2231097412e+02
6.7551991378e-07 5.3312500000e+02 5.3628057861e+02 5.2935540771e+02 5.2531762695e+02
6.8512008511e-07 5.3153125000e+02 5.2837109375e+02 5.2885070801e+02 5.2827380371e+02
6.9471980169e-07 5.3440625000e+02 5.3028216553e+02 5.3954913330e+02 5.3133074951e+02
7.0431997301e-07 5.3496875000e+02 5.3558117676e+02 5.2690893555e+02 5.3424145508e+02
7.1391968959e-07 5.3396875000e+02 5.3388348389e+02 5.3988275146e+02 5.3727154541e+02
7.2351986091e-07 5.3253125000e+02 5.2239050293e+02 5.2209973145e+02 5.4005169678e+02
7.3312003224e-07 5.3321875000e+02 5.3225775146e+02 5.3865167236e+02 5.4302441406e+02
7.4271974881e-07 5.3565625000e+02 5.2685949707e+02 5.3490631104e+02 5.4591693115e+02
7.5231992014e-07 5.3578125000e+02 5.2843066406e+02 5.3140454102e+02 5.4875762939e+02
7.6192009146e-07 5.3337500000e+02 5.3354650879e+02 5.3471795654e+02 5.5164178467e+02
7.7151980804e-07 5.3553125000e+02 5.3463677979e+02 5.2425775146e+02 5.5439746094e+02
7.8111997937e-07 5.3671875000e+02 5.3101269531e+02 5.2322821045e+02 5.5710925293e+02
7.9071969594e-07 5.3496875000e+02 5.3249890137e+02 5.3350573730e+02 5.5994201660e+02
8.0031986727e-07 5.3637500000e+02 5.2792053223e+02 5.2892889404e+02 5.6267620850e+02
8.0992003859e-07 5.3375000000e+02 5.2735528564e+02 5.2781011963e+02 5.6538262939e+02
8.1951975517e-07 5.3537500000e+02 5.2964111328e+02 5.3030346680e+02 5.6812634277e+02
8.2911992649e-07 5.3125000000e+02 5.2935681152e+02 5.1786480713e+02 5.7070947266e+02
8.3872009782e-07 5.3231250000e+02 5.2815332031e+02 5.1988958740e+02 5.7330114746e+02
8.4831981439e-07 5.3103125000e+02 5.2699139404e+02 5.2311883545e+02 5.7591656494e+02
8.5791998572e-07 5.3084375000e+02 5.2230419922e+02 5.1826098633e+02 5.7844024658e+02
8.6751970230e-07 5.3028125000e+02 5.2565856934e+02 5.1523175049e+02 5.8094158936e+02
8.7711987362e-07 5.3125000000e+02 5.2317218018e+02 5.2411517334e+02 5.8352404785e+02
8.8672004495e-07 5.2887500000e+02 5.2247528076e+02 5.2561163330e+02 5.8611920166e+02
8.9631976152e-07 5.2956250000e+02 5.1909497070e+02 5.1813452148e+02 5.8859234619e+02
9.0591993285e-07 5.2900000000e+02 5.1775543213e+02 5.1892761230e+02 5.9106091309e+02
9.1552010417e-07 5.2806250000e+02 5.1897216797e+02 5.1807318115e+02 5.9352270508e+02
9.2511982075e-07 5.2696875000e+02 5.1739892578e+02 5.2411938477e+02 5.9604156494e+02
9.3471999207e-07 5.2975000000e+02 5.1759729004e+02 5.1678277588e+02 5.9847357178e+02
9.4431970865e-07 5.2765625000e+02 5.1808404541e+02 5.0936831665e+02 6.0082531738e+02
9.5391987998e-07 5.2406250000e+02 5.1598937988e+02 5.1431201172e+02 6.0321972656e+02
9.6352005130e-07 5.2446875000e+02 5.1375408936e+02 5.1793725586e+02 6.0563171387e+02
9.7311976788e-07 5.2234375000e+02 5.1375109863e+02 5.1282879639e+02 6.0798907471e+02
9.8271993920e-07 5.2243750000e+02 5.1439782715e+02 5.0258511353e+02 6.1023583984e+02
9.9232011053e-07 5.1981250000e+02 5.1099346924e+02 5.1403063965e+02 6.1259027100e+02
1.0019198271e-06 5.2096875000e+02 5.1262121582e+02 4.9838265991e+02 6.1476879883e+02
1.0115199984e-06 5.1818750000e+02 5.0920788574e+02 5.0782546997e+02 6.1702691650e+02
1.0211201698e-06 5.1684375000e+02 5.1029785156e+02 4.9690203857e+02 6.1918457031e+02
1.0307198863e-06 5.1825000000e+02 5.0600378418e+02 5.0725274658e+02 6.2141107178e+02
1.0403200577e-06 5.1753125000e+02 5.0427502441e+02 5.1543646240e+02 6.2373217773e+02
1.0499197742e-06 5.1462500000e+02 5.0700939941e+02 4.9416381836e+02 6.2583453369e+02
1.0595199456e-06 5.1278125000e+02 5.0481707764e+02 4.9886282349e+02 6.2797778320e+02
1.0691201169e-06 5.1290625000e+02 5.0234729004e+02 5.0362210083e+02 6.3016802979e+02
1.0787198335e-06 5.1296875000e+02 5.0241577148e+02 4.9700671387e+02 6.3226159668e+02
1.0883200048e-06 5.1253125000e+02 5.0159094238e+02 4.9536035156e+02 6.3434716797e+02
1.0979197214e-06 5.0981250000e+02 5.0011236572e+02 4.9642684937e+02 6.3643487549e+02
1.1075198927e-06 5.0868750000e+02 4.9618704224e+02 5.0068725586e+02 6.3858532715e+02
1.1171200640e-06 5.0884375000e+02 5.0030993652e+02 4.8224179077e+02 6.4050958252e+02
1.1267197806e-06 5.0850000000e+02 4.9775115967e+02 4.8761218262e+02 6.4249560547e+02
1.1363199519e-06 5.0525000000e+02 4.9407666016e+02 4.9738568115e+02 6.4454669189e+02
1.1459201232e-06 5.0537500000e+02 4.9435839844e+02 4.9237823486e+02 6.4656256104e+02
1.1555198398e-06 5.0593750000e+02 4.9356121826e+02 4.8598849487e+02 6.4852392578e+02
1.1651200111e-06 5.0090625000e+02 4.9246350098e+02 4.8137533569e+02 6.5044146729e+02
1.1747197277e-06 4.9984375000e+02 4.9078125000e+02 4.9020510864e+02 6.5242230225e+02
1.1843198990e-06 5.0150000000e+02 4.9177801514e+02 4.7799551392e+02 6.5427990723e+02
1.1939200704e-06 4.9831250000e+02 4.8939453125e+02 4.8270611572e+02 6.5618298340e+02
1.2035197869e-06 4.9618750000e+02 4.8713140869e+02 4.8557608032e+02 6.5811572266e+02
1.2131199583e-06 4.9303125000e+02 4.8805847168e+02 4.7812777710e+02 6.5995361328e+02
1.2227201296e-06 4.9431250000e+02 4.8553698730e+02 4.8386944580e+02 6.6184631348e+02
1.2323198462e-06 4.9365625000e+02 4.8355865479e+02 4.8522589111e+02 6.6375701904e+02
1.2419200175e-06 4.9059375000e+02 4.8524969482e+02 4.7162994385e+02 6.6552355957e+02
1.2515197341e-06 4.8875000000e+02 4.8092730713e+02 4.8346466064e+02 6.6741473389e+02
1.2611199054e-06 4.9006250000e+02 4.8103857422e+02 4.7691952515e+02 6.6923480225e+02
1.2707200767e-06 4.8993750000e+02 4.8047894287e+02 4.7568164062e+02 6.7102984619e+02
1.2803197933e-06 4.8596875000e+02 4.8028179932e+02 4.7149221802e+02 6.7276818848e+02
1.2899199646e-06 4.8353125000e+02 4.7658367920e+02 4.8058178711e+02 6.7461083984e+02
1.2995201359e-06 4.8553125000e+02 4.7761822510e+02 4.7010363770e+02 6.7634197998e+02
1.3091198525e-06 4.8371875000e+02 4.7416238403e+02 4.7628530884e+02 6.7814526367e+02
1.3187200238e-06 4.8093750000e+02 4.7425402832e+02 4.7254156494e+02 6.7989849854e+02
1.3283197404e-06 4.8175000000e+02 4.7436791992e+02 4.6851104736e+02 6.8159271240e+02
1.3379199117e-06 4.7965625000e+02 4.7250280762e+02 4.7064974976e+02 6.8331134033e+02
1.3475200831e-06 4.7990625000e+02 4.7041387939e+02 4.7536001587e+02 6.8506396484e+02
1.3571197996e-06 4.7728125000e+02 4.7320385742e+02 4.5052227783e+02 6.8659393311e+02
1.3667199710e-06 4.7615625000e+02 4.6977905273e+02 4.6382223511e+02 6.8824554443e+02
1.3763201423e-06 4.7362500000e+02 4.6921115112e+02 4.6202072144e+02 6.8986816406e+02
1.3859198589e-06 4.7615625000e+02 4.6656481934e+02 4.6717263794e+02 6.9154772949e+02
1.3955200302e-06 4.7284375000e+02 4.6796881104e+02 4.5610430908e+02 6.9310223389e+02
1.4051197468e-06 4.7187500000e+02 4.6656054688e+02 4.5630401611e+02 6.9466363525e+02
1.4147201455e-06 4.7021875000e+02 4.6712823486e+02 4.4751345825e+02 6.9613818359e+02
1.4243198621e-06 4.6646875000e+02 4.6183969116e+02 4.6152569580e+02 6.9777246094e+02
1.4339200334e-06 4.6668750000e+02 4.6275915527e+02 4.5703744507e+02 6.9932855225e+02
1.4435199773e-06 4.6559375000e+02 4.6122958374e+02 4.5697274780e+02 7.0089593506e+02
1.4531201487e-06 4.6784375000e+02 4.6129696655e+02 4.5170022583e+02 7.0240173340e+02
1.4627198652e-06 4.6343750000e+02 4.6102435303e+02 4.4700698853e+02 7.0386077881e+02
1.4723200366e-06 4.6368750000e+02 4.5756634521e+02 4.5445144653e+02 7.0541137695e+02
1.4819199805e-06 4.5856250000e+02 4.5844494629e+02 4.4761462402e+02 7.0686486816e+02
1.4915196971e-06 4.5996875000e+02 4.5758404541e+02 4.4509115601e+02 7.0830816650e+02
1.5011198684e-06 4.5853125000e+02 4.5576226807e+02 4.4724224854e+02 7.0977691650e+02
1.5107200397e-06 4.5878125000e+02 4.5550683594e+02 4.4411318970e+02 7.1119891357e+02
1.5203199837e-06 4.5784375000e+02 4.5330270386e+02 4.4871954346e+02 7.1267108154e+02
1.5299197003e-06 4.5646875000e+02 4.5111614990e+02 4.5386581421e+02 7.1418933105e+02
1.5395198716e-06 4.5546875000e+02 4.4979626465e+02 4.5328378296e+02 7.1571093750e+02
1.5491200429e-06 4.5040625000e+02 4.5192468262e+02 4.3626281738e+02 7.1703820801e+02
1.5587199869e-06 4.5081250000e+02 4.4740368652e+02 4.5381433105e+02 7.1856085205e+02
1.5683197034e-06 4.4934375000e+02 4.4837274170e+02 4.4356072998e+02 7.1996636963e+02
1.5779198748e-06 4.5212500000e+02 4.4580169678e+02 4.5049261475e+02 7.2144812012e+02
1.5875200461e-06 4.4803125000e+02 4.4528802490e+02 4.4739785767e+02 7.2288714600e+02
1.5971199900e-06 4.4418750000e+02 4.4446472168e+02 4.4420016479e+02 7.2431634521e+02
1.6067197066e-06 4.4781250000e+02 4.4310037231e+02 4.4510189819e+02 7.2575537109e+02
1.6163198779e-06 4.4825000000e+02 4.4421401978e+02 4.3450500488e+02 7.2706970215e+02
1.6259200493e-06 4.4381250000e+02 4.4299237061e+02 4.3489315796e+02 7.2839141846e+02
1.6355199932e-06 4.4290625000e+02 4.4043591309e+02 4.4235321045e+02 7.2978643799e+02
1.6451197098e-06 4.4193750000e+02 4.4164926147e+02 4.2948510742e+02 7.3104736328e+02
1.6547198811e-06 4.4384375000e+02 4.3974188232e+02 4.3323040771e+02 7.3233996582e+02
1.6643202798e-06 4.3909375000e+02 4.3817953491e+02 4.3580883789e+02 7.3365771484e+02
1.6739199964e-06 4.3578125000e+02 4.3655035400e+02 4.3894659424e+02 7.3502398682e+02
1.6835197130e-06 4.3796875000e+02 4.3608850098e+02 4.3546426392e+02 7.3634906006e+02
1.6931201117e-06 4.3750000000e+02 4.3557852173e+02 4.3213504028e+02 7.3764453125e+02
1.7027202830e-06 4.4043750000e+02 4.3444995117e+02 4.3224554443e+02 7.3893786621e+02
1.7123199996e-06 4.3240625000e+02 4.3426608276e+02 4.2596231079e+02 7.4015771484e+02
1.7219199435e-06 4.3509375000e+02 4.3440472412e+02 4.2057092285e+02 7.4135113525e+02
1.7315201148e-06 4.3228125000e+02 4.3266827393e+02 4.2413464355e+02 7.4257952881e+02
1.7411198314e-06 4.3334375000e+02 4.3042584229e+02 4.2995523071e+02 7.4384143066e+02
1.7507200027e-06 4.2981250000e+02 4.3000921631e+02 4.2630401611e+02 7.4507263184e+02
1.7603199467e-06 4.2575000000e+02 4.2934597778e+02 4.2468582153e+02 7.4630419922e+02
1.7699201180e-06 4.2821875000e+02 4.2672262573e+02 4.3384591675e+02 7.4762188721e+02
1.7795198346e-06 4.2478125000e+02 4.2715869141e+02 4.2531103516e+02 7.4886358643e+02
1.7891200059e-06 4.2637500000e+02 4.2619561768e+02 4.2282669067e+02 7.5005383301e+02
1.7987199499e-06 4.2478125000e+02 4.2623785400e+02 4.1735961914e+02 7.5120336914e+02
1.8083201212e-06 4.2168750000e+02 4.2437786865e+02 4.2235427856e+02 7.5240136719e+02
1.8179198378e-06 4.2068750000e+02 4.2351589966e+02 4.2127539062e+02 7.5358905029e+02
1.8275200091e-06 4.2221875000e+02 4.2240197754e+02 4.2229574585e+02 7.5479272461e+02
1.8371199531e-06 4.1781250000e+02 4.2280572510e+02 4.1408752441e+02 7.5592346191e+02
1.8467201244e-06 4.2059375000e+02 4.2008358765e+02 4.2373141479e+02 7.5713446045e+02
1.8563198410e-06 4.1525000000e+02 4.1949285889e+02 4.2183078003e+02 7.5833697510e+02
1.8659200123e-06 4.1831250000e+02 4.2120910645e+02 4.0613201904e+02 7.5939868164e+02
1.8755199562e-06 4.1550000000e+02 4.1972158813e+02 4.0619464111e+02 7.6044317627e+02
1.8851201276e-06 4.1603125000e+02 4.1738677979e+02 4.1590130615e+02 7.6158825684e+02
1.8947198441e-06 4.1284375000e+02 4.1595718384e+02 4.1734329224e+02 7.6273260498e+02
1.9043200155e-06 4.1381250000e+02 4.1557574463e+02 4.1479949951e+02 7.6386718750e+02
1.9139199594e-06 4.1290625000e+02 4.1455755615e+02 4.1675115967e+02 7.6503063965e+02
1.9235196760e-06 4.0931250000e+02 4.1367712402e+02 4.1281777954e+02 7.6613427734e+02
1.9331198473e-06 4.1028125000e+02 4.1285498047e+02 4.1260580444e+02 7.6724200439e+02
1.9427200186e-06 4.1000000000e+02 4.1309432983e+02 4.0853213501e+02 7.6833361816e+02
1.9523199626e-06 4.1143750000e+02 4.1160693359e+02 4.0739120483e+02 7.6939135742e+02
1.9619196792e-06 4.0978125000e+02 4.1008786011e+02 4.1441818237e+02 7.7053137207e+02
1.9715198505e-06 4.0775000000e+02 4.0995989990e+02 4.0883148193e+02 7.7161968994e+02
1.9811200218e-06 4.0428125000e+02 4.0825421143e+02 4.1350885010e+02 7.7274737549e+02
1.9907199658e-06 4.0487500000e+02 4.0773742676e+02 4.0934329224e+02 7.7383013916e+02
2.0003196823e-06 4.0778125000e+02 4.0626678467e+02 4.1387783813e+02 7.7495501709e+02
2.0099198537e-06 4.0103125000e+02 4.0628131104e+02 4.0467999268e+02 7.7598590088e+02
2.0195200250e-06 4.0550000000e+02 4.0591647339e+02 4.0496694946e+02 7.7704016113e+02
2.0291199689e-06 4.0062500000e+02 4.0387722778e+02 4.1283139038e+02 7.7816381836e+02
2.0387196855e-06 4.0075000000e+02 4.0355108643e+02 4.0565335083e+02 7.7920800781e+02
2.0483198568e-06 3.9737500000e+02 4.0343737793e+02 3.9872479248e+02 7.8018829346e+02
2.0579200282e-06 4.0018750000e+02 4.0299127197e+02 4.0536660767e+02 7.8126123047e+02
2.0675199721e-06 3.9975000000e+02 4.0137872314e+02 4.0150543213e+02 7.8226934814e+02
2.0771196887e-06 3.9803125000e+02 4.0073815918e+02 4.0280841064e+02 7.8330310059e+02
2.0867198600e-06 3.9393750000e+02 3.9995007324e+02 4.0065515137e+02 7.8431243896e+02
2.0963202587e-06 3.9465625000e+02 4.0005575562e+02 3.9527349854e+02 7.8528045654e+02
2.1059199753e-06 3.9709375000e+02 3.9875366211e+02 3.9784939575e+02 7.8627075195e+02
2.1155196919e-06 3.9493750000e+02 3.9787872314e+02 3.9482873535e+02 7.8722442627e+02
2.1251200906e-06 3.9362500000e+02 3.9716976929e+02 3.9544146729e+02 7.8819061279e+02
2.1347202619e-06 3.9153125000e+02 3.9614437866e+02 3.9751968384e+02 7.8917810059e+02
2.1443199785e-06 3.9150000000e+02 3.9558224487e+02 3.9667938232e+02 7.9016271973e+02
2.1539199224e-06 3.9315625000e+02 3.9453933716e+02 3.9490725708e+02 7.9112133789e+02
2.1635200937e-06 3.8943750000e+02 3.9353228760e+02 3.9622100830e+02 7.9209033203e+02
2.1731202651e-06 3.8496875000e+02 3.9260433960e+02 3.9674499512e+02 7.9306024170e+02
2.1827199816e-06 3.8896875000e+02 3.9273483276e+02 3.8617532349e+02 7.9393652344e+02
2.1923199256e-06 3.8384375000e+02 3.9191937256e+02 4.0006167603e+02 7.9496942139e+02
2.2019200969e-06 3.8553125000e+02 3.9040570068e+02 3.9544473267e+02 7.9593365479e+02
2.2115202682e-06 3.8568750000e+02 3.9017739868e+02 3.9235168457e+02 7.9688024902e+02
2.2211199848e-06 3.8578125000e+02 3.8913864136e+02 3.9497976685e+02 7.9785113525e+02
2.2307199288e-06 3.8950000000e+02 3.8831552124e+02 3.9557131958e+02 7.9882788086e+02
2.2403201001e-06 3.8471875000e+02 3.8817163086e+02 3.8356271362e+02 7.9968585205e+02
2.2499200441e-06 3.8840625000e+02 3.8726477051e+02 3.8414572144e+02 8.0054840088e+02
2.2595199880e-06 3.8096875000e+02 3.8717681885e+02 3.8270117188e+02 8.0141198730e+02
2.2691199320e-06 3.8312500000e+02 3.8582214355e+02 3.8552026367e+02 8.0229547119e+02
2.2787201033e-06 3.8196875000e+02 3.8530264282e+02 3.8768615723e+02 8.0320941162e+02
2.2883200472e-06 3.7896875000e+02 3.8464303589e+02 3.8174664307e+02 8.0406201172e+02
2.2979199912e-06 3.7925000000e+02 3.8375021362e+02 3.8451477051e+02 8.0494274902e+02
2.3075199351e-06 3.8050000000e+02 3.8324615479e+02 3.8234918213e+02 8.0580676270e+02
2.3171201065e-06 3.8096875000e+02 3.8297985840e+02 3.8404553223e+02 8.0669787598e+02
2.3267200504e-06 3.7990625000e+02 3.8172415161e+02 3.8638281250e+02 8.0760589600e+02
2.3363199944e-06 3.7765625000e+02 3.8059405518e+02 3.8638134766e+02 8.0850299072e+02
2.3459199383e-06 3.7743750000e+02 3.8054119873e+02 3.8528195190e+02 8.0940570068e+02
2.3555201096e-06 3.7587500000e+02 3.7973471069e+02 3.7855731201e+02 8.1023779297e+02
2.3651200536e-06 3.7293750000e+02 3.7856121826e+02 3.8251019287e+02 8.1109747314e+02
2.3747199975e-06 3.7421875000e+02 3.7834127808e+02 3.8261041260e+02 8.1197467041e+02
2.3843199415e-06 3.7428125000e+02 3.7829602051e+02 3.8173019409e+02 8.1285375977e+02
2.3939201128e-06 3.7478125000e+02 3.7712115479e+02 3.7819769287e+02 8.1369110107e+02
2.4035200568e-06 3.7584375000e+02 3.7651519775e+02 3.8146798706e+02 8.1456420898e+02
2.4131200007e-06 3.7553125000e+02 3.7696536255e+02 3.7643551636e+02 8.1540191650e+02
2.4227199447e-06 3.7021875000e+02 3.7689697266e+02 3.8123217773e+02 8.1629351807e+02
2.4323198886e-06 3.7471875000e+02 3.7404772949e+02 3.7383291626e+02 8.1708197021e+02
2.4419200599e-06 3.6862500000e+02 3.7330981445e+02 3.7984384155e+02 8.1792547607e+02
2.4515200039e-06 3.6881250000e+02 3.7318862915e+02 3.7713400269e+02 8.1876153564e+02
2.4611199478e-06 3.6915625000e+02 3.7227520752e+02 3.7499746704e+02 8.1957208252e+02
2.4707198918e-06 3.6912500000e+02 3.7172900391e+02 3.7644528198e+02 8.2040093994e+02
2.4803200631e-06 3.6793750000e+02 3.7172906494e+02 3.7241744995e+02 8.2120196533e+02
2.4899200071e-06 3.6771875000e+02 3.7021649170e+02 3.7966592407e+02 8.2205548096e+02
2.4995199510e-06 3.6496875000e+02 3.6980133057e+02 3.7189352417e+02 8.2284320068e+02
2.5091198950e-06 3.6443750000e+02 3.6878900146e+02 3.6905697632e+02 8.2358728027e+02
2.5187200663e-06 3.6668750000e+02 3.6965832520e+02 3.7087655640e+02 8.2438470459e+02
2.5283200102e-06 3.6106250000e+02 3.6774645996e+02 3.7539974976e+02 8.2519799805e+02
2.5379199542e-06 3.6284375000e+02 3.6723394775e+02 3.7563259888e+02 8.2602435303e+02
2.5475198981e-06 3.6646875000e+02 3.6608526611e+02 3.5699026489e+02 8.2666613770e+02
2.5571200695e-06 3.6125000000e+02 3.6592337036e+02 3.6755169678e+02 8.2741845703e+02
2.5667200134e-06 3.6531250000e+02 3.6555847168e+02 3.6731024170e+02 8.2817645264e+02
2.5763199574e-06 3.6228125000e+02 3.6494778442e+02 3.6552947998e+02 8.2891925049e+02
2.5859199013e-06 3.6178125000e+02 3.6532403564e+02 3.7784091187e+02 8.2979345703e+02
2.5955200726e-06 3.5681250000e+02 3.6359252930e+02 3.6287979126e+02 8.3051068115e+02
2.6051200166e-06 3.6128125000e+02 3.6291665649e+02 3.6448101807e+02 8.3124182129e+02
2.6147199605e-06 3.5543750000e+02 3.6240811157e+02 3.6966238403e+02 8.3201971436e+02
2.6243199045e-06 3.5884375000e+02 3.6170440674e+02 3.6497552490e+02 8.3274462891e+02
2.6339200758e-06 3.5971875000e+02 3.6122909546e+02 3.6440859985e+02 8.3348144531e+02
2.6435200198e-06 3.5600000000e+02 3.6077593994e+02 3.6848880005e+02 8.3425848389e+02
2.6531199637e-06 3.5890625000e+02 3.6028216553e+02 3.5927850342e+02 8.3495654297e+02
2.6627199077e-06 3.5575000000e+02 3.5997216797e+02 3.6895574951e+02 8.3574890137e+02
2.6723200790e-06 3.5528125000e+02 3.5915710449e+02 3.6936627197e+02 8.3653820801e+02
2.6819200230e-06 3.5437500000e+02 3.5845349121e+02 3.6600247192e+02 8.3729382324e+02
2.6915199669e-06 3.5440625000e+02 3.5807971191e+02 3.6361041260e+02 8.3803692627e+02
2.7011199109e-06 3.5515625000e+02 3.5738964844e+02 3.5847439575e+02 8.3873327637e+02
2.7107200822e-06 3.5546875000e+02 3.5746704102e+02 3.5971881104e+02 8.3945166016e+02
2.7203200261e-06 3.5171875000e+02 3.5618679810e+02 3.5934545898e+02 8.4015667725e+02
2.7299199701e-06 3.5446875000e+02 3.5639929199e+02 3.6229928589e+02 8.4090197754e+02
2.7395199140e-06 3.5468750000e+02 3.5511630249e+02 3.5796569824e+02 8.4159826660e+02
2.7491200854e-06 3.4962500000e+02 3.5550711060e+02 3.6174331665e+02 8.4234350586e+02
2.7587200293e-06 3.5328125000e+02 3.5466485596e+02 3.6745880127e+02 8.4313629150e+02
2.7683199733e-06 3.4981250000e+02 3.5389239502e+02 3.5918225098e+02 8.4385345459e+02
2.7779199172e-06 3.4956250000e+02 3.5295840454e+02 3.5762905884e+02 8.4455047607e+02
2.7875200885e-06 3.5096875000e+02 3.5304776001e+02 3.6013449097e+02 8.4528167725e+02
2.7971200325e-06 3.5018750000e+02 3.5189294434e+02 3.5503985596e+02 8.4595941162e+02
2.8067199764e-06 3.4837500000e+02 3.5174591064e+02 3.6188073730e+02 8.4670312500e+02
2.8163199204e-06 3.5065625000e+02 3.5143307495e+02 3.5891381836e+02 8.4742639160e+02
2.8259200917e-06 3.4293750000e+02 3.5069927979e+02 3.5484252930e+02 8.4811218262e+02
2.8355200357e-06 3.4771875000e+02 3.4964053345e+02 3.5074172974e+02 8.4875537109e+02
2.8451199796e-06 3.4693750000e+02 3.4958065796e+02 3.4960565186e+02 8.4939752197e+02
2.8547199236e-06 3.4446875000e+02 3.4808612061e+02 3.4699493408e+02 8.4999969482e+02
2.8643200949e-06 3.4712500000e+02 3.4892996216e+02 3.5931536865e+02 8.5073449707e+02
2.8739200388e-06 3.4378125000e+02 3.4765338135e+02 3.5202951050e+02 8.5139459229e+02
2.8835199828e-06 3.4371875000e+02 3.4825543213e+02 3.5830490112e+02 8.5212725830e+02
2.8931199267e-06 3.4278125000e+02 3.4650357056e+02 3.4950646973e+02 8.5276586914e+02
2.9027200981e-06 3.4275000000e+02 3.4644165039e+02 3.5562683105e+02 8.5346014404e+02
2.9123200420e-06 3.4281250000e+02 3.4543542480e+02 3.4862591553e+02 8.5409143066e+02
2.9219199860e-06 3.4371875000e+02 3.4591900635e+02 3.4887823486e+02 8.5474322510e+02
2.9315199299e-06 3.4062500000e+02 3.4510260010e+02 3.5127157593e+02 8.5541278076e+02
2.9411201012e-06 3.4190625000e+02 3.4487420654e+02 3.5054177856e+02 8.5604528809e+02
2.9507200452e-06 3.3859375000e+02 3.4354815674e+02 3.4800070190e+02 8.5666979980e+02
2.9603199891e-06 3.3709375000e+02 3.4303955078e+02 3.4705377197e+02 8.5729669189e+02
2.9699199331e-06 3.3653125000e+02 3.4334527588e+02 3.5258056641e+02 8.5798486328e+02
2.9795201044e-06 3.3659375000e+02 3.4221026611e+02 3.4825207520e+02 8.5862225342e+02
2.9891200484e-06 3.3703125000e+02 3.4211120605e+02 3.5140402222e+02 8.5928802490e+02
2.9987199923e-06 3.3878125000e+02 3.4213964844e+02 3.5644448853e+02 8.6000964355e+02
3.0083199363e-06 3.3434375000e+02 3.4079193115e+02 3.4647406006e+02 8.6063873291e+02
3.0179201076e-06 3.3400000000e+02 3.4034161377e+02 3.4574804688e+02 8.6126464844e+02
3.0275200515e-06 3.3575000000e+02 3.3989080811e+02 3.4616339111e+02 8.6189392090e+02
3.0371199955e-06 3.3678125000e+02 3.4012866211e+02 3.4971105957e+02 8.6256652832e+02
3.0467199394e-06 3.3396875000e+02 3.4015222168e+02 3.4357086182e+02 8.6319335938e+02
3.0563201108e-06 3.2859375000e+02 3.3851492310e+02 3.4393695068e+02 8.6381024170e+02
3.0659200547e-06 3.3543750000e+02 3.3828994751e+02 3.4710513306e+02 8.6445294189e+02
3.0755199987e-06 3.3506250000e+02 3.3812249756e+02 3.4796414185e+02 8.6511181641e+02
3.0851199426e-06 3.3009375000e+02 3.3699499512e+02 3.4274389648e+02 8.6571502686e+02
3.0947198866e-06 3.3393750000e+02 3.3648388672e+02 3.3873654175e+02 8.6629272461e+02
3.1043200579e-06 3.3184375000e+02 3.3534951782e+02 3.3537713623e+02 8.6683190918e+02
3.1139200019e-06 3.3050000000e+02 3.3614672852e+02 3.4447515869e+02 8.6746600342e+02
3.1235199458e-06 3.2887500000e+02 3.3653787231e+02 3.4146612549e+02 8.6808612061e+02
3.1331198898e-06 3.3100000000e+02 3.3543988037e+02 3.4610916138e+02 8.6873608398e+02
3.1427200611e-06 3.3171875000e+02 3.3514239502e+02 3.4713171387e+02 8.6939599609e+02
3.1523200050e-06 3.3071875000e+02 3.3399172974e+02 3.3776870728e+02 8.6997558594e+02
3.1619199490e-06 3.3059375000e+02 3.3339849854e+02 3.3922994995e+02 8.7056152344e+02
3.1715198929e-06 3.3062500000e+02 3.3345767212e+02 3.4224322510e+02 8.7118176270e+02
3.1811200643e-06 3.2828125000e+02 3.3328320312e+02 3.3464590454e+02 8.7174597168e+02
3.1907200082e-06 3.2887500000e+02 3.3201995850e+02 3.3758312988e+02 8.7231848145e+02
3.2003199522e-06 3.2831250000e+02 3.3291107178e+02 3.4779357910e+02 8.7299194336e+02
3.2099198961e-06 3.2659375000e+02 3.3161682129e+02 3.4037689209e+02 8.7359558105e+02
3.2195200674e-06 3.2856250000e+02 3.3102954102e+02 3.3868988037e+02 8.7418548584e+02
3.2291200114e-06 3.2925000000e+02 3.3114251709e+02 3.4233349609e+02 8.7481335449e+02
3.2387199553e-06 3.2871875000e+02 3.3222183228e+02 3.4670098877e+02 8.7549810791e+02
3.2483198993e-06 3.2890625000e+02 3.2981155396e+02 3.3757067871e+02 8.7608374023e+02
3.2579200706e-06 3.2668750000e+02 3.2869216919e+02 3.3207391357e+02 8.7661798096e+02
3.2675200146e-06 3.2209375000e+02 3.2947552490e+02 3.3990817261e+02 8.7723260498e+02
3.2771199585e-06 3.2343750000e+02 3.2831628418e+02 3.3249713135e+02 8.7778228760e+02
3.2867199025e-06 3.2671875000e+02 3.2817199707e+02 3.3395425415e+02 8.7834808350e+02
3.2963200738e-06 3.2359375000e+02 3.2741241455e+02 3.3296633911e+02 8.7890093994e+02
3.3059200177e-06 3.2334375000e+02 3.2742483521e+02 3.3527566528e+02 8.7947894287e+02
3.3155199617e-06 3.2018750000e+02 3.2696713257e+02 3.3530877686e+02 8.8005511475e+02
3.3251196783e-06 3.2350000000e+02 3.2526803589e+02 3.2535659790e+02 8.8054150391e+02
3.3347200770e-06 3.1834375000e+02 3.2600256348e+02 3.3344348145e+02 8.8110461426e+02
3.3443197935e-06 3.1996875000e+02 3.2629296875e+02 3.3519201660e+02 8.8169421387e+02
3.3539199649e-06 3.1909375000e+02 3.2580456543e+02 3.3662637329e+02 8.8229205322e+02
3.3635196814e-06 3.1903125000e+02 3.2513375854e+02 3.3472238159e+02 8.8286676025e+02
3.3731198528e-06 3.2259375000e+02 3.2440374756e+02 3.3214135742e+02 8.8341992188e+02
3.3827200241e-06 3.1843750000e+02 3.2459295654e+02 3.3529183960e+02 8.8400958252e+02
3.3923199680e-06 3.2100000000e+02 3.2348672485e+02 3.3019583130e+02 8.8455218506e+02
3.4019199120e-06 3.1640625000e+02 3.2296911621e+02 3.2892523193e+02 8.8508502197e+02
3.4115200833e-06 3.1846875000e+02 3.2278430176e+02 3.2859591675e+02 8.8562121582e+02
3.4211197999e-06 3.1678125000e+02 3.2158786011e+02 3.2478234863e+02 8.8611535645e+02
3.4307197438e-06 3.1528125000e+02 3.2313128662e+02 3.3189584351e+02 8.8669262695e+02
3.4403196878e-06 3.1703125000e+02 3.2147448730e+02 3.2759121704e+02 8.8720910645e+02
3.4499198591e-06 3.1593750000e+02 3.2080291748e+02 3.2590560913e+02 8.8772198486e+02
3.4595200304e-06 3.1665625000e+02 3.2099084473e+02 3.2944125366e+02 8.8826794434e+02
3.4691197470e-06 3.1687500000e+02 3.2050152588e+02 3.2828942871e+02 8.8880010986e+02
3.4787199183e-06 3.1681250000e+02 3.2015393066e+02 3.2688574219e+02 8.8931500244e+02
3.4883200897e-06 3.1490625000e+02 3.1998962402e+02 3.2300363159e+02 8.8982092285e+02
3.4979198063e-06 3.1659375000e+02 3.1860668945e+02 3.2137496948e+02 8.9030444336e+02
3.5075197502e-06 3.1437500000e+02 3.1928219604e+02 3.2802703857e+02 8.9085083008e+02
3.5171196942e-06 3.1209375000e+02 3.1893054199e+02 3.2863412476e+02 8.9139739990e+02
3.5267198655e-06 3.1200000000e+02 3.1883529663e+02 3.2736236572e+02 8.9194519043e+02
3.5363200368e-06 3.1406250000e+02 3.1849066162e+02 3.2884603882e+02 8.9249102783e+02
3.5459197534e-06 3.1078125000e+02 3.1760546875e+02 3.2614370728e+02 8.9301702881e+02
3.5555199247e-06 3.0846875000e+02 3.1778665161e+02 3.2885977173e+02 8.9357623291e+02
3.5651200960e-06 3.1368750000e+02 3.1756985474e+02 3.2907403564e+02 8.9414019775e+02
3.5747200400e-06 3.1034375000e+02 3.1703610229e+02 3.2821704102e+02 8.9469360352e+02
3.5843199839e-06 3.1153125000e+02 3.1611035156e+02 3.2230133057e+02 8.9520196533e+02
3.5939197005e-06 3.1278125000e+02 3.1570959473e+02 3.2401004028e+02 8.9571887207e+02
3.6035198718e-06 3.1234375000e+02 3.1616662598e+02 3.2739471436e+02 8.9627465820e+02
3.6131198158e-06 3.1456250000e+02 3.1599377441e+02 3.2683807373e+02 8.9680932617e+02
3.6227197597e-06 3.1021875000e+02 3.1611914062e+02 3.2266036987e+02 8.9733697510e+02
3.6323199311e-06 3.0737500000e+02 3.1460635376e+02 3.2446322632e+02 8.9786389160e+02
3.6419201024e-06 3.0765625000e+02 3.1432067871e+02 3.1951379395e+02 8.9836010742e+02
3.6515198190e-06 3.0659375000e+02 3.1328125000e+02 3.2016217041e+02 8.9885180664e+02
3.6611199903e-06 3.0575000000e+02 3.1386425781e+02 3.2448333740e+02 8.9938854980e+02
3.6707197069e-06 3.0878125000e+02 3.1231167603e+02 3.1768582153e+02 8.9986224365e+02
3.6803198782e-06 3.0671875000e+02 3.1412152100e+02 3.2952618408e+02 9.0043988037e+02
3.6899198221e-06 3.0584375000e+02 3.1321768188e+02 3.2625729370e+02 9.0098986816e+02
3.6995197661e-06 3.0684375000e+02 3.1182153320e+02 3.2015686035e+02 9.0148364258e+02
3.7091199374e-06 3.0546875000e+02 3.1197384644e+02 3.2077835083e+02 9.0199603271e+02
3.7187201087e-06 3.0475000000e+02 3.1073272705e+02 3.1673159790e+02 9.0246875000e+02
3.7283198253e-06 3.0509375000e+02 3.1189752197e+02 3.2350473022e+02 9.0299151611e+02
3.7379199966e-06 3.0559375000e+02 3.1125753784e+02 3.2319873047e+02 9.0352227783e+02
3.7475197132e-06 3.0062500000e+02 3.0971875000e+02 3.1596276855e+02 9.0398101807e+02
3.7571198845e-06 3.0528125000e+02 3.0896215820e+02 3.1341717529e+02 9.0442883301e+02
3.7667200559e-06 3.0331250000e+02 3.0929132080e+02 3.1714895630e+02 9.0490582275e+02
3.7763197724e-06 3.0056250000e+02 3.0882708740e+02 3.1584219360e+02 9.0536968994e+02
3.7859199438e-06 3.0246875000e+02 3.0846109009e+02 3.1569448853e+02 9.0584088135e+02
3.7955196603e-06 3.0415625000e+02 3.0853329468e+02 3.1711584473e+02 9.0632946777e+02
3.8051198317e-06 3.0403125000e+02 3.0834469604e+02 3.1651690674e+02 9.0680065918e+02
3.8147200030e-06 3.0368750000e+02 3.0776071167e+02 3.1482443237e+02 9.0727520752e+02
3.8243201743e-06 3.0031250000e+02 3.0818371582e+02 3.1766317749e+02 9.0775830078e+02
3.8339198909e-06 2.9937500000e+02 3.0640859985e+02 3.1194027710e+02 9.0819604492e+02
3.8435200622e-06 3.0068750000e+02 3.0721090698e+02 3.1718988037e+02 9.0868402100e+02
3.8531197788e-06 2.9803125000e+02 3.0540270996e+02 3.0980953979e+02 9.0910675049e+02
3.8627199501e-06 3.0034375000e+02 3.0649887085e+02 3.1620712280e+02 9.0959881592e+02
3.8723201214e-06 2.9865625000e+02 3.0610906982e+02 3.1599276733e+02 9.1008312988e+02
3.8819198380e-06 2.9928125000e+02 3.0445010376e+02 3.0897250366e+02 9.1050903320e+02
3.8915200093e-06 2.9731250000e+02 3.0580822754e+02 3.1714862061e+02 9.1100964355e+02
3.9011201807e-06 2.9478125000e+02 3.0538247681e+02 3.1623965454e+02 9.1150128174e+02
3.9107198972e-06 2.9846875000e+02 3.0557659912e+02 3.1662011719e+02 9.1200885010e+02
3.9203200686e-06 2.9556250000e+02 3.0527709961e+02 3.1769458008e+02 9.1252307129e+02
3.9299197852e-06 2.9678125000e+02 3.0371969604e+02 3.1151361084e+02 9.1297192383e+02
3.9395199565e-06 2.9415625000e+02 3.0424978638e+02 3.1356390381e+02 9.1345574951e+02
3.9491201278e-06 2.9403125000e+02 3.0389102173e+02 3.1304519653e+02 9.1391564941e+02
3.9587198444e-06 2.9621875000e+02 3.0350100708e+02 3.1372503662e+02 9.1439959717e+02
3.9683200157e-06 2.9618750000e+02 3.0334741211e+02 3.1425485229e+02 9.1488928223e+02
3.9779201870e-06 2.9665625000e+02 3.0404556274e+02 3.1891314697e+02 9.1541375732e+02
3.9875199036e-06 2.9512500000e+02 3.0340759277e+02 3.1637023926e+02 9.1591278076e+02
3.9971200749e-06 2.9387500000e+02 3.0277639771e+02 3.1439352417e+02 9.1640911865e+02
4.0067197915e-06 2.9115625000e+02 3.0166696167e+02 3.1130767822e+02 9.1686810303e+02
4.0163199628e-06 2.9509375000e+02 3.0217071533e+02 3.1304248047e+02 9.1733746338e+02
4.0259201342e-06 2.9278125000e+02 3.0106338501e+02 3.1056536865e+02 9.1779125977e+02
4.0355198507e-06 2.9440625000e+02 3.0159249878e+02 3.1385910034e+02 9.1828582764e+02
4.0451200221e-06 2.9587500000e+02 2.9984286499e+02 3.0734439087e+02 9.1871856689e+02
4.0547201934e-06 2.9178125000e+02 2.9989782715e+02 3.0785671997e+02 9.1914843750e+02
4.0643199100e-06 2.9100000000e+02 3.0050854492e+02 3.1099874878e+02 9.1962493896e+02
4.0739200813e-06 2.9384375000e+02 2.9866180420e+02 3.0496148682e+02 9.2003344727e+02
4.0835197979e-06 2.9315625000e+02 2.9931594849e+02 3.0910217285e+02 9.2048999023e+02
4.0931199692e-06 2.9128125000e+02 2.9843289185e+02 3.0600888062e+02 9.2092059326e+02
4.1027201405e-06 2.9256250000e+02 2.9959698486e+02 3.1065270996e+02 9.2138049316e+02
4.1123198571e-06 2.8996875000e+02 2.9816369629e+02 3.0681152344e+02 9.2182177734e+02
4.1219200284e-06 2.8962500000e+02 2.9842913818e+02 3.0864096069e+02 9.2226947021e+02
4.1315201997e-06 2.8906250000e+02 2.9841308594e+02 3.0650219727e+02 9.2269110107e+02
4.1411199163e-06 2.8600000000e+02 2.9689074707e+02 3.0428048706e+02 9.2310339355e+02
4.1507200876e-06 2.8975000000e+02 2.9707186890e+02 3.0523995972e+02 9.2352294922e+02
4.1603198042e-06 2.9034375000e+02 2.9648077393e+02 3.0409082031e+02 9.2393493652e+02
4.1699199755e-06 2.9059375000e+02 2.9663742065e+02 3.0661529541e+02 9.2437994385e+02
4.1795201469e-06 2.8950000000e+02 2.9583911133e+02 3.0398919678e+02 9.2479791260e+02
4.1891198634e-06 2.8800000000e+02 2.9489016724e+02 3.0102935791e+02 9.2519281006e+02
4.1987200348e-06 2.8846875000e+02 2.9424191284e+02 2.9922427368e+02 9.2557366943e+02
4.2083202061e-06 2.8668750000e+02 2.9586535645e+02 3.0599597168e+02 9.2601019287e+02
4.2179199227e-06 2.8668750000e+02 2.9444351196e+02 3.0189691162e+02 9.2641546631e+02
4.2275200940e-06 2.8715625000e+02 2.9413961792e+02 3.0006359863e+02 9.2679895020e+02
4.2371198106e-06 2.8693750000e+02 2.9431838989e+02 3.0340170288e+02 9.2722497559e+02
4.2467199819e-06 2.8328125000e+02 2.9442932129e+02 3.0357513428e+02 9.2764520264e+02
4.2563201532e-06 2.8387500000e+02 2.9341165161e+02 2.9782666016e+02 9.2800793457e+02
4.2659198698e-06 2.8309375000e+02 2.9404574585e+02 3.0487670898e+02 9.2845434570e+02
4.2755200411e-06 2.8359375000e+02 2.9317449951e+02 3.0221023560e+02 9.2887622070e+02
4.2851202124e-06 2.8331250000e+02 2.9421038818e+02 3.0619833374e+02 9.2932629395e+02
4.2947199290e-06 2.8431250000e+02 2.9270852661e+02 3.0206872559e+02 9.2974713135e+02
4.3043201003e-06 2.8406250000e+02 2.9398324585e+02 3.0799960327e+02 9.3022802734e+02
4.3139198169e-06 2.8596875000e+02 2.9065728760e+02 2.9517514038e+02 9.3058587646e+02
4.3235199882e-06 2.8625000000e+02 2.9134542847e+02 2.9678671265e+02 9.3095196533e+02
4.3331201596e-06 2.8075000000e+02 2.9117669678e+02 2.9711343384e+02 9.3132318115e+02
4.3427198761e-06 2.8537500000e+02 2.9117904663e+02 2.9997589111e+02 9.3173028564e+02
4.3523200475e-06 2.8287500000e+02 2.9081933594e+02 2.9806008911e+02 9.3211541748e+02
4.3619202188e-06 2.8090625000e+02 2.9090963745e+02 2.9690313721e+02 9.3248565674e+02
4.3715199354e-06 2.8200000000e+02 2.9108438110e+02 3.0147290039e+02 9.3290740967e+02
4.3811201067e-06 2.8431250000e+02 2.8955722046e+02 2.9516827393e+02 9.3326953125e+02
4.3907198233e-06 2.8128125000e+02 2.8945751953e+02 2.9728720093e+02 9.3366503906e+02
4.4003199946e-06 2.8096875000e+02 2.8854534912e+02 2.9412322998e+02 9.3402575684e+02
4.4099201659e-06 2.8109375000e+02 2.8756652832e+02 2.9067382812e+02 9.3436785889e+02
4.4195198825e-06 2.8256250000e+02 2.8868566895e+02 2.9551934814e+02 9.3474139404e+02
4.4291200538e-06 2.8234375000e+02 2.8938095093e+02 2.9794699097e+02 9.3513568115e+02
4.4387202252e-06 2.7934375000e+02 2.8852893066e+02 2.9642721558e+02 9.3552020264e+02
4.4483199417e-06 2.8331250000e+02 2.8720040894e+02 2.9332507324e+02 9.3588568115e+02
4.4579201131e-06 2.8053125000e+02 2.8655502319e+02 2.9155770874e+02 9.3623596191e+02
4.4675198296e-06 2.7928125000e+02 2.8737847900e+02 2.9380548096e+02 9.3660003662e+02
4.4771200010e-06 2.7706250000e+02 2.8775167847e+02 2.9660403442e+02 9.3699291992e+02
4.4867201723e-06 2.7990625000e+02 2.8626083374e+02 2.9283474731e+02 9.3736187744e+02
4.4963198889e-06 2.7821875000e+02 2.8662927246e+02 2.9421820068e+02 9.3773754883e+02
4.5059200602e-06 2.7971875000e+02 2.8590335083e+02 2.9272454834e+02 9.3810375977e+02
4.5155197768e-06 2.7781250000e+02 2.8627740479e+02 2.9402197266e+02 9.3847918701e+02
4.5251199481e-06 2.7965625000e+02 2.8543173218e+02 2.9270770264e+02 9.3885302734e+02
4.5347201194e-06 2.7968750000e+02 2.8493505859e+02 2.9119036865e+02 9.3920916748e+02
4.5443198360e-06 2.7703125000e+02 2.8534765625e+02 2.9375024414e+02 9.3959185791e+02
4.5539200073e-06 2.7700000000e+02 2.8528469849e+02 2.9423864746e+02 9.3998034668e+02
4.5635201786e-06 2.7768750000e+02 2.8393981934e+02 2.8943362427e+02 9.4032385254e+02
4.5731198952e-06 2.7731250000e+02 2.8410177612e+02 2.9120223999e+02 9.4069317627e+02
4.5827200665e-06 2.7321875000e+02 2.8479757690e+02 2.9427801514e+02 9.4108441162e+02
4.5923197831e-06 2.7275000000e+02 2.8539636230e+02 2.9579879761e+02 9.4148547363e+02
4.6019199544e-06 2.8212500000e+02 2.8212118530e+02 2.8555700684e+02 9.4179968262e+02
4.6115201258e-06 2.7903125000e+02 2.8331463623e+02 2.9120669556e+02 9.4217352295e+02
4.6211198423e-06 2.7506250000e+02 2.8351736450e+02 2.9222933960e+02 9.4255139160e+02
4.6307200137e-06 2.7034375000e+02 2.8298693848e+02 2.9103240967e+02 9.4292034912e+02
4.6403201850e-06 2.7171875000e+02 2.8272561646e+02 2.9112326050e+02 9.4329516602e+02
4.6499199016e-06 2.7496875000e+02 2.8376519775e+02 2.9458865356e+02 9.4371154785e+02
4.6595200729e-06 2.7378125000e+02 2.8465057373e+02 2.9492053223e+02 9.4410784912e+02
4.6691197895e-06 2.7543750000e+02 2.8449707031e+02 2.9526519775e+02 9.4450885010e+02
4.6787199608e-06 2.7459375000e+02 2.8105734253e+02 2.8715042114e+02 9.4484790039e+02
4.6883201321e-06 2.7481250000e+02 2.8239413452e+02 2.9147421265e+02 9.4522296143e+02
4.6979198487e-06 2.7468750000e+02 2.8133590698e+02 2.8785684204e+02 9.4556536865e+02
4.7075200200e-06 2.7475000000e+02 2.8207238770e+02 2.9258291626e+02 9.4596984863e+02
4.7171201913e-06 2.7303125000e+02 2.8063644409e+02 2.8752294922e+02 9.4631463623e+02
4.7267199079e-06 2.7153125000e+02 2.7860675049e+02 2.8186154175e+02 9.4661535645e+02
4.7363200792e-06 2.7046875000e+02 2.8098303223e+02 2.9135101318e+02 9.4700671387e+02
4.7459197958e-06 2.7134375000e+02 2.7815322876e+02 2.8162402344e+02 9.4731036377e+02
4.7555199671e-06 2.7000000000e+02 2.8170660400e+02 2.9229772949e+02 9.4769989014e+02
4.7651201385e-06 2.6715625000e+02 2.7956011963e+02 2.8794509888e+02 9.4806109619e+02
4.7747198550e-06 2.7062500000e+02 2.7892507935e+02 2.8306552124e+02 9.4836816406e+02
4.7843200264e-06 2.7037500000e+02 2.8040093994e+02 2.9053933716e+02 9.4874847412e+02
4.7939201977e-06 2.7012500000e+02 2.7883471680e+02 2.8675015259e+02 9.4909991455e+02
4.8035199143e-06 2.7409375000e+02 2.7888491821e+02 2.8710589600e+02 9.4945397949e+02
4.8131200856e-06 2.7218750000e+02 2.7862042236e+02 2.8644430542e+02 9.4980224609e+02
4.8227198022e-06 2.7287500000e+02 2.7799258423e+02 2.8213064575e+02 9.5010620117e+02
4.8323199735e-06 2.7075000000e+02 2.7746478271e+02 2.8470587158e+02 9.5045410156e+02
4.8419201448e-06 2.7081250000e+02 2.7775073242e+02 2.8657876587e+02 9.5081628418e+02
4.8515198614e-06 2.6615625000e+02 2.7768756104e+02 2.8531378174e+02 9.5115911865e+02
4.8611200327e-06 2.6762500000e+02 2.7707672119e+02 2.8538452148e+02 9.5151367188e+02
4.8707202041e-06 2.6762500000e+02 2.7628292847e+02 2.8309030151e+02 9.5184661865e+02
4.8803199206e-06 2.6893750000e+02 2.7807360840e+02 2.8698794556e+02 9.5220489502e+02
4.8899200920e-06 2.6834375000e+02 2.7649099731e+02 2.8508444214e+02 9.5255957031e+02
4.8995198085e-06 2.6862500000e+02 2.7457785034e+02 2.7862261963e+02 9.5285363770e+02
4.9091199799e-06 2.7162500000e+02 2.7525167847e+02 2.8177371216e+02 9.5317926025e+02
4.9187201512e-06 2.7053125000e+02 2.7697763062e+02 2.8502264404e+02 9.5352435303e+02
4.9283198678e-06 2.6546875000e+02 2.7580096436e+02 2.8501473999e+02 9.5388391113e+02
4.9379200391e-06 2.6984375000e+02 2.7678604126e+02 2.8845690918e+02 9.5427093506e+02
4.9475202104e-06 2.6718750000e+02 2.7726205444e+02 2.8886437988e+02 9.5465667725e+02
4.9571199270e-06 2.6890625000e+02 2.7546499634e+02 2.8113357544e+02 9.5496917725e+02
4.9667200983e-06 2.6671875000e+02 2.7514865112e+02 2.8449169922e+02 9.5532415771e+02
4.9763198149e-06 2.6590625000e+02 2.7665545654e+02 2.8710690308e+02 9.5569476318e+02
4.9859199862e-06 2.6337500000e+02 2.7423608398e+02 2.8128872681e+02 9.5601855469e+02
4.9955201575e-06 2.6812500000e+02 2.7479461670e+02 2.8540267944e+02 9.5639117432e+02
5.0051198741e-06 2.6762500000e+02 2.7325177002e+02 2.8031494141e+02 9.5672204590e+02
5.0147200454e-06 2.6359375000e+02 2.7422036743e+02 2.7964163208e+02 9.5702752686e+02
5.0243202168e-06 2.6681250000e+02 2.7188934326e+02 2.7617947388e+02 9.5731298828e+02
5.0339199333e-06 2.6528125000e+02 2.7366177368e+02 2.8120834351e+02 9.5764056396e+02
5.0435201047e-06 2.6475000000e+02 2.7185278320e+02 2.7711471558e+02 9.5793719482e+02
5.0531198212e-06 2.6196875000e+02 2.7206719971e+02 2.7779327393e+02 9.5823931885e+02
5.0627199926e-06 2.6181250000e+02 2.7189654541e+02 2.7882418823e+02 9.5855639648e+02
5.0723201639e-06 2.6634375000e+02 2.7166549683e+02 2.7778082275e+02 9.5886218262e+02
5.0819198805e-06 2.6518750000e+02 2.7164404297e+02 2.7806857300e+02 9.5917132568e+02
5.0915200518e-06 2.6265625000e+02 2.7228460693e+02 2.8056762695e+02 9.5950378418e+02
5.1011202231e-06 2.6159375000e+02 2.6982571411e+02 2.7135198975e+02 9.5975061035e+02
5.1107199397e-06 2.6150000000e+02 2.7037930298e+02 2.7580194092e+02 9.6004510498e+02
5.1203201110e-06 2.6162500000e+02 2.6985360718e+02 2.7493249512e+02 9.6033471680e+02
5.1299198276e-06 2.6259375000e+02 2.6901080322e+02 2.7327078247e+02 9.6061547852e+02
5.1395199989e-06 2.6034375000e+02 2.6848715210e+02 2.7138766479e+02 9.6087609863e+02
5.1491201702e-06 2.6165625000e+02 2.6769708252e+02 2.6996575928e+02 9.6113055420e+02
5.1587198868e-06 2.6118750000e+02 2.6922796631e+02 2.7552310181e+02 9.6143511963e+02
5.1683200581e-06 2.6243750000e+02 2.7016339111e+02 2.7472509766e+02 9.6172045898e+02
5.1779197747e-06 2.6268750000e+02 2.6738061523e+02 2.6992193604e+02 9.6197448730e+02
5.1875199460e-06 2.6287500000e+02 2.6916528320e+02 2.7702914429e+02 9.6229907227e+02
5.1971201174e-06 2.6306250000e+02 2.6888854980e+02 2.7577590942e+02 9.6260778809e+02
5.2067198340e-06 2.6053125000e+02 2.6752908325e+02 2.7134838867e+02 9.6287634277e+02
5.2163200053e-06 2.5753125000e+02 2.6782162476e+02 2.7365588379e+02 9.6317083740e+02
5.2259201766e-06 2.5987500000e+02 2.6917495728e+02 2.7666775513e+02 9.6348693848e+02
5.2355198932e-06 2.6362500000e+02 2.6696649170e+02 2.7168908691e+02 9.6376556396e+02
5.2451200645e-06 2.6203125000e+02 2.6693942261e+02 2.7255343628e+02 9.6406182861e+02
5.2547197811e-06 2.6075000000e+02 2.6689312744e+02 2.7198837280e+02 9.6434381104e+02
5.2643199524e-06 2.6131250000e+02 2.6621615601e+02 2.7077975464e+02 9.6461877441e+02
5.2739201237e-06 2.5784375000e+02 2.6515802002e+02 2.6809414673e+02 9.6487268066e+02
5.2835198403e-06 2.5615625000e+02 2.6722106934e+02 2.7465881348e+02 9.6518359375e+02
5.2931200116e-06 2.5753125000e+02 2.6693545532e+02 2.7503872681e+02 9.6550390625e+02
5.3027201830e-06 2.5975000000e+02 2.6763879395e+02 2.7778259277e+02 9.6585552979e+02
5.3123198995e-06 2.6071875000e+02 2.6485205078e+02 2.6817520142e+02 9.6611065674e+02
5.3219200709e-06 2.5700000000e+02 2.6577786255e+02 2.7261721802e+02 9.6641229248e+02
5.3315197874e-06 2.5996875000e+02 2.6498788452e+02 2.7055972290e+02 9.6669708252e+02
5.3411199588e-06 2.5887500000e+02 2.6586239624e+02 2.7399191284e+02 9.6701715088e+02
5.3507201301e-06 2.6031250000e+02 2.6423223877e+02 2.6774411011e+02 9.6727258301e+02
5.3603198467e-06 2.5678125000e+02 2.6506704712e+02 2.7202548218e+02 9.6758129883e+02
5.3699200180e-06 2.5884375000e+02 2.6432302856e+02 2.6941403198e+02 9.6785595703e+02
5.3795201893e-06 2.6153125000e+02 2.6363851929e+02 2.6807861328e+02 9.6812176514e+02
5.3891199059e-06 2.5484375000e+02 2.6339031982e+02 2.6825738525e+02 9.6839825439e+02
5.3987200772e-06 2.5412500000e+02 2.6239892578e+02 2.6536691284e+02 9.6864453125e+02
5.4083197938e-06 2.5728125000e+02 2.6322909546e+02 2.6828662109e+02 9.6891705322e+02
5.4179199651e-06 2.5612500000e+02 2.6380389404e+02 2.6920068359e+02 9.6919390869e+02
5.4275201364e-06 2.5609375000e+02 2.6444720459e+02 2.7094500732e+02 9.6948571777e+02
5.4371198530e-06 2.5881250000e+02 2.6320150757e+02 2.6991070557e+02 9.6977929688e+02
5.4467200243e-06 2.5681250000e+02 2.6323651123e+02 2.7011422729e+02 9.7008374023e+02
5.4563201957e-06 2.5937500000e+02 2.6426290894e+02 2.7348574829e+02 9.7040734863e+02
5.4659199122e-06 2.5828125000e+02 2.6152853394e+02 2.6546212769e+02 9.7067224121e+02
5.4755200836e-06 2.5671875000e+02 2.6251440430e+02 2.6863037109e+02 9.7095404053e+02
5.4851198001e-06 2.5453125000e+02 2.6155548096e+02 2.6625430298e+02 9.7121679688e+02
5.4947199715e-06 2.5540625000e+02 2.6193066406e+02 2.6861120605e+02 9.7150860596e+02
5.5043201428e-06 2.5700000000e+02 2.6099322510e+02 2.6420504761e+02 9.7175152588e+02
5.5139198594e-06 2.5521875000e+02 2.6234463501e+02 2.6886575317e+02 9.7203741455e+02
5.5235200307e-06 2.5712500000e+02 2.6098138428e+02 2.6643569946e+02 9.7230816650e+02
5.5331202020e-06 2.5509375000e+02 2.6133493042e+02 2.6710623169e+02 9.7258251953e+02
5.5427199186e-06 2.5900000000e+02 2.5993185425e+02 2.6445852661e+02 9.7284326172e+02
5.5523200899e-06 2.5359375000e+02 2.6116217041e+02 2.6871069336e+02 9.7314154053e+02
5.5619198065e-06 2.5687500000e+02 2.6131961060e+02 2.6802896118e+02 9.7342681885e+02
5.5715199778e-06 2.5346875000e+02 2.6040539551e+02 2.6547116089e+02 9.7369012451e+02
5.5811201491e-06 2.5346875000e+02 2.6011563110e+02 2.6533593750e+02 9.7395458984e+02
5.5907198657e-06 2.5475000000e+02 2.6055337524e+02 2.6713223267e+02 9.7423638916e+02
5.6003200370e-06 2.5346875000e+02 2.5865936279e+02 2.6300408936e+02 9.7449121094e+02
5.6099202084e-06 2.5534375000e+02 2.6042254639e+02 2.6259725952e+02 9.7472399902e+02
5.6195199249e-06 2.5456250000e+02 2.5843670654e+02 2.6291424561e+02 9.7497729492e+02
5.6291200963e-06 2.5496875000e+02 2.5753271484e+02 2.6076638794e+02 9.7521594238e+02
5.6387198129e-06 2.5031250000e+02 2.5804934692e+02 2.6110565186e+02 9.7544970703e+02
5.6483199842e-06 2.5153125000e+02 2.5764306641e+02 2.6173413086e+02 9.7569689941e+02
5.6579201555e-06 2.5515625000e+02 2.5795892334e+02 2.6177407837e+02 9.7593969727e+02
5.6675198721e-06 2.5078125000e+02 2.5927902222e+02 2.6514978027e+02 9.7621087646e+02
5.6771200434e-06 2.5512500000e+02 2.5795098877e+02 2.6360903931e+02 9.7647662354e+02
5.6867202147e-06 2.5356250000e+02 2.5634954834e+02 2.5959561157e+02 9.7671252441e+02
5.6963199313e-06 2.5109375000e+02 2.5621041870e+02 2.5937432861e+02 9.7694506836e+02
5.7059201026e-06 2.4984375000e+02 2.5600320435e+02 2.5935275269e+02 9.7718353271e+02
5.7155198192e-06 2.5459375000e+02 2.5815777588e+02 2.6475799561e+02 9.7746057129e+02
5.7251199905e-06 2.5146875000e+02 2.5523997498e+02 2.5658996582e+02 9.7766717529e+02
5.7347201619e-06 2.5006250000e+02 2.5629971313e+02 2.6073706055e+02 9.7791430664e+02
5.7443198784e-06 2.5056250000e+02 2.5708666992e+02 2.5854956055e+02 9.7813067627e+02
5.7539200498e-06 2.4984375000e+02 2.5542735291e+02 2.5901461792e+02 9.7836596680e+02
5.7635202211e-06 2.5059375000e+02 2.5807519531e+02 2.6363000488e+02 9.7863287354e+02
5.7731199377e-06 2.5296875000e+02 2.5453021240e+02 2.5683505249e+02 9.7885015869e+02
5.7827201090e-06 2.5025000000e+02 2.5533399963e+02 2.6053814697e+02 9.7910827637e+02
5.7923198256e-06 2.5206250000e+02 2.5457269287e+02 2.5847451782e+02 9.7934716797e+02
5.8019199969e-06 2.5103125000e+02 2.5600354004e+02 2.6125787354e+02 9.7960351562e+02
5.8115201682e-06 2.5125000000e+02 2.5446337891e+02 2.5659887695e+02 9.7981866455e+02
5.8211198848e-06 2.4806250000e+02 2.5396765137e+02 2.5711239624e+02 9.8004510498e+02
5.8307200561e-06 2.5265625000e+02 2.5617712402e+02 2.6048025513e+02 9.8029278564e+02
5.8403197727e-06 2.5262500000e+02 2.5392013550e+02 2.5805493164e+02 9.8053161621e+02
5.8499199440e-06 2.4987500000e+02 2.5297325134e+02 2.5550112915e+02 9.8074859619e+02
5.8595201153e-06 2.5087500000e+02 2.5459896851e+02 2.6085339355e+02 9.8101483154e+02
5.8691198319e-06 2.5050000000e+02 2.5381936646e+02 2.5805468750e+02 9.8125378418e+02
5.8787200032e-06 2.4978125000e+02 2.5219531250e+02 2.5475653076e+02 9.8147613525e+02
5.8883201746e-06 2.4953125000e+02 2.5379562378e+02 2.5871630859e+02 9.8172351074e+02
5.8979198911e-06 2.4565625000e+02 2.5508720398e+02 2.6235964966e+02 9.8200244141e+02
5.9075200625e-06 2.5078125000e+02 2.5236073303e+02 2.5638906860e+02 9.8223803711e+02
5.9171197790e-06 2.5303125000e+02 2.5310099792e+02 2.5878134155e+02 9.8250280762e+02
5.9267199504e-06 2.4831250000e+02 2.5158821106e+02 2.5424293518e+02 9.8271765137e+02
5.9363201217e-06 2.5028125000e+02 2.5304365540e+02 2.5964022827e+02 9.8298760986e+02
5.9459198383e-06 2.4468750000e+02 2.5107823181e+02 2.5401130676e+02 9.8320697021e+02
5.9555200096e-06 2.4784375000e+02 2.5112060547e+02 2.5456892395e+02 9.8343530273e+02
5.9651201809e-06 2.4796875000e+02 2.5199255371e+02 2.5752307129e+02 9.8369213867e+02
5.9747198975e-06 2.4775000000e+02 2.4941510010e+02 2.5012780762e+02 9.8388043213e+02
5.9843200688e-06 2.4743750000e+02 2.5091543579e+02 2.5360923767e+02 9.8409375000e+02
5.9939197854e-06 2.5078125000e+02 2.5006227112e+02 2.5203541565e+02 9.8429669189e+02
6.0035199567e-06 2.4934375000e+02 2.5171408081e+02 2.5800729370e+02 9.8455804443e+02
6.0131201280e-06 2.4715625000e+02 2.5054766846e+02 2.5322688293e+02 9.8477044678e+02
6.0227198446e-06 2.4334375000e+02 2.5006115723e+02 2.5396740723e+02 9.8500183105e+02
6.0323200159e-06 2.4346875000e+02 2.4987687683e+02 2.5332179260e+02 9.8522308350e+02
6.0419201873e-06 2.4737500000e+02 2.4871434021e+02 2.5008543396e+02 9.8541625977e+02
6.0515199038e-06 2.4893750000e+02 2.4926864624e+02 2.5253244019e+02 9.8564166260e+02
6.0611200752e-06 2.4584375000e+02 2.5107846069e+02 2.5801770020e+02 9.8590875244e+02
6.0707197918e-06 2.4831250000e+02 2.4899676514e+02 2.5154795837e+02 9.8611627197e+02
6.0803199631e-06 2.4625000000e+02 2.4926875305e+02 2.5282414246e+02 9.8633691406e+02
6.0899201344e-06 2.4306250000e+02 2.5004858398e+02 2.5597996521e+02 9.8658929443e+02
6.0995198510e-06 2.4790625000e+02 2.4798205566e+02 2.5042144775e+02 9.8680181885e+02
6.1091200223e-06 2.4309375000e+02 2.4862803650e+02 2.5127996826e+02 9.8700970459e+02
6.1187201936e-06 2.4856250000e+02 2.4904049683e+02 2.5292994690e+02 9.8723382568e+02
6.1283199102e-06 2.4293750000e+02 2.4803744507e+02 2.5173783875e+02 9.8745605469e+02
6.1379200815e-06 2.4790625000e+02 2.4706376648e+02 2.4922889709e+02 9.8765747070e+02
6.1475197981e-06 2.4453125000e+02 2.4694790649e+02 2.4919332886e+02 9.8785931396e+02
6.1571199694e-06 2.4646875000e+02 2.4618518066e+02 2.4740631104e+02 9.8804943848e+02
6.1667201408e-06 2.4362500000e+02 2.4557849121e+02 2.4544909668e+02 9.8821759033e+02
6.1763198573e-06 2.4365625000e+02 2.4734515381e+02 2.5152095032e+02 9.8844592285e+02
6.1859200287e-06 2.4315625000e+02 2.4625984192e+02 2.4862298584e+02 9.8865252686e+02
6.1955202000e-06 2.4290625000e+02 2.4623899841e+02 2.4886087036e+02 9.8885821533e+02
6.2051199166e-06 2.4250000000e+02 2.4551812744e+02 2.4489501953e+02 9.8902008057e+02
6.2147200879e-06 2.4143750000e+02 2.4668792725e+02 2.4927468872e+02 9.8922412109e+02
6.2243198045e-06 2.3971875000e+02 2.4542996216e+02 2.4748361206e+02 9.8942108154e+02
6.2339199758e-06 2.4350000000e+02 2.4437777710e+02 2.4317718506e+02 9.8957360840e+02
6.2435201471e-06 2.4337500000e+02 2.4476200867e+02 2.4633580017e+02 9.8976483154e+02
6.2531198637e-06 2.4293750000e+02 2.4542776489e+02 2.4789411926e+02 9.8996563721e+02
6.2627200350e-06 2.4162500000e+02 2.4491412354e+02 2.4671951294e+02 9.9015728760e+02
6.2723202063e-06 2.4484375000e+02 2.4484083557e+02 2.4709553528e+02 9.9035473633e+02
6.2819199229e-06 2.4253125000e+02 2.4668058777e+02 2.5150228882e+02 9.9060943604e+02
6.2915200942e-06 2.4596875000e+02 2.4339926147e+02 2.4313066101e+02 9.9077178955e+02
6.3011198108e-06 2.4171875000e+02 2.4450140381e+02 2.4756483459e+02 9.9098474121e+02
6.3107199821e-06 2.4287500000e+02 2.4428669739e+02 2.4663447571e+02 9.9118188477e+02
6.3203201535e-06 2.4196875000e+02 2.4536004639e+02 2.4833233643e+02 9.9138903809e+02
6.3299198700e-06 2.4165625000e+02 2.4275685120e+02 2.4352311707e+02 9.9156738281e+02
6.3395200414e-06 2.4100000000e+02 2.4354243469e+02 2.4528913879e+02 9.9175561523e+02
6.3491202127e-06 2.4293750000e+02 2.4311251831e+02 2.4511167908e+02 9.9194830322e+02
6.3587199293e-06 2.3906250000e+02 2.4343795776e+02 2.4613342285e+02 9.9214910889e+02
6.3683201006e-06 2.4228125000e+02 2.4149253845e+02 2.4062377930e+02 9.9230108643e+02
6.3779198172e-06 2.3903125000e+02 2.4264151001e+02 2.4369226074e+02 9.9247900391e+02
6.3875199885e-06 2.4284375000e+02 2.4132800293e+02 2.4132489014e+02 9.9264440918e+02
6.3971201598e-06 2.4062500000e+02 2.4245443726e+02 2.4489840698e+02 9.9284234619e+02
6.4067198764e-06 2.4234375000e+02 2.4231047058e+02 2.4486788940e+02 9.9304406738e+02
6.4163200477e-06 2.3809375000e+02 2.4174679565e+02 2.4135543823e+02 9.9320275879e+02
6.4259202190e-06 2.4265625000e+02 2.4141508484e+02 2.4255441284e+02 9.9338085938e+02
6.4355199356e-06 2.4000000000e+02 2.4233752441e+02 2.4580865479e+02 9.9359124756e+02
6.4451201069e-06 2.4053125000e+02 2.4179994202e+02 2.4354873657e+02 9.9377667236e+02
6.4547198235e-06 2.4443750000e+02 2.4169519043e+02 2.4423564148e+02 9.9397253418e+02
6.4643199948e-06 2.4053125000e+02 2.4035208130e+02 2.3996734619e+02 9.9412847900e+02
6.4739201662e-06 2.3884375000e+02 2.4110372925e+02 2.4167845154e+02 9.9429815674e+02
6.4835198827e-06 2.3925000000e+02 2.4127482605e+02 2.4443730164e+02 9.9450433350e+02
6.4931200541e-06 2.3896875000e+02 2.3910217285e+02 2.3795281982e+02 9.9464898682e+02
6.5027202254e-06 2.4040625000e+02 2.4111589050e+02 2.4213185120e+02 9.9482476807e+02
6.5123199420e-06 2.4109375000e+02 2.4070539856e+02 2.4263024902e+02 9.9501074219e+02
6.5219201133e-06 2.3925000000e+02 2.4090829468e+02 2.4264816284e+02 9.9519494629e+02
6.5315198299e-06 2.3793750000e+02 2.3840206909e+02 2.3759797668e+02 9.9534448242e+02
6.5411200012e-06 2.3871875000e+02 2.3979142761e+02 2.4182661438e+02 9.9553186035e+02
6.5507201725e-06 2.3975000000e+02 2.3948532104e+02 2.4101800537e+02 9.9571160889e+02
6.5603198891e-06 2.3793750000e+02 2.3787303162e+02 2.3572900391e+02 9.9584130859e+02
6.5699200604e-06 2.3925000000e+02 2.4015747070e+02 2.4374441528e+02 9.9604870605e+02
6.5795197770e-06 2.3956250000e+02 2.3843881226e+02 2.3943385315e+02 9.9622290039e+02
6.5891199483e-06 2.4093750000e+02 2.4000270081e+02 2.4314328003e+02 9.9642315674e+02
6.5987201197e-06 2.3931250000e+02 2.3817333984e+02 2.3927545166e+02 9.9659790039e+02
6.6083198362e-06 2.3909375000e+02 2.3881587219e+02 2.4128904724e+02 9.9678948975e+02
6.6179200076e-06 2.3850000000e+02 2.3849592590e+02 2.4058705139e+02 9.9697521973e+02
6.6275201789e-06 2.3640625000e+02 2.3737219238e+02 2.3790742493e+02 9.9714154053e+02
6.6371198955e-06 2.3712500000e+02 2.3802398682e+02 2.3955541992e+02 9.9731842041e+02
6.6467200668e-06 2.3690625000e+02 2.3735398865e+02 2.3830068970e+02 9.9749511719e+02
6.6563197834e-06 2.3496875000e+02 2.3644041443e+02 2.3607118225e+02 9.9764709473e+02
6.6659199547e-06 2.3962500000e+02 2.3710244751e+02 2.3757038879e+02 9.9780853271e+02
6.6755201260e-06 2.3843750000e+02 2.3671960449e+02 2.3701490784e+02 9.9796752930e+02
6.6851198426e-06 2.3650000000e+02 2.3714465332e+02 2.3911485291e+02 9.9815283203e+02
6.6947200139e-06 2.3775000000e+02 2.3689591980e+02 2.3782429504e+02 9.9833557129e+02
6.7043201852e-06 2.3684375000e+02 2.3699328613e+02 2.3923242188e+02 9.9852221680e+02
6.7139199018e-06 2.3231250000e+02 2.3400964355e+02 2.3104592896e+02 9.9864154053e+02
6.7235200731e-06 2.3500000000e+02 2.3834671021e+02 2.4217840576e+02 9.9886901855e+02
6.7331193350e-06 2.3928125000e+02 2.3609822083e+02 2.3680630493e+02 9.9904681396e+02
6.7427199610e-06 2.3390625000e+02 2.3500872803e+02 2.3472973633e+02 9.9919744873e+02
6.7523201324e-06 2.3525000000e+02 2.3588131714e+02 2.3701425171e+02 9.9936529541e+02
6.7619198489e-06 2.3668750000e+02 2.3609259033e+02 2.3843942261e+02 9.9955126953e+02
6.7715200203e-06 2.3471875000e+02 2.3453704834e+02 2.3376402283e+02 9.9969256592e+02
6.7811201916e-06 2.3681250000e+02 2.3424583435e+02 2.3337083435e+02 9.9984423828e+02
6.7907199082e-06 2.3537500000e+02 2.3595668030e+02 2.3888551331e+02 1.0000366821e+03
6.8003200795e-06 2.3678125000e+02 2.3484515381e+02 2.3587243652e+02 1.0002022095e+03
6.8099197961e-06 2.3571875000e+02 2.3541734314e+02 2.3743595886e+02 1.0003800659e+03
6.8195199674e-06 2.3715625000e+02 2.3470173645e+02 2.3630648804e+02 1.0005568237e+03
6.8291201387e-06 2.3587500000e+02 2.3405020142e+02 2.3436096191e+02 1.0007112427e+03
6.8387198553e-06 2.3706250000e+02 2.3383607483e+02 2.3438978577e+02 1.0008704834e+03
6.8483200266e-06 2.3484375000e+02 2.3314378357e+02 2.3216281128e+02 1.0010065308e+03
6.8579201979e-06 2.3784375000e+02 2.3345620728e+02 2.3392518616e+02 1.0011680298e+03
6.8675199145e-06 2.3437500000e+02 2.3418495178e+02 2.3579055786e+02 1.0013386841e+03
6.8771200858e-06 2.3268750000e+02 2.3368728638e+02 2.3491917419e+02 1.0015045166e+03
6.8867198024e-06 2.3265625000e+02 2.3221463013e+02 2.3099943542e+02 1.0016366577e+03
6.8963199737e-06 2.3356250000e+02 2.3272492981e+02 2.3306243896e+02 1.0017943115e+03
6.9059201451e-06 2.3475000000e+02 2.3333795166e+02 2.3448257446e+02 1.0019574585e+03
6.9155194069e-06 2.3175000000e+02 2.3367803955e+02 2.3635670471e+02 1.0021448364e+03
6.9251200330e-06 2.3087500000e+02 2.3359515381e+02 2.3607159424e+02 1.0023256836e+03
6.9347197496e-06 2.3065625000e+02 2.3267663574e+02 2.3223979187e+02 1.0024663696e+03
6.9443199209e-06 2.3393750000e+02 2.3224060059e+02 2.3302966309e+02 1.0026307983e+03
6.9539200922e-06 2.3215625000e+02 2.3332012939e+02 2.3648464966e+02 1.0028242188e+03
6.9635198088e-06 2.3243750000e+02 2.3326364136e+02 2.3582980347e+02 1.0030040283e+03
6.9731199801e-06 2.3062500000e+02 2.3209349060e+02 2.3343968201e+02 1.0031686401e+03
6.9827201514e-06 2.3331250000e+02 2.3204364014e+02 2.3354118347e+02 1.0033345947e+03
6.9923198680e-06 2.3171875000e+02 2.3099839783e+02 2.3104563904e+02 1.0034839478e+03
7.0019200393e-06 2.3159375000e+02 2.3142044067e+02 2.3252336121e+02 1.0036461792e+03
7.0115202107e-06 2.3112500000e+02 2.3037953186e+02 2.2896348572e+02 1.0037700806e+03
7.0211199272e-06 2.3112500000e+02 2.3187351990e+02 2.3436860657e+02 1.0039529419e+03
7.0307200986e-06 2.3137500000e+02 2.3184646606e+02 2.3447592163e+02 1.0041328735e+03
7.0403198151e-06 2.3384375000e+02 2.3188066101e+02 2.3402481079e+02 1.0043214722e+03
7.0499199865e-06 2.3284375000e+02 2.2992359924e+02 2.2967028809e+02 1.0044623413e+03
7.0595201578e-06 2.3259375000e+02 2.2891754150e+02 2.2710226440e+02 1.0045862427e+03
7.0691198744e-06 2.3056250000e+02 2.2945378113e+02 2.2872650146e+02 1.0047185669e+03
7.0787200457e-06 2.3246875000e+02 2.2952139282e+02 2.2940875244e+02 1.0048647461e+03
7.0883202170e-06 2.3000000000e+02 2.2772671509e+02 2.2467500305e+02 1.0049703369e+03
7.0979194788e-06 2.3012500000e+02 2.2831277466e+02 2.2653770447e+02 1.0050887451e+03
7.1075201049e-06 2.2665625000e+02 2.2845977783e+02 2.2724235535e+02 1.0052144775e+03
7.1171198215e-06 2.3368750000e+02 2.2817926025e+02 2.2686256409e+02 1.0053407593e+03
7.1267199928e-06 2.2868750000e+02 2.2770742798e+02 2.2581951904e+02 1.0054585571e+03
7.1363201641e-06 2.3218750000e+02 2.2829776001e+02 2.2716448975e+02 1.0055974731e+03
7.1459198807e-06 2.2843750000e+02 2.2749508667e+02 2.2540934753e+02 1.0057208862e+03
7.1555200520e-06 2.2981250000e+02 2.2789968872e+02 2.2698719788e+02 1.0058486938e+03
7.1651202234e-06 2.2950000000e+02 2.2678717041e+02 2.2416847229e+02 1.0059530640e+03
7.1747199399e-06 2.2615625000e+02 2.2678691101e+02 2.2471151733e+02 1.0060688477e+03
7.1843201113e-06 2.2890625000e+02 2.2682035828e+02 2.2509867859e+02 1.0061893921e+03
7.1939198278e-06 2.2946875000e+02 2.2681622314e+02 2.2422991943e+02 1.0062916260e+03
7.2035199992e-06 2.3025000000e+02 2.2679522705e+02 2.2561343384e+02 1.0064175415e+03
7.2131201705e-06 2.2950000000e+02 2.2478507996e+02 2.2027223206e+02 1.0064981079e+03
7.2227198871e-06 2.2793750000e+02 2.2737908936e+02 2.2731872559e+02 1.0066492310e+03
7.2323200584e-06 2.2412500000e+02 2.2720306396e+02 2.2751678467e+02 1.0067997437e+03
7.2419197750e-06 2.2587500000e+02 2.2662799072e+02 2.2613571167e+02 1.0069395752e+03
7.2515199463e-06 2.2568750000e+02 2.2601463318e+02 2.2480921936e+02 1.0070623779e+03
7.2611201176e-06 2.2703125000e+02 2.2618612671e+02 2.2557397461e+02 1.0071981201e+03
7.2707198342e-06 2.2987500000e+02 2.2541571045e+02 2.2376925659e+02 1.0073161621e+03
7.2803200055e-06 2.2409375000e+02 2.2490527344e+02 2.2234242249e+02 1.0074177856e+03
7.2899201768e-06 2.2587500000e+02 2.2577920532e+02 2.2529228210e+02 1.0075547485e+03
7.2995198934e-06 2.3018750000e+02 2.2423132324e+02 2.2124247742e+02 1.0076517944e+03
7.3091200647e-06 2.2768750000e+02 2.2450300598e+02 2.2218608093e+02 1.0077653198e+03
7.3187197813e-06 2.2850000000e+02 2.2441191101e+02 2.2236033630e+02 1.0078748169e+03
7.3283199526e-06 2.2790625000e+02 2.2420516968e+02 2.2212422180e+02 1.0079868774e+03
7.3379201240e-06 2.2737500000e+02 2.2333274841e+02 2.1966122437e+02 1.0080830078e+03
7.3475198406e-06 2.2793750000e+02 2.2376770020e+02 2.2149339294e+02 1.0081901245e+03
7.3571200119e-06 2.2646875000e+02 2.2294068909e+02 2.1946759033e+02 1.0082824097e+03
7.3667201832e-06 2.2587500000e+02 2.2407319641e+02 2.2293862915e+02 1.0084038086e+03
7.3763198998e-06 2.2565625000e+02 2.2369937134e+02 2.2219854736e+02 1.0085209961e+03
7.3859200711e-06 2.2743750000e+02 2.2467254639e+02 2.2421977234e+02 1.0086667480e+03
7.3955197877e-06 2.2468750000e+02 2.2244540405e+02 2.1906098938e+02 1.0087631836e+03
7.4051199590e-06 2.2946875000e+02 2.2211215210e+02 2.1856210327e+02 1.0088544312e+03
7.4147201303e-06 2.2290625000e+02 2.2154998779e+02 2.1733599854e+02 1.0089343872e+03
7.4243198469e-06 2.2625000000e+02 2.2249807739e+02 2.2030374146e+02 1.0090404663e+03
7.4339200182e-06 2.2462500000e+02 2.2231475830e+02 2.2005230713e+02 1.0091479492e+03
7.4435201896e-06 2.2821875000e+02 2.2304010010e+02 2.2240885925e+02 1.0092731934e+03
7.4531199061e-06 2.2656250000e+02 2.2223982239e+02 2.2009304810e+02 1.0093872681e+03
7.4627200775e-06 2.2731250000e+02 2.2045205688e+02 2.1563903809e+02 1.0094608154e+03
7.4723197940e-06 2.2668750000e+02 2.2120158386e+02 2.1812677002e+02 1.0095554810e+03
7.4819199654e-06 2.2346875000e+02 2.2127038574e+02 2.1858526611e+02 1.0096563721e+03
7.4915201367e-06 2.2296875000e+02 2.2099569702e+02 2.1685337830e+02 1.0097521973e+03
7.5011198533e-06 2.2318750000e+02 2.2086946106e+02 2.1812300110e+02 1.0098488159e+03
7.5107200246e-06 2.2331250000e+02 2.2059387207e+02 2.1752954102e+02 1.0099449463e+03
7.5203201959e-06 2.2196875000e+02 2.2052780151e+02 2.1732583618e+02 1.0100435791e+03
7.5299199125e-06 2.2175000000e+02 2.1965621948e+02 2.1461187744e+02 1.0101231689e+03
7.5395200838e-06 2.2456250000e+02 2.1885276794e+02 2.1336108398e+02 1.0101887817e+03
7.5491198004e-06 2.2181250000e+02 2.1965090942e+02 2.1598941040e+02 1.0102775879e+03
7.5587199717e-06 2.2534375000e+02 2.1899209595e+02 2.1468714905e+02 1.0103511353e+03
7.5683201430e-06 2.2234375000e+02 2.2045565796e+02 2.1827186584e+02 1.0104666138e+03
7.5779198596e-06 2.2340625000e+02 2.1815420532e+02 2.1249671936e+02 1.0105303955e+03
7.5875200309e-06 2.2415625000e+02 2.1843774414e+02 2.1386264038e+02 1.0106048584e+03
7.5971202023e-06 2.2550000000e+02 2.1977690125e+02 2.1739907837e+02 1.0107156372e+03
7.6067199188e-06 2.2362500000e+02 2.1981729126e+02 2.1815470886e+02 1.0108316650e+03
7.6163200902e-06 2.2112500000e+02 2.1879104614e+02 2.1437080383e+02 1.0109219971e+03
7.6259198067e-06 2.2350000000e+02 2.1908291626e+02 2.1713862610e+02 1.0110230713e+03
7.6355199781e-06 2.2121875000e+02 2.1709898376e+02 2.1146115112e+02 1.0110834961e+03
7.6451196946e-06 2.2362500000e+02 2.1751034546e+02 2.1304290771e+02 1.0111576538e+03
7.6547203207e-06 2.2421875000e+02 2.1795074463e+02 2.1423294067e+02 1.0112465820e+03
7.6643200373e-06 2.2168750000e+02 2.1806181335e+02 2.1498588562e+02 1.0113421631e+03
7.6739197539e-06 2.1971875000e+02 2.1680332947e+02 2.1197431946e+02 1.0114105225e+03
7.6835203799e-06 2.2225000000e+02 2.1697326660e+02 2.1292974854e+02 1.0114863892e+03
7.6931200965e-06 2.1987500000e+02 2.1645776367e+02 2.1101084900e+02 1.0115535278e+03
7.7027198131e-06 2.2443750000e+02 2.1757801819e+02 2.1341169739e+02 1.0116473389e+03
7.7123204392e-06 2.2293750000e+02 2.1388940430e+02 2.0494955444e+02 1.0116603394e+03
7.7219201557e-06 2.1915625000e+02 2.1561727905e+02 2.0976789856e+02 1.0117195435e+03
7.7315198723e-06 2.2193750000e+02 2.1548190308e+02 2.1014445496e+02 1.0117796631e+03
7.7411195889e-06 2.2021875000e+02 2.1514794922e+02 2.0834265137e+02 1.0118327637e+03
7.7507202150e-06 2.2112500000e+02 2.1612933350e+02 2.1138616943e+02 1.0119138184e+03
7.7603199315e-06 2.1656250000e+02 2.1430474854e+02 2.0784378052e+02 1.0119571533e+03
7.7699196481e-06 2.2156250000e+02 2.1540005493e+02 2.1021693420e+02 1.0120294189e+03
7.7795202742e-06 2.1803125000e+02 2.1547860718e+02 2.1025418091e+02 1.0121052246e+03
7.7891199908e-06 2.2134375000e+02 2.1635249329e+02 2.1308088684e+02 1.0122064819e+03
7.7987197074e-06 2.2143750000e+02 2.1732464600e+02 2.1601937866e+02 1.0123346558e+03
7.8083203334e-06 2.2456250000e+02 2.1560046387e+02 2.1138034058e+02 1.0124235229e+03
7.8179200500e-06 2.1993750000e+02 2.1314974976e+02 2.0534465027e+02 1.0124586792e+03
7.8275197666e-06 2.1862500000e+02 2.1456541443e+02 2.1009501648e+02 1.0125343628e+03
7.8371203927e-06 2.1946875000e+02 2.1455825806e+02 2.1076327515e+02 1.0126146240e+03
7.8467201092e-06 2.1671875000e+02 2.1195260620e+02 2.0344479370e+02 1.0126341553e+03
7.8563198258e-06 2.2215625000e+02 2.1401809692e+02 2.0997065735e+02 1.0127095337e+03
7.8659204519e-06 2.1918750000e+02 2.1382955933e+02 2.0738047791e+02 1.0127739258e+03
7.8755201685e-06 2.1934375000e+02 2.1358847046e+02 2.0872979736e+02 1.0128447266e+03
7.8851198850e-06 2.1834375000e+02 2.1284053040e+02 2.0705928040e+02 1.0129014893e+03
7.8947196016e-06 2.1753125000e+02 2.1273878479e+02 2.0616467285e+02 1.0129558105e+03
7.9043202277e-06 2.1634375000e+02 2.1226226807e+02 2.0606697083e+02 1.0130064697e+03
7.9139199443e-06 2.1990625000e+02 2.1118057251e+02 2.0269036865e+02 1.0130321045e+03
7.9235196608e-06 2.1903125000e+02 2.1183273315e+02 2.0519787598e+02 1.0130794067e+03
7.9331202869e-06 2.2003125000e+02 2.1218461609e+02 2.0660148621e+02 1.0131397095e+03
7.9427200035e-06 2.1759375000e+02 2.1155847168e+02 2.0536964417e+02 1.0131894531e+03
7.9523197201e-06 2.1587500000e+02 2.1293197632e+02 2.0950823975e+02 1.0132767944e+03
7.9619203461e-06 2.1640625000e+02 2.1212619019e+02 2.0766567993e+02 1.0133484497e+03
7.9715200627e-06 2.1815625000e+02 2.1030047607e+02 2.0286437988e+02 1.0133792725e+03
7.9811197793e-06 2.1771875000e+02 2.1201669312e+02 2.0812930298e+02 1.0134567871e+03
7.9907204054e-06 2.1534375000e+02 2.1106024170e+02 2.0469418335e+02 1.0135098877e+03
8.0003201219e-06 2.1862500000e+02 2.0915231323e+02 1.9864334106e+02 1.0135153198e+03
8.0099198385e-06 2.1896875000e+02 2.1228414917e+02 2.0865457153e+02 1.0136062622e+03
8.0195195551e-06 2.1528125000e+02 2.0993493652e+02 2.0231483459e+02 1.0136431885e+03
8.0291201812e-06 2.1537500000e+02 2.0939332581e+02 2.0189477539e+02 1.0136746216e+03
8.0387198977e-06 2.1337500000e+02 2.0921162415e+02 2.0095233154e+02 1.0137020874e+03
8.0483196143e-06 2.1496875000e+02 2.0816177368e+02 1.9905909729e+02 1.0137115479e+03
8.0579202404e-06 2.1793750000e+02 2.0822305298e+02 1.9923567200e+02 1.0137254028e+03
8.0675199570e-06 2.1596875000e+02 2.0893180847e+02 2.0173406982e+02 1.0137617188e+03
8.0771196735e-06 2.1546875000e+02 2.0607803345e+02 1.9488587952e+02 1.0137362671e+03
8.0867202996e-06 2.1778125000e+02 2.0914718628e+02 2.0094476318e+02 1.0137756348e+03
8.0963200162e-06 2.1246875000e+02 2.0979866028e+02 2.0511344910e+02 1.0138460083e+03
8.1059197328e-06 2.1578125000e+02 2.0975946045e+02 2.0222767639e+02 1.0139014893e+03
8.1155203588e-06 2.1721875000e+02 2.0758901978e+02 1.9941572571e+02 1.0139246826e+03
8.1251200754e-06 2.1521875000e+02 2.0847937012e+02 2.0139463806e+02 1.0139695435e+03
8.1347197920e-06 2.1325000000e+02 2.0841729736e+02 1.9974626160e+02 1.0140062866e+03
8.1443204181e-06 2.1356250000e+02 2.0614526367e+02 1.9747169495e+02 1.0140120850e+03
8.1539201346e-06 2.1675000000e+02 2.0668286133e+02 1.9921340942e+02 1.0140349731e+03
8.1635198512e-06 2.1312500000e+02 2.0719042969e+02 1.9881686401e+02 1.0140633545e+03
8.1731195678e-06 2.1581250000e+02 2.0768957520e+02 2.0047351074e+02 1.0141076660e+03
8.1827201939e-06 2.1378125000e+02 2.0826417542e+02 2.0222042847e+02 1.0141689453e+03
8.1923199104e-06 2.1456250000e+02 2.0568218994e+02 1.9627757263e+02 1.0141762695e+03
8.2019196270e-06 2.1690625000e+02 2.0691128540e+02 1.9896084595e+02 1.0142119751e+03
8.2115202531e-06 2.1359375000e+02 2.0672735596e+02 1.9906182861e+02 1.0142489014e+03
8.2211199697e-06 2.1428125000e+02 2.0716687012e+02 1.9970065308e+02 1.0142951050e+03
8.2307196863e-06 2.1362500000e+02 2.0321441650e+02 1.9157627869e+02 1.0142635498e+03
8.2403203123e-06 2.1506250000e+02 2.0422760010e+02 1.9574655151e+02 1.0142666016e+03
8.2499200289e-06 2.1381250000e+02 2.0483532715e+02 1.9623103333e+02 1.0142806396e+03
8.2595197455e-06 2.1562500000e+02 2.0619018555e+02 1.9689585876e+02 1.0143114624e+03
8.2691203716e-06 2.0965625000e+02 2.0479106140e+02 1.9517683411e+02 1.0143236694e+03
8.2787200881e-06 2.1228125000e+02 2.0528634644e+02 1.9654389954e+02 1.0143502197e+03
8.2883198047e-06 2.1500000000e+02 2.0527235413e+02 1.9744458008e+02 1.0143840942e+03
8.2979204308e-06 2.1196875000e+02 2.0367678833e+02 1.9318843079e+02 1.0143824463e+03
8.3075201474e-06 2.1321875000e+02 2.0303862000e+02 1.9024803162e+02 1.0143605957e+03
8.3171198639e-06 2.1353125000e+02 2.0294366455e+02 1.9306867981e+02 1.0143572388e+03
8.3267195805e-06 2.1021875000e+02 2.0426142883e+02 1.9543859863e+02 1.0143807373e+03
8.3363202066e-06 2.1068750000e+02 2.0336875916e+02 1.9300041199e+02 1.0143850098e+03
8.3459199232e-06 2.1309375000e+02 2.0448193359e+02 1.9575354004e+02 1.0144161377e+03
8.3555196397e-06 2.1506250000e+02 2.0225561523e+02 1.9198052979e+02 1.0144100342e+03
8.3651202658e-06 2.1387500000e+02 2.0402938843e+02 1.9721118164e+02 1.0144512329e+03
8.3747199824e-06 2.1025000000e+02 2.0306047058e+02 1.9155134583e+02 1.0144522095e+03
8.3843196990e-06 2.1275000000e+02 2.0185429382e+02 1.8999644470e+02 1.0144375610e+03
8.3939203250e-06 2.1359375000e+02 2.0212899780e+02 1.9183618164e+02 1.0144386597e+03
8.4035200416e-06 2.1128125000e+02 2.0211125183e+02 1.9127929688e+02 1.0144383545e+03
8.4131197582e-06 2.1318750000e+02 2.0181076050e+02 1.9421125793e+02 1.0144560547e+03
8.4227203843e-06 2.1475000000e+02 2.0242178345e+02 1.9273794556e+02 1.0144712524e+03
8.4323201008e-06 2.0993750000e+02 2.0097918701e+02 1.8930332947e+02 1.0144570923e+03
8.4419198174e-06 2.1515625000e+02 2.0180773926e+02 1.9009692383e+02 1.0144555664e+03
8.4515204435e-06 2.1193750000e+02 2.0236517334e+02 1.9460072327e+02 1.0144885864e+03
8.4611201601e-06 2.0859375000e+02 2.0271606445e+02 1.9349357605e+02 1.0145184937e+03
8.4707198766e-06 2.1337500000e+02 2.0228640747e+02 1.9225463867e+02 1.0145395508e+03
8.4803195932e-06 2.1096875000e+02 2.0090476990e+02 1.9008488464e+02 1.0145398560e+03
8.4899202193e-06 2.1221875000e+02 2.0122097778e+02 1.9131169128e+02 1.0145521240e+03
8.4995199359e-06 2.1287500000e+02 1.9942697144e+02 1.8574330139e+02 1.0145191650e+03
8.5091196524e-06 2.0750000000e+02 1.9963580322e+02 1.8880099487e+02 1.0145093994e+03
8.5187202785e-06 2.0968750000e+02 2.0045632935e+02 1.8878134155e+02 1.0145069580e+03
8.5283199951e-06 2.1018750000e+02 2.0030561829e+02 1.8975753784e+02 1.0145119629e+03
8.5379197117e-06 2.1306250000e+02 1.9960238647e+02 1.8914886475e+02 1.0145107422e+03
8.5475203377e-06 2.1018750000e+02 1.9986134338e+02 1.8972752380e+02 1.0145168457e+03
8.5571200543e-06 2.1103125000e+02 1.9926144409e+02 1.8729644775e+02 1.0145052490e+03
8.5667197709e-06 2.0871875000e+02 2.0110418701e+02 1.9284646606e+02 1.0145433350e+03
8.5763203970e-06 2.0731250000e+02 1.9903445435e+02 1.8799105835e+02 1.0145387573e+03
8.5859201135e-06 2.0790625000e+02 1.9785357666e+02 1.8660700989e+02 1.0145201416e+03
8.5955198301e-06 2.0896875000e+02 1.9996185303e+02 1.8921173096e+02 1.0145331421e+03
8.6051195467e-06 2.0812500000e+02 1.9748017883e+02 1.8707536316e+02 1.0145194092e+03
8.6147201728e-06 2.1296875000e+02 1.9745867920e+02 1.8543528748e+02 1.0144968262e+03
8.6243198893e-06 2.0918750000e+02 1.9745315552e+02 1.8491783142e+02 1.0144730225e+03
8.6339196059e-06 2.0946875000e+02 1.9709893799e+02 1.8610963440e+02 1.0144571533e+03
8.6435202320e-06 2.0809375000e+02 1.9731221008e+02 1.8729145813e+02 1.0144525757e+03
8.6531199486e-06 2.0687500000e+02 1.9523822021e+02 1.8224781799e+02 1.0144043579e+03
8.6627196652e-06 2.0637500000e+02 1.9748043823e+02 1.8534542847e+02 1.0143918457e+03
8.6723202912e-06 2.0831250000e+02 1.9766873169e+02 1.8963475037e+02 1.0144113770e+03
8.6819200078e-06 2.0843750000e+02 1.9477738953e+02 1.8407691956e+02 1.0143792725e+03
8.6915197244e-06 2.1146875000e+02 1.9474923706e+02 1.8161016846e+02 1.0143323364e+03
8.7011203505e-06 2.1012500000e+02 1.9765756226e+02 1.8473081970e+02 1.0143244019e+03
8.7107200670e-06 2.1018750000e+02 1.9710540771e+02 1.8761999512e+02 1.0143353882e+03
8.7203197836e-06 2.0946875000e+02 1.9496377563e+02 1.8253552246e+02 1.0143020630e+03
8.7299204097e-06 2.1125000000e+02 1.9542352295e+02 1.8295980835e+02 1.0142761230e+03
8.7395201263e-06 2.1065625000e+02 1.9600442505e+02 1.8518614197e+02 1.0142706299e+03
8.7491198428e-06 2.0625000000e+02 1.9554284668e+02 1.8420561218e+02 1.0142578125e+03
8.7587195594e-06 2.0934375000e+02 1.9370782471e+02 1.8043388367e+02 1.0142114258e+03
8.7683201855e-06 2.0775000000e+02 1.9496383667e+02 1.8038082886e+02 1.0141735840e+03
8.7779199021e-06 2.0962500000e+02 1.9482156372e+02 1.7981230164e+02 1.0141329956e+03
8.7875196186e-06 2.0743750000e+02 1.9467089844e+02 1.8127816772e+02 1.0141040039e+03
8.7971202447e-06 2.0596875000e+02 1.9406272888e+02 1.7942102051e+02 1.0140609741e+03
8.8067199613e-06 2.0693750000e+02 1.9424856567e+02 1.8247915649e+02 1.0140420532e+03
8.8163196779e-06 2.1003125000e+02 1.9270843506e+02 1.7916403198e+02 1.0139944458e+03
8.8259203039e-06 2.0915625000e+02 1.9462008667e+02 1.8324806213e+02 1.0139868774e+03
8.8355200205e-06 2.0612500000e+02 1.9388323975e+02 1.7784704590e+02 1.0139398804e+03
8.8451197371e-06 2.0759375000e+02 1.9424600220e+02 1.8030657959e+02 1.0139139404e+03
8.8547203632e-06 2.0846875000e+02 1.9452064514e+02 1.8099122620e+02 1.0138959351e+03
8.8643200797e-06 2.0506250000e+02 1.9249827576e+02 1.8092658997e+02 1.0138696899e+03
8.8739197963e-06 2.0656250000e+02 1.9348211670e+02 1.8001884460e+02 1.0138437500e+03
8.8835204224e-06 2.0321875000e+02 1.9234060669e+02 1.7726808167e+02 1.0137949219e+03
8.8931201390e-06 2.0653125000e+02 1.9310182190e+02 1.8269517517e+02 1.0137899170e+03
8.9027198555e-06 2.0846875000e+02 1.9262835693e+02 1.7881898499e+02 1.0137572021e+03
8.9123195721e-06 2.0490625000e+02 1.9183161926e+02 1.7850585938e+02 1.0137202759e+03
8.9219201982e-06 2.0725000000e+02 1.9309236145e+02 1.8128840637e+02 1.0137109375e+03
8.9315199148e-06 2.0684375000e+02 1.9047358704e+02 1.7576338196e+02 1.0136521606e+03
8.9411196313e-06 2.0562500000e+02 1.9215417480e+02 1.7992256165e+02 1.0136326294e+03
8.9507202574e-06 2.0756250000e+02 1.9106130981e+02 1.7802912903e+02 1.0135966187e+03
8.9603199740e-06 2.0509375000e+02 1.9146292114e+02 1.7831732178e+02 1.0135664062e+03
8.9699196906e-06 2.0675000000e+02 1.9096235657e+02 1.7665188599e+02 1.0135239868e+03
8.9795203166e-06 2.0575000000e+02 1.9075791931e+02 1.7793704224e+02 1.0134916382e+03
8.9891200332e-06 2.0678125000e+02 1.9109962463e+02 1.7814718628e+02 1.0134641724e+03
8.9987197498e-06 2.0421875000e+02 1.9049060059e+02 1.7647280884e+02 1.0134238892e+03
9.0083203759e-06 2.0706250000e+02 1.9074734497e+02 1.7872502136e+02 1.0134028320e+03
9.0179200924e-06 2.0471875000e+02 1.9018878174e+02 1.7850300598e+02 1.0133796387e+03
9.0275198090e-06 2.0553125000e+02 1.9026820374e+02 1.7434947205e+02 1.0133286743e+03
9.0371204351e-06 2.0262500000e+02 1.9043884277e+02 1.7617617798e+02 1.0132935791e+03
9.0467201517e-06 2.0137500000e+02 1.8990148926e+02 1.7567749023e+02 1.0132543335e+03
9.0563198683e-06 2.0678125000e+02 1.8905198669e+02 1.7489720154e+02 1.0132076416e+03
9.0659195848e-06 2.0690625000e+02 1.8986981201e+02 1.7613735962e+02 1.0131752930e+03
9.0755202109e-06 2.0340625000e+02 1.8916206360e+02 1.7595687866e+02 1.0131405029e+03
9.0851199275e-06 2.0490625000e+02 1.8916076660e+02 1.7434269714e+02 1.0130959473e+03
9.0947196441e-06 2.0443750000e+02 1.8898239136e+02 1.7619165039e+02 1.0130659180e+03
9.1043202701e-06 2.0118750000e+02 1.8991903687e+02 1.7398252869e+02 1.0130253296e+03
9.1139199867e-06 2.0121875000e+02 1.8974960327e+02 1.7727885437e+02 1.0130099487e+03
9.1235197033e-06 2.0143750000e+02 1.9074743652e+02 1.7657318115e+02 1.0129949341e+03
9.1331203294e-06 2.0365625000e+02 1.8816647339e+02 1.7255390930e+02 1.0129420166e+03
9.1427200459e-06 2.0678125000e+02 1.8876535034e+02 1.7350834656e+02 1.0129002075e+03
9.1523197625e-06 2.0403125000e+02 1.8570312500e+02 1.6966470337e+02 1.0128200073e+03
9.1619203886e-06 2.0259375000e+02 1.8750842285e+02 1.7144903564e+02 1.0127623291e+03
9.1715201052e-06 2.0362500000e+02 1.8491888428e+02 1.6723579407e+02 1.0126654053e+03
9.1811198217e-06 2.0212500000e+02 1.8810340881e+02 1.7332312012e+02 1.0126278687e+03
9.1907204478e-06 2.0393750000e+02 1.8858099365e+02 1.7455009460e+02 1.0126028442e+03
9.2003201644e-06 2.0553125000e+02 1.8631634521e+02 1.7130522156e+02 1.0125466919e+03
9.2099198810e-06 1.9975000000e+02 1.8961199951e+02 1.7750468445e+02 1.0125507812e+03
9.2195195975e-06 1.9903125000e+02 1.8732644653e+02 1.7014382935e+02 1.0124934082e+03
9.2291202236e-06 2.0525000000e+02 1.8524124146e+02 1.6997337341e+02 1.0124287109e+03
9.2387199402e-06 2.0243750000e+02 1.8414743042e+02 1.6874034119e+02 1.0123527222e+03
9.2483196568e-06 1.9734375000e+02 1.8621681213e+02 1.7022851562e+02 1.0122974854e+03
9.2579202828e-06 1.9975000000e+02 1.8583456421e+02 1.6996675110e+02 1.0122407227e+03
9.2675199994e-06 2.0531250000e+02 1.8430667114e+02 1.6976849365e+02 1.0121787720e+03
9.2771197160e-06 2.0156250000e+02 1.8691526794e+02 1.7465585327e+02 1.0121645508e+03
9.2867203421e-06 2.0159375000e+02 1.8408758545e+02 1.6742562866e+02 1.0120877075e+03
9.2963200586e-06 1.9881250000e+02 1.8601972961e+02 1.6709800720e+02 1.0120178223e+03
9.3059197752e-06 2.0287500000e+02 1.8523947144e+02 1.6993440247e+02 1.0119677734e+03
9.3155204013e-06 2.0068750000e+02 1.8216845703e+02 1.6739512634e+02 1.0118897095e+03
9.3251201179e-06 2.0050000000e+02 1.8478938293e+02 1.7076510620e+02 1.0118479004e+03
9.3347198344e-06 2.0350000000e+02 1.8542810059e+02 1.7147744751e+02 1.0118154907e+03
9.3443195510e-06 2.0287500000e+02 1.8609796143e+02 1.7219050598e+02 1.0117923584e+03
9.3539201771e-06 2.0184375000e+02 1.8181372070e+02 1.6495933533e+02 1.0117015991e+03
9.3635198937e-06 1.9903125000e+02 1.8471913147e+02 1.6966621399e+02 1.0116582642e+03
9.3731196102e-06 1.9862500000e+02 1.8654315186e+02 1.7126603699e+02 1.0116348877e+03
9.3827202363e-06 2.0306250000e+02 1.8427175903e+02 1.6788096619e+02 1.0115799561e+03
9.3923199529e-06 2.0143750000e+02 1.8191650391e+02 1.6650813293e+02 1.0115082397e+03
9.4019196695e-06 2.0434375000e+02 1.8122717285e+02 1.6506796265e+02 1.0114252319e+03
9.4115202955e-06 2.0146875000e+02 1.8391053772e+02 1.6739656067e+02 1.0113709106e+03
9.4211200121e-06 2.0065625000e+02 1.8321301270e+02 1.6811094666e+02 1.0113211670e+03
9.4307197287e-06 1.9731250000e+02 1.8387704468e+02 1.6566178894e+02 1.0112570801e+03
9.4403203548e-06 1.9903125000e+02 1.8256767273e+02 1.6700234985e+02 1.0112003174e+03
9.4499200713e-06 2.0081250000e+02 1.8437454224e+02 1.6826400757e+02 1.0111608887e+03
9.4595197879e-06 1.9868750000e+02 1.8237850952e+02 1.6686428833e+02 1.0111057129e+03
9.4691204140e-06 2.0059375000e+02 1.8173025513e+02 1.6445979309e+02 1.0110321655e+03
9.4787201306e-06 1.9903125000e+02 1.8298614502e+02 1.6609300232e+02 1.0109769287e+03
9.4883198472e-06 2.0046875000e+02 1.8133703613e+02 1.6461509705e+02 1.0109067383e+03
9.4979195637e-06 1.9859375000e+02 1.8141410828e+02 1.6459678650e+02 1.0108383789e+03
9.5075201898e-06 1.9962500000e+02 1.8277700806e+02 1.6669558716e+02 1.0107921143e+03
9.5171199064e-06 1.9978125000e+02 1.8043762207e+02 1.6466915894e+02 1.0107243652e+03
9.5267196230e-06 1.9915625000e+02 1.8007403564e+02 1.6173829651e+02 1.0106352539e+03
9.5363202490e-06 1.9843750000e+02 1.7998257446e+02 1.6207623291e+02 1.0105501099e+03
9.5459199656e-06 2.0071875000e+02 1.8022113037e+02 1.6198071289e+02 1.0104671021e+03
9.5555196822e-06 1.9875000000e+02 1.8152084351e+02 1.6529199219e+02 1.0104152222e+03
9.5651203083e-06 1.9803125000e+02 1.7808590698e+02 1.6217437744e+02 1.0103303833e+03
9.5747200248e-06 2.0184375000e+02 1.7784347534e+02 1.5945820618e+02 1.0102259521e+03
9.5843197414e-06 1.9915625000e+02 1.7909162903e+02 1.6129104614e+02 1.0101414185e+03
9.5939203675e-06 1.9896875000e+02 1.7925735474e+02 1.5997657776e+02 1.0100492554e+03
9.6035200841e-06 1.9871875000e+02 1.8108366394e+02 1.6322586060e+02 1.0099894409e+03
9.6131198006e-06 1.9712500000e+02 1.7848709106e+02 1.6130671692e+02 1.0099085693e+03
9.6227204267e-06 1.9721875000e+02 1.7898913574e+02 1.6160829163e+02 1.0098331909e+03
9.6323201433e-06 1.9759375000e+02 1.7857397461e+02 1.6014291382e+02 1.0097471313e+03
9.6419198599e-06 2.0056250000e+02 1.7919500732e+02 1.6234848022e+02 1.0096818237e+03
9.6515195764e-06 1.9718750000e+02 1.8052392578e+02 1.6319335938e+02 1.0096286621e+03
9.6611202025e-06 1.9612500000e+02 1.7846205139e+02 1.6071778870e+02 1.0095517578e+03
9.6707199191e-06 1.9615625000e+02 1.7840542603e+02 1.6266242981e+02 1.0094913330e+03
9.6803196357e-06 2.0056250000e+02 1.7651651001e+02 1.5872261047e+02 1.0093967285e+03
9.6899202617e-06 1.9721875000e+02 1.7552345276e+02 1.5525381470e+02 1.0092744141e+03
9.6995199783e-06 1.9778125000e+02 1.7820472717e+02 1.5865383911e+02 1.0091883545e+03
9.7091196949e-06 1.9475000000e+02 1.7654757690e+02 1.6058789062e+02 1.0091138916e+03
9.7187203210e-06 1.9746875000e+02 1.7849124146e+02 1.5782524109e+02 1.0090260010e+03
9.7283200375e-06 1.9625000000e+02 1.7549926758e+02 1.5628649902e+02 1.0089188843e+03
9.7379197541e-06 1.9659375000e+02 1.8047544861e+02 1.6522607422e+02 1.0088970337e+03
9.7475203802e-06 1.9425000000e+02 1.7613732910e+02 1.5724809265e+02 1.0088024292e+03
9.7571200968e-06 1.9768750000e+02 1.7637893677e+02 1.5620112610e+02 1.0087023315e+03
9.7667198133e-06 1.9809375000e+02 1.7785937500e+02 1.5886940002e+02 1.0086290283e+03
9.7763204394e-06 1.9621875000e+02 1.7435742188e+02 1.5949830627e+02 1.0085523682e+03
9.7859201560e-06 1.9681250000e+02 1.7526364136e+02 1.5687939453e+02 1.0084592896e+03
9.7955198726e-06 1.9703125000e+02 1.7654275513e+02 1.5949887085e+02 1.0083920288e+03
9.8051195891e-06 1.9434375000e+02 1.7546514893e+02 1.5514324951e+02 1.0082897949e+03
9.8147202152e-06 1.9609375000e+02 1.4737977600e+02 9.1761802673e+01 1.0076393433e+03
9.8243199318e-06 1.9731250000e+02 1.4743222046e+02 8.8923301697e+01 1.0069833374e+03
9.8339196484e-06 1.9712500000e+02 1.3398617554e+02 7.1052215576e+01 1.0061840820e+03
9.8435202744e-06 1.8493750000e+02 1.2118778992e+02 5.7534828186e+01 1.0052740479e+03
9.8531199910e-06 1.8084375000e+02 1.1255613708e+02 4.7618080139e+01 1.0042903442e+03
9.8627197076e-06 1.7100000000e+02 1.0335725403e+02 3.7659542084e+01 1.0032295532e+03
9.8723203337e-06 1.6068750000e+02 9.4652664185e+01 2.9009269714e+01 1.0021010132e+03
9.8819200502e-06 1.4465625000e+02 8.2931686401e+01 2.2128969193e+01 1.0009164429e+03
9.8915197668e-06 1.3181250000e+02 7.4488311768e+01 1.7310495377e+01 9.9969586182e+02
9.9011203929e-06 1.1253125000e+02 6.5660339355e+01 1.3753999710e+01 9.9845013428e+02
9.9107201095e-06 1.0212500000e+02 5.2989913940e+01 1.0002629280e+01 9.9717700195e+02
9.9203198261e-06 8.7531250000e+01 4.3493804932e+01 7.3394351006e+00 9.9588800049e+02
9.9299204521e-06 7.3031250000e+01 3.7105819702e+01 5.8363404274e+00 9.9459393311e+02
9.9395201687e-06 6.6375000000e+01 3.3433563232e+01 4.7694306374e+00 9.9329919434e+02
9.9491198853e-06 5.6062500000e+01 2.6442413330e+01 3.2870948315e+00 9.9200061035e+02
9.9587196019e-06 4.8687500000e+01 2.3042266846e+01 2.6396174431e+00 9.9070581055e+02
9.9683202279e-06 4.4531250000e+01 2.1623138428e+01 2.2925252914e+00 9.8941760254e+02
9.9779199445e-06 3.8968750000e+01 1.8634552002e+01 1.5601350069e+00 9.8813275146e+02
9.9875196611e-06 3.4750000000e+01 1.7395324707e+01 1.2597149611e+00 9.8685498047e+02
9.9971202872e-06 2.8687500000e+01 1.5931427002e+01 9.4636595249e-01 9.8558410645e+02
1.0006720004e-05 2.7750000000e+01 1.5034729004e+01 7.8759920597e-01 9.8432153320e+02
1.0016319720e-05 2.7656250000e+01 1.4121673584e+01 6.7574441433e-01 9.8306750488e+02
1.0025920346e-05 2.3156250000e+01 1.3402801514e+01 5.9636729956e-01 9.8182208252e+02
1.0035520063e-05 2.3437500000e+01 1.2747589111e+01 4.9389970303e-01 9.8058520508e+02
1.0045119780e-05 1.7562500000e+01 1.2239532471e+01 3.7107634544e-01 9.7935626221e+02
1.0054720406e-05 1.7843750000e+01 1.0864227295e+01 2.4973867834e-01 9.7813531494e+02
1.0064320122e-05 1.7812500000e+01 1.0682006836e+01 2.5599536300e-01 9.7692370605e+02
1.0073919839e-05 1.8250000000e+01 9.1360473633e+00 2.1688406169e-01 9.7572070312e+02
1.0083519555e-05 1.7031250000e+01 6.7896118164e+00 1.6998417675e-01 9.7452612305e+02
1.0093120181e-05 1.9218750000e+01 7.3823242188e+00 1.5046903491e-01 9.7334002686e+02
1.0102719898e-05 1.6000000000e+01 7.5287780762e+00 1.4512951672e-01 9.7216278076e+02
1.0112319615e-05 1.6781250000e+01 7.4205932617e+00 1.2677140534e-01 9.7099389648e+02
1.0121920241e-05 1.4718750000e+01 7.6685180664e+00 1.0716884583e-01 9.6983325195e+02
1.0131519957e-05 1.7406250000e+01 8.2828063965e+00 8.4219783545e-02 9.6868096924e+02
1.0141119674e-05 1.4906250000e+01 7.9966125488e+00 7.9616591334e-02 9.6753698730e+02
1.0150720300e-05 1.4562500000e+01 7.7721862793e+00 6.0651358217e-02 9.6640100098e+02
1.0160320016e-05 1.3031250000e+01 7.7574768066e+00 6.4434349537e-02 9.6527325439e+02
1.0169919733e-05 1.3250000000e+01 7.3184204102e+00 6.8579539657e-02 9.6415368652e+02
1.0185600331e-05 1.2062500000e+01 6.7736816406e+00 6.1270039529e-02 9.6234204102e+02
1.0196159565e-05 1.0531250000e+01 5.1178283691e+00 3.9921212941e-02 9.6113378906e+02
1.0208959793e-05 1.1656250000e+01 4.9207153320e+00 5.2290640771e-02 9.5968182373e+02
1.0224959624e-05 1.0531250000e+01 5.4594726562e+00 3.5397514701e-02 9.5788580322e+02
1.0238079994e-05 1.3562500000e+01 5.6454162598e+00 4.6709258109e-02 9.5642889404e+02
1.0250560081e-05 1.5125000000e+01 6.0631408691e+00 4.1750449687e-02 9.5505596924e+02
1.0263999684e-05 1.1625000000e+01 6.8332214355e+00 5.0316128880e-02 9.5359136963e+02
1.0278399714e-05 1.0750000000e+01 6.9958801270e+00 4.7125764191e-02 9.5203790283e+02
1.0293440027e-05 1.2875000000e+01 6.5636291504e+00 3.9495799690e-02 9.5043231201e+02
1.0305920114e-05 1.1593750000e+01 5.9093627930e+00 3.3646471798e-02 9.4911297607e+02
1.0319039575e-05 1.3187500000e+01 5.1402282715e+00 3.7077199668e-02 9.4773876953e+02
1.0341120287e-05 1.1156250000e+01 5.0548706055e+00 2.5948820636e-02 9.4545434570e+02
1.0358719919e-05 1.0062500000e+01 5.3937377930e+00 2.7317568660e-02 9.4365875244e+02
1.0371520148e-05 1.2187500000e+01 5.1603088379e+00 3.4776136279e-02 9.4236688232e+02
1.0388480405e-05 1.2250000000e+01 5.9167175293e+00 3.7336144596e-02 9.4067279053e+02
1.0404160093e-05 1.1437500000e+01 6.3573608398e+00 4.4054649770e-02 9.3912432861e+02
1.0419200407e-05 1.1625000000e+01 5.4134826660e+00 3.3327676356e-02 9.3765454102e+02
1.0439999642e-05 1.0750000000e+01 5.5834655762e+00 3.4811615944e-02 9.3564672852e+02
1.0456959899e-05 1.0218750000e+01 4.9482727051e+00 3.3195421100e-02 9.3403039551e+02
1.0489599845e-05 1.1687500000e+01 5.3918151855e+00 3.4727483988e-02 9.3097125244e+02
1.0552959793e-05 1.0125000000e+01 4.7620849609e+00 3.3406600356e-02 9.2521905518e+02
1.0607360309e-05 1.0062500000e+01 5.0780944824e+00 3.6137145013e-02 9.2046643066e+02
1.0687999747e-05 1.1187500000e+01 4.0386657715e+00 2.1740624681e-02 9.1371557617e+02
1.0811199900e-05 1.0937500000e+01 4.0654296875e+00 1.6740784049e-02 9.0402465820e+02
