# epoch total_loss data_loss physics_loss w_data w_physics lr
1.0000000000e+00 1.0317311287e+00 9.7624534369e-01 1.0866264105e+00 4.9732457735e-01 5.0267542216e-01 1.0000000000e-03
2.0000000000e+00 6.5510410070e-01 7.0940434933e-01 6.0042190552e-01 5.0175230623e-01 4.9824769257e-01 1.0000000000e-03
3.0000000000e+00 4.4024473429e-01 5.0202429295e-01 3.7626799941e-01 5.0873621176e-01 4.9126378602e-01 1.0000000000e-03
4.0000000000e+00 3.1644850969e-01 3.4959775209e-01 2.8149336576e-01 5.1325835463e-01 4.8674164179e-01 1.0000000000e-03
5.0000000000e+00 2.3798802495e-01 2.5453525782e-01 2.2038003802e-01 5.1552844557e-01 4.8447154910e-01 1.0000000000e-03
6.0000000000e+00 1.9579048455e-01 2.1761761606e-01 1.7216275632e-01 5.1980642932e-01 4.8019356332e-01 1.0000000000e-03
7.0000000000e+00 1.9370320439e-01 2.2339694202e-01 1.6075469553e-01 5.2597910773e-01 4.7402088305e-01 1.0000000000e-03
8.0000000000e+00 2.0366039872e-01 2.3375439644e-01 1.6954123974e-01 5.3134224827e-01 4.6865774095e-01 1.0000000000e-03
9.0000000000e+00 1.9882097840e-01 2.3083123565e-01 1.6169235110e-01 5.3701499392e-01 4.6298499383e-01 1.0000000000e-03
1.0000000000e+01 1.7347539961e-01 2.1602629125e-01 1.2205098569e-01 5.4721198744e-01 4.5278799857e-01 1.0000000000e-03
1.1000000000e+01 1.4389701188e-01 2.0013546944e-01 7.0415005088e-02 5.6646421728e-01 4.3353576644e-01 1.0000000000e-03
1.2000000000e+01 1.3421978056e-01 1.9689062238e-01 4.3373949826e-02 5.9176521392e-01 4.0823476726e-01 1.0000000000e-03
1.3000000000e+01 1.4744041860e-01 2.0887190104e-01 5.0024885684e-02 6.1326636165e-01 3.8673361755e-01 1.0000000000e-03
1.4000000000e+01 1.6527579725e-01 2.2384729981e-01 6.5887920558e-02 6.2919898717e-01 3.7080099066e-01 1.0000000000e-03
1.5000000000e+01 1.7117160559e-01 2.2872783244e-01 6.7254111171e-02 6.4355671624e-01 3.5644326043e-01 1.0000000000e-03
1.6000000000e+01 1.6446386278e-01 2.2149689496e-01 5.3941350430e-02 6.5961721435e-01 3.4038276102e-01 1.0000000000e-03
1.7000000000e+01 1.5335324407e-01 2.0765492320e-01 3.9119120687e-02 6.7780328719e-01 3.2219668659e-01 1.0000000000e-03
1.8000000000e+01 1.4480745792e-01 1.9355800748e-01 3.3598411828e-02 6.9523208422e-01 3.0476788778e-01 1.0000000000e-03
1.9000000000e+01 1.4114981890e-01 1.8320061266e-01 3.9138957858e-02 7.0810563675e-01 2.9189433356e-01 1.0000000000e-03
2.0000000000e+01 1.4139401913e-01 1.7756152153e-01 5.0606507808e-02 7.1511557854e-01 2.8488439035e-01 1.0000000000e-03
2.1000000000e+01 1.4280802011e-01 1.7486287653e-01 6.1340220273e-02 7.1763474742e-01 2.8236522035e-01 1.0000000000e-03
2.2000000000e+01 1.4209873974e-01 1.7174044251e-01 6.6661782563e-02 7.1790937352e-01 2.8209059328e-01 1.0000000000e-03
2.3000000000e+01 1.3740640879e-01 1.6581843793e-01 6.5091833472e-02 7.1792920047e-01 2.8207076531e-01 1.0000000000e-03
2.4000000000e+01 1.2991942465e-01 1.5783882141e-01 5.8440729976e-02 7.1911535454e-01 2.8088461004e-01 1.0000000000e-03
2.5000000000e+01 1.2300953269e-01 1.5089608729e-01 5.0544161350e-02 7.2211242391e-01 2.7788753925e-01 1.0000000000e-03
2.6000000000e+01 1.1951846629e-01 1.4758835733e-01 4.4932972640e-02 7.2656195967e-01 2.7343800198e-01 1.0000000000e-03
2.7000000000e+01 1.1956861615e-01 1.4775004983e-01 4.2815428227e-02 7.3143819171e-01 2.6856176853e-01 1.0000000000e-03
2.8000000000e+01 1.2063755095e-01 1.4856465161e-01 4.2810488492e-02 7.3592443659e-01 2.6407552240e-01 1.0000000000e-03
2.9000000000e+01 1.1975132674e-01 1.4685712755e-01 4.2678281665e-02 7.3981467567e-01 2.6018528214e-01 1.0000000000e-03
3.0000000000e+01 1.1578041315e-01 1.4147303998e-01 4.1431121528e-02 7.4318138383e-01 2.5681857274e-01 1.0000000000e-03
3.1000000000e+01 1.0994486511e-01 1.3380019367e-01 3.9925448596e-02 7.4588134376e-01 2.5411861139e-01 1.0000000000e-03
3.2000000000e+01 1.0450223833e-01 1.2640038133e-01 3.9714396000e-02 7.4738540043e-01 2.5261455318e-01 1.0000000000e-03
3.3000000000e+01 1.0088407993e-01 1.2103096396e-01 4.1340250522e-02 7.4718652365e-01 2.5281342845e-01 1.0000000000e-03
3.4000000000e+01 9.8680391908e-02 1.1751721054e-01 4.3518565595e-02 7.4544370688e-01 2.5455624380e-01 1.0000000000e-03
3.5000000000e+01 9.6267007291e-02 1.1434742063e-01 4.3959818780e-02 7.4313065918e-01 2.5686929012e-01 1.0000000000e-03
3.6000000000e+01 9.2461220920e-02 1.1034911871e-01 4.1102491319e-02 7.4167856278e-01 2.5832138498e-01 1.0000000000e-03
3.7000000000e+01 8.7563119829e-02 1.0571513325e-01 3.5215642303e-02 7.4252280044e-01 2.5747714545e-01 1.0000000000e-03
3.8000000000e+01 8.2974776626e-02 1.0156180710e-01 2.8235232458e-02 7.4651714268e-01 2.5348280092e-01 1.0000000000e-03
3.9000000000e+01 7.9917751253e-02 9.8692364991e-02 2.2612720728e-02 7.5322422411e-01 2.4677571689e-01 1.0000000000e-03
4.0000000000e+01 7.8256383538e-02 9.6640244126e-02 1.9739439711e-02 7.6094055265e-01 2.3905938565e-01 1.0000000000e-03
4.1000000000e+01 7.6490223408e-02 9.3830578029e-02 1.9111912698e-02 7.6792468091e-01 2.3207525471e-01 1.0000000000e-03
4.2000000000e+01 7.3237784207e-02 8.9029528201e-02 1.9385149702e-02 7.7325164693e-01 2.2674828590e-01 1.0000000000e-03
4.3000000000e+01 6.8756021559e-02 8.2738265395e-02 2.0242167637e-02 7.7627015037e-01 2.2372977947e-01 1.0000000000e-03
4.4000000000e+01 6.4568556845e-02 7.6721563935e-02 2.2469379008e-02 7.7599047565e-01 2.2400945112e-01 1.0000000000e-03
4.5000000000e+01 6.1537288129e-02 7.2028659284e-02 2.6047581807e-02 7.7183291722e-01 2.2816700668e-01 1.0000000000e-03
4.6000000000e+01 5.8856174350e-02 6.7984446883e-02 2.9206983745e-02 7.6459863175e-01 2.3540128947e-01 1.0000000000e-03
4.7000000000e+01 5.5386457592e-02 6.3522897661e-02 3.0186999589e-02 7.5592551549e-01 2.4407440294e-01 1.0000000000e-03
4.8000000000e+01 5.1366135478e-02 5.8866158128e-02 2.9201269150e-02 7.4717510213e-01 2.5282481310e-01 1.0000000000e-03
4.9000000000e+01 4.7998759896e-02 5.5119048804e-02 2.7849642560e-02 7.3889113601e-01 2.6110877564e-01 1.0000000000e-03
5.0000000000e+01 4.5792825520e-02 5.2608273923e-02 2.7286238968e-02 7.3084918191e-01 2.6915072606e-01 1.0000000000e-03
5.1000000000e+01 4.4029187411e-02 5.0363779068e-02 2.7543848380e-02 7.2240976026e-01 2.7759014408e-01 1.0000000000e-03
5.2000000000e+01 4.1788984090e-02 4.7309622169e-02 2.8079118580e-02 7.1292300379e-01 2.8707689685e-01 1.0000000000e-03
5.3000000000e+01 3.9201159030e-02 4.3679665774e-02 2.8650106862e-02 7.0202030253e-01 2.9797959422e-01 1.0000000000e-03
5.4000000000e+01 3.7296373397e-02 4.0767312050e-02 2.9579024762e-02 6.8977055252e-01 3.1022934034e-01 1.0000000000e-03
5.5000000000e+01 3.6269240081e-02 3.8954243064e-02 3.0647702515e-02 6.7676066477e-01 3.2323922443e-01 1.0000000000e-03
5.6000000000e+01 3.5086669028e-02 3.7225637585e-02 3.0864290893e-02 6.6375587340e-01 3.3624401220e-01 1.0000000000e-03
5.7000000000e+01 3.3543724567e-02 3.5279896110e-02 3.0302712694e-02 6.5117486876e-01 3.4882501303e-01 1.0000000000e-03
5.8000000000e+01 3.2566517591e-02 3.3937875181e-02 3.0138878152e-02 6.3902178492e-01 3.6097809309e-01 1.0000000000e-03
5.9000000000e+01 3.2265890390e-02 3.3202972263e-02 3.0690118670e-02 6.2708605003e-01 3.7291382452e-01 1.0000000000e-03
6.0000000000e+01 3.1843867153e-02 3.2131016254e-02 3.1385257840e-02 6.1496449796e-01 3.8503537340e-01 1.0000000000e-03
6.1000000000e+01 3.1022790819e-02 3.0448468402e-02 3.1892623752e-02 6.0230977112e-01 3.9769009706e-01 1.0000000000e-03
6.2000000000e+01 3.0371159315e-02 2.8970470652e-02 3.2380964607e-02 5.8929931266e-01 4.1070055240e-01 1.0000000000e-03
6.3000000000e+01 3.0119504780e-02 2.8208065778e-02 3.2723259181e-02 5.7666422426e-01 4.2333563788e-01 1.0000000000e-03
6.4000000000e+01 2.9629578814e-02 2.7644183487e-02 3.2210249454e-02 5.6518348519e-01 4.3481637404e-01 1.0000000000e-03
6.5000000000e+01 2.8858916834e-02 2.7136841789e-02 3.1009599566e-02 5.5533495255e-01 4.4466490355e-01 1.0000000000e-03
6.6000000000e+01 2.8336001560e-02 2.7055621147e-02 2.9884062707e-02 5.4731773165e-01 4.5268212128e-01 1.0000000000e-03
6.7000000000e+01 2.7965374291e-02 2.7191864327e-02 2.8877388686e-02 5.4108287616e-01 4.5891697364e-01 1.0000000000e-03
6.8000000000e+01 2.7379993349e-02 2.7108654380e-02 2.7693999931e-02 5.3644053098e-01 4.6355931560e-01 1.0000000000e-03
6.9000000000e+01 2.6635747403e-02 2.6895850897e-02 2.6338512078e-02 5.3331994494e-01 4.6667989819e-01 1.0000000000e-03
7.0000000000e+01 2.6115253568e-02 2.6920065284e-02 2.5201722980e-02 5.3163633209e-01 4.6836350754e-01 1.0000000000e-03
7.1000000000e+01 2.5724668056e-02 2.6951318607e-02 2.4335741997e-02 5.3102262675e-01 4.6897720943e-01 1.0000000000e-03
7.2000000000e+01 2.5207320228e-02 2.6666447520e-02 2.3555191234e-02 5.3101787915e-01 4.6898195349e-01 1.0000000000e-03
7.3000000000e+01 2.4742169306e-02 2.6368314400e-02 2.2897817194e-02 5.3143827411e-01 4.6856155497e-01 1.0000000000e-03
7.4000000000e+01 2.4448828772e-02 2.6337390766e-02 2.2298153490e-02 5.3244699244e-01 4.6755283317e-01 1.0000000000e-03
7.5000000000e+01 2.4177152663e-02 2.6434792206e-02 2.1587491035e-02 5.3424921083e-01 4.6575061140e-01 1.0000000000e-03
7.6000000000e+01 2.3807451129e-02 2.6500044391e-02 2.0684687421e-02 5.3698660700e-01 4.6301321181e-01 1.0000000000e-03
7.7000000000e+01 2.3519275710e-02 2.6664858684e-02 1.9816901535e-02 5.4065421819e-01 4.5934559722e-01 1.0000000000e-03
7.8000000000e+01 2.3358330131e-02 2.6878787205e-02 1.9141614437e-02 5.4499502580e-01 4.5500478635e-01 1.0000000000e-03
7.9000000000e+01 2.3163318634e-02 2.6877744123e-02 1.8631620333e-02 5.4955532011e-01 4.5044448884e-01 1.0000000000e-03
8.0000000000e+01 2.2910214961e-02 2.6625273749e-02 1.8298014998e-02 5.5386808427e-01 4.4613172153e-01 1.0000000000e-03
8.1000000000e+01 2.2683776915e-02 2.6262100786e-02 1.8173998222e-02 5.5758208681e-01 4.4241771591e-01 1.0000000000e-03
8.2000000000e+01 2.2476684302e-02 2.5826208293e-02 1.8205391243e-02 5.6047766927e-01 4.3952213046e-01 1.0000000000e-03
8.3000000000e+01 2.2194668651e-02 2.5272034109e-02 1.8237851560e-02 5.6251331928e-01 4.3748647750e-01 1.0000000000e-03
8.4000000000e+01 2.1902538836e-02 2.4693982676e-02 1.8295949325e-02 5.6370328996e-01 4.3629650388e-01 1.0000000000e-03
8.5000000000e+01 2.1660072729e-02 2.4147260934e-02 1.8442308530e-02 5.6403054107e-01 4.3596924991e-01 1.0000000000e-03
8.6000000000e+01 2.1413467824e-02 2.3586036637e-02 1.8608503044e-02 5.6352578856e-01 4.3647399962e-01 1.0000000000e-03
8.7000000000e+01 2.1122686565e-02 2.3019429296e-02 1.8685316667e-02 5.6236938281e-01 4.3763040257e-01 1.0000000000e-03
8.8000000000e+01 2.0850930363e-02 2.2522840649e-02 1.8716586754e-02 5.6074725517e-01 4.3925252742e-01 1.0000000000e-03
8.9000000000e+01 2.0617282018e-02 2.2068640217e-02 1.8779840320e-02 5.5869812504e-01 4.4130165482e-01 1.0000000000e-03
9.0000000000e+01 2.0369792357e-02 2.1583303809e-02 1.8848886713e-02 5.5620978456e-01 4.4378999258e-01 1.0000000000e-03
9.1000000000e+01 2.0124550909e-02 2.1105170250e-02 1.8909769133e-02 5.5333201976e-01 4.4666775467e-01 1.0000000000e-03
9.2000000000e+01 1.9911095500e-02 2.0672306418e-02 1.8980234861e-02 5.5013242773e-01 4.4986734404e-01 1.0000000000e-03
9.3000000000e+01 1.9700881094e-02 2.0243734121e-02 1.9046338275e-02 5.4664296116e-01 4.5335680798e-01 1.0000000000e-03
9.4000000000e+01 1.9470266998e-02 1.9809063524e-02 1.9067836925e-02 5.4293195144e-01 4.5706781507e-01 1.0000000000e-03
9.5000000000e+01 1.9259344786e-02 1.9450584427e-02 1.9035594538e-02 5.3917788462e-01 4.6082187925e-01 1.0000000000e-03
9.6000000000e+01 1.9063580781e-02 1.9207332283e-02 1.8897756934e-02 5.3566629553e-01 4.6433346571e-01 1.0000000000e-03
9.7000000000e+01 1.8858000636e-02 1.9066393375e-02 1.8620459363e-02 5.3269128329e-01 4.6730847529e-01 1.0000000000e-03
9.8000000000e+01 1.8654517829e-02 1.9020298496e-02 1.8241275102e-02 5.3046748546e-01 4.6953227043e-01 1.0000000000e-03
9.9000000000e+01 1.8472805619e-02 1.9048431888e-02 1.7826102674e-02 5.2907813937e-01 4.7092161381e-01 1.0000000000e-03
1.0000000000e+02 1.8291179091e-02 1.9073532894e-02 1.7414452508e-02 5.2844377231e-01 4.7155597814e-01 1.0000000000e-03
1.0100000000e+02 1.8113676459e-02 1.9039545208e-02 1.7076652497e-02 5.2831684915e-01 4.7168289857e-01 1.0000000000e-03
1.0200000000e+02 1.7954159528e-02 1.8947074190e-02 1.6841545701e-02 5.2842676677e-01 4.7157297824e-01 1.0000000000e-03
1.0300000000e+02 1.7801614478e-02 1.8829511479e-02 1.6648733988e-02 5.2865747612e-01 4.7134226620e-01 1.0000000000e-03
1.0400000000e+02 1.7645157874e-02 1.8718156964e-02 1.6439881176e-02 5.2903176302e-01 4.7096797663e-01 1.0000000000e-03
1.0500000000e+02 1.7499301583e-02 1.8623664975e-02 1.6233665869e-02 5.2955683031e-01 4.7044290668e-01 1.0000000000e-03
1.0600000000e+02 1.7357625067e-02 1.8524544314e-02 1.6040721908e-02 5.3019407735e-01 4.6980565702e-01 1.0000000000e-03
1.0700000000e+02 1.7210904509e-02 1.8417611718e-02 1.5845073387e-02 5.3092879392e-01 4.6907093782e-01 1.0000000000e-03
1.0800000000e+02 1.7067261040e-02 1.8325123936e-02 1.5638593584e-02 5.3179089908e-01 4.6820883005e-01 1.0000000000e-03
1.0900000000e+02 1.6929628327e-02 1.8248917535e-02 1.5425076708e-02 5.3280470350e-01 4.6719502302e-01 1.0000000000e-03
1.1000000000e+02 1.6788966954e-02 1.8161360174e-02 1.5216728672e-02 5.3393524157e-01 4.6606448234e-01 1.0000000000e-03
1.1100000000e+02 1.6650691628e-02 1.8035650253e-02 1.5056982636e-02 5.3504220053e-01 4.6495752076e-01 1.0000000000e-03
1.1200000000e+02 1.6518002376e-02 1.7839318141e-02 1.4992438257e-02 5.3587352224e-01 4.6412619647e-01 1.0000000000e-03
1.1300000000e+02 1.6385190189e-02 1.7557831481e-02 1.5029693954e-02 5.3616514935e-01 4.6383456680e-01 1.0000000000e-03
1.1400000000e+02 1.6256589442e-02 1.7235778272e-02 1.5126342885e-02 5.3580772970e-01 4.6419198393e-01 1.0000000000e-03
1.1500000000e+02 1.6136320308e-02 1.6947589815e-02 1.5203160234e-02 5.3493983129e-01 4.6505987987e-01 1.0000000000e-03
1.1600000000e+02 1.6018610448e-02 1.6734378412e-02 1.5198900364e-02 5.3385002905e-01 4.6614967969e-01 1.0000000000e-03
1.1700000000e+02 1.5904011205e-02 1.6594553366e-02 1.5116532333e-02 5.3279545813e-01 4.6720424820e-01 1.0000000000e-03
1.1800000000e+02 1.5796026215e-02 1.6502162442e-02 1.4993621968e-02 5.3191072486e-01 4.6808897908e-01 1.0000000000e-03
1.1900000000e+02 1.5690179542e-02 1.6417402774e-02 1.4866172336e-02 5.3119894053e-01 4.6880076106e-01 1.0000000000e-03
1.2000000000e+02 1.5585989691e-02 1.6307968646e-02 1.4770041220e-02 5.3055333125e-01 4.6944636800e-01 1.0000000000e-03
1.2100000000e+02 1.5484093688e-02 1.6168640926e-02 1.4712614939e-02 5.2985544033e-01 4.7014425662e-01 1.0000000000e-03
1.2200000000e+02 1.5381613746e-02 1.6019912437e-02 1.4664495364e-02 5.2907852069e-01 4.7092117397e-01 1.0000000000e-03
1.2300000000e+02 1.5280233696e-02 1.5883067623e-02 1.4605166391e-02 5.2826638005e-01 4.7173331234e-01 1.0000000000e-03
1.2400000000e+02 1.5182545409e-02 1.5765164047e-02 1.4532183297e-02 5.2747452471e-01 4.7252516543e-01 1.0000000000e-03
1.2500000000e+02 1.5086477622e-02 1.5672706068e-02 1.4433896169e-02 5.2678442743e-01 4.7321526049e-01 1.0000000000e-03
1.2600000000e+02 1.4992637560e-02 1.5620528720e-02 1.4294972643e-02 5.2632146759e-01 4.7367821811e-01 1.0000000000e-03
1.2700000000e+02 1.4903340489e-02 1.5610438772e-02 1.4118051156e-02 5.2619933246e-01 4.7380035103e-01 1.0000000000e-03
1.2800000000e+02 1.4817507006e-02 1.5620598570e-02 1.3924715109e-02 5.2644935163e-01 4.7355032966e-01 1.0000000000e-03
1.2900000000e+02 1.4735815115e-02 1.5617206693e-02 1.3753902167e-02 5.2697640071e-01 4.7302327840e-01 1.0000000000e-03
1.3000000000e+02 1.4657508582e-02 1.5561545268e-02 1.3648030348e-02 5.2755423491e-01 4.7244544206e-01 1.0000000000e-03
1.3100000000e+02 1.4579885639e-02 1.5436585993e-02 1.3621856458e-02 5.2792134442e-01 4.7207833044e-01 1.0000000000e-03
1.3200000000e+02 1.4504024759e-02 1.5273519792e-02 1.3643424027e-02 5.2794777409e-01 4.7205189871e-01 1.0000000000e-03
1.3300000000e+02 1.4429916628e-02 1.5123796649e-02 1.3654639944e-02 5.2770550885e-01 4.7229416191e-01 1.0000000000e-03
1.3400000000e+02 1.4356419444e-02 1.5014654025e-02 1.3621968217e-02 5.2736659133e-01 4.7263307744e-01 1.0000000000e-03
1.3500000000e+02 1.4284314588e-02 1.4940021560e-02 1.3553573750e-02 5.2706282511e-01 4.7293684168e-01 1.0000000000e-03
1.3600000000e+02 1.4213707298e-02 1.4873518609e-02 1.3479122892e-02 5.2681554668e-01 4.7318411816e-01 1.0000000000e-03
1.3700000000e+02 1.4144640416e-02 1.4788348228e-02 1.3428765349e-02 5.2654311936e-01 4.7345654356e-01 1.0000000000e-03
1.3800000000e+02 1.4077618718e-02 1.4676043764e-02 1.3413190842e-02 5.2613671928e-01 4.7386294175e-01 1.0000000000e-03
1.3900000000e+02 1.4011745341e-02 1.4546846040e-02 1.3419047929e-02 5.2553941005e-01 4.7446024912e-01 1.0000000000e-03
1.4000000000e+02 1.3947438449e-02 1.4413813129e-02 1.3432502747e-02 5.2474746161e-01 4.7525219573e-01 1.0000000000e-03
1.4100000000e+02 1.3885093853e-02 1.4285544865e-02 1.3444642536e-02 5.2378891873e-01 4.7621073681e-01 1.0000000000e-03
1.4200000000e+02 1.3824163005e-02 1.4176291414e-02 1.3438478112e-02 5.2274591169e-01 4.7725374209e-01 1.0000000000e-03
1.4300000000e+02 1.3764435425e-02 1.4104926959e-02 1.3392961584e-02 5.2176588377e-01 4.7823376827e-01 1.0000000000e-03
1.4400000000e+02 1.3705991209e-02 1.4075975865e-02 1.3303576037e-02 5.2099981801e-01 4.7899983230e-01 1.0000000000e-03
1.4500000000e+02 1.3648918830e-02 1.4073136263e-02 1.3188397512e-02 5.2052250431e-01 4.7947714428e-01 1.0000000000e-03
1.4600000000e+02 1.3593047857e-02 1.4066293836e-02 1.3079783879e-02 5.2028727438e-01 4.7971237252e-01 1.0000000000e-03
1.4700000000e+02 1.3538162224e-02 1.4028255828e-02 1.3006922789e-02 5.2014742416e-01 4.7985222106e-01 1.0000000000e-03
1.4800000000e+02 1.3484293595e-02 1.3961111195e-02 1.2967796996e-02 5.1997698940e-01 4.8002265416e-01 1.0000000000e-03
1.4900000000e+02 1.3431707397e-02 1.3894109987e-02 1.2931236066e-02 5.1977398038e-01 4.8022566155e-01 1.0000000000e-03
1.5000000000e+02 1.3380266726e-02 1.3851821423e-02 1.2870174833e-02 5.1963333925e-01 4.8036630107e-01 1.0000000000e-03
1.5100000000e+02 1.3330081478e-02 1.3836626895e-02 1.2782101519e-02 5.1965078172e-01 4.8034885700e-01 1.0000000000e-03
1.5200000000e+02 1.3281065971e-02 1.3831892982e-02 1.2684708461e-02 5.1984882783e-01 4.8015080930e-01 1.0000000000e-03
1.5300000000e+02 1.3233205304e-02 1.3814750127e-02 1.2602808885e-02 5.2015774286e-01 4.7984189270e-01 1.0000000000e-03
1.5400000000e+02 1.3186100870e-02 1.3773127459e-02 1.2548973784e-02 5.2046728295e-01 4.7953235106e-01 1.0000000000e-03
1.5500000000e+02 1.3139373623e-02 1.3708344661e-02 1.2521308847e-02 5.2068330922e-01 4.7931632327e-01 1.0000000000e-03
1.5600000000e+02 1.3093072921e-02 1.3625126332e-02 1.2514982373e-02 5.2073840775e-01 4.7926122324e-01 1.0000000000e-03
1.5700000000e+02 1.3047491200e-02 1.3530819677e-02 1.2522636913e-02 5.2059938198e-01 4.7940024752e-01 1.0000000000e-03
1.5800000000e+02 1.3002203777e-02 1.3439579867e-02 1.2527828105e-02 5.2029499330e-01 4.7970463474e-01 1.0000000000e-03
1.5900000000e+02 1.2957511470e-02 1.3365222141e-02 1.2516000308e-02 5.1990608786e-01 4.8009353875e-01 1.0000000000e-03
1.6000000000e+02 1.2913662009e-02 1.3310742564e-02 1.2484331615e-02 5.1951733651e-01 4.8048228867e-01 1.0000000000e-03
1.6100000000e+02 1.2870558538e-02 1.3264203444e-02 1.2445555069e-02 5.1915767938e-01 4.8084194438e-01 1.0000000000e-03
1.6200000000e+02 1.2828139588e-02 1.3205249794e-02 1.2421620078e-02 5.1877081336e-01 4.8122880901e-01 1.0000000000e-03
1.6300000000e+02 1.2786334381e-02 1.3125731610e-02 1.2421200052e-02 5.1827260854e-01 4.8172701245e-01 1.0000000000e-03
1.6400000000e+02 1.2745106593e-02 1.3040244579e-02 1.2428384274e-02 5.1764653144e-01 4.8235308818e-01 1.0000000000e-03
1.6500000000e+02 1.2704253197e-02 1.2970695272e-02 1.2419102713e-02 5.1696810659e-01 4.8303151168e-01 1.0000000000e-03
1.6600000000e+02 1.2663893402e-02 1.2928575277e-02 1.2381323613e-02 5.1635237779e-01 4.8364723915e-01 1.0000000000e-03
1.6700000000e+02 1.2624006718e-02 1.2909006327e-02 1.2320316397e-02 5.1588379776e-01 4.8411581785e-01 1.0000000000e-03
1.6800000000e+02 1.2584756128e-02 1.2896366417e-02 1.2253119610e-02 5.1557424442e-01 4.8442536987e-01 1.0000000000e-03
1.6900000000e+02 1.2546153739e-02 1.2878709473e-02 1.2192491442e-02 5.1538533790e-01 4.8461427507e-01 1.0000000000e-03
1.7000000000e+02 1.2508112937e-02 1.2852007523e-02 1.2142568827e-02 5.1526596882e-01 4.8473364284e-01 1.0000000000e-03
1.7100000000e+02 1.2470480055e-02 1.2815777212e-02 1.2103585526e-02 5.1516834387e-01 4.8483126650e-01 1.0000000000e-03
1.7200000000e+02 1.2433364987e-02 1.2773981318e-02 1.2071593665e-02 5.1506499533e-01 4.8493461375e-01 1.0000000000e-03
1.7300000000e+02 1.2396831997e-02 1.2734686024e-02 1.2038140558e-02 5.1496434099e-01 4.8503526681e-01 1.0000000000e-03
1.7400000000e+02 1.2360641733e-02 1.2705004774e-02 1.1995127425e-02 5.1490487706e-01 4.8509472948e-01 1.0000000000e-03
1.7500000000e+02 1.2325022370e-02 1.2684836052e-02 1.1943084188e-02 5.1492028501e-01 4.8507932027e-01 1.0000000000e-03
1.7600000000e+02 1.2289887294e-02 1.2662333436e-02 1.1894425377e-02 5.1499177259e-01 4.8500783144e-01 1.0000000000e-03
1.7700000000e+02 1.2254940346e-02 1.2622360140e-02 1.1864741333e-02 5.1503954955e-01 4.8496005324e-01 1.0000000000e-03
1.7800000000e+02 1.2220342644e-02 1.2561849318e-02 1.1857755482e-02 5.1497723043e-01 4.8502237113e-01 1.0000000000e-03
1.7900000000e+02 1.2186070904e-02 1.2492063455e-02 1.1861454695e-02 5.1477418378e-01 4.8522541656e-01 1.0000000000e-03
1.8000000000e+02 1.2151999399e-02 1.2428670190e-02 1.1858848855e-02 5.1446981873e-01 4.8552978040e-01 1.0000000000e-03
1.8100000000e+02 1.2118398212e-02 1.2379404157e-02 1.1842218228e-02 5.1413171326e-01 4.8586788468e-01 1.0000000000e-03
1.8200000000e+02 1.2085156515e-02 1.2339907698e-02 1.1815951206e-02 5.1380305372e-01 4.8619654302e-01 1.0000000000e-03
1.8300000000e+02 1.2052433565e-02 1.2302057818e-02 1.1788979173e-02 5.1348760171e-01 4.8651199385e-01 1.0000000000e-03
1.8400000000e+02 1.2019975111e-02 1.2260821648e-02 1.1766109616e-02 5.1316831513e-01 4.8683127925e-01 1.0000000000e-03
1.8500000000e+02 1.1987928301e-02 1.2214580551e-02 1.1749354191e-02 5.1282214259e-01 4.8717745063e-01 1.0000000000e-03
1.8600000000e+02 1.1956010014e-02 1.2166137807e-02 1.1735168286e-02 5.1244146764e-01 4.8755812441e-01 1.0000000000e-03
1.8700000000e+02 1.1924613267e-02 1.2121400796e-02 1.1718120426e-02 5.1204312268e-01 4.8795646822e-01 1.0000000000e-03
1.8800000000e+02 1.1893469840e-02 1.2087548152e-02 1.1690122075e-02 5.1167450185e-01 4.8832508790e-01 1.0000000000e-03
1.8900000000e+02 1.1862688698e-02 1.2067987584e-02 1.1647826992e-02 5.1139285387e-01 4.8860673475e-01 1.0000000000e-03
1.9000000000e+02 1.1832257733e-02 1.2055964209e-02 1.1598289944e-02 5.1122097178e-01 4.8877861570e-01 1.0000000000e-03
1.9100000000e+02 1.1802274734e-02 1.2039535679e-02 1.1554221623e-02 5.1112733278e-01 4.8887225357e-01 1.0000000000e-03
1.9200000000e+02 1.1772569269e-02 1.2011245824e-02 1.1523112655e-02 5.1105164277e-01 4.8894794245e-01 1.0000000000e-03
1.9300000000e+02 1.1743170209e-02 1.1974090710e-02 1.1501917616e-02 5.1095210706e-01 4.8904747704e-01 1.0000000000e-03
1.9400000000e+02 1.1714138091e-02 1.1937773786e-02 1.1480608024e-02 5.1083295775e-01 4.8916662524e-01 1.0000000000e-03
1.9500000000e+02 1.1685343459e-02 1.1907944456e-02 1.1452994309e-02 5.1072338130e-01 4.8927620058e-01 1.0000000000e-03
1.9600000000e+02 1.1656887829e-02 1.1882769875e-02 1.1421192437e-02 5.1064136240e-01 4.8935821838e-01 1.0000000000e-03
1.9700000000e+02 1.1628795415e-02 1.1856874451e-02 1.1390864849e-02 5.1057947287e-01 4.8942010683e-01 1.0000000000e-03
1.9800000000e+02 1.1600911617e-02 1.1825107038e-02 1.1367099360e-02 5.1050892081e-01 4.8949065779e-01 1.0000000000e-03
1.9900000000e+02 1.1573316529e-02 1.1785617098e-02 1.1352009140e-02 5.1039502582e-01 4.8960455170e-01 1.0000000000e-03
2.0000000000e+02 1.1545979418e-02 1.1739780195e-02 1.1344106868e-02 5.1021253479e-01 4.8978704166e-01 1.0000000000e-03
2.0100000000e+02 1.1518945917e-02 1.1692743748e-02 1.1338092387e-02 5.0996120822e-01 4.9003836717e-01 1.0000000000e-03
2.0200000000e+02 1.1492205784e-02 1.1651628651e-02 1.1326503940e-02 5.0967253080e-01 4.9032704352e-01 1.0000000000e-03
2.0300000000e+02 1.1465722695e-02 1.1619767174e-02 1.1305789463e-02 5.0939003225e-01 4.9060954102e-01 1.0000000000e-03
2.0400000000e+02 1.1439597234e-02 1.1593834497e-02 1.1279625818e-02 5.0913784802e-01 4.9086172421e-01 1.0000000000e-03
2.0500000000e+02 1.1413673870e-02 1.1566298082e-02 1.1255524121e-02 5.0890491119e-01 4.9109466000e-01 1.0000000000e-03
2.0600000000e+02 1.1388032697e-02 1.1533257551e-02 1.1237695813e-02 5.0866338633e-01 4.9133618383e-01 1.0000000000e-03
2.0700000000e+02 1.1362706311e-02 1.1498329230e-02 1.1222455651e-02 5.0840412060e-01 4.9159544853e-01 1.0000000000e-03
2.0800000000e+02 1.1337615550e-02 1.1467413977e-02 1.1203527451e-02 5.0814567910e-01 4.9185388900e-01 1.0000000000e-03
2.0900000000e+02 1.1312757619e-02 1.1443922296e-02 1.1177380569e-02 5.0792022759e-01 4.9207933950e-01 1.0000000000e-03
2.1000000000e+02 1.1288302019e-02 1.1425861157e-02 1.1146421544e-02 5.0774717078e-01 4.9225239529e-01 1.0000000000e-03
2.1100000000e+02 1.1264020577e-02 1.1408968829e-02 1.1114591733e-02 5.0762591825e-01 4.9237364682e-01 1.0000000000e-03
2.1200000000e+02 1.1240120977e-02 1.1389490217e-02 1.1086188257e-02 5.0753803759e-01 4.9246152648e-01 1.0000000000e-03
2.1300000000e+02 1.1216396466e-02 1.1364654638e-02 1.1063660495e-02 5.0745522496e-01 4.9254433812e-01 1.0000000000e-03
2.1400000000e+02 1.1193076149e-02 1.1335503310e-02 1.1046405882e-02 5.0735550818e-01 4.9264405391e-01 1.0000000000e-03
2.1500000000e+02 1.1169796810e-02 1.1305426247e-02 1.1030194350e-02 5.0723606242e-01 4.9276349869e-01 1.0000000000e-03
2.1600000000e+02 1.1146862991e-02 1.1278702877e-02 1.1011227965e-02 5.0711242392e-01 4.9288713621e-01 1.0000000000e-03
2.1700000000e+02 1.1124198325e-02 1.1255654506e-02 1.0989017785e-02 5.0700048594e-01 4.9299907323e-01 1.0000000000e-03
2.1800000000e+02 1.1101831682e-02 1.1231706478e-02 1.0968335904e-02 5.0689359039e-01 4.9310596782e-01 1.0000000000e-03
2.1900000000e+02 1.1079704389e-02 1.1203209870e-02 1.0952819139e-02 5.0676927082e-01 4.9323028643e-01 1.0000000000e-03
2.2000000000e+02 1.1057692580e-02 1.1169682257e-02 1.0942715220e-02 5.0660553308e-01 4.9339402322e-01 1.0000000000e-03
2.2100000000e+02 1.1035989970e-02 1.1135768145e-02 1.0933633894e-02 5.0640290826e-01 4.9359664710e-01 1.0000000000e-03
2.2200000000e+02 1.1014551856e-02 1.1105290614e-02 1.0921550915e-02 5.0617967591e-01 4.9381987852e-01 1.0000000000e-03
2.2300000000e+02 1.0993314907e-02 1.1079394259e-02 1.0905170813e-02 5.0595792577e-01 4.9404162773e-01 1.0000000000e-03
2.2400000000e+02 1.0972466320e-02 1.1056829244e-02 1.0886149481e-02 5.0575102680e-01 4.9424852577e-01 1.0000000000e-03
2.2500000000e+02 1.0951645672e-02 1.1034858413e-02 1.0866571218e-02 5.0556009338e-01 4.9443945828e-01 1.0000000000e-03
2.2600000000e+02 1.0931363329e-02 1.1012107134e-02 1.0848874226e-02 5.0537740404e-01 4.9462214671e-01 1.0000000000e-03
2.2700000000e+02 1.0911040008e-02 1.0987557471e-02 1.0832928121e-02 5.0519396208e-01 4.9480558777e-01 1.0000000000e-03
2.2800000000e+02 1.0891046375e-02 1.0963789187e-02 1.0816840455e-02 5.0501188088e-01 4.9498766807e-01 1.0000000000e-03
2.2900000000e+02 1.0871407576e-02 1.0943009518e-02 1.0798415169e-02 5.0484320155e-01 4.9515634651e-01 1.0000000000e-03
2.3000000000e+02 1.0851718485e-02 1.0926404037e-02 1.0775623843e-02 5.0470624553e-01 4.9529330164e-01 1.0000000000e-03
2.3100000000e+02 1.0832535103e-02 1.0910805315e-02 1.0752822272e-02 5.0460022512e-01 4.9539932117e-01 1.0000000000e-03
2.3200000000e+02 1.0813433677e-02 1.0892855935e-02 1.0732574388e-02 5.0451076512e-01 4.9548878031e-01 1.0000000000e-03
2.3300000000e+02 1.0794643313e-02 1.0871055536e-02 1.0716879740e-02 5.0441675315e-01 4.9558279141e-01 1.0000000000e-03
2.3400000000e+02 1.0776014067e-02 1.0847601108e-02 1.0703193024e-02 5.0431009569e-01 4.9568944801e-01 1.0000000000e-03
2.3500000000e+02 1.0757598095e-02 1.0824703611e-02 1.0689366609e-02 5.0419359411e-01 4.9580594874e-01 1.0000000000e-03
2.3600000000e+02 1.0739504360e-02 1.0803363286e-02 1.0674606077e-02 5.0407395379e-01 4.9592558822e-01 1.0000000000e-03
2.3700000000e+02 1.0721618310e-02 1.0782923549e-02 1.0659346357e-02 5.0395469753e-01 4.9604484364e-01 1.0000000000e-03
2.3800000000e+02 1.0703829117e-02 1.0762002319e-02 1.0644766502e-02 5.0383303314e-01 4.9616650720e-01 1.0000000000e-03
2.3900000000e+02 1.0686337948e-02 1.0739436373e-02 1.0632456280e-02 5.0369998853e-01 4.9629955099e-01 1.0000000000e-03
2.4000000000e+02 1.0668935254e-02 1.0714976117e-02 1.0622247122e-02 5.0354726010e-01 4.9645227860e-01 1.0000000000e-03
2.4100000000e+02 1.0651909746e-02 1.0690754279e-02 1.0612547398e-02 5.0337606631e-01 4.9662347157e-01 1.0000000000e-03
2.4200000000e+02 1.0634985752e-02 1.0668948293e-02 1.0600595735e-02 5.0319911786e-01 4.9680041922e-01 1.0000000000e-03
2.4300000000e+02 1.0618319735e-02 1.0650584474e-02 1.0585672222e-02 5.0303201601e-01 4.9696752027e-01 1.0000000000e-03
2.4400000000e+02 1.0601857677e-02 1.0633487254e-02 1.0569870472e-02 5.0287880658e-01 4.9712072891e-01 1.0000000000e-03
2.4500000000e+02 1.0585689917e-02 1.0616109706e-02 1.0554946028e-02 5.0273535342e-01 4.9726418129e-01 1.0000000000e-03
2.4600000000e+02 1.0569624603e-02 1.0597398505e-02 1.0541572236e-02 5.0259384021e-01 4.9740569372e-01 1.0000000000e-03
2.4700000000e+02 1.0553719476e-02 1.0579560883e-02 1.0527632199e-02 5.0245744426e-01 4.9754208890e-01 1.0000000000e-03
2.4800000000e+02 1.0538148694e-02 1.0562004521e-02 1.0514080524e-02 5.0232536889e-01 4.9767416350e-01 1.0000000000e-03
2.4900000000e+02 1.0522680357e-02 1.0547413491e-02 1.0497737676e-02 5.0221083019e-01 4.9778870146e-01 1.0000000000e-03
2.5000000000e+02 1.0507482104e-02 1.0531959124e-02 1.0482807644e-02 5.0210666842e-01 4.9789286247e-01 1.0000000000e-03
2.5100000000e+02 1.0492466390e-02 1.0518930852e-02 1.0465797968e-02 5.0202257662e-01 4.9797695353e-01 1.0000000000e-03
2.5200000000e+02 1.0477744043e-02 1.0499956086e-02 1.0455369949e-02 5.0192667883e-01 4.9807285058e-01 1.0000000000e-03
2.5300000000e+02 1.0463383980e-02 1.0485747829e-02 1.0440864600e-02 5.0184122660e-01 4.9815830209e-01 1.0000000000e-03
2.5400000000e+02 1.0449672118e-02 1.0462028906e-02 1.0437240824e-02 5.0171638369e-01 4.9828314428e-01 1.0000000000e-03
2.5500000000e+02 1.0437406600e-02 1.0455676354e-02 1.0419027880e-02 5.0163250335e-01 4.9836702392e-01 1.0000000000e-03
2.5600000000e+02 1.0428545065e-02 1.0429254733e-02 1.0427841917e-02 5.0147261593e-01 4.9852691066e-01 1.0000000000e-03
2.5700000000e+02 1.0428203270e-02 1.0447622277e-02 1.0408682749e-02 5.0141868226e-01 4.9858084373e-01 1.0000000000e-03
2.5800000000e+02 1.0450800881e-02 1.0423599742e-02 1.0478136130e-02 5.0114633118e-01 4.9885319437e-01 1.0000000000e-03
2.5900000000e+02 1.0533533990e-02 1.0547638871e-02 1.0519377887e-02 5.0109874830e-01 4.9890077722e-01 1.0000000000e-03
2.6000000000e+02 1.0767404921e-02 1.0644219816e-02 1.0890805162e-02 5.0041632890e-01 4.9958319764e-01 1.0000000000e-03
2.6100000000e+02 1.1327112094e-02 1.1253884993e-02 1.1400364339e-02 5.0005138077e-01 4.9994814897e-01 1.0000000000e-03
2.6200000000e+02 1.2332917191e-02 1.1900115758e-02 1.2762793340e-02 4.9829728593e-01 5.0170225029e-01 1.0000000000e-03
2.6300000000e+02 1.3273425400e-02 1.2844533660e-02 1.3696979731e-02 4.9686166596e-01 5.0313787896e-01 1.0000000000e-03
2.6400000000e+02 1.2799268588e-02 1.2373590842e-02 1.3217409141e-02 4.9552681825e-01 5.0447273311e-01 1.0000000000e-03
2.6500000000e+02 1.1009405367e-02 1.0952075012e-02 1.1065771803e-02 4.9571592148e-01 5.0428362932e-01 1.0000000000e-03
2.6600000000e+02 1.0337850079e-02 1.0442443192e-02 1.0234659538e-02 4.9664675358e-01 5.0335279378e-01 1.0000000000e-03
2.6700000000e+02 1.1395884678e-02 1.1316318065e-02 1.1474396102e-02 4.9663525283e-01 5.0336429592e-01 1.0000000000e-03
2.6800000000e+02 1.1887368746e-02 1.1682148091e-02 1.2089435942e-02 4.9611503731e-01 5.0388451450e-01 1.0000000000e-03
2.6900000000e+02 1.0829994455e-02 1.0836707428e-02 1.0823383927e-02 4.9653426635e-01 5.0346528410e-01 1.0000000000e-03
2.7000000000e+02 1.0275492445e-02 1.0381145403e-02 1.0170944035e-02 4.9739220199e-01 5.0260734476e-01 1.0000000000e-03
2.7100000000e+02 1.1022720486e-02 1.0984962806e-02 1.1060111225e-02 4.9748251654e-01 5.0251703018e-01 1.0000000000e-03
2.7200000000e+02 1.1205634102e-02 1.1117240414e-02 1.1293102056e-02 4.9734187560e-01 5.0265767182e-01 1.0000000000e-03
2.7300000000e+02 1.0418012738e-02 1.0475557297e-02 1.0360961780e-02 4.9788265111e-01 5.0211689358e-01 1.0000000000e-03
2.7400000000e+02 1.0321809910e-02 1.0358345695e-02 1.0285535827e-02 4.9827070902e-01 5.0172883276e-01 1.0000000000e-03
2.7500000000e+02 1.0867224075e-02 1.0762929916e-02 1.0970682837e-02 4.9796566230e-01 5.0203387928e-01 1.0000000000e-03
2.7600000000e+02 1.0682253167e-02 1.0582447052e-02 1.0781155899e-02 4.9770400890e-01 5.0229553172e-01 1.0000000000e-03
2.7700000000e+02 1.0194049217e-02 1.0209825821e-02 1.0178407654e-02 4.9801063320e-01 5.0198890431e-01 1.0000000000e-03
2.7800000000e+02 1.0408812203e-02 1.0368987918e-02 1.0448331945e-02 4.9801897381e-01 5.0198056192e-01 1.0000000000e-03
2.7900000000e+02 1.0650196113e-02 1.0525600985e-02 1.0773628019e-02 4.9763480906e-01 5.0236472614e-01 1.0000000000e-03
2.8000000000e+02 1.0315719992e-02 1.0275756940e-02 1.0355322622e-02 4.9767847436e-01 5.0232105885e-01 1.0000000000e-03
2.8100000000e+02 1.0163076222e-02 1.0157994926e-02 1.0168123990e-02 4.9788568596e-01 5.0211384473e-01 1.0000000000e-03
2.8200000000e+02 1.0421581566e-02 1.0349948891e-02 1.0492584668e-02 4.9775491878e-01 5.0224461086e-01 1.0000000000e-03
2.8300000000e+02 1.0393058881e-02 1.0325021110e-02 1.0460470803e-02 4.9765357551e-01 5.0234595306e-01 1.0000000000e-03
2.8400000000e+02 1.0135482997e-02 1.0128983296e-02 1.0141936131e-02 4.9785624401e-01 5.0214328237e-01 1.0000000000e-03
2.8500000000e+02 1.0196300223e-02 1.0192307644e-02 1.0200270452e-02 4.9805107131e-01 5.0194845339e-01 1.0000000000e-03
2.8600000000e+02 1.0334766470e-02 1.0321479291e-02 1.0347967036e-02 4.9818186538e-01 5.0181765847e-01 1.0000000000e-03
2.8700000000e+02 1.0190982372e-02 1.0173473507e-02 1.0208381340e-02 4.9827801977e-01 5.0172150263e-01 1.0000000000e-03
2.8800000000e+02 1.0084703565e-02 1.0087841190e-02 1.0081594810e-02 4.9846567777e-01 5.0153384282e-01 1.0000000000e-03
2.8900000000e+02 1.0197594762e-02 1.0187604465e-02 1.0207538493e-02 4.9857021595e-01 5.0142930355e-01 1.0000000000e-03
2.9000000000e+02 1.0208791122e-02 1.0166721418e-02 1.0250619613e-02 4.9850771179e-01 5.0149180678e-01 1.0000000000e-03
2.9100000000e+02 1.0077643208e-02 1.0068108328e-02 1.0087134317e-02 4.9860971721e-01 5.0138979988e-01 1.0000000000e-03
2.9200000000e+02 1.0076598264e-02 1.0054919869e-02 1.0098168626e-02 4.9864142017e-01 5.0135809560e-01 1.0000000000e-03
2.9300000000e+02 1.0152149945e-02 1.0092979297e-02 1.0210974142e-02 4.9848668256e-01 5.0151283238e-01 1.0000000000e-03
2.9400000000e+02 1.0100983083e-02 1.0057381354e-02 1.0144320317e-02 4.9842281233e-01 5.0157670161e-01 1.0000000000e-03
2.9500000000e+02 1.0025840253e-02 9.9732838571e-03 1.0078055784e-02 4.9831924713e-01 5.0168026555e-01 1.0000000000e-03
2.9600000000e+02 1.0061427951e-02 9.9782124162e-03 1.0144013911e-02 4.9807531181e-01 5.0192419991e-01 1.0000000000e-03
2.9700000000e+02 1.0088138282e-02 1.0008041747e-02 1.0167565197e-02 4.9787241862e-01 5.0212709236e-01 1.0000000000e-03
2.9800000000e+02 1.0028574616e-02 9.9531859159e-03 1.0103285313e-02 4.9771096007e-01 5.0228854995e-01 1.0000000000e-03
2.9900000000e+02 9.9979173392e-03 9.9341403693e-03 1.0061100125e-02 4.9762236428e-01 5.0237714473e-01 1.0000000000e-03
3.0000000000e+02 1.0031365789e-02 9.9649960175e-03 1.0097092949e-02 4.9753088281e-01 5.0246862545e-01 1.0000000000e-03
3.0100000000e+02 1.0028552264e-02 9.9461534992e-03 1.0110098869e-02 4.9736905594e-01 5.0263045164e-01 1.0000000000e-03
3.0200000000e+02 9.9818520248e-03 9.9261486903e-03 1.0036978871e-02 4.9735453822e-01 5.0264496851e-01 1.0000000000e-03
3.0300000000e+02 9.9732587114e-03 9.9230716005e-03 1.0022930801e-02 4.9736873561e-01 5.0263077031e-01 1.0000000000e-03
3.0400000000e+02 9.9942507222e-03 9.9299587309e-03 1.0057865642e-02 4.9731187513e-01 5.0268763017e-01 1.0000000000e-03
3.0500000000e+02 9.9805667996e-03 9.9356565624e-03 1.0025014170e-02 4.9735682850e-01 5.0264267617e-01 1.0000000000e-03
3.0600000000e+02 9.9483095109e-03 9.9098142236e-03 9.9864201620e-03 4.9742860695e-01 5.0257089698e-01 1.0000000000e-03
3.0700000000e+02 9.9469618872e-03 9.9085317925e-03 9.9850185215e-03 4.9749348120e-01 5.0250602207e-01 1.0000000000e-03
3.0800000000e+02 9.9575510249e-03 9.9187754095e-03 9.9959587678e-03 4.9755032352e-01 5.0244917922e-01 1.0000000000e-03
3.0900000000e+02 9.9426321685e-03 9.8850727081e-03 9.9996309727e-03 4.9750720991e-01 5.0249229226e-01 1.0000000000e-03
3.1000000000e+02 9.9202487618e-03 9.8705599084e-03 9.9694561213e-03 4.9750722964e-01 5.0249227191e-01 1.0000000000e-03
3.1100000000e+02 9.9194422364e-03 9.8703512922e-03 9.9680563435e-03 4.9751022934e-01 5.0248927165e-01 1.0000000000e-03
3.1200000000e+02 9.9239833653e-03 9.8580950871e-03 9.9892066792e-03 4.9742888059e-01 5.0257061992e-01 1.0000000000e-03
3.1300000000e+02 9.9112717435e-03 9.8507814109e-03 9.9711418152e-03 4.9738236320e-01 5.0261713680e-01 1.0000000000e-03
3.1400000000e+02 9.8947612569e-03 9.8275011405e-03 9.9613107741e-03 4.9730600763e-01 5.0269349184e-01 1.0000000000e-03
3.1500000000e+02 9.8922904581e-03 9.8193231970e-03 9.9644567817e-03 4.9720858235e-01 5.0279091663e-01 1.0000000000e-03
3.1600000000e+02 9.8935943097e-03 9.8205879331e-03 9.9657736719e-03 4.9712081566e-01 5.0287868288e-01 1.0000000000e-03
3.1700000000e+02 9.8839569837e-03 9.7986534238e-03 9.9682454020e-03 4.9697972929e-01 5.0301976881e-01 1.0000000000e-03
3.1800000000e+02 9.8709091544e-03 9.7934892401e-03 9.9473819137e-03 4.9689194936e-01 5.0310754827e-01 1.0000000000e-03
3.1900000000e+02 9.8665338010e-03 9.7946953028e-03 9.9374800920e-03 4.9684092225e-01 5.0315857494e-01 1.0000000000e-03
3.2000000000e+02 9.8658921197e-03 9.7883725539e-03 9.9424254149e-03 4.9676641809e-01 5.0323307870e-01 1.0000000000e-03
3.2100000000e+02 9.8590068519e-03 9.7880708054e-03 9.9290311337e-03 4.9673229408e-01 5.0326720231e-01 1.0000000000e-03
3.2200000000e+02 9.8482519388e-03 9.7731500864e-03 9.9223721772e-03 4.9668021711e-01 5.0331927887e-01 1.0000000000e-03
3.2300000000e+02 9.8423678428e-03 9.7696445882e-03 9.9141299725e-03 4.9664515372e-01 5.0335434186e-01 1.0000000000e-03
3.2400000000e+02 9.8403561860e-03 9.7725996748e-03 9.9072158337e-03 4.9663859731e-01 5.0336089789e-01 1.0000000000e-03
3.2500000000e+02 9.8354741931e-03 9.7600175068e-03 9.9099194631e-03 4.9659366905e-01 5.0340582580e-01 1.0000000000e-03
3.2600000000e+02 9.8269041628e-03 9.7585357726e-03 9.8943542689e-03 4.9658873356e-01 5.0341076092e-01 1.0000000000e-03
3.2700000000e+02 9.8200021312e-03 9.7512248904e-03 9.8878564313e-03 4.9658197868e-01 5.0341751543e-01 1.0000000000e-03
3.2800000000e+02 9.8165860400e-03 9.7424387932e-03 9.8897265270e-03 4.9654863712e-01 5.0345085664e-01 1.0000000000e-03
3.2900000000e+02 9.8127666861e-03 9.7387386486e-03 9.8857795820e-03 4.9651911234e-01 5.0348038109e-01 1.0000000000e-03
3.3000000000e+02 9.8062157631e-03 9.7236670554e-03 9.8876096308e-03 4.9644919545e-01 5.0355029765e-01 1.0000000000e-03
3.3100000000e+02 9.7993146628e-03 9.7197741270e-03 9.8777282983e-03 4.9640125493e-01 5.0359823783e-01 1.0000000000e-03
3.3200000000e+02 9.7944755107e-03 9.7148558125e-03 9.8729524761e-03 4.9635754528e-01 5.0364194715e-01 1.0000000000e-03
3.3300000000e+02 9.7908731550e-03 9.7052641213e-03 9.8752286285e-03 4.9628775055e-01 5.0371174157e-01 1.0000000000e-03
3.3400000000e+02 9.7860544920e-03 9.7039937973e-03 9.8669016734e-03 4.9624275082e-01 5.0375674099e-01 1.0000000000e-03
3.3500000000e+02 9.7799710929e-03 9.6941748634e-03 9.8644765094e-03 4.9618308897e-01 5.0381640253e-01 1.0000000000e-03
3.3600000000e+02 9.7743663937e-03 9.6901375800e-03 9.8573137075e-03 4.9613713854e-01 5.0386235266e-01 1.0000000000e-03
3.3700000000e+02 9.7701419145e-03 9.6863685176e-03 9.8526272923e-03 4.9609794558e-01 5.0390154532e-01 1.0000000000e-03
3.3800000000e+02 9.7661195323e-03 9.6795763820e-03 9.8513159901e-03 4.9604846420e-01 5.0395102641e-01 1.0000000000e-03
3.3900000000e+02 9.7611676902e-03 9.6813691780e-03 9.8397210240e-03 4.9603800067e-01 5.0396148965e-01 1.0000000000e-03
3.4000000000e+02 9.7557175905e-03 9.6746711060e-03 9.8354928195e-03 4.9602202664e-01 5.0397746339e-01 1.0000000000e-03
3.4100000000e+02 9.7508076578e-03 9.6700116992e-03 9.8303351551e-03 4.9600872007e-01 5.0399076967e-01 1.0000000000e-03
3.4200000000e+02 9.7466614097e-03 9.6662435681e-03 9.8258135840e-03 4.9599850201e-01 5.0400098746e-01 1.0000000000e-03
3.4300000000e+02 9.7424872220e-03 9.6590965986e-03 9.8245553672e-03 4.9597401713e-01 5.0402547206e-01 1.0000000000e-03
3.4400000000e+02 9.7378324717e-03 9.6576977521e-03 9.8166940734e-03 4.9596837099e-01 5.0403111794e-01 1.0000000000e-03
3.4500000000e+02 9.7329411656e-03 9.6489004791e-03 9.8156398162e-03 4.9594319279e-01 5.0405629587e-01 1.0000000000e-03
3.4600000000e+02 9.7283711657e-03 9.6437884495e-03 9.8115932196e-03 4.9591759263e-01 5.0408189576e-01 1.0000000000e-03
3.4700000000e+02 9.7242183983e-03 9.6398899332e-03 9.8071834072e-03 4.9589568281e-01 5.0410380532e-01 1.0000000000e-03
3.4800000000e+02 9.7202155739e-03 9.6319718286e-03 9.8070176318e-03 4.9585584495e-01 5.0414364293e-01 1.0000000000e-03
3.4900000000e+02 9.7159333527e-03 9.6279047430e-03 9.8025128245e-03 4.9582091861e-01 5.0417856901e-01 1.0000000000e-03
3.5000000000e+02 9.7114806995e-03 9.6194893122e-03 9.8019391298e-03 4.9576908859e-01 5.0423039878e-01 1.0000000000e-03
3.5100000000e+02 9.7070969641e-03 9.6163013950e-03 9.7963660955e-03 4.9572837276e-01 5.0427111436e-01 1.0000000000e-03
3.5200000000e+02 9.7030047327e-03 9.6127688885e-03 9.7917085513e-03 4.9569443167e-01 5.0430505520e-01 1.0000000000e-03
3.5300000000e+02 9.6990773454e-03 9.6066361293e-03 9.7899343818e-03 4.9565246127e-01 5.0434702536e-01 1.0000000000e-03
3.5400000000e+02 9.6950717270e-03 9.6045387909e-03 9.7840428352e-03 4.9562427784e-01 5.0437520855e-01 1.0000000000e-03
3.5500000000e+02 9.6908528358e-03 9.5991743729e-03 9.7809368744e-03 4.9559288369e-01 5.0440660246e-01 1.0000000000e-03
3.5600000000e+02 9.6867065877e-03 9.5971906558e-03 9.7746616229e-03 4.9557550574e-01 5.0442398018e-01 1.0000000000e-03
3.5700000000e+02 9.6827037632e-03 9.5928329974e-03 9.7710024565e-03 4.9555787233e-01 5.0444161336e-01 1.0000000000e-03
3.5800000000e+02 9.6788136289e-03 9.5890164375e-03 9.7670331597e-03 4.9554221174e-01 5.0445727372e-01 1.0000000000e-03
3.5900000000e+02 9.6750156954e-03 9.5878653228e-03 9.7606359050e-03 4.9554149476e-01 5.0445799047e-01 1.0000000000e-03
3.6000000000e+02 9.6711795777e-03 9.5825623721e-03 9.7582368180e-03 4.9553316458e-01 5.0446632042e-01 1.0000000000e-03
3.6100000000e+02 9.6672363579e-03 9.5794368535e-03 9.7534889355e-03 4.9552967831e-01 5.0446980646e-01 1.0000000000e-03
3.6200000000e+02 9.6633741632e-03 9.5738600940e-03 9.7513068467e-03 4.9551757690e-01 5.0448190765e-01 1.0000000000e-03
3.6300000000e+02 9.6595138311e-03 9.5704570413e-03 9.7469966859e-03 4.9550885020e-01 5.0449063413e-01 1.0000000000e-03
3.6400000000e+02 9.6558583900e-03 9.5664868131e-03 9.7436448559e-03 4.9549922167e-01 5.0450026244e-01 1.0000000000e-03
3.6500000000e+02 9.6521843225e-03 9.5605393872e-03 9.7421966493e-03 4.9547872588e-01 5.0452075801e-01 1.0000000000e-03
3.6600000000e+02 9.6485484391e-03 9.5574129373e-03 9.7380531952e-03 4.9546273772e-01 5.0453674596e-01 1.0000000000e-03
3.6700000000e+02 9.6448510885e-03 9.5520708710e-03 9.7359623760e-03 4.9543973984e-01 5.0455974362e-01 1.0000000000e-03
3.6800000000e+02 9.6412077546e-03 9.5486734062e-03 9.7320713103e-03 4.9542014157e-01 5.0457934168e-01 1.0000000000e-03
3.6900000000e+02 9.6375877038e-03 9.5433760434e-03 9.7300885245e-03 4.9539372466e-01 5.0460575838e-01 1.0000000000e-03
3.7000000000e+02 9.6340123564e-03 9.5398016274e-03 9.7265047953e-03 4.9536979364e-01 5.0462968919e-01 1.0000000000e-03
3.7100000000e+02 9.6304994076e-03 9.5372125506e-03 9.7220791504e-03 4.9535284724e-01 5.0464663538e-01 1.0000000000e-03
3.7200000000e+02 9.6269715577e-03 9.5329182222e-03 9.7192954272e-03 4.9533349582e-01 5.0466598660e-01 1.0000000000e-03
3.7300000000e+02 9.6234865487e-03 9.5302816480e-03 9.7149722278e-03 4.9532028642e-01 5.0467919580e-01 1.0000000000e-03
3.7400000000e+02 9.6200630069e-03 9.5261763781e-03 9.7122117877e-03 4.9530473153e-01 5.0469475049e-01 1.0000000000e-03
3.7500000000e+02 9.6165724099e-03 9.5241712406e-03 9.7072618082e-03 4.9529821358e-01 5.0470126824e-01 1.0000000000e-03
3.7600000000e+02 9.6131339669e-03 9.5201702788e-03 9.7043728456e-03 4.9528928468e-01 5.0471019694e-01 1.0000000000e-03
3.7700000000e+02 9.6097104251e-03 9.5169935375e-03 9.7007052973e-03 4.9528235501e-01 5.0471712641e-01 1.0000000000e-03
3.7800000000e+02 9.6063409001e-03 9.5141492784e-03 9.6968179569e-03 4.9527866561e-01 5.0472081561e-01 1.0000000000e-03
3.7900000000e+02 9.6029918641e-03 9.5105385408e-03 9.6937231719e-03 4.9527383582e-01 5.0472564521e-01 1.0000000000e-03
3.8000000000e+02 9.5996670425e-03 9.5073906705e-03 9.6902251244e-03 4.9527023592e-01 5.0472924492e-01 1.0000000000e-03
3.8100000000e+02 9.5963347703e-03 9.5027945936e-03 9.6881287172e-03 4.9526031730e-01 5.0473916335e-01 1.0000000000e-03
3.8200000000e+02 9.5930676907e-03 9.5001524314e-03 9.6842469648e-03 4.9525445706e-01 5.0474502340e-01 1.0000000000e-03
3.8300000000e+02 9.5898117870e-03 9.4961039722e-03 9.6817631274e-03 4.9524494016e-01 5.0475454011e-01 1.0000000000e-03
3.8400000000e+02 9.5865819603e-03 9.4929756597e-03 9.6784317866e-03 4.9523674136e-01 5.0476273872e-01 1.0000000000e-03
3.8500000000e+02 9.5833679661e-03 9.4890259206e-03 9.6759358421e-03 4.9522540692e-01 5.0477407298e-01 1.0000000000e-03
3.8600000000e+02 9.5801660791e-03 9.4859758392e-03 9.6725812182e-03 4.9521583768e-01 5.0478364202e-01 1.0000000000e-03
3.8700000000e+02 9.5769586042e-03 9.4827581197e-03 9.6693811938e-03 4.9520701598e-01 5.0479246355e-01 1.0000000000e-03
3.8800000000e+02 9.5738302916e-03 9.4793243334e-03 9.6665471792e-03 4.9519735062e-01 5.0480212872e-01 1.0000000000e-03
3.8900000000e+02 9.5706898719e-03 9.4767520204e-03 9.6628488973e-03 4.9519143306e-01 5.0480804610e-01 1.0000000000e-03
3.9000000000e+02 9.5675773919e-03 9.4735156745e-03 9.6598537639e-03 4.9518531857e-01 5.0481416041e-01 1.0000000000e-03
3.9100000000e+02 9.5644388348e-03 9.4710011035e-03 9.6561023965e-03 4.9518288909e-01 5.0481658971e-01 1.0000000000e-03
3.9200000000e+02 9.5613868907e-03 9.4675803557e-03 9.6534118056e-03 4.9517863860e-01 5.0482084002e-01 1.0000000000e-03
3.9300000000e+02 9.5583125949e-03 9.4653964043e-03 9.6494648606e-03 4.9517926886e-01 5.0482020958e-01 1.0000000000e-03
3.9400000000e+02 9.5552736893e-03 9.4620613381e-03 9.6467155963e-03 4.9517814998e-01 5.0482132829e-01 1.0000000000e-03
3.9500000000e+02 9.5522701740e-03 9.4594005495e-03 9.6433768049e-03 4.9517876585e-01 5.0482071224e-01 1.0000000000e-03
3.9600000000e+02 9.5492405817e-03 9.4560896978e-03 9.6406210214e-03 4.9517771384e-01 5.0482176408e-01 1.0000000000e-03
3.9700000000e+02 9.5462445170e-03 9.4534093514e-03 9.6373148263e-03 4.9517825465e-01 5.0482122309e-01 1.0000000000e-03
3.9800000000e+02 9.5432857051e-03 9.4500966370e-03 9.6347033978e-03 4.9517675458e-01 5.0482272299e-01 1.0000000000e-03
3.9900000000e+02 9.5402542502e-03 9.4471415505e-03 9.6315965056e-03 4.9517564867e-01 5.0482382873e-01 1.0000000000e-03
4.0000000000e+02 9.5373149961e-03 9.4440374523e-03 9.6288202330e-03 4.9517364490e-01 5.0482583233e-01 1.0000000000e-03
4.0100000000e+02 9.5343366265e-03 9.4409948215e-03 9.6259042621e-03 4.9517135798e-01 5.0482811908e-01 1.0000000000e-03
4.0200000000e+02 9.5314513892e-03 9.4380220398e-03 9.6231019124e-03 4.9516870575e-01 5.0483077114e-01 1.0000000000e-03
4.0300000000e+02 9.5285717398e-03 9.4350408763e-03 9.6203209832e-03 4.9516564654e-01 5.0483383019e-01 1.0000000000e-03
4.0400000000e+02 9.5256417990e-03 9.4324266538e-03 9.6170809120e-03 4.9516438652e-01 5.0483509004e-01 1.0000000000e-03
4.0500000000e+02 9.5227723941e-03 9.4295097515e-03 9.6142571419e-03 4.9516286187e-01 5.0483661452e-01 1.0000000000e-03
4.0600000000e+02 9.5198899508e-03 9.4268452376e-03 9.6111632884e-03 4.9516247054e-01 5.0483700568e-01 1.0000000000e-03
4.0700000000e+02 9.5170456916e-03 9.4240587205e-03 9.6082603559e-03 4.9516227947e-01 5.0483719659e-01 1.0000000000e-03
4.0800000000e+02 9.5142088830e-03 9.4218254089e-03 9.6048340201e-03 4.9516509869e-01 5.0483437720e-01 1.0000000000e-03
4.0900000000e+02 9.5113897696e-03 9.4189075753e-03 9.6021108329e-03 4.9516698170e-01 5.0483249404e-01 1.0000000000e-03
4.1000000000e+02 9.5085781068e-03 9.4165019691e-03 9.5989033580e-03 4.9517064270e-01 5.0482883287e-01 1.0000000000e-03
4.1100000000e+02 9.5057953149e-03 9.4136316329e-03 9.5962071791e-03 4.9517333909e-01 5.0482613632e-01 1.0000000000e-03
4.1200000000e+02 9.5029957592e-03 9.4116823748e-03 9.5925759524e-03 4.9518005006e-01 5.0481942519e-01 1.0000000000e-03
4.1300000000e+02 9.5002632588e-03 9.4082644209e-03 9.5905167982e-03 4.9518237670e-01 5.0481709839e-01 1.0000000000e-03
4.1400000000e+02 9.4974795356e-03 9.4062509015e-03 9.5869787037e-03 4.9518834394e-01 5.0481113099e-01 1.0000000000e-03
4.1500000000e+02 9.4946958125e-03 9.4027947634e-03 9.5848562196e-03 4.9519006277e-01 5.0480941200e-01 1.0000000000e-03
4.1600000000e+02 9.4919744879e-03 9.4013605267e-03 9.5808748156e-03 4.9519818228e-01 5.0480129234e-01 1.0000000000e-03
4.1700000000e+02 9.4893164933e-03 9.3970680609e-03 9.5798196271e-03 4.9519682705e-01 5.0480264740e-01 1.0000000000e-03
4.1800000000e+02 9.4866575673e-03 9.3965260312e-03 9.5750875771e-03 4.9520651635e-01 5.0479295795e-01 1.0000000000e-03
4.1900000000e+02 9.4841457903e-03 9.3914754689e-03 9.5750633627e-03 4.9520186023e-01 5.0479761392e-01 1.0000000000e-03
4.2000000000e+02 9.4816265628e-03 9.3926023692e-03 9.5689734444e-03 4.9521657314e-01 5.0478290085e-01 1.0000000000e-03
4.2100000000e+02 9.4793662429e-03 9.3854814768e-03 9.5714777708e-03 4.9520431448e-01 5.0479515937e-01 1.0000000000e-03
4.2200000000e+02 9.4775781035e-03 9.3901706859e-03 9.5633435994e-03 4.9522702099e-01 5.0477245270e-01 1.0000000000e-03
4.2300000000e+02 9.4764605165e-03 9.3803834170e-03 9.5707206056e-03 4.9520211309e-01 5.0479736047e-01 1.0000000000e-03
4.2400000000e+02 9.4769280404e-03 9.3924589455e-03 9.5598138869e-03 4.9524035882e-01 5.0475911462e-01 1.0000000000e-03
4.2500000000e+02 9.4803078100e-03 9.3778977171e-03 9.5807742327e-03 4.9518124746e-01 5.0481822589e-01 1.0000000000e-03
4.2600000000e+02 9.4899237156e-03 9.4094276428e-03 9.5689119771e-03 4.9524292197e-01 5.0475655136e-01 1.0000000000e-03
4.2700000000e+02 9.5122866333e-03 9.3932747841e-03 9.6289971843e-03 4.9509900800e-01 5.0490046542e-01 1.0000000000e-03
4.2800000000e+02 9.5606520772e-03 9.4799874350e-03 9.6397828311e-03 4.9517120126e-01 5.0482827252e-01 1.0000000000e-03
4.2900000000e+02 9.6636638045e-03 9.4929970801e-03 9.8308129236e-03 4.9477996348e-01 5.0521951117e-01 1.0000000000e-03
4.3000000000e+02 9.8779750988e-03 9.7660636529e-03 9.9875675514e-03 4.9474127582e-01 5.0525820074e-01 1.0000000000e-03
4.3100000000e+02 1.0311905295e-02 9.9645387381e-03 1.0650506243e-02 4.9360337023e-01 5.0639611017e-01 1.0000000000e-03
4.3200000000e+02 1.1130154133e-02 1.0836956091e-02 1.1415203102e-02 4.9294370592e-01 5.0705578150e-01 1.0000000000e-03
4.3300000000e+02 1.2465091422e-02 1.1562193744e-02 1.3332917355e-02 4.9009294851e-01 5.0990655000e-01 1.0000000000e-03
4.3400000000e+02 1.3976186514e-02 1.3234164566e-02 1.4684817754e-02 4.8848566736e-01 5.1151384547e-01 1.0000000000e-03
4.3500000000e+02 1.4420632273e-02 1.2907938100e-02 1.5842564404e-02 4.8453347630e-01 5.1546605048e-01 1.0000000000e-03
4.3600000000e+02 1.2568120845e-02 1.2279274873e-02 1.2840112671e-02 4.8496376472e-01 5.1503576957e-01 1.0000000000e-03
4.3700000000e+02 1.0002562776e-02 9.8220594227e-03 1.0172962211e-02 4.8558988829e-01 5.1440964256e-01 1.0000000000e-03
4.3800000000e+02 9.6492329612e-03 9.6382107586e-03 9.6597047523e-03 4.8697518364e-01 5.1302434230e-01 1.0000000000e-03
4.3900000000e+02 1.1275863275e-02 1.1252226308e-02 1.1298418045e-02 4.8817522537e-01 5.1182430363e-01 1.0000000000e-03
4.4000000000e+02 1.1886594817e-02 1.1187397875e-02 1.2549011037e-02 4.8648948761e-01 5.1351004636e-01 1.0000000000e-03
4.4100000000e+02 1.0426236317e-02 1.0497801937e-02 1.0357986204e-02 4.8817571119e-01 5.1182382144e-01 1.0000000000e-03
4.4200000000e+02 9.4307735562e-03 9.5699205995e-03 9.2970496044e-03 4.9008125790e-01 5.0991826846e-01 1.0000000000e-03
4.4300000000e+02 1.0300604627e-02 1.0067400523e-02 1.0524639860e-02 4.8996287517e-01 5.1003665000e-01 1.0000000000e-03
4.4400000000e+02 1.0953303427e-02 1.0896984488e-02 1.1007577181e-02 4.9071412279e-01 5.0928540420e-01 1.0000000000e-03
4.4500000000e+02 1.0072674602e-02 9.8775709048e-03 1.0260654613e-02 4.9069155044e-01 5.0930797419e-01 1.0000000000e-03
4.4600000000e+02 9.4239134341e-03 9.4671305269e-03 9.3820923939e-03 4.9184794339e-01 5.0815157573e-01 1.0000000000e-03
4.4700000000e+02 1.0055205785e-02 1.0056956671e-02 1.0053513572e-02 4.9267168465e-01 5.0732783283e-01 1.0000000000e-03
4.4800000000e+02 1.0380540043e-02 9.9796261638e-03 1.0768067092e-02 4.9150442412e-01 5.0849509342e-01 1.0000000000e-03
4.4900000000e+02 9.7051197663e-03 9.7486143932e-03 9.6629075706e-03 4.9257471859e-01 5.0742479568e-01 1.0000000000e-03
4.5000000000e+02 9.4528505579e-03 9.4822021201e-03 9.4242645428e-03 4.9347044180e-01 5.0652906815e-01 1.0000000000e-03
4.5100000000e+02 9.9533293396e-03 9.6937157214e-03 1.0205619968e-02 4.9283713862e-01 5.0716237008e-01 1.0000000000e-03
4.5200000000e+02 9.9691376090e-03 9.9444156513e-03 9.9932281300e-03 4.9343098689e-01 5.0656852079e-01 1.0000000000e-03
4.5300000000e+02 9.4833876938e-03 9.4499681145e-03 9.5160119236e-03 4.9391375068e-01 5.0608575350e-01 1.0000000000e-03
4.5400000000e+02 9.5133893192e-03 9.4373226166e-03 9.5876995474e-03 4.9412714124e-01 5.0587235996e-01 1.0000000000e-03
4.5500000000e+02 9.8364818841e-03 9.8250899464e-03 9.8476428539e-03 4.9465708151e-01 5.0534241874e-01 1.0000000000e-03
4.5600000000e+02 9.6735879779e-03 9.5221325755e-03 9.8217073828e-03 4.9441700629e-01 5.0558249223e-01 1.0000000000e-03
4.5700000000e+02 9.4019677490e-03 9.4370264560e-03 9.3675898388e-03 4.9515990550e-01 5.0483959000e-01 1.0000000000e-03
4.5800000000e+02 9.5597505569e-03 9.5887063071e-03 9.5312865451e-03 4.9579404506e-01 5.0420544859e-01 1.0000000000e-03
4.5900000000e+02 9.6948100254e-03 9.4825578853e-03 9.9029783159e-03 4.9513024905e-01 5.0486924365e-01 1.0000000000e-03
4.6000000000e+02 9.4906501472e-03 9.5014097169e-03 9.4800842926e-03 4.9567337203e-01 5.0432611872e-01 1.0000000000e-03
4.6100000000e+02 9.4018364325e-03 9.3982312828e-03 9.4053950161e-03 4.9608695943e-01 5.0391252905e-01 1.0000000000e-03
4.6200000000e+02 9.5595167950e-03 9.3881562352e-03 9.7278906032e-03 4.9558962738e-01 5.0440985995e-01 1.0000000000e-03
4.6300000000e+02 9.5595922321e-03 9.5040556043e-03 9.6142012626e-03 4.9574257457e-01 5.0425691172e-01 1.0000000000e-03
4.6400000000e+02 9.4048939645e-03 9.3152141199e-03 9.4930520281e-03 4.9569552549e-01 5.0430395900e-01 1.0000000000e-03
4.6500000000e+02 9.4211082906e-03 9.3126064166e-03 9.5277084038e-03 4.9555509110e-01 5.0444439187e-01 1.0000000000e-03
4.6600000000e+02 9.5202624798e-03 9.4513380900e-03 9.5880040899e-03 4.9564065171e-01 5.0435883044e-01 1.0000000000e-03
4.6700000000e+02 9.4617456198e-03 9.2897498980e-03 9.6304630861e-03 4.9517616589e-01 5.0482331519e-01 1.0000000000e-03
4.6800000000e+02 9.3766618520e-03 9.3071302399e-03 9.4449063763e-03 4.9529115971e-01 5.0470831994e-01 1.0000000000e-03
4.6900000000e+02 9.4274580479e-03 9.3893650919e-03 9.4648906961e-03 4.9556172937e-01 5.0443774927e-01 1.0000000000e-03
4.7000000000e+02 9.4687547535e-03 9.3049211428e-03 9.6294507384e-03 4.9514854511e-01 5.0485093285e-01 1.0000000000e-03
4.7100000000e+02 9.4032352790e-03 9.3513373286e-03 9.4541888684e-03 4.9536020321e-01 5.0463927378e-01 1.0000000000e-03
4.7200000000e+02 9.3703623861e-03 9.3296216801e-03 9.4104027376e-03 4.9560862550e-01 5.0439085043e-01 1.0000000000e-03
4.7300000000e+02 9.4178542495e-03 9.3149375170e-03 9.5189474523e-03 4.9550613326e-01 5.0449334199e-01 1.0000000000e-03
4.7400000000e+02 9.4231748953e-03 9.3859406188e-03 9.4597926363e-03 4.9575955521e-01 5.0423991945e-01 1.0000000000e-03
4.7500000000e+02 9.3726497144e-03 9.2974770814e-03 9.4465743750e-03 4.9578585426e-01 5.0421361958e-01 1.0000000000e-03
4.7600000000e+02 9.3674072996e-03 9.3122357503e-03 9.4216950238e-03 4.9591510053e-01 5.0408437254e-01 1.0000000000e-03
4.7700000000e+02 9.3997791409e-03 9.3787480146e-03 9.4205038622e-03 4.9621250674e-01 5.0378696584e-01 1.0000000000e-03
4.7800000000e+02 9.3896966428e-03 9.2811509967e-03 9.4965361059e-03 4.9601771632e-01 5.0398175574e-01 1.0000000000e-03
4.7900000000e+02 9.3564987183e-03 9.3008223921e-03 9.4113266096e-03 4.9612064414e-01 5.0387882727e-01 1.0000000000e-03
4.8000000000e+02 9.3616638333e-03 9.3213152140e-03 9.4014303759e-03 4.9629460171e-01 5.0370486915e-01 1.0000000000e-03
4.8100000000e+02 9.3804672360e-03 9.2736026272e-03 9.4856880605e-03 4.9609983413e-01 5.0389963634e-01 1.0000000000e-03
4.8200000000e+02 9.3668336049e-03 9.3058478087e-03 9.4269011170e-03 4.9616671810e-01 5.0383275194e-01 1.0000000000e-03
4.8300000000e+02 9.3463910744e-03 9.2716962099e-03 9.4199553132e-03 4.9615342798e-01 5.0384604155e-01 1.0000000000e-03
4.8400000000e+02 9.3532390893e-03 9.2689022422e-03 9.4362786040e-03 4.9609065227e-01 5.0390881685e-01 1.0000000000e-03
4.8500000000e+02 9.3631036580e-03 9.3050375581e-03 9.4202980399e-03 4.9617379437e-01 5.0382567443e-01 1.0000000000e-03
4.8600000000e+02 9.3509471044e-03 9.2454990372e-03 9.4547299668e-03 4.9599695436e-01 5.0400251409e-01 1.0000000000e-03
4.8700000000e+02 9.3381907791e-03 9.2652607709e-03 9.4099743292e-03 4.9600978460e-01 5.0398968346e-01 1.0000000000e-03
4.8800000000e+02 9.3435421586e-03 9.2900060117e-03 9.3962643296e-03 4.9612445764e-01 5.0387501010e-01 1.0000000000e-03
4.8900000000e+02 9.3485601246e-03 9.2488992959e-03 9.4466432929e-03 4.9598313209e-01 5.0401633539e-01 1.0000000000e-03
4.9000000000e+02 9.3390587717e-03 9.2763481662e-03 9.4007970765e-03 4.9605163401e-01 5.0394783318e-01 1.0000000000e-03
4.9100000000e+02 9.3304915354e-03 9.2643843964e-03 9.3955844641e-03 4.9609488911e-01 5.0390457777e-01 1.0000000000e-03
4.9200000000e+02 9.3337297440e-03 9.2532141134e-03 9.4129955396e-03 4.9605737720e-01 5.0394208942e-01 1.0000000000e-03
4.9300000000e+02 9.3361660838e-03 9.2752268538e-03 9.3961795792e-03 4.9612771460e-01 5.0387175180e-01 1.0000000000e-03
4.9400000000e+02 9.3293096870e-03 9.2413173988e-03 9.4159301370e-03 4.9604696778e-01 5.0395249838e-01 1.0000000000e-03
4.9500000000e+02 9.3229208142e-03 9.2570539564e-03 9.3877762556e-03 4.9609168527e-01 5.0390778064e-01 1.0000000000e-03
4.9600000000e+02 9.3241911381e-03 9.2660281807e-03 9.3814795837e-03 4.9617292754e-01 5.0382653815e-01 1.0000000000e-03
4.9700000000e+02 9.3254968524e-03 9.2344293371e-03 9.4151562080e-03 4.9607107502e-01 5.0392839048e-01 1.0000000000e-03
4.9800000000e+02 9.3205720186e-03 9.2561999336e-03 9.3839615583e-03 4.9612123563e-01 5.0387822967e-01 1.0000000000e-03
4.9900000000e+02 9.3154292554e-03 9.2460727319e-03 9.3837343156e-03 4.9613961949e-01 5.0385984561e-01 1.0000000000e-03
5.0000000000e+02 9.3152411282e-03 9.2354724184e-03 9.3937860802e-03 4.9610072496e-01 5.0389873995e-01 1.0000000000e-03
