# epoch total_loss data_loss physics_loss w_data w_physics lr
1.0000000000e+00 9.8549151421e-01 9.0338283777e-01 1.0662533045e+00 4.9586546793e-01 5.0413453156e-01 1.0000000000e-03
2.0000000000e+00 7.1315920353e-01 6.7509979010e-01 7.5026279688e-01 4.9364229320e-01 5.0635770564e-01 1.0000000000e-03
3.0000000000e+00 5.2833497524e-01 4.8953589797e-01 5.6571245193e-01 4.9066864989e-01 5.0933134812e-01 1.0000000000e-03
4.0000000000e+00 3.8333120942e-01 3.4263607860e-01 4.2187416553e-01 4.8641950667e-01 5.1358049023e-01 1.0000000000e-03
5.0000000000e+00 2.5750577450e-01 2.3221604526e-01 2.8113356233e-01 4.8301301295e-01 5.1698698231e-01 1.0000000000e-03
6.0000000000e+00 1.6195282340e-01 1.6298359632e-01 1.6098202765e-01 4.8502062693e-01 5.1497936572e-01 1.0000000000e-03
7.0000000000e+00 1.2480716407e-01 1.4904223382e-01 1.0094354302e-01 4.9613884734e-01 5.0386114204e-01 1.0000000000e-03
8.0000000000e+00 1.4937415719e-01 1.8699786067e-01 1.1030507833e-01 5.0942304730e-01 4.9057693978e-01 1.0000000000e-03
9.0000000000e+00 1.8002332747e-01 2.2791819274e-01 1.2759584188e-01 5.2259021903e-01 4.7740976653e-01 1.0000000000e-03
1.0000000000e+01 1.9507104158e-01 2.5150141120e-01 1.2980863452e-01 5.3628839061e-01 4.6371159378e-01 1.0000000000e-03
1.1000000000e+01 1.9263276458e-01 2.5077036023e-01 1.2157323956e-01 5.5000872946e-01 4.4999125379e-01 1.0000000000e-03
1.2000000000e+01 1.7556710541e-01 2.2378343344e-01 1.1388071626e-01 5.6128182342e-01 4.3871815855e-01 1.0000000000e-03
1.3000000000e+01 1.5038365126e-01 1.7684929073e-01 1.1593072116e-01 5.6555711041e-01 4.3444286995e-01 1.0000000000e-03
1.4000000000e+01 1.2764340639e-01 1.2513983250e-01 1.3080269098e-01 5.5789512203e-01 4.4210485639e-01 1.0000000000e-03
1.5000000000e+01 1.1740811169e-01 8.9600540698e-02 1.4998660982e-01 5.3950349897e-01 4.6049647743e-01 1.0000000000e-03
1.6000000000e+01 1.1754503101e-01 7.7815733850e-02 1.6028194129e-01 5.1823542140e-01 4.8176455316e-01 1.0000000000e-03
1.7000000000e+01 1.2170724571e-01 8.4651201963e-02 1.5893620253e-01 5.0116375761e-01 4.9883621539e-01 1.0000000000e-03
1.8000000000e+01 1.2623259425e-01 1.0035210848e-01 1.5119206905e-01 4.9094180734e-01 5.0905816438e-01 1.0000000000e-03
1.9000000000e+01 1.2789204717e-01 1.1518078297e-01 1.3995867968e-01 4.8699186939e-01 5.1300810124e-01 1.0000000000e-03
2.0000000000e+01 1.2392659485e-01 1.2272366136e-01 1.2507231534e-01 4.8781877164e-01 5.1218119790e-01 1.0000000000e-03
2.1000000000e+01 1.1533732712e-01 1.2265586853e-01 1.0824482888e-01 4.9215750632e-01 5.0784246193e-01 1.0000000000e-03
2.2000000000e+01 1.0634438694e-01 1.1913005263e-01 9.3612879515e-02 4.9893893774e-01 5.0106102898e-01 1.0000000000e-03
2.3000000000e+01 1.0063038766e-01 1.1696574837e-01 8.3810865879e-02 5.0730170049e-01 4.9269826458e-01 1.0000000000e-03
2.4000000000e+01 9.9058069289e-02 1.1904931068e-01 7.7651478350e-02 5.1709457421e-01 4.8290538927e-01 1.0000000000e-03
2.5000000000e+01 1.0053441674e-01 1.2571984529e-01 7.2260513902e-02 5.2888628400e-01 4.7111367808e-01 1.0000000000e-03
2.6000000000e+01 1.0353384167e-01 1.3489814103e-01 6.6258437932e-02 5.4305891456e-01 4.5694104634e-01 1.0000000000e-03
2.7000000000e+01 1.0609214008e-01 1.4205503464e-01 6.0529768467e-02 5.5887428859e-01 4.4112567128e-01 1.0000000000e-03
2.8000000000e+01 1.0597226024e-01 1.4175218344e-01 5.7754188776e-02 5.7403831275e-01 4.2596164612e-01 1.0000000000e-03
2.9000000000e+01 1.0237458348e-01 1.3151529431e-01 6.1324872077e-02 5.8483359682e-01 4.1516636099e-01 1.0000000000e-03
3.0000000000e+01 9.6957348287e-02 1.1409492791e-01 7.2551384568e-02 5.8747918219e-01 4.1252077448e-01 1.0000000000e-03
3.1000000000e+01 9.2391729355e-02 9.5423258841e-02 8.8193282485e-02 5.8070003157e-01 4.1929992398e-01 1.0000000000e-03
3.2000000000e+01 9.0205088258e-02 8.0878622830e-02 1.0240575671e-01 5.6675742139e-01 4.3324253315e-01 1.0000000000e-03
3.3000000000e+01 9.0319573879e-02 7.3071897030e-02 1.1137442291e-01 5.4969856783e-01 4.5030138583e-01 1.0000000000e-03
3.4000000000e+01 9.1901555657e-02 7.1946270764e-02 1.1470226198e-01 5.3327509866e-01 4.6672485428e-01 1.0000000000e-03
3.5000000000e+01 9.3774527311e-02 7.5798884034e-02 1.1325143278e-01 5.2004214209e-01 4.7995781027e-01 1.0000000000e-03
3.6000000000e+01 9.4732336700e-02 8.1954807043e-02 1.0809335113e-01 5.1116110441e-01 4.8883884745e-01 1.0000000000e-03
3.7000000000e+01 9.4178356230e-02 8.7424434721e-02 1.0110788047e-01 5.0641605242e-01 4.9358389895e-01 1.0000000000e-03
3.8000000000e+01 9.2170402408e-02 9.0085029602e-02 9.4294786453e-02 5.0463284537e-01 4.9536710544e-01 1.0000000000e-03
3.9000000000e+01 8.9254111052e-02 8.9885987341e-02 8.8610701263e-02 5.0452678763e-01 4.9547316249e-01 1.0000000000e-03
4.0000000000e+01 8.6584031582e-02 8.8857494295e-02 8.4260918200e-02 5.0540168742e-01 4.9459826192e-01 1.0000000000e-03
4.1000000000e+01 8.5348069668e-02 8.9686825871e-02 8.0878183246e-02 5.0744371070e-01 4.9255623784e-01 1.0000000000e-03
4.2000000000e+01 8.5628211498e-02 9.3916527927e-02 7.6943881810e-02 5.1166615293e-01 4.8833379490e-01 1.0000000000e-03
4.3000000000e+01 8.6546972394e-02 1.0093851388e-01 7.1005798876e-02 5.1920372296e-01 4.8079622427e-01 1.0000000000e-03
4.4000000000e+01 8.7521463633e-02 1.0823619366e-01 6.4155906439e-02 5.3006823890e-01 4.6993170781e-01 1.0000000000e-03
4.5000000000e+01 8.8285923004e-02 1.1245714128e-01 5.9634413570e-02 5.4240868603e-01 4.5759126020e-01 1.0000000000e-03
4.6000000000e+01 8.8126629591e-02 1.1106227338e-01 5.9729650617e-02 5.5319563858e-01 4.4680430717e-01 1.0000000000e-03
4.7000000000e+01 8.6606286466e-02 1.0401265323e-01 6.4488284290e-02 5.5960430519e-01 4.4039564005e-01 1.0000000000e-03
4.8000000000e+01 8.4649115801e-02 9.3883484602e-02 7.2899416089e-02 5.5993470460e-01 4.4006524012e-01 1.0000000000e-03
4.9000000000e+01 8.3640463650e-02 8.4166243672e-02 8.2986593246e-02 5.5429409694e-01 4.4570584733e-01 1.0000000000e-03
5.0000000000e+01 8.3774894476e-02 7.7452495694e-02 9.1340288520e-02 5.4475082596e-01 4.5524911796e-01 1.0000000000e-03
5.1000000000e+01 8.4277167916e-02 7.4835762382e-02 9.5109812915e-02 5.3431087511e-01 4.6568906853e-01 1.0000000000e-03
5.2000000000e+01 8.4722444415e-02 7.6146483421e-02 9.4223015010e-02 5.2557468877e-01 4.7442525464e-01 1.0000000000e-03
5.3000000000e+01 8.5045561194e-02 7.9969473183e-02 9.0542823076e-02 5.1991675163e-01 4.8008319157e-01 1.0000000000e-03
5.4000000000e+01 8.4890931845e-02 8.3865381777e-02 8.5990011692e-02 5.1729965040e-01 4.8270029259e-01 1.0000000000e-03
5.5000000000e+01 8.3966076374e-02 8.5725203156e-02 8.2085743546e-02 5.1665407511e-01 4.8334586763e-01 1.0000000000e-03
5.6000000000e+01 8.2662925124e-02 8.5335731506e-02 7.9805836082e-02 5.1666295384e-01 4.8333698857e-01 1.0000000000e-03
5.7000000000e+01 8.1749387085e-02 8.4369719028e-02 7.8948460519e-02 5.1665637821e-01 4.8334356383e-01 1.0000000000e-03
5.8000000000e+01 8.1602811813e-02 8.4822691977e-02 7.8155785799e-02 5.1703607050e-01 4.8296387120e-01 1.0000000000e-03
5.9000000000e+01 8.1949509680e-02 8.7500296533e-02 7.5963534415e-02 5.1886130263e-01 4.8113863879e-01 1.0000000000e-03
6.0000000000e+01 8.2349106669e-02 9.1700829566e-02 7.2097226977e-02 5.2295924562e-01 4.7704069555e-01 1.0000000000e-03
6.1000000000e+01 8.2656517625e-02 9.5699563622e-02 6.8000048399e-02 5.2912378813e-01 4.7087615281e-01 1.0000000000e-03
6.2000000000e+01 8.2762531936e-02 9.7332760692e-02 6.5943337977e-02 5.3582378095e-01 4.6417615977e-01 1.0000000000e-03
6.3000000000e+01 8.2356855273e-02 9.5022454858e-02 6.7444883287e-02 5.4072851177e-01 4.5927142873e-01 1.0000000000e-03
6.4000000000e+01 8.1499442458e-02 8.9090235531e-02 7.2524391115e-02 5.4178076397e-01 4.5821917629e-01 1.0000000000e-03
6.5000000000e+01 8.0864951015e-02 8.1818573177e-02 7.9753383994e-02 5.3824177715e-01 4.6175816290e-01 1.0000000000e-03
6.6000000000e+01 8.0868333578e-02 7.5936660171e-02 8.6455963552e-02 5.3117874766e-01 4.6882119222e-01 1.0000000000e-03
6.7000000000e+01 8.1156127155e-02 7.3180772364e-02 8.9898332953e-02 5.2293527157e-01 4.7706466819e-01 1.0000000000e-03
6.8000000000e+01 8.1315785646e-02 7.3929630220e-02 8.9189171791e-02 5.1596430979e-01 4.8403562986e-01 1.0000000000e-03
6.9000000000e+01 8.1349343061e-02 7.7271059155e-02 8.5624851286e-02 5.1180372555e-01 4.8819621400e-01 1.0000000000e-03
7.0000000000e+01 8.1248097122e-02 8.1210605800e-02 8.1287220120e-02 5.1059977597e-01 4.8940016348e-01 1.0000000000e-03
7.1000000000e+01 8.0849304795e-02 8.3728596568e-02 7.7836111188e-02 5.1136336340e-01 4.8863657591e-01 1.0000000000e-03
7.2000000000e+01 8.0279566348e-02 8.4256514907e-02 7.6094128191e-02 5.1277219184e-01 4.8722774730e-01 1.0000000000e-03
7.3000000000e+01 7.9969197512e-02 8.3905473351e-02 7.5805634260e-02 5.1403074763e-01 4.8596919134e-01 1.0000000000e-03
7.4000000000e+01 8.0076500773e-02 8.4219776094e-02 7.5671643019e-02 5.1530077521e-01 4.8469916361e-01 1.0000000000e-03
7.5000000000e+01 8.0299265683e-02 8.5922598839e-02 7.4270263314e-02 5.1740766523e-01 4.8259227346e-01 1.0000000000e-03
7.6000000000e+01 8.0391190946e-02 8.8574573398e-02 7.1490153670e-02 5.2100361747e-01 4.7899632110e-01 1.0000000000e-03
7.7000000000e+01 8.0410301685e-02 9.0788871050e-02 6.8904466927e-02 5.2575526127e-01 4.7424467718e-01 1.0000000000e-03
7.8000000000e+01 8.0327048898e-02 9.0811885893e-02 6.8494990468e-02 5.3018410449e-01 4.6981583384e-01 1.0000000000e-03
7.9000000000e+01 8.0000057817e-02 8.7728634477e-02 7.1201689541e-02 5.3236512153e-01 4.6763481668e-01 1.0000000000e-03
8.0000000000e+01 7.9628959298e-02 8.2435339689e-02 7.6451465487e-02 5.3101166814e-01 4.6898826995e-01 1.0000000000e-03
8.1000000000e+01 7.9571694136e-02 7.7134467661e-02 8.2279533148e-02 5.2629675500e-01 4.7370318301e-01 1.0000000000e-03
8.2000000000e+01 7.9753324389e-02 7.3884204030e-02 8.6107648909e-02 5.1984705558e-01 4.8015288238e-01 1.0000000000e-03
8.3000000000e+01 7.9845279455e-02 7.3619149625e-02 8.6426466703e-02 5.1386120129e-01 4.8613873662e-01 1.0000000000e-03
8.4000000000e+01 7.9798206687e-02 7.5931437314e-02 8.3822898567e-02 5.1000520430e-01 4.8999473356e-01 1.0000000000e-03
8.5000000000e+01 7.9706445336e-02 7.9237900674e-02 8.0191589892e-02 5.0870558640e-01 4.9129435141e-01 1.0000000000e-03
8.6000000000e+01 7.9514592886e-02 8.1629313529e-02 7.7320694923e-02 5.0919036217e-01 4.9080957556e-01 1.0000000000e-03
8.7000000000e+01 7.9242408276e-02 8.2284815609e-02 7.6072879136e-02 5.1023268504e-01 4.8976725260e-01 1.0000000000e-03
8.8000000000e+01 7.9125240445e-02 8.1985712051e-02 7.6135367155e-02 5.1105937056e-01 4.8894056700e-01 1.0000000000e-03
8.9000000000e+01 7.9231649637e-02 8.2089930773e-02 7.6235182583e-02 5.1180239407e-01 4.8819754341e-01 1.0000000000e-03
9.0000000000e+01 7.9327106476e-02 8.3275459707e-02 7.5164943933e-02 5.1318163604e-01 4.8681830138e-01 1.0000000000e-03
9.1000000000e+01 7.9301126301e-02 8.5155218840e-02 7.3067903519e-02 5.1568317476e-01 4.8431676260e-01 1.0000000000e-03
9.2000000000e+01 7.9255938530e-02 8.6499869823e-02 7.1443453431e-02 5.1888125232e-01 4.8111868497e-01 1.0000000000e-03
9.3000000000e+01 7.9166300595e-02 8.5905790329e-02 7.1822427213e-02 5.2145756359e-01 4.7854237364e-01 1.0000000000e-03
9.4000000000e+01 7.8982628882e-02 8.2968860865e-02 7.4630215764e-02 5.2195732862e-01 4.7804260854e-01 1.0000000000e-03
9.5000000000e+01 7.8881159425e-02 7.8881926835e-02 7.8880332410e-02 5.1976209791e-01 4.8023783919e-01 1.0000000000e-03
9.6000000000e+01 7.8961715102e-02 7.5602538884e-02 8.2537151873e-02 5.1559332580e-01 4.8440661127e-01 1.0000000000e-03
9.7000000000e+01 7.9038150609e-02 7.4546024203e-02 8.3734855056e-02 5.1113129255e-01 4.8886864449e-01 1.0000000000e-03
9.8000000000e+01 7.8992545605e-02 7.5905770063e-02 8.2180142403e-02 5.0803367846e-01 4.9196625856e-01 1.0000000000e-03
9.9000000000e+01 7.8917130828e-02 7.8606829047e-02 7.9236283898e-02 5.0703091489e-01 4.9296902208e-01 1.0000000000e-03
1.0000000000e+02 7.8833498061e-02 8.0901846290e-02 7.6700799167e-02 5.0766061729e-01 4.9233931964e-01 1.0000000000e-03
1.0100000000e+02 7.8706786036e-02 8.1662371755e-02 7.5645230711e-02 5.0880709208e-01 4.9119284481e-01 1.0000000000e-03
1.0200000000e+02 7.8648701310e-02 8.1232368946e-02 7.5963869691e-02 5.0960215099e-01 4.9039778584e-01 1.0000000000e-03
1.0300000000e+02 7.8716680408e-02 8.0822981894e-02 7.6524339616e-02 5.1000790513e-01 4.8999203167e-01 1.0000000000e-03
1.0400000000e+02 7.8759804368e-02 8.1282421947e-02 7.6127462089e-02 5.1064454341e-01 4.8935539336e-01 1.0000000000e-03
1.0500000000e+02 7.8714296222e-02 8.2459576428e-02 7.4784502387e-02 5.1202058273e-01 4.8797935400e-01 1.0000000000e-03
1.0600000000e+02 7.8669101000e-02 8.3299517632e-02 7.3774851859e-02 5.1385041795e-01 4.8614951874e-01 1.0000000000e-03
1.0700000000e+02 7.8613124788e-02 8.2585006952e-02 7.4394322932e-02 5.1507421437e-01 4.8492572228e-01 1.0000000000e-03
1.0800000000e+02 7.8523695469e-02 8.0096326768e-02 7.6856471598e-02 5.1459890099e-01 4.8540103562e-01 1.0000000000e-03
1.0900000000e+02 7.8509017825e-02 7.7029399574e-02 8.0062478781e-02 5.1217362393e-01 4.8782631265e-01 1.0000000000e-03
1.1000000000e+02 7.8573912382e-02 7.5077794492e-02 8.2193762064e-02 5.0869393983e-01 4.9130599673e-01 1.0000000000e-03
1.1100000000e+02 7.8580975533e-02 7.5216270983e-02 8.2022733986e-02 5.0566017430e-01 4.9433976225e-01 1.0000000000e-03
1.1200000000e+02 7.8524485230e-02 7.7154599130e-02 7.9917684197e-02 5.0421459530e-01 4.9578534123e-01 1.0000000000e-03
1.1300000000e+02 7.8482553363e-02 7.9536095262e-02 7.7410019934e-02 5.0447045906e-01 4.9552947744e-01 1.0000000000e-03
1.1400000000e+02 7.8432455659e-02 8.0899037421e-02 7.5909860432e-02 5.0561425613e-01 4.9438568035e-01 1.0000000000e-03
1.1500000000e+02 7.8384548426e-02 8.0870501697e-02 7.5831487775e-02 5.0666066065e-01 4.9333927580e-01 1.0000000000e-03
1.1600000000e+02 7.8408256173e-02 8.0290883780e-02 7.6470531523e-02 5.0721311574e-01 4.9278682069e-01 1.0000000000e-03
1.1700000000e+02 7.8444451094e-02 8.0182783306e-02 7.6652355492e-02 5.0761732285e-01 4.9238261356e-01 1.0000000000e-03
1.1800000000e+02 7.8416571021e-02 8.0819346011e-02 7.5931549072e-02 5.0841468425e-01 4.9158525213e-01 1.0000000000e-03
1.1900000000e+02 7.8379638493e-02 8.1534072757e-02 7.5101368129e-02 5.0962661261e-01 4.9037332375e-01 1.0000000000e-03
1.2000000000e+02 7.8355371952e-02 8.1238172948e-02 7.5348354876e-02 5.1054463923e-01 4.8945529711e-01 1.0000000000e-03
1.2100000000e+02 7.8312382102e-02 7.9480417073e-02 7.7095463872e-02 5.1025176868e-01 4.8974816764e-01 1.0000000000e-03
1.2200000000e+02 7.8303515911e-02 7.7080063522e-02 7.9568944871e-02 5.0843217529e-01 4.9156776101e-01 1.0000000000e-03
1.2300000000e+02 7.8341647983e-02 7.5496591628e-02 8.1252954900e-02 5.0575278884e-01 4.9424714745e-01 1.0000000000e-03
1.2400000000e+02 7.8340604901e-02 7.5657464564e-02 8.1061065197e-02 5.0345352420e-01 4.9654641209e-01 1.0000000000e-03
1.2500000000e+02 7.8301623464e-02 7.7318102121e-02 7.9294949770e-02 5.0247704381e-01 4.9752289246e-01 1.0000000000e-03
1.2600000000e+02 7.8279659152e-02 7.9247288406e-02 7.7300928533e-02 5.0285098489e-01 4.9714895137e-01 1.0000000000e-03
1.2700000000e+02 7.8254848719e-02 8.0199062824e-02 7.6280720532e-02 5.0381791141e-01 4.9618202483e-01 1.0000000000e-03
1.2800000000e+02 7.8236266971e-02 7.9980969429e-02 7.6459430158e-02 5.0456163805e-01 4.9543829817e-01 1.0000000000e-03
1.2900000000e+02 7.8257501125e-02 7.9433262348e-02 7.7058658004e-02 5.0486416971e-01 4.9513576650e-01 1.0000000000e-03
1.3000000000e+02 7.8266255558e-02 7.9417817295e-02 7.7090874314e-02 5.0512114047e-01 4.9487879573e-01 1.0000000000e-03
1.3100000000e+02 7.8238315880e-02 8.0001927912e-02 7.6433680952e-02 5.0574950741e-01 4.9425042878e-01 1.0000000000e-03
1.3200000000e+02 7.8220956028e-02 8.0426022410e-02 7.5956873596e-02 5.0660346566e-01 4.9339647052e-01 1.0000000000e-03
1.3300000000e+02 7.8206747770e-02 7.9818658531e-02 7.6549142599e-02 5.0698857273e-01 4.9301136343e-01 1.0000000000e-03
1.3400000000e+02 7.8187629580e-02 7.8170999885e-02 7.8204698861e-02 5.0627893725e-01 4.9372099890e-01 1.0000000000e-03
1.3500000000e+02 7.8200057149e-02 7.6502606273e-02 7.9928740859e-02 5.0455594832e-01 4.9544398782e-01 1.0000000000e-03
1.3600000000e+02 7.8214347363e-02 7.5961709023e-02 8.0491043627e-02 5.0265284162e-01 4.9734709451e-01 1.0000000000e-03
1.3700000000e+02 7.8193664551e-02 7.6866969466e-02 7.9528555274e-02 5.0153663937e-01 4.9846329676e-01 1.0000000000e-03
1.3800000000e+02 7.8175306320e-02 7.8476145864e-02 7.7872574329e-02 5.0157599316e-01 4.9842394296e-01 1.0000000000e-03
1.3900000000e+02 7.8166663647e-02 7.9596728086e-02 7.6723165810e-02 5.0233751937e-01 4.9766241674e-01 1.0000000000e-03
1.4000000000e+02 7.8153014183e-02 7.9647734761e-02 7.6639860868e-02 5.0306605228e-01 4.9693388382e-01 1.0000000000e-03
1.4100000000e+02 7.8159019351e-02 7.9103618860e-02 7.7201604843e-02 5.0336787326e-01 4.9663206283e-01 1.0000000000e-03
1.4200000000e+02 7.8169003129e-02 7.8825548291e-02 7.7503323555e-02 5.0345398115e-01 4.9654595493e-01 1.0000000000e-03
1.4300000000e+02 7.8153289855e-02 7.9145409167e-02 7.7146187425e-02 5.0374816049e-01 4.9625177559e-01 1.0000000000e-03
1.4400000000e+02 7.8139841557e-02 7.9575583339e-02 7.6679199934e-02 5.0430015550e-01 4.9569978058e-01 1.0000000000e-03
1.4500000000e+02 7.8134194016e-02 7.9311266541e-02 7.6935127378e-02 5.0463051878e-01 4.9536941729e-01 1.0000000000e-03
1.4600000000e+02 7.8123003244e-02 7.8145757318e-02 7.8099861741e-02 5.0418215070e-01 4.9581778536e-01 1.0000000000e-03
1.4700000000e+02 7.8128047287e-02 7.6822564006e-02 7.9448901117e-02 5.0292362005e-01 4.9707631601e-01 1.0000000000e-03
1.4800000000e+02 7.8136950731e-02 7.6351113617e-02 7.9933449626e-02 5.0148516091e-01 4.9851477514e-01 1.0000000000e-03
1.4900000000e+02 7.8123956919e-02 7.7079199255e-02 7.9171508551e-02 5.0066710572e-01 4.9933283032e-01 1.0000000000e-03
1.5000000000e+02 7.8112915158e-02 7.8398838639e-02 7.7826105058e-02 5.0078369608e-01 4.9921623996e-01 1.0000000000e-03
1.5100000000e+02 7.8109100461e-02 7.9288825393e-02 7.6922468841e-02 5.0146274494e-01 4.9853719109e-01 1.0000000000e-03
1.5200000000e+02 7.8101590276e-02 7.9271018505e-02 7.6922461390e-02 5.0206827743e-01 4.9793165860e-01 1.0000000000e-03
1.5300000000e+02 7.8105688095e-02 7.8785367310e-02 7.7419735491e-02 5.0229857424e-01 4.9770136178e-01 1.0000000000e-03
1.5400000000e+02 7.8109286726e-02 7.8571066260e-02 7.7643126249e-02 5.0236572247e-01 4.9763421355e-01 1.0000000000e-03
1.5500000000e+02 7.8097671270e-02 7.8853704035e-02 7.7333703637e-02 5.0261574204e-01 4.9738419397e-01 1.0000000000e-03
1.5600000000e+02 7.8091174364e-02 7.9148419201e-02 7.7021025121e-02 5.0303528185e-01 4.9696465416e-01 1.0000000000e-03
1.5700000000e+02 7.8087672591e-02 7.8805334866e-02 7.7360786498e-02 5.0319425420e-01 4.9680568181e-01 1.0000000000e-03
1.5800000000e+02 7.8081801534e-02 7.7800594270e-02 7.8366063535e-02 5.0269377885e-01 4.9730615715e-01 1.0000000000e-03
1.5900000000e+02 7.8086994588e-02 7.6867483556e-02 7.9314552248e-02 5.0164099508e-01 4.9835894092e-01 1.0000000000e-03
1.6000000000e+02 7.8088104725e-02 7.6775178313e-02 7.9404376447e-02 5.0063516953e-01 4.9936476647e-01 1.0000000000e-03
1.6100000000e+02 7.8077912331e-02 7.7587462962e-02 7.8568868339e-02 5.0025741130e-01 4.9974252470e-01 1.0000000000e-03
1.6200000000e+02 7.8074030578e-02 7.8607462347e-02 7.7539376915e-02 5.0057368009e-01 4.9942625590e-01 1.0000000000e-03
1.6300000000e+02 7.8070774674e-02 7.9047799110e-02 7.7089294791e-02 5.0114348341e-01 4.9885645257e-01 1.0000000000e-03
1.6400000000e+02 7.8067541122e-02 7.8796476126e-02 7.7334247530e-02 5.0149740245e-01 4.9850253353e-01 1.0000000000e-03
1.6500000000e+02 7.8071475029e-02 7.8416123986e-02 7.7724672854e-02 5.0156907810e-01 4.9843085788e-01 1.0000000000e-03
1.6600000000e+02 7.8068301082e-02 7.8427657485e-02 7.7706597745e-02 5.0164307724e-01 4.9835685873e-01 1.0000000000e-03
1.6700000000e+02 7.8060820699e-02 7.8745082021e-02 7.7371299267e-02 5.0191875303e-01 4.9808118295e-01 1.0000000000e-03
1.6800000000e+02 7.8059181571e-02 7.8804299235e-02 7.7307470143e-02 5.0220628392e-01 4.9779365205e-01 1.0000000000e-03
1.6900000000e+02 7.8055180609e-02 7.8243792057e-02 7.7864989638e-02 5.0210697875e-01 4.9789295722e-01 1.0000000000e-03
1.7000000000e+02 7.8054487705e-02 7.7401556075e-02 7.8711301088e-02 5.0147679110e-01 4.9852314486e-01 1.0000000000e-03
1.7100000000e+02 7.8057512641e-02 7.7000454068e-02 7.9117350280e-02 5.0065112844e-01 4.9934880752e-01 1.0000000000e-03
1.7200000000e+02 7.8052371740e-02 7.7398046851e-02 7.8707151115e-02 5.0016671047e-01 4.9983322549e-01 1.0000000000e-03
1.7300000000e+02 7.8047722578e-02 7.8230328858e-02 7.7864930034e-02 5.0026707975e-01 4.9973285621e-01 1.0000000000e-03
1.7400000000e+02 7.8046441078e-02 7.8780122101e-02 7.7310673892e-02 5.0071107157e-01 4.9928886438e-01 1.0000000000e-03
1.7500000000e+02 7.8043133020e-02 7.8711375594e-02 7.7372036874e-02 5.0106900701e-01 4.9893092895e-01 1.0000000000e-03
1.7600000000e+02 7.8044071794e-02 7.8357569873e-02 7.7729128301e-02 5.0116341479e-01 4.9883652116e-01 1.0000000000e-03
1.7700000000e+02 7.8043654561e-02 7.8244000673e-02 7.7842384577e-02 5.0117572197e-01 4.9882421398e-01 1.0000000000e-03
1.7800000000e+02 7.8038297594e-02 7.8469514847e-02 7.7604770660e-02 5.0133517623e-01 4.9866475972e-01 1.0000000000e-03
1.7900000000e+02 7.8036442399e-02 7.8624024987e-02 7.7445149422e-02 5.0157933264e-01 4.9842060331e-01 1.0000000000e-03
1.8000000000e+02 7.8034162521e-02 7.8301936388e-02 7.7764697373e-02 5.0159351463e-01 4.9840642131e-01 1.0000000000e-03
1.8100000000e+02 7.8032277524e-02 7.7643968165e-02 7.8422442079e-02 5.0118475529e-01 4.9881518066e-01 1.0000000000e-03
1.8200000000e+02 7.8033879399e-02 7.7232621610e-02 7.8836925328e-02 5.0055230581e-01 4.9944763013e-01 1.0000000000e-03
1.8300000000e+02 7.8030996025e-02 7.7460788190e-02 7.8601509333e-02 5.0013160225e-01 4.9986833369e-01 1.0000000000e-03
1.8400000000e+02 7.8027307987e-02 7.8114345670e-02 7.7940225601e-02 5.0017422701e-01 4.9982570892e-01 1.0000000000e-03
1.8500000000e+02 7.8026294708e-02 7.8600026667e-02 7.7451363206e-02 5.0052484121e-01 4.9947509472e-01 1.0000000000e-03
1.8600000000e+02 7.8023776412e-02 7.8578434885e-02 7.7467277646e-02 5.0082838967e-01 4.9917154626e-01 1.0000000000e-03
1.8700000000e+02 7.8023672104e-02 7.8286290169e-02 7.7760107815e-02 5.0091414554e-01 4.9908579039e-01 1.0000000000e-03
1.8800000000e+02 7.8023113310e-02 7.8175418079e-02 7.7870257199e-02 5.0092050712e-01 4.9907942881e-01 1.0000000000e-03
1.8900000000e+02 7.8019365668e-02 7.8355938196e-02 7.7681392431e-02 5.0104460203e-01 4.9895533390e-01 1.0000000000e-03
1.9000000000e+02 7.8017905354e-02 7.8491091728e-02 7.7542372048e-02 5.0124415021e-01 4.9875578572e-01 1.0000000000e-03
1.9100000000e+02 7.8016042709e-02 7.8236609697e-02 7.7794373035e-02 5.0126144635e-01 4.9873848958e-01 1.0000000000e-03
1.9200000000e+02 7.8014455736e-02 7.7711515129e-02 7.8318543732e-02 5.0094077555e-01 4.9905916037e-01 1.0000000000e-03
1.9300000000e+02 7.8014954925e-02 7.7402696013e-02 7.8628346324e-02 5.0045393634e-01 4.9954599959e-01 1.0000000000e-03
1.9400000000e+02 7.8012451530e-02 7.7617526054e-02 7.8407630324e-02 5.0015534180e-01 4.9984459412e-01 1.0000000000e-03
1.9500000000e+02 7.8009985387e-02 7.8143797815e-02 7.7876061201e-02 5.0022560650e-01 4.9977432942e-01 1.0000000000e-03
1.9600000000e+02 7.8008964658e-02 7.8486576676e-02 7.7530384064e-02 5.0050948130e-01 4.9949045462e-01 1.0000000000e-03
1.9700000000e+02 7.8006953001e-02 7.8415989876e-02 7.7596731484e-02 5.0072109136e-01 4.9927884456e-01 1.0000000000e-03
1.9800000000e+02 7.8006640077e-02 7.8179664910e-02 7.7833086252e-02 5.0076005283e-01 4.9923988308e-01 1.0000000000e-03
1.9900000000e+02 7.8005403280e-02 7.8138023615e-02 7.7872373164e-02 5.0076918304e-01 4.9923075287e-01 1.0000000000e-03
2.0000000000e+02 7.8002698720e-02 7.8312285244e-02 7.7692016959e-02 5.0089105997e-01 4.9910887594e-01 1.0000000000e-03
2.0100000000e+02 7.8001633286e-02 7.8381493688e-02 7.7620185912e-02 5.0104595703e-01 4.9895397888e-01 1.0000000000e-03
2.0200000000e+02 7.7999785542e-02 7.8113146126e-02 7.7885963023e-02 5.0101417363e-01 4.9898576228e-01 1.0000000000e-03
2.0300000000e+02 7.7998727560e-02 7.7697992325e-02 7.8300349414e-02 5.0071968785e-01 4.9928024805e-01 1.0000000000e-03
2.0400000000e+02 7.7998325229e-02 7.7549360693e-02 7.8447952867e-02 5.0035970061e-01 4.9964023530e-01 1.0000000000e-03
2.0500000000e+02 7.7995941043e-02 7.7821828425e-02 7.8170202672e-02 5.0021206323e-01 4.9978787267e-01 1.0000000000e-03
2.0600000000e+02 7.7994488180e-02 7.8234858811e-02 7.7753797174e-02 5.0034505133e-01 4.9965488457e-01 1.0000000000e-03
2.0700000000e+02 7.7993154526e-02 7.8398711979e-02 7.7586673200e-02 5.0057083620e-01 4.9942909970e-01 1.0000000000e-03
2.0800000000e+02 7.7991619706e-02 7.8255705535e-02 7.7726826072e-02 5.0068328100e-01 4.9931665491e-01 1.0000000000e-03
2.0900000000e+02 7.7991142869e-02 7.8094124794e-02 7.7887900174e-02 5.0068105494e-01 4.9931888096e-01 1.0000000000e-03
2.1000000000e+02 7.7989324927e-02 7.8145317733e-02 7.7832892537e-02 5.0071309650e-01 4.9928683940e-01 1.0000000000e-03
2.1100000000e+02 7.7987581491e-02 7.8295446932e-02 7.7678687871e-02 5.0083949560e-01 4.9916044030e-01 1.0000000000e-03
2.1200000000e+02 7.7986434102e-02 7.8252747655e-02 7.7719151974e-02 5.0092659789e-01 4.9907333800e-01 1.0000000000e-03
2.1300000000e+02 7.7984765172e-02 7.7952548862e-02 7.8017100692e-02 5.0081324118e-01 4.9918669471e-01 1.0000000000e-03
2.1400000000e+02 7.7984124422e-02 7.7675387263e-02 7.8293524683e-02 5.0053375342e-01 4.9946618248e-01 1.0000000000e-03
2.1500000000e+02 7.7982813120e-02 7.7715381980e-02 7.8250594437e-02 5.0030879500e-01 4.9969114089e-01 1.0000000000e-03
2.1600000000e+02 7.7980928123e-02 7.8028053045e-02 7.7933758497e-02 5.0030814231e-01 4.9969179359e-01 1.0000000000e-03
2.1700000000e+02 7.7979862690e-02 7.8287094831e-02 7.7672056854e-02 5.0047450405e-01 4.9952543185e-01 1.0000000000e-03
2.1800000000e+02 7.7978305519e-02 7.8274026513e-02 7.7681861818e-02 5.0061690048e-01 4.9938303541e-01 1.0000000000e-03
2.1900000000e+02 7.7977359295e-02 7.8115239739e-02 7.7839128673e-02 5.0064373025e-01 4.9935620564e-01 1.0000000000e-03
2.2000000000e+02 7.7976234257e-02 7.8073367476e-02 7.7878862619e-02 5.0064171441e-01 4.9935822147e-01 1.0000000000e-03
2.2100000000e+02 7.7974453568e-02 7.8192189336e-02 7.7756114304e-02 5.0071735373e-01 4.9928258216e-01 1.0000000000e-03
2.2200000000e+02 7.7973328531e-02 7.8252829611e-02 7.7692911029e-02 5.0082513866e-01 4.9917479722e-01 1.0000000000e-03
2.2300000000e+02 7.7971875668e-02 7.8083679080e-02 7.7859707177e-02 5.0081443351e-01 4.9918550237e-01 1.0000000000e-03
2.2400000000e+02 7.7970698476e-02 7.7814958990e-02 7.8126840293e-02 5.0063298770e-01 4.9936694819e-01 1.0000000000e-03
2.2500000000e+02 7.7969759703e-02 7.7732674778e-02 7.8207261860e-02 5.0041751590e-01 4.9958241998e-01 1.0000000000e-03
2.2600000000e+02 7.7968053520e-02 7.7924743295e-02 7.8011430800e-02 5.0034796527e-01 4.9965197061e-01 1.0000000000e-03
2.2700000000e+02 7.7966868877e-02 7.8176014125e-02 7.7757351100e-02 5.0044740974e-01 4.9955252614e-01 1.0000000000e-03
2.2800000000e+02 7.7965542674e-02 7.8236974776e-02 7.7693499625e-02 5.0057693397e-01 4.9942300191e-01 1.0000000000e-03
2.2900000000e+02 7.7964261174e-02 7.8120835125e-02 7.7807314694e-02 5.0061977098e-01 4.9938016490e-01 1.0000000000e-03
2.3000000000e+02 7.7963292599e-02 7.8045815229e-02 7.7880576253e-02 5.0061077689e-01 4.9938915899e-01 1.0000000000e-03
2.3100000000e+02 7.7961772680e-02 7.8122071922e-02 7.7801063657e-02 5.0065263397e-01 4.9934730191e-01 1.0000000000e-03
2.3200000000e+02 7.7960535884e-02 7.8209787607e-02 7.7710561454e-02 5.0074745748e-01 4.9925247840e-01 1.0000000000e-03
2.3300000000e+02 7.7959224582e-02 7.8123278916e-02 7.7794678509e-02 5.0077808458e-01 4.9922185130e-01 1.0000000000e-03
2.3400000000e+02 7.7957943082e-02 7.7903956175e-02 7.8012086451e-02 5.0066559711e-01 4.9933433876e-01 1.0000000000e-03
2.3500000000e+02 7.7956959605e-02 7.7785901725e-02 7.8128360212e-02 5.0048921151e-01 4.9951072436e-01 1.0000000000e-03
2.3600000000e+02 7.7955484390e-02 7.7899433672e-02 7.8011646867e-02 5.0040430087e-01 4.9959563500e-01 1.0000000000e-03
2.3700000000e+02 7.7954232693e-02 7.8108623624e-02 7.7799558640e-02 5.0046298520e-01 4.9953695067e-01 1.0000000000e-03
2.3800000000e+02 7.7952995896e-02 7.8188627958e-02 7.7716842294e-02 5.0056798850e-01 4.9943194737e-01 1.0000000000e-03
2.3900000000e+02 7.7951684594e-02 7.8106053174e-02 7.7796943486e-02 5.0061032170e-01 4.9938961417e-01 1.0000000000e-03
2.4000000000e+02 7.7950648963e-02 7.8031413257e-02 7.7869698405e-02 5.0060115088e-01 4.9939878499e-01 1.0000000000e-03
2.4100000000e+02 7.7949278057e-02 7.8083470464e-02 7.7814757824e-02 5.0062721465e-01 4.9937272122e-01 1.0000000000e-03
2.4200000000e+02 7.7947996557e-02 7.8167021275e-02 7.7728360891e-02 5.0070518059e-01 4.9929475527e-01 1.0000000000e-03
2.4300000000e+02 7.7946744859e-02 7.8115895391e-02 7.7777102590e-02 5.0074332129e-01 4.9925661457e-01 1.0000000000e-03
2.4400000000e+02 7.7945448458e-02 7.7940344810e-02 7.7950574458e-02 5.0066570493e-01 4.9933423094e-01 1.0000000000e-03
2.4500000000e+02 7.7944383025e-02 7.7830314636e-02 7.8058704734e-02 5.0052587716e-01 4.9947405870e-01 1.0000000000e-03
2.4600000000e+02 7.7943027020e-02 7.7909499407e-02 7.7976629138e-02 5.0045175458e-01 4.9954818128e-01 1.0000000000e-03
2.4700000000e+02 7.7941790223e-02 7.8076936305e-02 7.7806383371e-02 5.0049335650e-01 4.9950657936e-01 1.0000000000e-03
2.4800000000e+02 7.7940568328e-02 7.8144207597e-02 7.7736474574e-02 5.0057480133e-01 4.9942513453e-01 1.0000000000e-03
2.4900000000e+02 7.7939286828e-02 7.8077971935e-02 7.7800266445e-02 5.0060639568e-01 4.9939354018e-01 1.0000000000e-03
2.5000000000e+02 7.7938191593e-02 7.8019089997e-02 7.7857106924e-02 5.0059771179e-01 4.9940222407e-01 1.0000000000e-03
2.5100000000e+02 7.7936872840e-02 7.8066080809e-02 7.7807359397e-02 5.0062092825e-01 4.9937900760e-01 1.0000000000e-03
2.5200000000e+02 7.7935636044e-02 7.8135773540e-02 7.7734954655e-02 5.0068740635e-01 4.9931252950e-01 1.0000000000e-03
2.5300000000e+02 7.7934399247e-02 7.8090056777e-02 7.7778294683e-02 5.0071867064e-01 4.9928126521e-01 1.0000000000e-03
2.5400000000e+02 7.7933117747e-02 7.7944867313e-02 7.7921353281e-02 5.0065434339e-01 4.9934559246e-01 1.0000000000e-03
2.5500000000e+02 7.7932000160e-02 7.7862136066e-02 7.8002043068e-02 5.0054402478e-01 4.9945591107e-01 1.0000000000e-03
2.5600000000e+02 7.7930688858e-02 7.7934674919e-02 7.7926702797e-02 5.0049217654e-01 4.9950775931e-01 1.0000000000e-03
2.5700000000e+02 7.7929496765e-02 7.8065820038e-02 7.7792882919e-02 5.0053051482e-01 4.9946942103e-01 1.0000000000e-03
2.5800000000e+02 7.7928274870e-02 7.8104436398e-02 7.7751703560e-02 5.0059061987e-01 4.9940931597e-01 1.0000000000e-03
2.5900000000e+02 7.7927038074e-02 7.8043580055e-02 7.7810235322e-02 5.0060641480e-01 4.9939352104e-01 1.0000000000e-03
2.6000000000e+02 7.7925890684e-02 7.8007720411e-02 7.7843867242e-02 5.0059833716e-01 4.9940159868e-01 1.0000000000e-03
2.6100000000e+02 7.7924594283e-02 7.8059688210e-02 7.7789165080e-02 5.0062529045e-01 4.9937464539e-01 1.0000000000e-03
2.6200000000e+02 7.7923364937e-02 7.8109845519e-02 7.7736385167e-02 5.0068257513e-01 4.9931736072e-01 1.0000000000e-03
2.6300000000e+02 7.7922150493e-02 7.8053496778e-02 7.7790454030e-02 5.0069870739e-01 4.9930122845e-01 1.0000000000e-03
2.6400000000e+02 7.7920913696e-02 7.7932931483e-02 7.7908873558e-02 5.0063655215e-01 4.9936338370e-01 1.0000000000e-03
2.6500000000e+02 7.7919781208e-02 7.7887989581e-02 7.7951654792e-02 5.0055246721e-01 4.9944746863e-01 1.0000000000e-03
2.6600000000e+02 7.7918484807e-02 7.7966079116e-02 7.7870808542e-02 5.0052778468e-01 4.9947215116e-01 1.0000000000e-03
2.6700000000e+02 7.7917322516e-02 7.8061461449e-02 7.7772870660e-02 5.0056759838e-01 4.9943233746e-01 1.0000000000e-03
2.6800000000e+02 7.7916055918e-02 7.8065752983e-02 7.7766008675e-02 5.0060701094e-01 4.9939292490e-01 1.0000000000e-03
2.6900000000e+02 7.7914848924e-02 7.8010782599e-02 7.7818691730e-02 5.0060794159e-01 4.9939199424e-01 1.0000000000e-03
2.7000000000e+02 7.7913671732e-02 7.8003525734e-02 7.7823616564e-02 5.0060487138e-01 4.9939506445e-01 1.0000000000e-03
2.7100000000e+02 7.7912420034e-02 7.8059501946e-02 7.7764965594e-02 5.0063889005e-01 4.9936104578e-01 1.0000000000e-03
2.7200000000e+02 7.7911235392e-02 7.8081540763e-02 7.7740468085e-02 5.0068444087e-01 4.9931549497e-01 1.0000000000e-03
2.7300000000e+02 7.7909991145e-02 7.8009508550e-02 7.7810205519e-02 5.0067994665e-01 4.9931998918e-01 1.0000000000e-03
2.7400000000e+02 7.7908799052e-02 7.7917963266e-02 7.7899634838e-02 5.0061783015e-01 4.9938210568e-01 1.0000000000e-03
2.7500000000e+02 7.7907584608e-02 7.7915735543e-02 7.7899426222e-02 5.0056127747e-01 4.9943865836e-01 1.0000000000e-03
2.7600000000e+02 7.7906355262e-02 7.7995285392e-02 7.7817238867e-02 5.0056228137e-01 4.9943765446e-01 1.0000000000e-03
2.7700000000e+02 7.7905178070e-02 7.8049622476e-02 7.7760398388e-02 5.0059886308e-01 4.9940107275e-01 1.0000000000e-03
2.7800000000e+02 7.7903941274e-02 7.8025221825e-02 7.7782370150e-02 5.0061690675e-01 4.9938302908e-01 1.0000000000e-03
2.7900000000e+02 7.7902764082e-02 7.7987514436e-02 7.7817820013e-02 5.0060967006e-01 4.9939026577e-01 1.0000000000e-03
2.8000000000e+02 7.7901542187e-02 7.8009456396e-02 7.7793359756e-02 5.0061804924e-01 4.9938188659e-01 1.0000000000e-03
2.8100000000e+02 7.7900350094e-02 7.8057207167e-02 7.7743083239e-02 5.0065705090e-01 4.9934288492e-01 1.0000000000e-03
2.8200000000e+02 7.7899143100e-02 7.8043475747e-02 7.7754423022e-02 5.0068410788e-01 4.9931582794e-01 1.0000000000e-03
2.8300000000e+02 7.7897898853e-02 7.7964790165e-02 7.7830843627e-02 5.0065868178e-01 4.9934125404e-01 1.0000000000e-03
2.8400000000e+02 7.7896729112e-02 7.7913857996e-02 7.7879577875e-02 5.0060381218e-01 4.9939612365e-01 1.0000000000e-03
2.8500000000e+02 7.7895477414e-02 7.7948682010e-02 7.7842153609e-02 5.0057761731e-01 4.9942231851e-01 1.0000000000e-03
2.8600000000e+02 7.7894307673e-02 7.8013271093e-02 7.7775076032e-02 5.0059630065e-01 4.9940363517e-01 1.0000000000e-03
2.8700000000e+02 7.7893093228e-02 7.8023776412e-02 7.7762104571e-02 5.0062065183e-01 4.9937928399e-01 1.0000000000e-03
2.8800000000e+02 7.7891908586e-02 7.7987805009e-02 7.7795773745e-02 5.0062021742e-01 4.9937971840e-01 1.0000000000e-03
2.8900000000e+02 7.7890709043e-02 7.7980302274e-02 7.7800899744e-02 5.0061577404e-01 4.9938416178e-01 1.0000000000e-03
2.9000000000e+02 7.7889531851e-02 7.8020431101e-02 7.7758312225e-02 5.0063832520e-01 4.9936161061e-01 1.0000000000e-03
2.9100000000e+02 7.7888362110e-02 7.8040823340e-02 7.7735505998e-02 5.0067248810e-01 4.9932744772e-01 1.0000000000e-03
2.9200000000e+02 7.7887147665e-02 7.7994473279e-02 7.7779538929e-02 5.0067422523e-01 4.9932571059e-01 1.0000000000e-03
2.9300000000e+02 7.7885918319e-02 7.7931538224e-02 7.7840194106e-02 5.0063611936e-01 4.9936381646e-01 1.0000000000e-03
2.9400000000e+02 7.7884726226e-02 7.7928677201e-02 7.7840678394e-02 5.0060075072e-01 4.9939918509e-01 1.0000000000e-03
2.9500000000e+02 7.7883526683e-02 7.7979400754e-02 7.7787421644e-02 5.0060229631e-01 4.9939763950e-01 1.0000000000e-03
2.9600000000e+02 7.7882334590e-02 7.8008949757e-02 7.7755413949e-02 5.0062344787e-01 4.9937648794e-01 1.0000000000e-03
2.9700000000e+02 7.7881127596e-02 7.7987350523e-02 7.7774658799e-02 5.0062937445e-01 4.9937056136e-01 1.0000000000e-03
2.9800000000e+02 7.7879950404e-02 7.7966481447e-02 7.7793203294e-02 5.0062205735e-01 4.9937787846e-01 1.0000000000e-03
2.9900000000e+02 7.7878765762e-02 7.7990107238e-02 7.7767156065e-02 5.0063141847e-01 4.9936851733e-01 1.0000000000e-03
3.0000000000e+02 7.7877596021e-02 7.8021891415e-02 7.7732928097e-02 5.0066103565e-01 4.9933890016e-01 1.0000000000e-03
3.0100000000e+02 7.7876389027e-02 7.8002922237e-02 7.7749520540e-02 5.0067627645e-01 4.9932365935e-01 1.0000000000e-03
3.0200000000e+02 7.7875167131e-02 7.7947154641e-02 7.7803000808e-02 5.0065492286e-01 4.9934501294e-01 1.0000000000e-03
3.0300000000e+02 7.7874004841e-02 7.7924035490e-02 7.7823847532e-02 5.0062159087e-01 4.9937834493e-01 1.0000000000e-03
3.0400000000e+02 7.7872790396e-02 7.7956080437e-02 7.7789306641e-02 5.0061296909e-01 4.9938696671e-01 1.0000000000e-03
3.0500000000e+02 7.7871605754e-02 7.7989950776e-02 7.7752970159e-02 5.0062774967e-01 4.9937218613e-01 1.0000000000e-03
3.0600000000e+02 7.7870398760e-02 7.7981039882e-02 7.7759489417e-02 5.0063609956e-01 4.9936383624e-01 1.0000000000e-03
3.0700000000e+02 7.7869206667e-02 7.7958174050e-02 7.7780030668e-02 5.0062967961e-01 4.9937025619e-01 1.0000000000e-03
3.0800000000e+02 7.7868014574e-02 7.7968977392e-02 7.7766813338e-02 5.0063161453e-01 4.9936832127e-01 1.0000000000e-03
3.0900000000e+02 7.7866837382e-02 7.8000135720e-02 7.7733203769e-02 5.0065415147e-01 4.9934578433e-01 1.0000000000e-03
3.1000000000e+02 7.7865645289e-02 7.7997654676e-02 7.7733300626e-02 5.0067360835e-01 4.9932632745e-01 1.0000000000e-03
3.1100000000e+02 7.7864453197e-02 7.7954187989e-02 7.7774487436e-02 5.0066394098e-01 4.9933599482e-01 1.0000000000e-03
3.1200000000e+02 7.7863253653e-02 7.7924191952e-02 7.7802173793e-02 5.0063672077e-01 4.9936321502e-01 1.0000000000e-03
3.1300000000e+02 7.7862083912e-02 7.7941916883e-02 7.7782057226e-02 5.0062437337e-01 4.9937556242e-01 1.0000000000e-03
3.1400000000e+02 7.7860884368e-02 7.7972576022e-02 7.7748917043e-02 5.0063374660e-01 4.9936618920e-01 1.0000000000e-03
3.1500000000e+02 7.7859714627e-02 7.7970713377e-02 7.7748447657e-02 5.0064173621e-01 4.9935819958e-01 1.0000000000e-03
3.1600000000e+02 7.7858507633e-02 7.7949896455e-02 7.7766887844e-02 5.0063632267e-01 4.9936361312e-01 1.0000000000e-03
3.1700000000e+02 7.7857330441e-02 7.7953897417e-02 7.7760539949e-02 5.0063477439e-01 4.9936516140e-01 1.0000000000e-03
3.1800000000e+02 7.7856168151e-02 7.7980995178e-02 7.7731035650e-02 5.0065155713e-01 4.9934837866e-01 1.0000000000e-03
3.1900000000e+02 7.7854976058e-02 7.7985629439e-02 7.7723987401e-02 5.0067041422e-01 4.9932952157e-01 1.0000000000e-03
3.2000000000e+02 7.7853791416e-02 7.7952675521e-02 7.7754646540e-02 5.0066695971e-01 4.9933297608e-01 1.0000000000e-03
3.2100000000e+02 7.7852621675e-02 7.7923826873e-02 7.7781237662e-02 5.0064604876e-01 4.9935388702e-01 1.0000000000e-03
3.2200000000e+02 7.7851437032e-02 7.7933385968e-02 7.7769286931e-02 5.0063413695e-01 4.9936579883e-01 1.0000000000e-03
3.2300000000e+02 7.7850215137e-02 7.7958144248e-02 7.7742025256e-02 5.0064012234e-01 4.9935981344e-01 1.0000000000e-03
3.2400000000e+02 7.7849030495e-02 7.7958330512e-02 7.7739462256e-02 5.0064639313e-01 4.9935354265e-01 1.0000000000e-03
3.2500000000e+02 7.7847920358e-02 7.7940642834e-02 7.7754959464e-02 5.0064138086e-01 4.9935855492e-01 1.0000000000e-03
3.2600000000e+02 7.7846720815e-02 7.7942349017e-02 7.7750854194e-02 5.0063873705e-01 4.9936119873e-01 1.0000000000e-03
3.2700000000e+02 7.7845513821e-02 7.7965401113e-02 7.7725313604e-02 5.0065196412e-01 4.9934797166e-01 1.0000000000e-03
3.2800000000e+02 7.7844351530e-02 7.7971354127e-02 7.7717021108e-02 5.0066844465e-01 4.9933149113e-01 1.0000000000e-03
3.2900000000e+02 7.7843159437e-02 7.7945068479e-02 7.7740997076e-02 5.0066713636e-01 4.9933279942e-01 1.0000000000e-03
3.3000000000e+02 7.7842012048e-02 7.7920436859e-02 7.7763378620e-02 5.0065086092e-01 4.9934907485e-01 1.0000000000e-03
3.3100000000e+02 7.7840819955e-02 7.7927283943e-02 7.7754132450e-02 5.0064138246e-01 4.9935855332e-01 1.0000000000e-03
3.3200000000e+02 7.7839650214e-02 7.7946633101e-02 7.7732399106e-02 5.0064604730e-01 4.9935388847e-01 1.0000000000e-03
3.3300000000e+02 7.7838495374e-02 7.7945373952e-02 7.7731341124e-02 5.0065018208e-01 4.9934975369e-01 1.0000000000e-03
3.3400000000e+02 7.7837325633e-02 7.7930234373e-02 7.7744185925e-02 5.0064491628e-01 4.9935501949e-01 1.0000000000e-03
3.3500000000e+02 7.7836126089e-02 7.7932462096e-02 7.7739551663e-02 5.0064238198e-01 4.9935755379e-01 1.0000000000e-03
3.3600000000e+02 7.7834963799e-02 7.7952347696e-02 7.7717281878e-02 5.0065364206e-01 4.9934629371e-01 1.0000000000e-03
3.3700000000e+02 7.7833801508e-02 7.7956795692e-02 7.7710486948e-02 5.0066738849e-01 4.9933254728e-01 1.0000000000e-03
3.3800000000e+02 7.7832594514e-02 7.7934429049e-02 7.7730491757e-02 5.0066615164e-01 4.9933378413e-01 1.0000000000e-03
3.3900000000e+02 7.7831447124e-02 7.7914834023e-02 7.7747859061e-02 5.0065316684e-01 4.9934676892e-01 1.0000000000e-03
3.4000000000e+02 7.7830247581e-02 7.7921621501e-02 7.7738642693e-02 5.0064662200e-01 4.9935331377e-01 1.0000000000e-03
3.4100000000e+02 7.7829085290e-02 7.7936075628e-02 7.7721834183e-02 5.0065077462e-01 4.9934916114e-01 1.0000000000e-03
3.4200000000e+02 7.7827915549e-02 7.7932067215e-02 7.7723510563e-02 5.0065268693e-01 4.9934724883e-01 1.0000000000e-03
3.4300000000e+02 7.7826738358e-02 7.7919490635e-02 7.7733755112e-02 5.0064707826e-01 4.9935285751e-01 1.0000000000e-03
3.4400000000e+02 7.7825590968e-02 7.7923983335e-02 7.7726967633e-02 5.0064565488e-01 4.9935428088e-01 1.0000000000e-03
3.4500000000e+02 7.7824443579e-02 7.7940903604e-02 7.7707685530e-02 5.0065600432e-01 4.9934393144e-01 1.0000000000e-03
3.4600000000e+02 7.7823258936e-02 7.7941745520e-02 7.7704466879e-02 5.0066662438e-01 4.9933331138e-01 1.0000000000e-03
3.4700000000e+02 7.7822059393e-02 7.7921770513e-02 7.7722094953e-02 5.0066410374e-01 4.9933583202e-01 1.0000000000e-03
3.4800000000e+02 7.7820926905e-02 7.7908314764e-02 7.7733322978e-02 5.0065390640e-01 4.9934602936e-01 1.0000000000e-03
3.4900000000e+02 7.7819749713e-02 7.7916070819e-02 7.7723182738e-02 5.0065047895e-01 4.9934945681e-01 1.0000000000e-03
3.5000000000e+02 7.7818572521e-02 7.7925600111e-02 7.7711269259e-02 5.0065428390e-01 4.9934565186e-01 1.0000000000e-03
3.5100000000e+02 7.7817410231e-02 7.7918604016e-02 7.7715970576e-02 5.0065395140e-01 4.9934598435e-01 1.0000000000e-03
3.5200000000e+02 7.7816262841e-02 7.7909059823e-02 7.7723242342e-02 5.0064825064e-01 4.9935168512e-01 1.0000000000e-03
3.5300000000e+02 7.7815115452e-02 7.7916473150e-02 7.7713504434e-02 5.0064863110e-01 4.9935130465e-01 1.0000000000e-03
3.5400000000e+02 7.7813953161e-02 7.7929809690e-02 7.7697791159e-02 5.0065830764e-01 4.9934162812e-01 1.0000000000e-03
3.5500000000e+02 7.7812761068e-02 7.7926106751e-02 7.7699124813e-02 5.0066539947e-01 4.9933453628e-01 1.0000000000e-03
3.5600000000e+02 7.7811621130e-02 7.7908657491e-02 7.7714331448e-02 5.0066129118e-01 4.9933864457e-01 1.0000000000e-03
3.5700000000e+02 7.7810451388e-02 7.7901758254e-02 7.7718913555e-02 5.0065390577e-01 4.9934602998e-01 1.0000000000e-03
3.5800000000e+02 7.7809318900e-02 7.7910304070e-02 7.7708080411e-02 5.0065348619e-01 4.9934644956e-01 1.0000000000e-03
3.5900000000e+02 7.7808126807e-02 7.7914200723e-02 7.7701792121e-02 5.0065638203e-01 4.9934355371e-01 1.0000000000e-03
3.6000000000e+02 7.7806979418e-02 7.7904962003e-02 7.7708736062e-02 5.0065378967e-01 4.9934614608e-01 1.0000000000e-03
3.6100000000e+02 7.7805817127e-02 7.7899754047e-02 7.7711649239e-02 5.0064884805e-01 4.9935108770e-01 1.0000000000e-03
3.6200000000e+02 7.7804639935e-02 7.7909551561e-02 7.7699467540e-02 5.0065146383e-01 4.9934847191e-01 1.0000000000e-03
3.6300000000e+02 7.7803522348e-02 7.7918171883e-02 7.7688574791e-02 5.0066008902e-01 4.9933984673e-01 1.0000000000e-03
3.6400000000e+02 7.7802330256e-02 7.7910147607e-02 7.7694229782e-02 5.0066345728e-01 4.9933647846e-01 1.0000000000e-03
3.6500000000e+02 7.7801182866e-02 7.7896438539e-02 7.7705696225e-02 5.0065840001e-01 4.9934153573e-01 1.0000000000e-03
3.6600000000e+02 7.7800028026e-02 7.7895671129e-02 7.7704146504e-02 5.0065410077e-01 4.9934583497e-01 1.0000000000e-03
3.6700000000e+02 7.7798873186e-02 7.7903062105e-02 7.7694430947e-02 5.0065572941e-01 4.9934420633e-01 1.0000000000e-03
3.6800000000e+02 7.7797695994e-02 7.7901095152e-02 7.7694021165e-02 5.0065669583e-01 4.9934323991e-01 1.0000000000e-03
3.6900000000e+02 7.7796593308e-02 7.7891804278e-02 7.7701136470e-02 5.0065229438e-01 4.9934764136e-01 1.0000000000e-03
3.7000000000e+02 7.7795416117e-02 7.7892467380e-02 7.7698126435e-02 5.0064951439e-01 4.9935042135e-01 1.0000000000e-03
3.7100000000e+02 7.7794253826e-02 7.7902607620e-02 7.7685624361e-02 5.0065428971e-01 4.9934564603e-01 1.0000000000e-03
3.7200000000e+02 7.7793136239e-02 7.7904619277e-02 7.7681355178e-02 5.0066060695e-01 4.9933932879e-01 1.0000000000e-03
3.7300000000e+02 7.7791944146e-02 7.7894233167e-02 7.7689401805e-02 5.0066036980e-01 4.9933956593e-01 1.0000000000e-03
3.7400000000e+02 7.7790819108e-02 7.7886469662e-02 7.7694930136e-02 5.0065588565e-01 4.9934405008e-01 1.0000000000e-03
3.7500000000e+02 7.7789664268e-02 7.7889829874e-02 7.7689237893e-02 5.0065476012e-01 4.9934517561e-01 1.0000000000e-03
3.7600000000e+02 7.7788509429e-02 7.7893309295e-02 7.7683441341e-02 5.0065672926e-01 4.9934320647e-01 1.0000000000e-03
3.7700000000e+02 7.7787369490e-02 7.7887147665e-02 7.7687330544e-02 5.0065527223e-01 4.9934466350e-01 1.0000000000e-03
3.7800000000e+02 7.7786207199e-02 7.7881053090e-02 7.7691130340e-02 5.0065078187e-01 4.9934915386e-01 1.0000000000e-03
3.7900000000e+02 7.7785067260e-02 7.7886238694e-02 7.7683642507e-02 5.0065081467e-01 4.9934912106e-01 1.0000000000e-03
3.8000000000e+02 7.7783904970e-02 7.7893659472e-02 7.7673874795e-02 5.0065636962e-01 4.9934356611e-01 1.0000000000e-03
3.8100000000e+02 7.7782787383e-02 7.7889598906e-02 7.7675707638e-02 5.0065947589e-01 4.9934045983e-01 1.0000000000e-03
3.8200000000e+02 7.7781602740e-02 7.7880069613e-02 7.7682889998e-02 5.0065690123e-01 4.9934303450e-01 1.0000000000e-03
3.8300000000e+02 7.7780470252e-02 7.7878609300e-02 7.7682077885e-02 5.0065437662e-01 4.9934555911e-01 1.0000000000e-03
3.8400000000e+02 7.7779337764e-02 7.7882900834e-02 7.7675513923e-02 5.0065559459e-01 4.9934434113e-01 1.0000000000e-03
3.8500000000e+02 7.7778205276e-02 7.7880710363e-02 7.7675439417e-02 5.0065601161e-01 4.9934392412e-01 1.0000000000e-03
3.8600000000e+02 7.7777042985e-02 7.7873542905e-02 7.7680289745e-02 5.0065252500e-01 4.9934741072e-01 1.0000000000e-03
3.8700000000e+02 7.7775910497e-02 7.7873125672e-02 7.7678449452e-02 5.0064984539e-01 4.9935009034e-01 1.0000000000e-03
3.8800000000e+02 7.7774748206e-02 7.7879987657e-02 7.7669247985e-02 5.0065259813e-01 4.9934733759e-01 1.0000000000e-03
3.8900000000e+02 7.7773608267e-02 7.7881500125e-02 7.7665440738e-02 5.0065678661e-01 4.9934314911e-01 1.0000000000e-03
3.9000000000e+02 7.7772475779e-02 7.7874228358e-02 7.7670462430e-02 5.0065660549e-01 4.9934333023e-01 1.0000000000e-03
3.9100000000e+02 7.7771350741e-02 7.7869318426e-02 7.7673144639e-02 5.0065400289e-01 4.9934593282e-01 1.0000000000e-03
3.9200000000e+02 7.7770218253e-02 7.7871792018e-02 7.7668383718e-02 5.0065398709e-01 4.9934594863e-01 1.0000000000e-03
3.9300000000e+02 7.7769063413e-02 7.7872626483e-02 7.7665239573e-02 5.0065525282e-01 4.9934468289e-01 1.0000000000e-03
3.9400000000e+02 7.7767938375e-02 7.7866837382e-02 7.7668793499e-02 5.0065338944e-01 4.9934654628e-01 1.0000000000e-03
3.9500000000e+02 7.7766753733e-02 7.7862977982e-02 7.7670283616e-02 5.0064999363e-01 4.9934994209e-01 1.0000000000e-03
3.9600000000e+02 7.7765643597e-02 7.7866934240e-02 7.7664092183e-02 5.0065020056e-01 4.9934973515e-01 1.0000000000e-03
3.9700000000e+02 7.7764496207e-02 7.7871009707e-02 7.7657714486e-02 5.0065374829e-01 4.9934618742e-01 1.0000000000e-03
3.9800000000e+02 7.7763363719e-02 7.7867008746e-02 7.7659450471e-02 5.0065509788e-01 4.9934483783e-01 1.0000000000e-03
3.9900000000e+02 7.7762216330e-02 7.7861092985e-02 7.7663093805e-02 5.0065324031e-01 4.9934669540e-01 1.0000000000e-03
4.0000000000e+02 7.7761083841e-02 7.7861309052e-02 7.7660612762e-02 5.0065243653e-01 4.9934749918e-01 1.0000000000e-03
4.0100000000e+02 7.7759981155e-02 7.7863179147e-02 7.7656522393e-02 5.0065363036e-01 4.9934630535e-01 1.0000000000e-03
4.0200000000e+02 7.7758818865e-02 7.7859520912e-02 7.7657863498e-02 5.0065309847e-01 4.9934683724e-01 1.0000000000e-03
4.0300000000e+02 7.7757693827e-02 7.7854409814e-02 7.7660739422e-02 5.0065005277e-01 4.9934988293e-01 1.0000000000e-03
4.0400000000e+02 7.7756553888e-02 7.7855579555e-02 7.7657274902e-02 5.0064880256e-01 4.9935113315e-01 1.0000000000e-03
4.0500000000e+02 7.7755406499e-02 7.7859617770e-02 7.7650941908e-02 5.0065101287e-01 4.9934892283e-01 1.0000000000e-03
4.0600000000e+02 7.7754303813e-02 7.7858194709e-02 7.7650152147e-02 5.0065279949e-01 4.9934713621e-01 1.0000000000e-03
4.0700000000e+02 7.7753148973e-02 7.7853001654e-02 7.7653042972e-02 5.0065180922e-01 4.9934812648e-01 1.0000000000e-03
4.0800000000e+02 7.7752016485e-02 7.7851578593e-02 7.7652215958e-02 5.0065072726e-01 4.9934920845e-01 1.0000000000e-03
4.0900000000e+02 7.7750906348e-02 7.7853515744e-02 7.7648043633e-02 5.0065171885e-01 4.9934821685e-01 1.0000000000e-03
4.1000000000e+02 7.7749758959e-02 7.7851474285e-02 7.7647782862e-02 5.0065203969e-01 4.9934789601e-01 1.0000000000e-03
4.1100000000e+02 7.7748611569e-02 7.7846258879e-02 7.7650733292e-02 5.0064970368e-01 4.9935023201e-01 1.0000000000e-03
4.1200000000e+02 7.7747464180e-02 7.7845409513e-02 7.7649280429e-02 5.0064779626e-01 4.9935213943e-01 1.0000000000e-03
4.1300000000e+02 7.7746391296e-02 7.7848605812e-02 7.7643923461e-02 5.0064883084e-01 4.9935110486e-01 1.0000000000e-03
4.1400000000e+02 7.7745236456e-02 7.7848464251e-02 7.7641747892e-02 5.0065041700e-01 4.9934951869e-01 1.0000000000e-03
4.1500000000e+02 7.7744111419e-02 7.7844366431e-02 7.7643603086e-02 5.0064993121e-01 4.9935000449e-01 1.0000000000e-03
4.1600000000e+02 7.7743008733e-02 7.7842369676e-02 7.7643387020e-02 5.0064892229e-01 4.9935101340e-01 1.0000000000e-03
4.1700000000e+02 7.7741861343e-02 7.7843748033e-02 7.7639721334e-02 5.0064963726e-01 4.9935029844e-01 1.0000000000e-03
4.1800000000e+02 7.7740728855e-02 7.7842608094e-02 7.7638596296e-02 5.0065027689e-01 4.9934965880e-01 1.0000000000e-03
4.1900000000e+02 7.7739588916e-02 7.7837996185e-02 7.7640928328e-02 5.0064862044e-01 4.9935131525e-01 1.0000000000e-03
4.2000000000e+02 7.7738478780e-02 7.7835917473e-02 7.7640809119e-02 5.0064650037e-01 4.9935343532e-01 1.0000000000e-03
4.2100000000e+02 7.7737346292e-02 7.7838286757e-02 7.7636159956e-02 5.0064685034e-01 4.9935308535e-01 1.0000000000e-03
4.2200000000e+02 7.7736228704e-02 7.7838845551e-02 7.7633365989e-02 5.0064824449e-01 4.9935169120e-01 1.0000000000e-03
4.2300000000e+02 7.7735133469e-02 7.7835373580e-02 7.7634647489e-02 5.0064797142e-01 4.9935196427e-01 1.0000000000e-03
4.2400000000e+02 7.7733963728e-02 7.7833108604e-02 7.7634580433e-02 5.0064701975e-01 4.9935291594e-01 1.0000000000e-03
4.2500000000e+02 7.7732846141e-02 7.7834017575e-02 7.7631421387e-02 5.0064747250e-01 4.9935246318e-01 1.0000000000e-03
4.2600000000e+02 7.7731728554e-02 7.7833354473e-02 7.7629841864e-02 5.0064817566e-01 4.9935176002e-01 1.0000000000e-03
4.2700000000e+02 7.7730618417e-02 7.7829524875e-02 7.7631466091e-02 5.0064705535e-01 4.9935288033e-01 1.0000000000e-03
4.2800000000e+02 7.7729478478e-02 7.7827028930e-02 7.7631689608e-02 5.0064517335e-01 4.9935476234e-01 1.0000000000e-03
4.2900000000e+02 7.7728375793e-02 7.7828280628e-02 7.7628217638e-02 5.0064499973e-01 4.9935493595e-01 1.0000000000e-03
4.3000000000e+02 7.7727273107e-02 7.7828884125e-02 7.7625416219e-02 5.0064593953e-01 4.9935399615e-01 1.0000000000e-03
4.3100000000e+02 7.7726110816e-02 7.7826082706e-02 7.7625885606e-02 5.0064573431e-01 4.9935420137e-01 1.0000000000e-03
4.3200000000e+02 7.7725000679e-02 7.7823907137e-02 7.7625848353e-02 5.0064486274e-01 4.9935507294e-01 1.0000000000e-03
4.3300000000e+02 7.7723905444e-02 7.7824473381e-02 7.7623076737e-02 5.0064515285e-01 4.9935478282e-01 1.0000000000e-03
4.3400000000e+02 7.7722795308e-02 7.7824227512e-02 7.7621109784e-02 5.0064596848e-01 4.9935396719e-01 1.0000000000e-03
4.3500000000e+02 7.7721647918e-02 7.7820591629e-02 7.7622458339e-02 5.0064510021e-01 4.9935483547e-01 1.0000000000e-03
4.3600000000e+02 7.7720537782e-02 7.7818065882e-02 7.7622756362e-02 5.0064341136e-01 4.9935652431e-01 1.0000000000e-03
4.3700000000e+02 7.7719435096e-02 7.7818848193e-02 7.7619776130e-02 5.0064310259e-01 4.9935683308e-01 1.0000000000e-03
4.3800000000e+02 7.7718302608e-02 7.7819176018e-02 7.7617175877e-02 5.0064376752e-01 4.9935616815e-01 1.0000000000e-03
4.3900000000e+02 7.7717177570e-02 7.7816739678e-02 7.7617369592e-02 5.0064352086e-01 4.9935641481e-01 1.0000000000e-03
4.4000000000e+02 7.7716067433e-02 7.7814549208e-02 7.7617347240e-02 5.0064260233e-01 4.9935733334e-01 1.0000000000e-03
4.4100000000e+02 7.7714957297e-02 7.7815122902e-02 7.7614545822e-02 5.0064286230e-01 4.9935707337e-01 1.0000000000e-03
4.4200000000e+02 7.7713832259e-02 7.7814660966e-02 7.7612765133e-02 5.0064352143e-01 4.9935641424e-01 1.0000000000e-03
4.4300000000e+02 7.7712722123e-02 7.7811650932e-02 7.7613547444e-02 5.0064289560e-01 4.9935704007e-01 1.0000000000e-03
4.4400000000e+02 7.7711611986e-02 7.7809080482e-02 7.7613905072e-02 5.0064139128e-01 4.9935854439e-01 1.0000000000e-03
4.4500000000e+02 7.7710486948e-02 7.7809453011e-02 7.7611282468e-02 5.0064100186e-01 4.9935893381e-01 1.0000000000e-03
4.4600000000e+02 7.7709361911e-02 7.7809773386e-02 7.7608697116e-02 5.0064158712e-01 4.9935834855e-01 1.0000000000e-03
4.4700000000e+02 7.7708274126e-02 7.7807247639e-02 7.7609047294e-02 5.0064118952e-01 4.9935874614e-01 1.0000000000e-03
4.4800000000e+02 7.7707134187e-02 7.7805399895e-02 7.7608622611e-02 5.0064037479e-01 4.9935956087e-01 1.0000000000e-03
4.4900000000e+02 7.7706038952e-02 7.7805705369e-02 7.7606126666e-02 5.0064054371e-01 4.9935939195e-01 1.0000000000e-03
4.5000000000e+02 7.7704921365e-02 7.7805273235e-02 7.7604323626e-02 5.0064113773e-01 4.9935879793e-01 1.0000000000e-03
4.5100000000e+02 7.7703811228e-02 7.7802382410e-02 7.7605001628e-02 5.0064052505e-01 4.9935941061e-01 1.0000000000e-03
4.5200000000e+02 7.7702730894e-02 7.7800065279e-02 7.7605150640e-02 5.0063918106e-01 4.9936075460e-01 1.0000000000e-03
4.5300000000e+02 7.7701576054e-02 7.7800273895e-02 7.7602632344e-02 5.0063884978e-01 4.9936108588e-01 1.0000000000e-03
4.5400000000e+02 7.7700480819e-02 7.7800191939e-02 7.7600516379e-02 5.0063920696e-01 4.9936072870e-01 1.0000000000e-03
4.5500000000e+02 7.7699363232e-02 7.7797882259e-02 7.7600598335e-02 5.0063875983e-01 4.9936117583e-01 1.0000000000e-03
4.5600000000e+02 7.7698230743e-02 7.7796153724e-02 7.7600069344e-02 5.0063797237e-01 4.9936196328e-01 1.0000000000e-03
4.5700000000e+02 7.7697172761e-02 7.7796481550e-02 7.7597610652e-02 5.0063816112e-01 4.9936177453e-01 1.0000000000e-03
4.5800000000e+02 7.7696040273e-02 7.7795848250e-02 7.7595993876e-02 5.0063864837e-01 4.9936128728e-01 1.0000000000e-03
4.5900000000e+02 7.7694907784e-02 7.7793039382e-02 7.7596545219e-02 5.0063800661e-01 4.9936192904e-01 1.0000000000e-03
4.6000000000e+02 7.7693827450e-02 7.7791139483e-02 7.7596284449e-02 5.0063690247e-01 4.9936303318e-01 1.0000000000e-03
4.6100000000e+02 7.7692732215e-02 7.7791213989e-02 7.7594004571e-02 5.0063666723e-01 4.9936326842e-01 1.0000000000e-03
4.6200000000e+02 7.7691629529e-02 7.7790595591e-02 7.7592417598e-02 5.0063676809e-01 4.9936316756e-01 1.0000000000e-03
4.6300000000e+02 7.7690497041e-02 7.7788434923e-02 7.7592313290e-02 5.0063619808e-01 4.9936373757e-01 1.0000000000e-03
4.6400000000e+02 7.7689372003e-02 7.7787019312e-02 7.7591486275e-02 5.0063549657e-01 4.9936443908e-01 1.0000000000e-03
4.6500000000e+02 7.7688306570e-02 7.7787362039e-02 7.7588997781e-02 5.0063577716e-01 4.9936415848e-01 1.0000000000e-03
4.6600000000e+02 7.7687174082e-02 7.7786333859e-02 7.7587768435e-02 5.0063609536e-01 4.9936384028e-01 1.0000000000e-03
4.6700000000e+02 7.7686086297e-02 7.7783554792e-02 7.7588364482e-02 5.0063529650e-01 4.9936463915e-01 1.0000000000e-03
4.6800000000e+02 7.7685013413e-02 7.7782236040e-02 7.7587544918e-02 5.0063441774e-01 4.9936551790e-01 1.0000000000e-03
4.6900000000e+02 7.7683866024e-02 7.7782116830e-02 7.7585376799e-02 5.0063428716e-01 4.9936564849e-01 1.0000000000e-03
4.7000000000e+02 7.7682755888e-02 7.7781081200e-02 7.7584199607e-02 5.0063421609e-01 4.9936571955e-01 1.0000000000e-03
4.7100000000e+02 7.7681660652e-02 7.7779062092e-02 7.7584035695e-02 5.0063355597e-01 4.9936637967e-01 1.0000000000e-03
4.7200000000e+02 7.7680543065e-02 7.7778033912e-02 7.7582813799e-02 5.0063302512e-01 4.9936691053e-01 1.0000000000e-03
4.7300000000e+02 7.7679447830e-02 7.7778205276e-02 7.7580444515e-02 5.0063336591e-01 4.9936656974e-01 1.0000000000e-03
4.7400000000e+02 7.7678337693e-02 7.7776797116e-02 7.7579647303e-02 5.0063347689e-01 4.9936645875e-01 1.0000000000e-03
4.7500000000e+02 7.7677264810e-02 7.7774070203e-02 7.7580228448e-02 5.0063251297e-01 4.9936742266e-01 1.0000000000e-03
4.7600000000e+02 7.7676162124e-02 7.7773459256e-02 7.7578626573e-02 5.0063196527e-01 4.9936797037e-01 1.0000000000e-03
4.7700000000e+02 7.7675044537e-02 7.7773101628e-02 7.7576749027e-02 5.0063196242e-01 4.9936797321e-01 1.0000000000e-03
4.7800000000e+02 7.7673904598e-02 7.7771224082e-02 7.7576339245e-02 5.0063148838e-01 4.9936844725e-01 1.0000000000e-03
4.7900000000e+02 7.7672854066e-02 7.7769808471e-02 7.7575661242e-02 5.0063082518e-01 4.9936911045e-01 1.0000000000e-03
4.8000000000e+02 7.7671766281e-02 7.7769301832e-02 7.7573984861e-02 5.0063060568e-01 4.9936932995e-01 1.0000000000e-03
4.8100000000e+02 7.7670648694e-02 7.7768832445e-02 7.7572241426e-02 5.0063081911e-01 4.9936911652e-01 1.0000000000e-03
4.8200000000e+02 7.7669546008e-02 7.7767074108e-02 7.7571779490e-02 5.0063059482e-01 4.9936934082e-01 1.0000000000e-03
4.8300000000e+02 7.7668443322e-02 7.7764913440e-02 7.7571749687e-02 5.0062970795e-01 4.9937022768e-01 1.0000000000e-03
4.8400000000e+02 7.7667348087e-02 7.7764578164e-02 7.7569879591e-02 5.0062940470e-01 4.9937053093e-01 1.0000000000e-03
4.8500000000e+02 7.7666237950e-02 7.7763974667e-02 7.7568255365e-02 5.0062946123e-01 4.9937047440e-01 1.0000000000e-03
4.8600000000e+02 7.7665142715e-02 7.7761881053e-02 7.7568165958e-02 5.0062886784e-01 4.9937106778e-01 1.0000000000e-03
4.8700000000e+02 7.7664047480e-02 7.7760487795e-02 7.7567361295e-02 5.0062814521e-01 4.9937179041e-01 1.0000000000e-03
4.8800000000e+02 7.7662937343e-02 7.7760316432e-02 7.7565319836e-02 5.0062809772e-01 4.9937183790e-01 1.0000000000e-03
4.8900000000e+02 7.7661857009e-02 7.7759377658e-02 7.7564090490e-02 5.0062814940e-01 4.9937178623e-01 1.0000000000e-03
4.9000000000e+02 7.7660724521e-02 7.7757351100e-02 7.7563866973e-02 5.0062761639e-01 4.9937231923e-01 1.0000000000e-03
4.9100000000e+02 7.7659629285e-02 7.7756173909e-02 7.7562853694e-02 5.0062708480e-01 4.9937285083e-01 1.0000000000e-03
4.9200000000e+02 7.7658548951e-02 7.7755510807e-02 7.7561363578e-02 5.0062687346e-01 4.9937306216e-01 1.0000000000e-03
4.9300000000e+02 7.7657461166e-02 7.7754296362e-02 7.7560387552e-02 5.0062660738e-01 4.9937332824e-01 1.0000000000e-03
4.9400000000e+02 7.7656358480e-02 7.7752590179e-02 7.7559895813e-02 5.0062597783e-01 4.9937395779e-01 1.0000000000e-03
4.9500000000e+02 7.7655255795e-02 7.7751703560e-02 7.7558584511e-02 5.0062554883e-01 4.9937438679e-01 1.0000000000e-03
4.9600000000e+02 7.7654160559e-02 7.7751196921e-02 7.7556893229e-02 5.0062554500e-01 4.9937439062e-01 1.0000000000e-03
4.9700000000e+02 7.7653050423e-02 7.7749773860e-02 7.7556103468e-02 5.0062533855e-01 4.9937459707e-01 1.0000000000e-03
4.9800000000e+02 7.7651962638e-02 7.7748231590e-02 7.7555470169e-02 5.0062486098e-01 4.9937507464e-01 1.0000000000e-03
4.9900000000e+02 7.7650889754e-02 7.7747240663e-02 7.7554315329e-02 5.0062448479e-01 4.9937545082e-01 1.0000000000e-03
5.0000000000e+02 7.7649787068e-02 7.7746257186e-02 7.7553085983e-02 5.0062422627e-01 4.9937570934e-01 1.0000000000e-03
