# time_s Ids_A Vds_V Vgs_V
4.4160000101e-08 1.0156250000e+01 3.6467187500e+02 9.8898439407e+00
5.3760000895e-08 2.5375000000e+01 3.5617187500e+02 1.1013280869e+01
6.3359998137e-08 4.1500000000e+01 3.4853125000e+02 1.2017969131e+01
7.2959998931e-08 6.4093750000e+01 3.4015625000e+02 1.2639062881e+01
8.2559999726e-08 8.5750000000e+01 3.3529687500e+02 1.3427343369e+01
9.2160000520e-08 1.0725000000e+02 3.3414062500e+02 1.3925000191e+01
1.0176000131e-07 1.2893750000e+02 3.3646875000e+02 1.4525781631e+01
1.1136000211e-07 1.4975000000e+02 3.3870312500e+02 1.5028124809e+01
1.2095999580e-07 1.7190625000e+02 3.4343750000e+02 1.5296875000e+01
1.3055999659e-07 1.8990625000e+02 3.5118750000e+02 1.5646093369e+01
1.4015999739e-07 2.0868750000e+02 3.5829687500e+02 1.5912500381e+01
1.4975999818e-07 2.2787500000e+02 3.6510937500e+02 1.6253906250e+01
1.5935999897e-07 2.4490625000e+02 3.6904687500e+02 1.6335155487e+01
1.6895999977e-07 2.5728125000e+02 3.7457812500e+02 1.6516407013e+01
1.7856000056e-07 2.7506250000e+02 3.7450000000e+02 1.6561717987e+01
1.8816000136e-07 2.8353125000e+02 3.7367187500e+02 1.6706249237e+01
1.9776000215e-07 2.9400000000e+02 3.7151562500e+02 1.6834375381e+01
2.0736000295e-07 3.0546875000e+02 3.6993750000e+02 1.6853906631e+01
2.1696000374e-07 3.1712500000e+02 3.6921875000e+02 1.6905467987e+01
2.2656000453e-07 3.2918750000e+02 3.6868750000e+02 1.7162500381e+01
2.3616000533e-07 3.3615625000e+02 3.6862500000e+02 1.7185155869e+01
2.4575999191e-07 3.4471875000e+02 3.7156250000e+02 1.7100780487e+01
2.5535999271e-07 3.5384375000e+02 3.7559375000e+02 1.7362499237e+01
2.6495999350e-07 3.6084375000e+02 3.7765625000e+02 1.7299999237e+01
2.7455999430e-07 3.7046875000e+02 3.8179687500e+02 1.7524999619e+01
2.8415999509e-07 3.7993750000e+02 3.8576562500e+02 1.7494531631e+01
2.9375999588e-07 3.8528125000e+02 3.8631250000e+02 1.7581249237e+01
3.0335999668e-07 3.9506250000e+02 3.8689062500e+02 1.7541406631e+01
3.1295999747e-07 4.0346875000e+02 3.8575000000e+02 1.7507030487e+01
3.2255999827e-07 4.0378125000e+02 3.8398437500e+02 1.7628124237e+01
3.3215999906e-07 4.1296875000e+02 3.8412500000e+02 1.7593750000e+01
3.4175999986e-07 4.1868750000e+02 3.7998437500e+02 1.7666406631e+01
3.5136000065e-07 4.2331250000e+02 3.8073437500e+02 1.7660156250e+01
3.6096000144e-07 4.2828125000e+02 3.8215625000e+02 1.7653905869e+01
3.7056000224e-07 4.3381250000e+02 3.8317187500e+02 1.7650781631e+01
3.8016000303e-07 4.4156250000e+02 3.8429687500e+02 1.7681249619e+01
3.8976000383e-07 4.4578125000e+02 3.8609375000e+02 1.7697656631e+01
3.9936000462e-07 4.4809375000e+02 3.9017187500e+02 1.7693750381e+01
4.0896000542e-07 4.5346875000e+02 3.9003125000e+02 1.7789844513e+01
4.1856000621e-07 4.5759375000e+02 3.9046875000e+02 1.7709375381e+01
4.2816000700e-07 4.6371875000e+02 3.9018750000e+02 1.7680469513e+01
4.3776000780e-07 4.6165625000e+02 3.9085937500e+02 1.7748437881e+01
4.4736000859e-07 4.6759375000e+02 3.9042187500e+02 1.7720312119e+01
4.5696000939e-07 4.7296875000e+02 3.8942187500e+02 1.7725780487e+01
4.6656001018e-07 4.7237500000e+02 3.8643750000e+02 1.7871875763e+01
4.7616001098e-07 4.7550000000e+02 3.8779687500e+02 1.7664844513e+01
4.8575998335e-07 4.7893750000e+02 3.8917187500e+02 1.7786718369e+01
4.9535998414e-07 4.8065625000e+02 3.8879687500e+02 1.7836719513e+01
5.0495998494e-07 4.8500000000e+02 3.8959375000e+02 1.7871875763e+01
5.1455998573e-07 4.8612500000e+02 3.9243750000e+02 1.7786718369e+01
5.2415998653e-07 4.9168750000e+02 3.9198437500e+02 1.7920312881e+01
5.3375998732e-07 4.8812500000e+02 3.9379687500e+02 1.7918750763e+01
5.4335998811e-07 4.9768750000e+02 3.9504687500e+02 1.7883594513e+01
5.5295998891e-07 4.9540625000e+02 3.9496875000e+02 1.7746093750e+01
5.6255998970e-07 4.9637500000e+02 3.9339062500e+02 1.7710937500e+01
5.7215999050e-07 4.9978125000e+02 3.9376562500e+02 1.7952342987e+01
5.8175999129e-07 5.0084375000e+02 3.9404687500e+02 1.7783594131e+01
5.9135999209e-07 5.0118750000e+02 3.9448437500e+02 1.7830469131e+01
6.0095999288e-07 5.0100000000e+02 3.9434375000e+02 1.7786718369e+01
6.1055999367e-07 5.0559375000e+02 3.9379687500e+02 1.7790624619e+01
6.2015999447e-07 5.0787500000e+02 3.9462500000e+02 1.7843750000e+01
6.2975999526e-07 5.0684375000e+02 3.9646875000e+02 1.7807811737e+01
6.3935999606e-07 5.0687500000e+02 3.9714062500e+02 1.7814844131e+01
6.4895999685e-07 5.1046875000e+02 3.9617187500e+02 1.7710937500e+01
6.5855999765e-07 5.1328125000e+02 3.9645312500e+02 1.7763280869e+01
6.6815999844e-07 5.1031250000e+02 3.9768750000e+02 1.7827342987e+01
6.7775999923e-07 5.1593750000e+02 3.9721875000e+02 1.7734375000e+01
6.8736000003e-07 5.1409375000e+02 3.9645312500e+02 1.7740625381e+01
6.9696000082e-07 5.1353125000e+02 3.9626562500e+02 1.7805469513e+01
7.0656000162e-07 5.1415625000e+02 3.9585937500e+02 1.7762500763e+01
7.1616000241e-07 5.1371875000e+02 3.9673437500e+02 1.7788280487e+01
7.2576000321e-07 5.1240625000e+02 3.9693750000e+02 1.7726562500e+01
7.3536000400e-07 5.1634375000e+02 3.9704687500e+02 1.7760156631e+01
7.4496000479e-07 5.1400000000e+02 3.9593750000e+02 1.7792968750e+01
7.5456000559e-07 5.1543750000e+02 3.9756250000e+02 1.7761718750e+01
7.6416000638e-07 5.1553125000e+02 3.9725000000e+02 1.7869531631e+01
7.7376000718e-07 5.1881250000e+02 3.9820312500e+02 1.7745311737e+01
7.8336000797e-07 5.1453125000e+02 3.9726562500e+02 1.7732812881e+01
7.9296000877e-07 5.1471875000e+02 3.9885937500e+02 1.7804687500e+01
8.0256000956e-07 5.1484375000e+02 3.9781250000e+02 1.7711719513e+01
8.1216001036e-07 5.1534375000e+02 4.0629687500e+02 1.2286718369e+01
8.2176001115e-07 5.1028125000e+02 4.6164062500e+02 1.2603906631e+01
8.3136001194e-07 4.9128125000e+02 5.1139062500e+02 1.1628906250e+01
8.4096001274e-07 4.4496875000e+02 5.3295312500e+02 1.0727343559e+01
8.5056001353e-07 3.8193750000e+02 5.4253125000e+02 9.9265623093e+00
8.6016001433e-07 3.2631250000e+02 5.4987500000e+02 9.0242185593e+00
8.6976001512e-07 2.7596875000e+02 5.5459375000e+02 8.2390623093e+00
8.7936001592e-07 2.2528125000e+02 5.4878125000e+02 7.2546873093e+00
8.8896001671e-07 1.8021875000e+02 5.3237500000e+02 6.6593751907e+00
8.9856001750e-07 1.4309375000e+02 5.0757812500e+02 5.9625000954e+00
9.0816001830e-07 1.0743750000e+02 4.7860937500e+02 5.2562499046e+00
9.1776001909e-07 7.7343750000e+01 4.4581250000e+02 4.5906248093e+00
9.2736001989e-07 5.8250000000e+01 4.1943750000e+02 4.0304689407e+00
9.3696002068e-07 4.0093750000e+01 4.0120312500e+02 3.6578125954e+00
9.4656002148e-07 2.8406250000e+01 3.8976562500e+02 3.3062500954e+00
9.5615996543e-07 1.8312500000e+01 3.8650000000e+02 2.9898438454e+00
9.6576002306e-07 1.4093750000e+01 3.9151562500e+02 2.7117187977e+00
