# time_s Ids_true_A Ids_pred_A Ids_physics_A T_mean_K
5.5195187088e-08 1.0062500000e+01 1.0465675354e+01 1.1982625961e+01 3.4220989990e+02
7.0555188358e-08 1.1828125000e+01 1.5103187561e+01 1.7217077255e+01 3.4286566162e+02
8.0155132309e-08 1.4031250000e+01 1.6388137817e+01 1.8851655960e+01 3.4265725708e+02
8.9755076260e-08 1.8078125000e+01 1.9163753510e+01 2.1466676712e+01 3.4337741089e+02
9.9355020211e-08 1.9093750000e+01 2.1752761841e+01 2.4069025040e+01 3.4322827148e+02
1.0895507785e-07 1.9796875000e+01 2.3084472656e+01 2.5148635864e+01 3.4397671509e+02
1.1855513549e-07 2.5718750000e+01 2.6266567230e+01 2.8099893570e+01 3.4389538574e+02
1.2815496575e-07 2.4796875000e+01 2.4655761719e+01 2.6467403412e+01 3.4460769653e+02
1.3775502339e-07 2.7453125000e+01 2.9209648132e+01 3.0732233047e+01 3.4462396240e+02
1.4735508103e-07 2.7109375000e+01 3.0023849487e+01 3.1364339828e+01 3.4535379028e+02
1.5695513866e-07 3.0453125000e+01 3.0961971283e+01 3.2215553284e+01 3.4538717651e+02
1.6655508261e-07 2.8984375000e+01 3.2703735352e+01 3.3775772095e+01 3.4615490723e+02
1.7615514025e-07 3.0187500000e+01 3.5211215973e+01 3.6204177856e+01 3.4624435425e+02
1.8575497052e-07 3.2375000000e+01 3.4896919250e+01 3.5810890198e+01 3.4700457764e+02
1.9535502815e-07 3.3328125000e+01 3.6140632629e+01 3.7090129852e+01 3.4712008667e+02
2.0495508579e-07 3.3453125000e+01 3.7406036377e+01 3.8100410461e+01 3.4790841675e+02
2.1455514343e-07 3.5859375000e+01 3.8724353790e+01 3.9096908569e+01 3.4804507446e+02
2.2415508738e-07 3.7500000000e+01 3.8909065247e+01 3.9529548645e+01 3.4884439087e+02
2.3375503133e-07 3.6781250000e+01 3.7707328796e+01 3.7988971710e+01 3.4894094849e+02
2.4335508897e-07 3.7796875000e+01 3.9299316406e+01 3.9568641663e+01 3.4978067017e+02
2.5295514661e-07 3.9343750000e+01 3.9730632782e+01 4.0430221558e+01 3.4989016724e+02
2.6255509056e-07 3.8390625000e+01 3.9998161316e+01 4.0520874023e+01 3.5073544312e+02
2.7215514820e-07 3.9296875000e+01 4.0000274658e+01 4.0706508636e+01 3.5084243774e+02
2.8175497846e-07 4.0625000000e+01 4.1384231567e+01 4.1947963715e+01 3.5172122192e+02
2.9135503610e-07 4.0890625000e+01 3.9872211456e+01 4.0247089386e+01 3.5178341675e+02
3.0095509373e-07 4.0796875000e+01 3.9472126007e+01 3.9931137085e+01 3.5265588379e+02
3.1055515137e-07 4.2515625000e+01 4.2886344910e+01 4.3550064087e+01 3.5279614258e+02
3.2015509532e-07 4.1953125000e+01 4.1691669464e+01 4.2180557251e+01 3.5363980103e+02
3.2975503927e-07 4.3125000000e+01 4.4613552094e+01 4.5291172028e+01 3.5384725952e+02
3.3935509691e-07 4.4453125000e+01 4.4094467163e+01 4.4667865753e+01 3.5468014526e+02
3.4895515455e-07 4.3437500000e+01 4.3884204865e+01 4.4505477905e+01 3.5487774658e+02
3.5855509850e-07 4.2375000000e+01 4.3628677368e+01 4.4110328674e+01 3.5570462036e+02
3.6815515614e-07 4.4234375000e+01 4.5309242249e+01 4.5924114227e+01 3.5593804932e+02
3.7775498640e-07 4.4375000000e+01 4.5083877563e+01 4.5461341858e+01 3.5676046753e+02
3.8735504404e-07 4.3343750000e+01 4.4791809082e+01 4.5235412598e+01 3.5698315430e+02
3.9695510168e-07 4.5125000000e+01 4.5332489014e+01 4.5757862091e+01 3.5781607056e+02
4.0655504563e-07 4.4218750000e+01 4.5324031830e+01 4.5861202240e+01 3.5803854370e+02
4.1615510327e-07 4.6062500000e+01 4.4753303528e+01 4.4772201538e+01 3.5885116577e+02
4.2575493353e-07 4.5781250000e+01 4.5762664795e+01 4.6283546448e+01 3.5910049438e+02
4.3535499117e-07 4.3625000000e+01 4.3177124023e+01 4.3207107544e+01 3.5984524536e+02
4.4495504881e-07 4.6093750000e+01 4.6820503235e+01 4.7347042084e+01 3.6018530273e+02
4.5455510644e-07 4.6750000000e+01 4.4674392700e+01 4.4852596283e+01 3.6087362671e+02
4.6415505039e-07 4.6359375000e+01 4.6038394928e+01 4.6376327515e+01 3.6124542236e+02
4.7375499435e-07 4.5406250000e+01 4.4958713531e+01 4.5122898102e+01 3.6190481567e+02
4.8335505198e-07 4.6734375000e+01 4.7310886383e+01 4.7734401703e+01 3.6233358765e+02
4.9295510962e-07 4.8937500000e+01 4.8248168945e+01 4.8096210480e+01 3.6299533081e+02
5.0255505357e-07 4.8046875000e+01 4.6073585510e+01 4.5746131897e+01 3.6337707520e+02
5.1215511121e-07 4.8593750000e+01 4.5977428436e+01 4.5564643860e+01 3.6403485107e+02
5.2175494147e-07 4.7984375000e+01 4.8251323700e+01 4.8581321716e+01 3.6448016357e+02
5.3135499911e-07 4.9453125000e+01 4.7691940308e+01 4.7580062866e+01 3.6511706543e+02
5.4095505675e-07 4.7375000000e+01 4.7123531342e+01 4.7221443176e+01 3.6554916382e+02
5.5055511439e-07 4.8031250000e+01 4.5996620178e+01 4.5519226074e+01 3.6614926147e+02
5.6015505834e-07 4.8296875000e+01 4.9888473511e+01 5.0256214142e+01 3.6668554688e+02
5.6975500229e-07 4.9687500000e+01 4.8919792175e+01 4.9156505585e+01 3.6725637817e+02
5.7935505993e-07 4.8906250000e+01 5.0293979645e+01 5.0504325867e+01 3.6782620239e+02
5.8895511756e-07 5.0640625000e+01 4.8312881470e+01 4.8418178558e+01 3.6834445190e+02
5.9855506152e-07 4.9531250000e+01 5.0576683044e+01 4.9832569122e+01 3.6895297241e+02
6.0815511915e-07 5.0921875000e+01 5.0060581207e+01 4.9652667999e+01 3.6945120239e+02
6.1775494942e-07 4.8875000000e+01 4.9443889618e+01 4.9454216003e+01 3.7006277466e+02
6.2735500705e-07 4.8343750000e+01 4.9927947998e+01 4.9981777191e+01 3.7057092285e+02
6.3695506469e-07 5.3000000000e+01 4.9825191498e+01 4.9809795380e+01 3.7117288208e+02
6.4655512233e-07 4.9078125000e+01 5.1122425079e+01 5.1359859467e+01 3.7171783447e+02
6.5615506628e-07 5.1562500000e+01 4.9898025513e+01 4.9729064941e+01 3.7228341675e+02
6.6575512392e-07 5.0375000000e+01 4.9437423706e+01 4.9125926971e+01 3.7281329346e+02
6.7535495418e-07 5.2171875000e+01 5.1701202393e+01 5.1710304260e+01 3.7343637085e+02
6.8495512551e-07 5.0453125000e+01 5.1516365051e+01 5.1648189545e+01 3.7396035767e+02
6.9455506946e-07 5.3234375000e+01 5.2078933716e+01 5.1912578583e+01 3.7459194946e+02
7.0415512710e-07 5.1218750000e+01 5.1180206299e+01 5.0920398712e+01 3.7509054565e+02
7.1375495736e-07 5.2062500000e+01 5.2076156616e+01 5.2162891388e+01 3.7574533081e+02
7.2335501500e-07 5.3593750000e+01 5.2586097717e+01 5.2560237885e+01 3.7625408936e+02
7.3295507264e-07 5.2875000000e+01 4.9188796997e+01 4.8328182220e+01 3.7681420898e+02
7.4255513027e-07 5.2500000000e+01 5.1848526001e+01 5.1604030609e+01 3.7739328003e+02
7.5215507422e-07 5.5562500000e+01 5.2518974304e+01 5.2119281769e+01 3.7796505737e+02
7.6175513186e-07 5.3203125000e+01 5.4194156647e+01 5.4363834381e+01 3.7859085083e+02
7.7135496213e-07 5.2515625000e+01 5.4004219055e+01 5.4180294037e+01 3.7915463257e+02
7.8095513345e-07 5.2984375000e+01 5.2350936890e+01 5.2145656586e+01 3.7973223877e+02
7.9055507740e-07 5.4187500000e+01 5.3952217102e+01 5.3887813568e+01 3.8033706665e+02
8.0015513504e-07 5.3078125000e+01 5.4442771912e+01 5.4558052063e+01 3.8092544556e+02
8.0975507899e-07 5.4187500000e+01 5.3710620880e+01 5.3341846466e+01 3.8150540161e+02
8.1935502294e-07 5.5234375000e+01 5.6193336487e+01 5.6501895905e+01 3.8215652466e+02
8.2895508058e-07 5.5109375000e+01 5.4522285461e+01 5.4421794891e+01 3.8269259644e+02
8.3855513822e-07 5.5250000000e+01 5.3851799011e+01 5.3614669800e+01 3.8332360840e+02
8.4815508217e-07 5.6187500000e+01 5.4904373169e+01 5.4864040375e+01 3.8388385010e+02
8.5775513980e-07 5.5609375000e+01 5.5486518860e+01 5.5468891144e+01 3.8452920532e+02
8.6735497007e-07 5.6390625000e+01 5.5768367767e+01 5.5809013367e+01 3.8509396362e+02
8.7695514139e-07 5.5921875000e+01 5.3948795319e+01 5.3352066040e+01 3.8568640137e+02
8.8655508534e-07 5.5984375000e+01 5.4180145264e+01 5.3749526978e+01 3.8625415039e+02
8.9615502930e-07 5.7984375000e+01 5.5647781372e+01 5.5192764282e+01 3.8688211060e+02
9.0575508693e-07 5.5234375000e+01 5.7807167053e+01 5.7732864380e+01 3.8750500488e+02
9.1535503088e-07 5.7375000000e+01 5.6404476166e+01 5.6193264008e+01 3.8808941650e+02
9.2495508852e-07 5.6828125000e+01 5.6222732544e+01 5.6012653351e+01 3.8871002197e+02
9.3455503247e-07 5.6250000000e+01 5.7072181702e+01 5.6989986420e+01 3.8931256104e+02
9.4415509011e-07 5.8234375000e+01 5.6018135071e+01 5.5640666962e+01 3.8990371704e+02
9.5375514775e-07 5.7953125000e+01 5.7462799072e+01 5.7297897339e+01 3.9054306030e+02
9.6335509170e-07 5.7453125000e+01 5.7207469940e+01 5.6769466400e+01 3.9112234497e+02
9.7295514934e-07 5.9015625000e+01 5.9734821320e+01 6.0030509949e+01 3.9183105469e+02
9.8255509329e-07 5.8578125000e+01 5.9893112183e+01 6.0259410858e+01 3.9241195679e+02
9.9215515093e-07 5.8328125000e+01 5.8341888428e+01 5.8204441071e+01 3.9307437134e+02
1.0017550949e-06 5.9687500000e+01 5.6308921814e+01 5.5608833313e+01 3.9359313965e+02
1.0113551525e-06 5.8250000000e+01 5.7554718018e+01 5.6797187805e+01 3.9428710938e+02
1.0209550965e-06 5.9625000000e+01 6.0221977234e+01 6.0449520111e+01 3.9487960815e+02
1.0305551541e-06 5.7718750000e+01 6.0440139771e+01 6.0682434082e+01 3.9557595825e+02
1.0401550981e-06 5.8906250000e+01 5.9784950256e+01 5.9785411835e+01 3.9614666748e+02
1.0497551557e-06 6.0234375000e+01 5.7761917114e+01 5.7063842773e+01 3.9678515625e+02
1.0593550996e-06 5.8562500000e+01 5.8973327637e+01 5.8583145142e+01 3.9738497925e+02
1.0689551573e-06 6.1468750000e+01 5.9112751007e+01 5.8639228821e+01 3.9802505493e+02
1.0785551012e-06 5.9718750000e+01 5.7417728424e+01 5.6467346191e+01 3.9857534790e+02
1.0881551589e-06 6.0625000000e+01 6.1131820679e+01 6.1050662994e+01 3.9930990601e+02
1.0977551028e-06 6.0843750000e+01 6.1697372437e+01 6.1836524963e+01 3.9987588501e+02
1.1073551605e-06 6.1140625000e+01 6.0535820007e+01 6.0035675049e+01 4.0057577515e+02
1.1169551044e-06 5.9125000000e+01 6.1658432007e+01 6.1592700958e+01 4.0116702271e+02
1.1265551620e-06 6.1796875000e+01 5.9997356415e+01 5.9183483124e+01 4.0182009888e+02
1.1361551060e-06 6.0000000000e+01 6.1429092407e+01 6.0889583588e+01 4.0243728638e+02
1.1457551636e-06 6.2296875000e+01 6.3868339539e+01 6.4064659119e+01 4.0316702271e+02
1.1553551076e-06 6.3359375000e+01 6.1435050964e+01 6.0441089630e+01 4.0370599365e+02
1.1649551652e-06 6.2796875000e+01 6.5299499512e+01 6.6119964600e+01 4.0454779053e+02
1.1745551092e-06 6.2656250000e+01 6.3481964111e+01 6.3233459473e+01 4.0502932739e+02
1.1841551668e-06 6.4343750000e+01 6.4840179443e+01 6.5360748291e+01 4.0591293335e+02
1.1937549971e-06 6.3546875000e+01 6.3406906128e+01 6.3182876587e+01 4.0634634399e+02
1.2033551684e-06 6.3718750000e+01 6.2543922424e+01 6.1952682495e+01 4.0720397949e+02
1.2129551124e-06 6.4796875000e+01 6.3130622864e+01 6.2859096527e+01 4.0764797974e+02
1.2225550563e-06 6.2453125000e+01 6.2014564514e+01 6.1134513855e+01 4.0847366333e+02
1.2321551139e-06 6.5406250000e+01 6.2758869171e+01 6.1932197571e+01 4.0893267822e+02
1.2417549442e-06 6.6453125000e+01 6.4292671204e+01 6.3723388672e+01 4.0979806519e+02
1.2513551155e-06 6.3734375000e+01 6.4167999268e+01 6.3726856232e+01 4.1025134277e+02
1.2609550595e-06 6.3750000000e+01 6.5242614746e+01 6.4748008728e+01 4.1114172363e+02
1.2705550034e-06 6.4531250000e+01 6.4554634094e+01 6.4185279846e+01 4.1157498169e+02
1.2801550611e-06 6.5328125000e+01 6.3999893188e+01 6.3326572418e+01 4.1244692993e+02
1.2897551187e-06 6.4078125000e+01 6.5504310608e+01 6.5386260986e+01 4.1291912842e+02
1.2993550627e-06 6.4843750000e+01 6.5942108154e+01 6.5853286743e+01 4.1380068970e+02
1.3089551203e-06 6.6578125000e+01 6.7083221436e+01 6.7405693054e+01 4.1430316162e+02
1.3185550642e-06 6.7078125000e+01 6.6987960815e+01 6.6988746643e+01 4.1517019653e+02
1.3281551219e-06 6.5656250000e+01 6.6729293823e+01 6.6348442078e+01 4.1566577148e+02
1.3377550658e-06 6.7656250000e+01 6.7140556335e+01 6.7181701660e+01 4.1654388428e+02
1.3473551235e-06 6.5781250000e+01 6.7564567566e+01 6.7702613831e+01 4.1704943848e+02
1.3569550674e-06 6.7859375000e+01 6.7553878784e+01 6.7540634155e+01 4.1792437744e+02
1.3665551251e-06 6.6015625000e+01 6.5180404663e+01 6.4074218750e+01 4.1835562134e+02
1.3761550690e-06 6.9328125000e+01 6.7732612610e+01 6.7613800049e+01 4.1930062866e+02
1.3857551266e-06 6.7453125000e+01 6.8713531494e+01 6.8991539001e+01 4.1975845337e+02
1.3953550706e-06 6.8875000000e+01 6.6677627563e+01 6.5910682678e+01 4.2063766479e+02
1.4049551282e-06 6.7906250000e+01 6.7417793274e+01 6.6868331909e+01 4.2111486816e+02
1.4145550722e-06 6.9546875000e+01 6.9808822632e+01 7.0128097534e+01 4.2205627441e+02
1.4241551298e-06 6.8125000000e+01 6.8632659912e+01 6.8413764954e+01 4.2249966431e+02
1.4337549601e-06 7.0578125000e+01 6.7048004150e+01 6.5885643005e+01 4.2339147949e+02
1.4433551314e-06 6.8765625000e+01 7.0117210388e+01 7.0331520081e+01 4.2392163086e+02
1.4529550754e-06 7.0390625000e+01 6.8915550232e+01 6.8473587036e+01 4.2477352905e+02
1.4625551330e-06 7.0515625000e+01 6.9355003357e+01 6.8897140503e+01 4.2531204224e+02
1.4721550770e-06 6.9421875000e+01 7.0462936401e+01 7.0374755859e+01 4.2619445801e+02
1.4817551346e-06 6.9703125000e+01 7.0268035889e+01 7.0124122620e+01 4.2672259521e+02
1.4913550785e-06 7.1953125000e+01 7.1026321411e+01 7.1156425476e+01 4.2762319946e+02
1.5009551362e-06 7.0328125000e+01 7.1889877319e+01 7.2232681274e+01 4.2817453003e+02
1.5105550801e-06 6.9781250000e+01 6.9286941528e+01 6.8237274170e+01 4.2899316406e+02
1.5201551378e-06 7.0593750000e+01 7.0828903198e+01 7.0267913818e+01 4.2958468628e+02
1.5297550817e-06 7.3234375000e+01 7.1516830444e+01 7.1296424866e+01 4.3042202759e+02
1.5393551394e-06 7.0343750000e+01 7.1162826538e+01 7.0802742004e+01 4.3099743652e+02
1.5489550833e-06 7.3000000000e+01 7.2131332397e+01 7.1996994019e+01 4.3186160278e+02
1.5585551409e-06 7.2328125000e+01 7.0645652771e+01 6.9663444519e+01 4.3238693237e+02
1.5681550849e-06 7.2640625000e+01 7.1965827942e+01 7.1575355530e+01 4.3328430176e+02
1.5777551425e-06 7.1953125000e+01 7.3288574219e+01 7.3503082275e+01 4.3384893799e+02
1.5873550865e-06 7.3296875000e+01 7.3850257874e+01 7.4237609863e+01 4.3475985718e+02
1.5969551441e-06 7.5562500000e+01 7.2248489380e+01 7.1538810730e+01 4.3527005005e+02
1.6065550881e-06 7.2765625000e+01 7.1529846191e+01 7.0373786926e+01 4.3615615845e+02
1.6161551457e-06 7.2125000000e+01 7.4033760071e+01 7.4120101929e+01 4.3673797607e+02
1.6257550897e-06 7.5703125000e+01 7.4980453491e+01 7.5242965698e+01 4.3764981079e+02
1.6353551473e-06 7.4812500000e+01 7.4435112000e+01 7.4396636963e+01 4.3820968628e+02
1.6449550913e-06 7.5125000000e+01 7.5020004272e+01 7.4609062195e+01 4.3913131714e+02
1.6545551489e-06 7.5750000000e+01 7.4355415344e+01 7.4114387512e+01 4.3966455078e+02
1.6641550928e-06 7.3953125000e+01 7.4871162415e+01 7.4751625061e+01 4.4060232544e+02
1.6737551505e-06 7.6609375000e+01 7.4974037170e+01 7.4837997437e+01 4.4113412476e+02
1.6833550944e-06 7.6156250000e+01 7.5049171448e+01 7.4365928650e+01 4.4207037354e+02
1.6929551521e-06 7.4828125000e+01 7.5587158203e+01 7.5437606812e+01 4.4261532593e+02
1.7025550960e-06 7.6468750000e+01 7.5641807556e+01 7.5387023926e+01 4.4354852295e+02
1.7121551537e-06 7.4578125000e+01 7.5111206055e+01 7.4479431152e+01 4.4406982422e+02
1.7217550976e-06 7.6656250000e+01 7.5599304199e+01 7.5021553040e+01 4.4501354980e+02
1.7313551552e-06 7.8640625000e+01 7.7839370728e+01 7.8544441223e+01 4.4559896851e+02
1.7409550992e-06 7.7187500000e+01 7.8042694092e+01 7.8394950867e+01 4.4655047607e+02
1.7505551568e-06 7.7984375000e+01 7.5222129822e+01 7.3875999451e+01 4.4704220581e+02
1.7601551008e-06 7.8406250000e+01 7.7097015381e+01 7.6733474731e+01 4.4804818726e+02
1.7697551584e-06 7.6234375000e+01 7.8934730530e+01 7.9733711243e+01 4.4859362793e+02
1.7793551024e-06 7.8000000000e+01 7.9505638123e+01 8.0513977051e+01 4.4961346436e+02
1.7889551600e-06 7.8125000000e+01 7.7640472412e+01 7.7316413879e+01 4.5009234619e+02
1.7985551040e-06 7.9250000000e+01 7.8668205261e+01 7.8770011902e+01 4.5113873291e+02
1.8081551616e-06 7.9015625000e+01 7.8792724609e+01 7.8904708862e+01 4.5161807251e+02
1.8177551055e-06 7.8281250000e+01 7.8774940491e+01 7.8564117432e+01 4.5266156006e+02
1.8273551632e-06 8.0156250000e+01 7.8663101196e+01 7.7941520691e+01 4.5313052368e+02
1.8369551071e-06 8.0703125000e+01 7.9478584290e+01 7.9333465576e+01 4.5419796753e+02
1.8465551648e-06 8.0281250000e+01 7.9806541443e+01 7.9808555603e+01 4.5467132568e+02
1.8561551087e-06 7.9765625000e+01 8.1462928772e+01 8.2519691467e+01 4.5578781128e+02
1.8657551664e-06 7.9109375000e+01 8.2126785278e+01 8.3633384705e+01 4.5627749634e+02
1.8753551103e-06 8.0593750000e+01 7.9902565002e+01 7.9510513306e+01 4.5731570435e+02
1.8849551680e-06 8.0750000000e+01 7.9418533325e+01 7.8512107849e+01 4.5778668213e+02
1.8945551119e-06 8.2437500000e+01 8.0965545654e+01 8.0524009705e+01 4.5887023926e+02
1.9041551695e-06 7.9312500000e+01 7.9463302612e+01 7.8224716187e+01 4.5928808594e+02
1.9137551135e-06 8.1578125000e+01 8.2550300598e+01 8.3173233032e+01 4.6046823120e+02
1.9233552848e-06 8.1156250000e+01 8.1481208801e+01 8.1308822632e+01 4.6084310913e+02
1.9329550014e-06 8.1406250000e+01 8.1729301453e+01 8.1481201172e+01 4.6202673340e+02
1.9425549453e-06 8.1312500000e+01 8.2794677734e+01 8.3153678894e+01 4.6243173218e+02
1.9521548893e-06 8.1234375000e+01 8.3533302307e+01 8.4032577515e+01 4.6363696289e+02
1.9617550606e-06 8.2078125000e+01 8.2578140259e+01 8.2278434753e+01 4.6400305176e+02
1.9713550046e-06 8.3453125000e+01 8.1615791321e+01 8.0608283997e+01 4.6516986084e+02
1.9809549485e-06 8.3843750000e+01 8.4370071411e+01 8.5199287415e+01 4.6562380981e+02
1.9905548925e-06 8.4171875000e+01 8.3398284912e+01 8.3310699463e+01 4.6675125122e+02
2.0001550638e-06 8.4546875000e+01 8.2857810974e+01 8.2049133301e+01 4.6718447876e+02
2.0097550077e-06 8.1937500000e+01 8.3244262695e+01 8.2579536438e+01 4.6831829834e+02
2.0193549517e-06 8.4421875000e+01 8.4317626953e+01 8.4224891663e+01 4.6878207397e+02
2.0289548956e-06 8.4968750000e+01 8.5459045410e+01 8.6177719116e+01 4.6994888306e+02
2.0385550670e-06 8.3234375000e+01 8.6012969971e+01 8.7095321655e+01 4.7042529297e+02
2.0481550109e-06 8.4109375000e+01 8.5571166992e+01 8.5753654480e+01 4.7157421875e+02
2.0577549549e-06 8.5203125000e+01 8.4615325928e+01 8.4084175110e+01 4.7201040649e+02
2.0673548988e-06 8.6703125000e+01 8.6409721375e+01 8.6724891663e+01 4.7321737671e+02
2.0769552975e-06 8.4703125000e+01 8.3625793457e+01 8.2027214050e+01 4.7355371094e+02
2.0865550141e-06 8.6312500000e+01 8.4445320129e+01 8.3027450562e+01 4.7478445435e+02
2.0961551854e-06 8.6656250000e+01 8.5095367432e+01 8.4012725830e+01 4.7513623047e+02
2.1057549020e-06 8.5531250000e+01 8.6901664734e+01 8.6949996948e+01 4.7642102051e+02
2.1153553007e-06 8.7078125000e+01 8.6064628601e+01 8.5478202820e+01 4.7673532104e+02
2.1249552447e-06 8.7312500000e+01 8.6865875244e+01 8.6422294617e+01 4.7804556274e+02
2.1345549612e-06 8.6484375000e+01 8.4495162964e+01 8.2381668091e+01 4.7827841187e+02
2.1441551326e-06 8.7546875000e+01 8.7323333740e+01 8.6657012939e+01 4.7967666626e+02
2.1537553039e-06 8.6343750000e+01 8.5835800171e+01 8.4243095398e+01 4.7984838867e+02
2.1633550205e-06 8.7734375000e+01 9.0097160339e+01 9.1142982483e+01 4.8139111328e+02
2.1729551918e-06 8.7281250000e+01 8.8887321472e+01 8.9203605652e+01 4.8151104736e+02
2.1825549084e-06 8.9640625000e+01 8.9298370361e+01 8.9452041626e+01 4.8306588745e+02
2.1921550797e-06 8.7828125000e+01 8.7413276672e+01 8.6162956238e+01 4.8311221313e+02
2.2017552510e-06 8.8187500000e+01 8.9644126892e+01 8.9580070496e+01 4.8474185181e+02
2.2113549676e-06 9.0937500000e+01 8.9231620789e+01 8.9046623230e+01 4.8476177979e+02
2.2209551389e-06 8.9406250000e+01 8.9172821045e+01 8.8349723816e+01 4.8638955688e+02
2.2305553102e-06 9.1984375000e+01 8.9813415527e+01 8.9693489075e+01 4.8641949463e+02
2.2401550268e-06 8.9828125000e+01 9.0621520996e+01 9.0695594788e+01 4.8807336426e+02
2.2497551981e-06 9.0562500000e+01 9.0641891479e+01 9.1001167297e+01 4.8809432983e+02
2.2593549147e-06 9.0625000000e+01 9.1895622253e+01 9.2565803528e+01 4.8979156494e+02
2.2689550860e-06 9.2921875000e+01 8.9213195801e+01 8.7697433472e+01 4.8971496582e+02
2.2785552574e-06 9.2609375000e+01 9.0397781372e+01 8.9270423889e+01 4.9144488525e+02
2.2881549739e-06 9.2171875000e+01 9.0885643005e+01 9.0178970337e+01 4.9137997437e+02
2.2977551453e-06 9.1718750000e+01 9.1719726562e+01 9.1225708008e+01 4.9313226318e+02
2.3073553166e-06 9.0828125000e+01 9.2681358337e+01 9.3499626160e+01 4.9309115601e+02
2.3169550332e-06 9.0734375000e+01 9.1957473755e+01 9.1223907471e+01 4.9481530762e+02
2.3265552045e-06 9.2062500000e+01 9.3844551086e+01 9.4978828430e+01 4.9483193970e+02
2.3361549211e-06 9.4078125000e+01 9.2767051697e+01 9.2350593567e+01 4.9651354980e+02
2.3457550924e-06 9.3140625000e+01 9.5035934448e+01 9.6894752502e+01 4.9660473633e+02
2.3553552637e-06 9.3656250000e+01 9.2868812561e+01 9.2002822876e+01 4.9821032715e+02
2.3649549803e-06 9.1546875000e+01 9.2747810364e+01 9.1893089294e+01 4.9828024292e+02
2.3745551516e-06 9.3218750000e+01 9.2475433350e+01 9.0931289673e+01 4.9987338257e+02
2.3841553229e-06 9.4328125000e+01 9.4063171387e+01 9.3753112793e+01 4.9999179077e+02
2.3937550395e-06 9.4890625000e+01 9.5626968384e+01 9.6396133423e+01 5.0163757324e+02
2.4033552108e-06 9.6718750000e+01 9.5196441650e+01 9.5501922607e+01 5.0173034668e+02
2.4129551548e-06 9.3890625000e+01 9.4692398071e+01 9.3981163025e+01 5.0335574341e+02
2.4225550987e-06 9.5578125000e+01 9.6981956482e+01 9.8665504456e+01 5.0352276611e+02
2.4321552701e-06 9.6109375000e+01 9.5520835876e+01 9.5072998047e+01 5.0509286499e+02
2.4417552140e-06 9.6875000000e+01 9.6164817810e+01 9.6405723572e+01 5.0527050781e+02
2.4513551580e-06 9.5734375000e+01 9.6765243530e+01 9.7061950684e+01 5.0685946655e+02
2.4609553293e-06 9.7109375000e+01 9.8715316772e+01 1.0102610779e+02 5.0710284424e+02
2.4705552732e-06 9.7312500000e+01 9.8651840210e+01 1.0063464355e+02 5.0868539429e+02
2.4801552172e-06 9.6718750000e+01 9.8006095886e+01 9.9091377258e+01 5.0889312744e+02
2.4897551612e-06 9.6765625000e+01 9.9785812378e+01 1.0255052948e+02 5.1054302979e+02
2.4993551051e-06 9.7375000000e+01 9.6716438293e+01 9.5911460876e+01 5.1062374878e+02
2.5089552764e-06 9.6828125000e+01 9.6714576721e+01 9.5425399780e+01 5.1226922607e+02
2.5185549930e-06 9.8671875000e+01 9.7944664001e+01 9.7803016663e+01 5.1239105225e+02
2.5281551643e-06 9.7828125000e+01 1.0044544220e+02 1.0238825989e+02 5.1412304688e+02
2.5377553357e-06 9.7906250000e+01 9.8943305969e+01 9.9233757019e+01 5.1417767334e+02
2.5473550522e-06 9.8500000000e+01 9.9813156128e+01 1.0050579071e+02 5.1593725586e+02
2.5569552236e-06 9.8796875000e+01 1.0116890717e+02 1.0337721252e+02 5.1603485107e+02
2.5665549401e-06 9.9812500000e+01 9.7973190308e+01 9.6381782532e+01 5.1766937256e+02
2.5761551115e-06 1.0059375000e+02 1.0052588654e+02 1.0233713531e+02 5.1785974121e+02
2.5857552828e-06 1.0137500000e+02 1.0033177948e+02 1.0045114136e+02 5.1947570801e+02
2.5953549994e-06 1.0001562500e+02 1.0035794067e+02 1.0068067932e+02 5.1965649414e+02
2.6049551707e-06 1.0168750000e+02 1.0178940582e+02 1.0288240814e+02 5.2132696533e+02
2.6145548873e-06 1.0025000000e+02 1.0098910522e+02 1.0123125458e+02 5.2146936035e+02
2.6241550586e-06 1.0082812500e+02 9.8830307007e+01 9.6484336853e+01 5.2305395508e+02
2.6337552299e-06 1.0248437500e+02 9.8768310547e+01 9.6349708557e+01 5.2318652344e+02
2.6433549465e-06 1.0181250000e+02 1.0003055573e+02 9.8265342712e+01 5.2481262207e+02
2.6529551178e-06 1.0185937500e+02 1.0371889496e+02 1.0584101105e+02 5.2507128906e+02
2.6625552891e-06 1.0246875000e+02 1.0138534546e+02 1.0048696899e+02 5.2660168457e+02
2.6721550057e-06 1.0092187500e+02 1.0078691101e+02 9.9252197266e+01 5.2683862305e+02
2.6817551770e-06 1.0450000000e+02 9.9786773682e+01 9.6860626221e+01 5.2832757568e+02
2.6913548936e-06 1.0346875000e+02 1.0431617737e+02 1.0577714539e+02 5.2872229004e+02
2.7009550649e-06 1.0359375000e+02 1.0251597595e+02 1.0182872772e+02 5.3014538574e+02
2.7105552363e-06 1.0346875000e+02 1.0336289978e+02 1.0327829742e+02 5.3055847168e+02
2.7201549528e-06 1.0545312500e+02 1.0407924652e+02 1.0460627747e+02 5.3201318359e+02
2.7297551242e-06 1.0290625000e+02 1.0453719330e+02 1.0500144958e+02 5.3241857910e+02
2.7393552955e-06 1.0360937500e+02 1.0373388672e+02 1.0290509033e+02 5.3383435059e+02
2.7489550121e-06 1.0420312500e+02 1.0412129974e+02 1.0354788971e+02 5.3424554443e+02
2.7585551834e-06 1.0417187500e+02 1.0595427704e+02 1.0699819183e+02 5.3572802734e+02
2.7681551273e-06 1.0484375000e+02 1.0688083649e+02 1.0890294647e+02 5.3616864014e+02
2.7777550713e-06 1.0515625000e+02 1.0628887939e+02 1.0715474701e+02 5.3761956787e+02
2.7873552426e-06 1.0453125000e+02 1.0723475647e+02 1.0904621887e+02 5.3809191895e+02
2.7969551866e-06 1.0678125000e+02 1.0714899445e+02 1.0854280853e+02 5.3953094482e+02
2.8065551305e-06 1.0612500000e+02 1.0578897858e+02 1.0526634979e+02 5.3994244385e+02
2.8161553018e-06 1.0614062500e+02 1.0709934998e+02 1.0761604309e+02 5.4142596436e+02
2.8257552458e-06 1.0621875000e+02 1.0710665894e+02 1.0756795502e+02 5.4183404541e+02
2.8353551897e-06 1.0564062500e+02 1.0720330048e+02 1.0733596802e+02 5.4330895996e+02
2.8449551337e-06 1.0632812500e+02 1.0702904510e+02 1.0720970917e+02 5.4370452881e+02
2.8545553050e-06 1.0612500000e+02 1.0747487640e+02 1.0741942596e+02 5.4518865967e+02
2.8641552490e-06 1.0835937500e+02 1.0709189606e+02 1.0642773438e+02 5.4556988525e+02
2.8737551929e-06 1.0881250000e+02 1.0623327637e+02 1.0403104401e+02 5.4700720215e+02
2.8833551369e-06 1.0600000000e+02 1.0675749969e+02 1.0514588165e+02 5.4740881348e+02
2.8929553082e-06 1.0707812500e+02 1.0682302094e+02 1.0462384796e+02 5.4883422852e+02
2.9025552521e-06 1.0939062500e+02 1.0980669403e+02 1.1084992218e+02 5.4934240723e+02
2.9121551961e-06 1.0943750000e+02 1.0986592102e+02 1.1082916260e+02 5.5076434326e+02
2.9217551401e-06 1.1073437500e+02 1.1201250458e+02 1.1587170410e+02 5.5135693359e+02
2.9313553114e-06 1.1023437500e+02 1.0994812012e+02 1.1009648132e+02 5.5268121338e+02
2.9409552553e-06 1.1025000000e+02 1.1011184692e+02 1.1035769653e+02 5.5327941895e+02
2.9505551993e-06 1.1214062500e+02 1.1034756470e+02 1.1034880066e+02 5.5459875488e+02
2.9601551432e-06 1.1001562500e+02 1.1056624603e+02 1.1062258911e+02 5.5519689941e+02
2.9697553146e-06 1.1206250000e+02 1.1206806946e+02 1.1415413666e+02 5.5657604980e+02
2.9793550311e-06 1.1071875000e+02 1.0944503021e+02 1.0756064606e+02 5.5705859375e+02
2.9889552025e-06 1.1123437500e+02 1.0905545807e+02 1.0636614990e+02 5.5841711426e+02
2.9985549190e-06 1.1196875000e+02 1.0947790527e+02 1.0740653992e+02 5.5890844727e+02
3.0081550904e-06 1.1243750000e+02 1.1123986816e+02 1.1073469543e+02 5.6032794189e+02
3.0177552617e-06 1.1164062500e+02 1.1364028168e+02 1.1567916107e+02 5.6090728760e+02
3.0273549783e-06 1.1073437500e+02 1.0919207001e+02 1.0558441162e+02 5.6214782715e+02
3.0369551496e-06 1.1193750000e+02 1.1412065125e+02 1.1640529633e+02 5.6291186523e+02
3.0465553209e-06 1.1284375000e+02 1.1402614594e+02 1.1553211212e+02 5.6414630127e+02
3.0561550375e-06 1.1446875000e+02 1.1435768127e+02 1.1604734802e+02 5.6491571045e+02
3.0657552088e-06 1.1595312500e+02 1.1180001831e+02 1.0973213196e+02 5.6603540039e+02
3.0753549254e-06 1.1359375000e+02 1.1506147766e+02 1.1692623901e+02 5.6693060303e+02
3.0849550967e-06 1.1429687500e+02 1.1467292023e+02 1.1567431641e+02 5.6802880859e+02
3.0945552680e-06 1.1393750000e+02 1.1396157837e+02 1.1414961243e+02 5.6889831543e+02
3.1041549846e-06 1.1529687500e+02 1.1370896912e+02 1.1262102509e+02 5.6996112061e+02
3.1137551559e-06 1.1515625000e+02 1.1363689423e+02 1.1240218353e+02 5.7082891846e+02
3.1233553273e-06 1.1445312500e+02 1.1438973999e+02 1.1351335144e+02 5.7190441895e+02
3.1329550438e-06 1.1565625000e+02 1.1491085815e+02 1.1453856659e+02 5.7278558350e+02
3.1425552152e-06 1.1609375000e+02 1.1502009583e+02 1.1440781403e+02 5.7385821533e+02
3.1521551591e-06 1.1517187500e+02 1.1452159119e+02 1.1332170105e+02 5.7471533203e+02
3.1617553304e-06 1.1559375000e+02 1.1577284241e+02 1.1545719147e+02 5.7582733154e+02
3.1713552744e-06 1.1579687500e+02 1.1745481873e+02 1.1916883850e+02 5.7674761963e+02
3.1809549910e-06 1.1628125000e+02 1.1643200684e+02 1.1616575623e+02 5.7780792236e+02
3.1905551623e-06 1.1798437500e+02 1.1695579529e+02 1.1711157990e+02 5.7874176025e+02
3.2001553336e-06 1.1578125000e+02 1.1564208984e+02 1.1370596313e+02 5.7974304199e+02
3.2097552776e-06 1.1632812500e+02 1.1810198975e+02 1.1912766266e+02 5.8077056885e+02
3.2193552215e-06 1.1626562500e+02 1.1709057617e+02 1.1665602112e+02 5.8172143555e+02
3.2289549381e-06 1.1681250000e+02 1.1553596497e+02 1.1282745361e+02 5.8269006348e+02
3.2385551094e-06 1.1829687500e+02 1.1847994995e+02 1.1894954681e+02 5.8374066162e+02
3.2481552807e-06 1.1848437500e+02 1.1826422119e+02 1.1814234924e+02 5.8469720459e+02
3.2577552247e-06 1.1718750000e+02 1.1998223877e+02 1.2218845367e+02 5.8581079102e+02
3.2673551686e-06 1.1784375000e+02 1.1895856476e+02 1.1958678436e+02 5.8671697998e+02
3.2769553400e-06 1.1910937500e+02 1.2064335632e+02 1.2372601318e+02 5.8790075684e+02
3.2865550565e-06 1.1782812500e+02 1.2128314209e+02 1.2442436218e+02 5.8882641602e+02
3.2961552279e-06 1.1901562500e+02 1.2100163269e+02 1.2333604431e+02 5.8998388672e+02
3.3057549444e-06 1.2062500000e+02 1.2014224243e+02 1.2096179199e+02 5.9087536621e+02
3.3153551158e-06 1.2064062500e+02 1.1936766052e+02 1.1829103088e+02 5.9198156738e+02
3.3249552871e-06 1.1914062500e+02 1.1987290192e+02 1.1989355469e+02 5.9290466309e+02
3.3345550037e-06 1.2182812500e+02 1.1791567993e+02 1.1475820923e+02 5.9391821289e+02
3.3441551750e-06 1.2007812500e+02 1.2177720642e+02 1.2319260406e+02 5.9497906494e+02
3.3537548916e-06 1.2210937500e+02 1.2238281250e+02 1.2447515869e+02 5.9601702881e+02
3.3633550629e-06 1.1950000000e+02 1.1949665833e+02 1.1786640930e+02 5.9696789551e+02
3.3729552342e-06 1.2198437500e+02 1.2140802002e+02 1.2107223511e+02 5.9805242920e+02
3.3825549508e-06 1.2131250000e+02 1.2147604370e+02 1.2141488647e+02 5.9901257324e+02
3.3921551221e-06 1.2298437500e+02 1.2191775513e+02 1.2160646820e+02 6.0009362793e+02
3.4017552935e-06 1.2135937500e+02 1.2304071045e+02 1.2412239075e+02 6.0109460449e+02
3.4113550100e-06 1.2346875000e+02 1.2305635071e+02 1.2409278107e+02 6.0216912842e+02
3.4209551814e-06 1.2160937500e+02 1.2288494873e+02 1.2319548798e+02 6.0315350342e+02
3.4305548979e-06 1.2246875000e+02 1.2172026062e+02 1.2004557800e+02 6.0418103027e+02
3.4401550693e-06 1.2401562500e+02 1.2322282410e+02 1.2345603943e+02 6.0521289062e+02
3.4497552406e-06 1.2304687500e+02 1.2587822723e+02 1.3005154419e+02 6.0635729980e+02
3.4593549572e-06 1.2421875000e+02 1.2540796661e+02 1.2826225281e+02 6.0735412598e+02
3.4689551285e-06 1.2460937500e+02 1.2203044128e+02 1.1930610657e+02 6.0834844971e+02
3.4785552998e-06 1.2482812500e+02 1.2418052673e+02 1.2402161407e+02 6.0942156982e+02
3.4881550164e-06 1.2548437500e+02 1.2521722412e+02 1.2649897766e+02 6.1045410156e+02
3.4977551877e-06 1.2382812500e+02 1.2335148621e+02 1.2133534241e+02 6.1144201660e+02
3.5073549043e-06 1.2395312500e+02 1.2393060303e+02 1.2257646179e+02 6.1248876953e+02
3.5169550756e-06 1.2565625000e+02 1.2615166473e+02 1.2817790222e+02 6.1358007812e+02
3.5265552469e-06 1.2650000000e+02 1.2593388367e+02 1.2672544861e+02 6.1459436035e+02
3.5361551909e-06 1.2493750000e+02 1.2533003235e+02 1.2474921417e+02 6.1565136719e+02
3.5457551348e-06 1.2748437500e+02 1.2499958801e+02 1.2414846802e+02 6.1665966797e+02
3.5553553062e-06 1.2671875000e+02 1.2675132751e+02 1.2774248505e+02 6.1777038574e+02
3.5649550227e-06 1.2668750000e+02 1.2777105713e+02 1.3028170776e+02 6.1881835938e+02
3.5745551941e-06 1.2651562500e+02 1.2800619507e+02 1.3062091064e+02 6.1993762207e+02
3.5841551380e-06 1.2479687500e+02 1.2766716003e+02 1.2919764709e+02 6.2095446777e+02
3.5937553093e-06 1.2696875000e+02 1.2704995728e+02 1.2719890594e+02 6.2203759766e+02
3.6033552533e-06 1.2725000000e+02 1.2861590576e+02 1.3221585083e+02 6.2313269043e+02
3.6129549699e-06 1.2578125000e+02 1.2786698914e+02 1.2851329041e+02 6.2415789795e+02
3.6225551412e-06 1.2665625000e+02 1.2865190125e+02 1.3047106934e+02 6.2529046631e+02
3.6321553125e-06 1.2732812500e+02 1.2773365784e+02 1.2819906616e+02 6.2626458740e+02
3.6417552565e-06 1.2765625000e+02 1.2953442383e+02 1.3199674988e+02 6.2746655273e+02
3.6513552004e-06 1.2779687500e+02 1.2985020447e+02 1.3255981445e+02 6.2844732666e+02
3.6609549170e-06 1.2775000000e+02 1.2866061401e+02 1.2908091736e+02 6.2958612061e+02
3.6705550883e-06 1.3009375000e+02 1.2800302124e+02 1.2679583740e+02 6.3053479004e+02
3.6801552596e-06 1.2779687500e+02 1.2961914062e+02 1.3077175903e+02 6.3173260498e+02
3.6897552036e-06 1.2889062500e+02 1.3018548584e+02 1.3179132080e+02 6.3269976807e+02
3.6993551475e-06 1.2909375000e+02 1.2932792664e+02 1.2929154968e+02 6.3385034180e+02
3.7089553189e-06 1.2859375000e+02 1.3016590881e+02 1.3103817749e+02 6.3485192871e+02
3.7185550354e-06 1.2981250000e+02 1.3077780151e+02 1.3226948547e+02 6.3602026367e+02
3.7281552068e-06 1.2921875000e+02 1.3014193726e+02 1.3013636780e+02 6.3698516846e+02
3.7377551507e-06 1.2935937500e+02 1.3132626343e+02 1.3316934204e+02 6.3820416260e+02
3.7473553220e-06 1.3137500000e+02 1.3054910278e+02 1.3080619812e+02 6.3911987305e+02
3.7569552660e-06 1.3148437500e+02 1.3138206482e+02 1.3323291016e+02 6.4037646484e+02
3.7665549826e-06 1.3037500000e+02 1.3097335815e+02 1.3123124695e+02 6.4125848389e+02
3.7761551539e-06 1.3126562500e+02 1.3174882507e+02 1.3325738525e+02 6.4254730225e+02
3.7857553252e-06 1.3089062500e+02 1.3001576233e+02 1.2776081085e+02 6.4334362793e+02
3.7953552692e-06 1.3178125000e+02 1.3330316162e+02 1.3678453064e+02 6.4477636719e+02
3.8049552131e-06 1.2953125000e+02 1.3165419006e+02 1.3140184021e+02 6.4548040771e+02
3.8145549297e-06 1.2964062500e+02 1.3226397705e+02 1.3248013306e+02 6.4693463135e+02
3.8241551010e-06 1.3101562500e+02 1.2943269348e+02 1.2570907593e+02 6.4752905273e+02
3.8337548176e-06 1.3131250000e+02 1.3310649109e+02 1.3418577576e+02 6.4911676025e+02
3.8433554437e-06 1.3221875000e+02 1.3163798523e+02 1.3239187622e+02 6.4966729736e+02
3.8529551603e-06 1.3137500000e+02 1.3212882996e+02 1.3062625122e+02 6.5123803711e+02
3.8625548768e-06 1.3223437500e+02 1.3231224060e+02 1.3086071777e+02 6.5179022217e+02
3.8721550482e-06 1.3368750000e+02 1.3492602539e+02 1.3813980103e+02 6.5348016357e+02
3.8817552195e-06 1.3264062500e+02 1.3438221741e+02 1.3602441406e+02 6.5399584961e+02
3.8913549361e-06 1.3356250000e+02 1.3086242676e+02 1.2627161407e+02 6.5552337646e+02
3.9009555621e-06 1.1804687500e+02 1.0512168884e+02 9.1294555664e+01 6.5561212158e+02
3.9105548240e-06 9.1437500000e+01 6.9460998535e+01 4.4090270996e+01 6.5630340576e+02
3.9201549953e-06 7.2796875000e+01 5.2300117493e+01 3.5963455200e+01 6.5624371338e+02
3.9297551666e-06 5.4703125000e+01 4.2999671936e+01 2.6332754135e+01 6.5676977539e+02
3.9393548832e-06 3.9890625000e+01 3.0232063293e+01 1.9929307938e+01 6.5659417725e+02
3.9489550545e-06 2.9140625000e+01 2.0977661133e+01 1.1757742882e+01 6.5697418213e+02
3.9585552258e-06 2.0765625000e+01 1.4306686401e+01 8.1146354675e+00 6.5673162842e+02
3.9681549424e-06 1.3406250000e+01 9.0090637207e+00 3.7126650810e+00 6.5703558350e+02
