# epoch total_loss data_loss physics_loss w_data w_physics lr
1.0000000000e+00 1.2295124531e+00 8.9444935322e-01 1.5471280813e+00 4.8663407668e-01 5.1336592291e-01 1.0000000000e-03
2.0000000000e+00 8.3251082897e-01 7.7008002996e-01 8.9114665985e-01 4.8432677622e-01 5.1567322281e-01 1.0000000000e-03
3.0000000000e+00 5.6169271469e-01 7.1051120758e-01 4.1340199113e-01 4.9911172093e-01 5.0088827731e-01 1.0000000000e-03
4.0000000000e+00 4.2620894313e-01 6.6669368744e-01 1.5461538732e-01 5.3037506642e-01 4.6962493078e-01 1.0000000000e-03
5.0000000000e+00 3.5775324702e-01 5.6592613459e-01 8.8697142899e-02 5.6378821703e-01 4.3621177891e-01 1.0000000000e-03
6.0000000000e+00 2.9066354036e-01 4.2118000984e-01 1.0478671640e-01 5.8748670456e-01 4.1251328989e-01 1.0000000000e-03
7.0000000000e+00 2.1196213365e-01 2.6742038131e-01 1.3014674187e-01 5.9600224158e-01 4.0399775091e-01 1.0000000000e-03
8.0000000000e+00 1.3631156087e-01 1.3802790642e-01 1.3387042284e-01 5.8716654463e-01 4.1283344493e-01 1.0000000000e-03
9.0000000000e+00 8.0322623253e-02 5.7346101850e-02 1.0989265889e-01 5.6273984674e-01 4.3726013789e-01 1.0000000000e-03
1.0000000000e+01 5.1400080323e-02 3.7149816751e-02 6.8244539201e-02 5.4171425169e-01 4.5828572499e-01 1.0000000000e-03
1.1000000000e+01 5.6086845696e-02 7.0708252490e-02 3.8029681891e-02 5.5256911784e-01 4.4743085197e-01 1.0000000000e-03
1.2000000000e+01 8.8142320514e-02 1.2553755939e-01 3.7711698562e-02 5.7421151529e-01 4.2578845141e-01 1.0000000000e-03
1.3000000000e+01 1.1436615884e-01 1.6148553789e-01 4.5159600675e-02 5.9493666384e-01 4.0506330136e-01 1.0000000000e-03
1.4000000000e+01 1.1540193111e-01 1.6206757724e-01 4.0747109801e-02 6.1535218530e-01 3.8464777844e-01 1.0000000000e-03
1.5000000000e+01 9.6547856927e-02 1.3462276757e-01 3.0160950497e-02 6.3551360585e-01 3.6448635546e-01 1.0000000000e-03
1.6000000000e+01 6.8143203855e-02 9.3044824898e-02 2.1197931841e-02 6.5340707328e-01 3.4659288314e-01 1.0000000000e-03
1.7000000000e+01 4.1715800762e-02 5.3627420217e-02 1.8323281780e-02 6.6259991639e-01 3.3740003049e-01 1.0000000000e-03
1.8000000000e+01 2.6782888919e-02 2.8750622645e-02 2.3099640384e-02 6.5178924250e-01 3.4821069040e-01 1.0000000000e-03
1.9000000000e+01 2.6473470032e-02 2.2112155333e-02 3.3778838813e-02 6.2617331353e-01 3.7382660819e-01 1.0000000000e-03
2.0000000000e+01 3.5377912223e-02 2.9031908140e-02 4.5007456094e-02 6.0276742668e-01 3.9723248936e-01 1.0000000000e-03
2.1000000000e+01 4.4944815338e-02 4.0551502258e-02 5.1181267947e-02 5.8669680332e-01 4.1330311022e-01 1.0000000000e-03
2.2000000000e+01 4.9928918481e-02 4.9418371171e-02 5.0626557320e-02 5.7742329626e-01 4.2257661593e-01 1.0000000000e-03
2.3000000000e+01 4.9882080406e-02 5.3193654865e-02 4.5426972210e-02 5.7361861746e-01 4.2638129337e-01 1.0000000000e-03
2.4000000000e+01 4.6729382128e-02 5.2956465632e-02 3.8329698145e-02 5.7426824140e-01 4.2573166740e-01 1.0000000000e-03
2.5000000000e+01 4.2248070240e-02 5.0420906395e-02 3.1019393355e-02 5.7875290378e-01 4.2124700185e-01 1.0000000000e-03
2.6000000000e+01 3.7227630615e-02 4.6269997954e-02 2.4410525337e-02 5.8634117996e-01 4.1365872096e-01 1.0000000000e-03
2.7000000000e+01 3.1910389662e-02 4.0459632874e-02 1.9330775365e-02 5.9537615354e-01 4.0462374056e-01 1.0000000000e-03
2.8000000000e+01 2.6781812310e-02 3.3500574529e-02 1.6588659957e-02 6.0272031066e-01 3.9727957407e-01 1.0000000000e-03
2.9000000000e+01 2.2902762517e-02 2.7155146003e-02 1.6395015642e-02 6.0480198562e-01 3.9519788767e-01 1.0000000000e-03
3.0000000000e+01 2.1464271471e-02 2.3781429976e-02 1.7969926819e-02 6.0128143126e-01 3.9871843075e-01 1.0000000000e-03
3.1000000000e+01 2.2900123149e-02 2.4702087045e-02 2.0240498707e-02 5.9611692927e-01 4.0388292429e-01 1.0000000000e-03
3.2000000000e+01 2.6246462017e-02 2.8757167980e-02 2.2595873103e-02 5.9250418358e-01 4.0749566515e-01 1.0000000000e-03
3.3000000000e+01 2.9208865017e-02 3.2616548240e-02 2.4293642491e-02 5.9056607096e-01 4.0943377533e-01 1.0000000000e-03
3.4000000000e+01 2.9686313123e-02 3.3329714090e-02 2.4461055174e-02 5.8918252956e-01 4.1081731480e-01 1.0000000000e-03
3.5000000000e+01 2.7571108192e-02 3.0633300543e-02 2.3216081783e-02 5.8715127053e-01 4.1284857082e-01 1.0000000000e-03
3.6000000000e+01 2.4360906333e-02 2.6531767100e-02 2.1314766258e-02 5.8388793840e-01 4.1611189792e-01 1.0000000000e-03
3.7000000000e+01 2.1539337933e-02 2.3184714839e-02 1.9266087562e-02 5.8011462428e-01 4.1988520484e-01 1.0000000000e-03
3.8000000000e+01 1.9841898233e-02 2.1458918229e-02 1.7636258155e-02 5.7699206306e-01 4.2300775758e-01 1.0000000000e-03
3.9000000000e+01 1.9279025495e-02 2.0992454141e-02 1.6964666545e-02 5.7459854968e-01 4.2540126255e-01 1.0000000000e-03
4.0000000000e+01 1.9334135577e-02 2.1031355485e-02 1.7062671483e-02 5.7234774358e-01 4.2765206118e-01 1.0000000000e-03
4.1000000000e+01 1.9473306835e-02 2.1064000204e-02 1.7365364358e-02 5.6992520711e-01 4.3007459115e-01 1.0000000000e-03
4.2000000000e+01 1.9581450149e-02 2.0933974534e-02 1.7810633406e-02 5.6696335091e-01 4.3303644172e-01 1.0000000000e-03
4.3000000000e+01 1.9800279289e-02 2.0644411445e-02 1.8714008853e-02 5.6271933998e-01 4.3728044797e-01 1.0000000000e-03
4.4000000000e+01 2.0079944283e-02 2.0168215036e-02 1.9969107583e-02 5.5669542626e-01 4.4330435798e-01 1.0000000000e-03
4.5000000000e+01 2.0094335079e-02 1.9431652501e-02 2.0901689306e-02 5.4920351240e-01 4.5079626862e-01 1.0000000000e-03
4.6000000000e+01 1.9570417702e-02 1.8444769084e-02 2.0898057148e-02 5.4116531520e-01 4.5883446231e-01 1.0000000000e-03
4.7000000000e+01 1.8547749147e-02 1.7420215532e-02 1.9838802516e-02 5.3380313140e-01 4.6619664151e-01 1.0000000000e-03
4.8000000000e+01 1.7352450639e-02 1.6724402085e-02 1.8056454137e-02 5.2850788313e-01 4.7149188374e-01 1.0000000000e-03
4.9000000000e+01 1.6437426209e-02 1.6645960510e-02 1.6205716878e-02 5.2632712681e-01 4.7367263294e-01 1.0000000000e-03
5.0000000000e+01 1.6097195446e-02 1.7156159505e-02 1.4916461892e-02 5.2718600106e-01 4.7281375153e-01 1.0000000000e-03
5.1000000000e+01 1.6205918044e-02 1.7899336293e-02 1.4295838773e-02 5.3006371530e-01 4.6993603097e-01 1.0000000000e-03
5.2000000000e+01 1.6388984397e-02 1.8449254334e-02 1.4029393904e-02 5.3386158180e-01 4.6613815906e-01 1.0000000000e-03
5.3000000000e+01 1.6417864710e-02 1.8578715622e-02 1.3904901221e-02 5.3766951623e-01 4.6233021975e-01 1.0000000000e-03
5.4000000000e+01 1.6278190538e-02 1.8303724006e-02 1.3893187977e-02 5.4075186224e-01 4.5924786909e-01 1.0000000000e-03
5.5000000000e+01 1.6038544476e-02 1.7753742635e-02 1.4004023746e-02 5.4258028344e-01 4.5741944326e-01 1.0000000000e-03
5.6000000000e+01 1.5773203224e-02 1.7058417201e-02 1.4247298241e-02 5.4281202322e-01 4.5718769888e-01 1.0000000000e-03
5.7000000000e+01 1.5471515246e-02 1.6322394833e-02 1.4466430992e-02 5.4154482547e-01 4.5845489193e-01 1.0000000000e-03
5.8000000000e+01 1.5060024336e-02 1.5646046028e-02 1.4373448677e-02 5.3950994377e-01 4.6048976858e-01 1.0000000000e-03
5.9000000000e+01 1.4582406729e-02 1.5150452033e-02 1.3921796344e-02 5.3767203891e-01 4.6232766781e-01 1.0000000000e-03
6.0000000000e+01 1.4199867845e-02 1.4965773560e-02 1.3312169351e-02 5.3682865736e-01 4.6317104333e-01 1.0000000000e-03
6.1000000000e+01 1.4016506262e-02 1.5142651275e-02 1.2707659043e-02 5.3751734319e-01 4.6248235152e-01 1.0000000000e-03
6.2000000000e+01 1.4008248225e-02 1.5539553016e-02 1.2212371454e-02 5.3976009471e-01 4.6023959449e-01 1.0000000000e-03
6.3000000000e+01 1.4043077826e-02 1.5838790685e-02 1.1910636909e-02 5.4286196522e-01 4.5713771903e-01 1.0000000000e-03
6.4000000000e+01 1.3963703997e-02 1.5750410035e-02 1.1817464605e-02 5.4570895190e-01 4.5429072765e-01 1.0000000000e-03
6.5000000000e+01 1.3729222119e-02 1.5230868012e-02 1.1914175935e-02 5.4724723977e-01 4.5275243498e-01 1.0000000000e-03
6.6000000000e+01 1.3431780040e-02 1.4491371810e-02 1.2152783573e-02 5.4691105303e-01 4.5308861672e-01 1.0000000000e-03
6.7000000000e+01 1.3162152842e-02 1.3804065995e-02 1.2393551879e-02 5.4491199321e-01 4.5508767139e-01 1.0000000000e-03
6.8000000000e+01 1.2936046347e-02 1.3325167820e-02 1.2475441210e-02 5.4206749199e-01 4.5793216739e-01 1.0000000000e-03
6.9000000000e+01 1.2733863667e-02 1.3081755489e-02 1.2326548807e-02 5.3934686398e-01 4.6065279011e-01 1.0000000000e-03
7.0000000000e+01 1.2543969788e-02 1.3051271439e-02 1.1954160407e-02 5.3760590213e-01 4.6239374656e-01 1.0000000000e-03
7.1000000000e+01 1.2388169765e-02 1.3195696287e-02 1.1450129561e-02 5.3738659316e-01 4.6261305008e-01 1.0000000000e-03
7.2000000000e+01 1.2296222150e-02 1.3432386331e-02 1.0969463736e-02 5.3869450117e-01 4.6130513677e-01 1.0000000000e-03
7.3000000000e+01 1.2235008180e-02 1.3624896295e-02 1.0596317239e-02 5.4107694220e-01 4.5892269066e-01 1.0000000000e-03
7.4000000000e+01 1.2132308446e-02 1.3641567901e-02 1.0332738981e-02 5.4387000543e-01 4.5612962243e-01 1.0000000000e-03
7.5000000000e+01 1.1961080134e-02 1.3436545618e-02 1.0183993727e-02 5.4636798848e-01 4.5363163426e-01 1.0000000000e-03
7.6000000000e+01 1.1754043400e-02 1.3077085838e-02 1.0149796493e-02 5.4803267694e-01 4.5196694048e-01 1.0000000000e-03
7.7000000000e+01 1.1569647118e-02 1.2691800483e-02 1.0205544531e-02 5.4865852092e-01 4.5134109107e-01 1.0000000000e-03
7.8000000000e+01 1.1439964175e-02 1.2387816794e-02 1.0288852267e-02 5.4842067129e-01 4.5157893541e-01 1.0000000000e-03
7.9000000000e+01 1.1340280063e-02 1.2209888548e-02 1.0286609642e-02 5.4785319844e-01 4.5214640314e-01 1.0000000000e-03
8.0000000000e+01 1.1235532351e-02 1.2155559845e-02 1.0121763684e-02 5.4763257697e-01 4.5236701957e-01 1.0000000000e-03
8.1000000000e+01 1.1125851423e-02 1.2194511481e-02 9.8289744928e-03 5.4823978132e-01 4.5175981015e-01 1.0000000000e-03
8.2000000000e+01 1.1024141684e-02 1.2267712504e-02 9.5057133585e-03 5.4975836934e-01 4.5024121706e-01 1.0000000000e-03
8.3000000000e+01 1.0927658528e-02 1.2299121358e-02 9.2385960743e-03 5.5188754219e-01 4.4811203914e-01 1.0000000000e-03
8.4000000000e+01 1.0819390416e-02 1.2233510613e-02 9.0618096292e-03 5.5414570462e-01 4.4585387162e-01 1.0000000000e-03
8.5000000000e+01 1.0689473711e-02 1.2067497708e-02 8.9630661532e-03 5.5611186845e-01 4.4388770261e-01 1.0000000000e-03
8.6000000000e+01 1.0556702502e-02 1.1846276000e-02 8.9319040999e-03 5.5751371278e-01 4.4248585305e-01 1.0000000000e-03
8.7000000000e+01 1.0449122638e-02 1.1631306261e-02 8.9551033452e-03 5.5826224039e-01 4.4173732028e-01 1.0000000000e-03
8.8000000000e+01 1.0367622599e-02 1.1463065632e-02 8.9818658307e-03 5.5850399606e-01 4.4149555963e-01 1.0000000000e-03
8.9000000000e+01 1.0290505365e-02 1.1344784871e-02 8.9566558599e-03 5.5853524266e-01 4.4146430821e-01 1.0000000000e-03
9.0000000000e+01 1.0201092809e-02 1.1257060803e-02 8.8646104559e-03 5.5862664992e-01 4.4137289616e-01 1.0000000000e-03
9.1000000000e+01 1.0102018714e-02 1.1182236485e-02 8.7332595140e-03 5.5891237747e-01 4.4108716379e-01 1.0000000000e-03
9.2000000000e+01 1.0007464327e-02 1.1107805185e-02 8.6107123643e-03 5.5935295840e-01 4.4064657802e-01 1.0000000000e-03
9.3000000000e+01 9.9215311930e-03 1.1015423574e-02 8.5305897519e-03 5.5977400365e-01 4.4022552797e-01 1.0000000000e-03
9.4000000000e+01 9.8374644294e-03 1.0888064280e-02 8.5005993024e-03 5.5995343234e-01 4.4004609454e-01 1.0000000000e-03
9.5000000000e+01 9.7548216581e-03 1.0731578805e-02 8.5130892694e-03 5.5972196711e-01 4.4027755512e-01 1.0000000000e-03
9.6000000000e+01 9.6790539101e-03 1.0575423948e-02 8.5425414145e-03 5.5906642265e-01 4.4093309505e-01 1.0000000000e-03
9.7000000000e+01 9.6103111282e-03 1.0448642075e-02 8.5513191298e-03 5.5815271676e-01 4.4184679654e-01 1.0000000000e-03
9.8000000000e+01 9.5411958173e-03 1.0362339206e-02 8.5076978430e-03 5.5725166537e-01 4.4274784360e-01 1.0000000000e-03
9.9000000000e+01 9.4651160762e-03 1.0314322077e-02 8.3989268169e-03 5.5664422117e-01 4.4335528347e-01 1.0000000000e-03
1.0000000000e+02 9.3866568059e-03 1.0299112648e-02 8.2415947691e-03 5.5652841897e-01 4.4347108127e-01 1.0000000000e-03
1.0100000000e+02 9.3157496303e-03 1.0306325741e-02 8.0704782158e-03 5.5695888817e-01 4.4304060763e-01 1.0000000000e-03
1.0200000000e+02 9.2542180791e-03 1.0315329768e-02 7.9154763371e-03 5.5784483150e-01 4.4215465986e-01 1.0000000000e-03
1.0300000000e+02 9.1968216002e-03 1.0302620940e-02 7.7952193096e-03 5.5898766733e-01 4.4101181964e-01 1.0000000000e-03
1.0400000000e+02 9.1394009069e-03 1.0257864371e-02 7.7149677090e-03 5.6016314809e-01 4.3983633454e-01 1.0000000000e-03
1.0500000000e+02 9.0826358646e-03 1.0188679211e-02 7.6680518687e-03 5.6120472064e-01 4.3879475773e-01 1.0000000000e-03
1.0600000000e+02 9.0279430151e-03 1.0109378956e-02 7.6401308179e-03 5.6204003716e-01 4.3795943704e-01 1.0000000000e-03
1.0700000000e+02 8.9730722830e-03 1.0030278936e-02 7.6127815992e-03 5.6268712926e-01 4.3731234083e-01 1.0000000000e-03
1.0800000000e+02 8.9169852436e-03 9.9572436884e-03 7.5756548904e-03 5.6321015539e-01 4.3678931066e-01 1.0000000000e-03
1.0900000000e+02 8.8630765676e-03 9.8920753226e-03 7.5338599272e-03 5.6365550277e-01 4.3634395929e-01 1.0000000000e-03
1.1000000000e+02 8.8140089065e-03 9.8294923082e-03 7.5003602542e-03 5.6400991939e-01 4.3598953876e-01 1.0000000000e-03
1.1100000000e+02 8.7677836418e-03 9.7593450919e-03 7.4840527959e-03 5.6420646986e-01 4.3579298449e-01 1.0000000000e-03
1.1200000000e+02 8.7201613933e-03 9.6756387502e-03 7.4833096005e-03 5.6417408696e-01 4.3582536367e-01 1.0000000000e-03
1.1300000000e+02 8.6702499539e-03 9.5826871693e-03 7.4905087240e-03 5.6388373038e-01 4.3611571661e-01 1.0000000000e-03
1.1400000000e+02 8.6210314184e-03 9.4925304875e-03 7.4965744279e-03 5.6336954817e-01 4.3662989527e-01 1.0000000000e-03
1.1500000000e+02 8.5742454976e-03 9.4172963873e-03 7.4892980047e-03 5.6273447274e-01 4.3726496720e-01 1.0000000000e-03
1.1600000000e+02 8.5293063894e-03 9.3630654737e-03 7.4589918368e-03 5.6212044771e-01 4.3787898880e-01 1.0000000000e-03
1.1700000000e+02 8.4857232869e-03 9.3284035102e-03 7.4060126208e-03 5.6165219383e-01 4.3834723926e-01 1.0000000000e-03
1.1800000000e+02 8.4439590573e-03 9.3062566593e-03 7.3402784765e-03 5.6139200810e-01 4.3860742162e-01 1.0000000000e-03
1.1900000000e+02 8.4039866924e-03 9.2868590727e-03 7.2742602788e-03 5.6132904989e-01 4.3867037647e-01 1.0000000000e-03
1.2000000000e+02 8.3644324914e-03 9.2619545758e-03 7.2156037204e-03 5.6140561956e-01 4.3859380348e-01 1.0000000000e-03
1.2100000000e+02 8.3249825984e-03 9.2293359339e-03 7.1667088196e-03 5.6155503756e-01 4.3844438219e-01 1.0000000000e-03
1.2200000000e+02 8.2869874313e-03 9.1932089999e-03 7.1254712529e-03 5.6173499245e-01 4.3826442404e-01 1.0000000000e-03
1.2300000000e+02 8.2511380315e-03 9.1593014076e-03 7.0861536078e-03 5.6194215944e-01 4.3805725385e-01 1.0000000000e-03
1.2400000000e+02 8.2166464999e-03 9.1300932691e-03 7.0436634123e-03 5.6219795572e-01 4.3780145441e-01 1.0000000000e-03
1.2500000000e+02 8.1825032830e-03 9.1040646657e-03 6.9975550286e-03 5.6251942236e-01 4.3747998465e-01 1.0000000000e-03
1.2600000000e+02 8.1487521529e-03 9.0773701668e-03 6.9529102184e-03 5.6289384152e-01 4.3710556241e-01 1.0000000000e-03
1.2700000000e+02 8.1156119704e-03 9.0452348813e-03 6.9166347384e-03 5.6327218759e-01 4.3672721329e-01 1.0000000000e-03
1.2800000000e+02 8.0826729536e-03 9.0035069734e-03 6.8935388699e-03 5.6358128603e-01 4.3641811186e-01 1.0000000000e-03
1.2900000000e+02 8.0498233438e-03 8.9511675760e-03 6.8850750104e-03 5.6374642597e-01 4.3625296898e-01 1.0000000000e-03
1.3000000000e+02 8.0175027251e-03 8.8912509382e-03 6.8885474466e-03 5.6371753056e-01 4.3628186153e-01 1.0000000000e-03
1.3100000000e+02 7.9858917743e-03 8.8286409155e-03 6.8980245851e-03 5.6348377637e-01 4.3651561292e-01 1.0000000000e-03
1.3200000000e+02 7.9545546323e-03 8.7673701346e-03 6.9070947357e-03 5.6306945846e-01 4.3692992811e-01 1.0000000000e-03
1.3300000000e+02 7.9232733697e-03 8.7101040408e-03 6.9115646183e-03 5.6251903040e-01 4.3748035349e-01 1.0000000000e-03
1.3400000000e+02 7.8925061971e-03 8.6584025994e-03 6.9102640264e-03 5.6188137646e-01 4.3811800482e-01 1.0000000000e-03
1.3500000000e+02 7.8626107424e-03 8.6124781519e-03 6.9035827182e-03 5.6120006282e-01 4.3879931587e-01 1.0000000000e-03
1.3600000000e+02 7.8333113343e-03 8.5719441995e-03 6.8912790157e-03 5.6051441545e-01 4.3948496071e-01 1.0000000000e-03
1.3700000000e+02 7.8042736277e-03 8.5372235626e-03 6.8719428964e-03 5.5986647704e-01 4.4013289660e-01 1.0000000000e-03
1.3800000000e+02 7.7756335959e-03 8.5096694529e-03 6.8440511823e-03 5.5930394518e-01 4.4069542597e-01 1.0000000000e-03
1.3900000000e+02 7.7476361766e-03 8.4901340306e-03 6.8069514818e-03 5.5887515895e-01 4.4112420972e-01 1.0000000000e-03
1.4000000000e+02 7.7203502879e-03 8.4777073935e-03 6.7618442699e-03 5.5861724435e-01 4.4138212183e-01 1.0000000000e-03
1.4100000000e+02 7.6938779093e-03 8.4694577381e-03 6.7126094364e-03 5.5854141562e-01 4.4145794807e-01 1.0000000000e-03
1.4200000000e+02 7.6683512889e-03 8.4609277546e-03 6.6652474925e-03 5.5862290896e-01 4.4137645225e-01 1.0000000000e-03
1.4300000000e+02 7.6436297968e-03 8.4473183379e-03 6.6257189028e-03 5.5880315680e-01 4.4119620195e-01 1.0000000000e-03
1.4400000000e+02 7.6192799024e-03 8.4251463413e-03 6.5977755003e-03 5.5900474597e-01 4.4099461034e-01 1.0000000000e-03
1.4500000000e+02 7.5950752944e-03 8.3934394643e-03 6.5824808553e-03 5.5915046874e-01 4.4084888517e-01 1.0000000000e-03
1.4600000000e+02 7.5710359961e-03 8.3535900339e-03 6.5783769824e-03 5.5917972197e-01 4.4081962957e-01 1.0000000000e-03
1.4700000000e+02 7.5471121818e-03 8.3082439378e-03 6.5821050666e-03 5.5905787890e-01 4.4094147033e-01 1.0000000000e-03
1.4800000000e+02 7.5233015232e-03 8.2602081820e-03 6.5900795162e-03 5.5877527346e-01 4.4122407351e-01 1.0000000000e-03
1.4900000000e+02 7.4996757321e-03 8.2118846476e-03 6.5993163735e-03 5.5834145450e-01 4.4165789026e-01 1.0000000000e-03
1.5000000000e+02 7.4763074517e-03 8.1651378423e-03 6.6074864008e-03 5.5777935944e-01 4.4221998315e-01 1.0000000000e-03
1.5100000000e+02 7.4531650171e-03 8.1215137616e-03 6.6124177538e-03 5.5712254470e-01 4.4287679576e-01 1.0000000000e-03
1.5200000000e+02 7.4302423745e-03 8.0826068297e-03 6.6119562835e-03 5.5641431633e-01 4.4358502203e-01 1.0000000000e-03
1.5300000000e+02 7.4076894671e-03 8.0500254408e-03 6.6042914987e-03 5.5570563919e-01 4.4429369709e-01 1.0000000000e-03
1.5400000000e+02 7.3856208473e-03 8.0247800797e-03 6.5883151256e-03 5.5505002981e-01 4.4494930442e-01 1.0000000000e-03
1.5500000000e+02 7.3640067130e-03 8.0066611990e-03 6.5641398542e-03 5.5449503043e-01 4.4550430174e-01 1.0000000000e-03
1.5600000000e+02 7.3428945616e-03 7.9941870645e-03 6.5336632542e-03 5.5407212380e-01 4.4592720632e-01 1.0000000000e-03
1.5700000000e+02 7.3223644868e-03 7.9850396141e-03 6.4999251626e-03 5.5379127330e-01 4.4620805477e-01 1.0000000000e-03
1.5800000000e+02 7.3024574667e-03 7.9765263945e-03 6.4663900994e-03 5.5364005562e-01 4.4635927041e-01 1.0000000000e-03
1.5900000000e+02 7.2831008583e-03 7.9661915079e-03 6.4360196702e-03 5.5358829259e-01 4.4641103140e-01 1.0000000000e-03
1.6000000000e+02 7.2641894221e-03 7.9522877932e-03 6.4108739607e-03 5.5359528315e-01 4.4640403882e-01 1.0000000000e-03
1.6100000000e+02 7.2456086054e-03 7.9338587821e-03 6.3920314424e-03 5.5361697805e-01 4.4638234191e-01 1.0000000000e-03
1.6200000000e+02 7.2272308171e-03 7.9105105251e-03 6.3798376359e-03 5.5361085942e-01 4.4638845858e-01 1.0000000000e-03
1.6300000000e+02 7.2089610621e-03 7.8822402284e-03 6.3742166385e-03 5.5353864906e-01 4.4646066700e-01 1.0000000000e-03
1.6400000000e+02 7.1907993406e-03 7.8494511545e-03 6.3747507520e-03 5.5336851739e-01 4.4663079675e-01 1.0000000000e-03
1.6500000000e+02 7.1727558970e-03 7.8130913898e-03 6.3803312369e-03 5.5307889486e-01 4.4692041742e-01 1.0000000000e-03
1.6600000000e+02 7.1548763663e-03 7.7747642063e-03 6.3890451565e-03 5.5266272636e-01 4.4733658408e-01 1.0000000000e-03
1.6700000000e+02 7.1372012608e-03 7.7366991900e-03 6.3981511630e-03 5.5213133612e-01 4.4786797254e-01 1.0000000000e-03
1.6800000000e+02 7.1197813377e-03 7.7013564296e-03 6.4046122134e-03 5.5151460184e-01 4.4848470506e-01 1.0000000000e-03
1.6900000000e+02 7.1026165970e-03 7.6708910055e-03 6.4056576230e-03 5.5085722084e-01 4.4914208433e-01 1.0000000000e-03
1.7000000000e+02 7.0857396349e-03 7.6467161998e-03 6.3995262608e-03 5.5021104568e-01 4.4978825778e-01 1.0000000000e-03
1.7100000000e+02 7.0691825822e-03 7.6291933656e-03 6.3857682981e-03 5.4962596531e-01 4.5037333645e-01 1.0000000000e-03
1.7200000000e+02 7.0529920049e-03 7.6176263392e-03 6.3652824610e-03 5.4914145342e-01 4.5085784665e-01 1.0000000000e-03
1.7300000000e+02 7.0371879265e-03 7.6104602776e-03 6.3399723731e-03 5.4878084783e-01 4.5121845055e-01 1.0000000000e-03
1.7400000000e+02 7.0218336768e-03 7.6056737453e-03 6.3124317676e-03 5.4854862181e-01 4.5145067488e-01 1.0000000000e-03
1.7500000000e+02 7.0069367066e-03 7.6010017656e-03 6.2854560092e-03 5.4843051406e-01 4.5156878095e-01 1.0000000000e-03
1.7600000000e+02 6.9924392737e-03 7.5941504911e-03 6.2617752701e-03 5.4839538485e-01 4.5160390849e-01 1.0000000000e-03
1.7700000000e+02 6.9782524370e-03 7.5830854475e-03 6.2437867746e-03 5.4839890734e-01 4.5160038434e-01 1.0000000000e-03
1.7800000000e+02 6.9642723538e-03 7.5663998723e-03 6.2331194058e-03 5.4838987148e-01 4.5160941857e-01 1.0000000000e-03
1.7900000000e+02 6.9503942505e-03 7.5436504558e-03 6.2302206643e-03 5.4831867556e-01 4.5168061288e-01 1.0000000000e-03
1.8000000000e+02 6.9365957752e-03 7.5155082159e-03 6.2343254685e-03 5.4814567096e-01 4.5185361591e-01 1.0000000000e-03
1.8100000000e+02 6.9228615612e-03 7.4836984277e-03 6.2433322892e-03 5.4784903371e-01 4.5215025163e-01 1.0000000000e-03
1.8200000000e+02 6.9092325866e-03 7.4506355450e-03 6.2543656677e-03 5.4742844591e-01 4.5257083792e-01 1.0000000000e-03
1.8300000000e+02 6.8957614712e-03 7.4189421721e-03 6.2642707489e-03 5.4690486103e-01 4.5309442134e-01 1.0000000000e-03
1.8400000000e+02 6.8824822083e-03 7.3909391649e-03 6.2702191062e-03 5.4631618392e-01 4.5368309701e-01 1.0000000000e-03
1.8500000000e+02 6.8694069050e-03 7.3682237417e-03 6.2702205032e-03 5.4570992360e-01 4.5428935591e-01 1.0000000000e-03
1.8600000000e+02 6.8565551192e-03 7.3515297845e-03 6.2633589841e-03 5.4513514458e-01 4.5486413354e-01 1.0000000000e-03
1.8700000000e+02 6.8439748138e-03 7.3406849988e-03 6.2498999760e-03 5.4463460757e-01 4.5536466915e-01 1.0000000000e-03
1.8800000000e+02 6.8316953257e-03 7.3346747085e-03 6.2310816720e-03 5.4423867608e-01 4.5576059925e-01 1.0000000000e-03
1.8900000000e+02 6.8197753280e-03 7.3317992501e-03 6.2090461142e-03 5.4396056997e-01 4.5603870398e-01 1.0000000000e-03
1.9000000000e+02 6.8082315847e-03 7.3298909701e-03 6.1864275485e-03 5.4379440950e-01 4.5620486307e-01 1.0000000000e-03
1.9100000000e+02 6.7970282398e-03 7.3266611435e-03 6.1659170315e-03 5.4371634534e-01 4.5628292586e-01 1.0000000000e-03
1.9200000000e+02 6.7861117423e-03 7.3200669140e-03 6.1499229632e-03 5.4368819247e-01 4.5631107737e-01 1.0000000000e-03
1.9300000000e+02 6.7753735930e-03 7.3086759076e-03 6.1400248669e-03 5.4366418018e-01 4.5633508832e-01 1.0000000000e-03
1.9400000000e+02 6.7647378892e-03 7.2919642553e-03 6.1367927119e-03 5.4359883294e-01 4.5640043425e-01 1.0000000000e-03
1.9500000000e+02 6.7541580647e-03 7.2703841142e-03 6.1396709643e-03 5.4345482460e-01 4.5654444130e-01 1.0000000000e-03
1.9600000000e+02 6.7436359823e-03 7.2452542372e-03 6.1471285298e-03 5.4320911626e-01 4.5679014837e-01 1.0000000000e-03
1.9700000000e+02 6.7331972532e-03 7.2184819728e-03 6.1569334939e-03 5.4285644655e-01 4.5714281686e-01 1.0000000000e-03
1.9800000000e+02 6.7228851840e-03 7.1922568604e-03 6.1665191315e-03 5.4240995214e-01 4.5758931007e-01 1.0000000000e-03
1.9900000000e+02 6.7127305083e-03 7.1686743759e-03 6.1733932234e-03 5.4189877765e-01 4.5810048339e-01 1.0000000000e-03
2.0000000000e+02 6.7027350888e-03 7.1494034491e-03 6.1755082570e-03 5.4136327480e-01 4.5863598509e-01 1.0000000000e-03
2.0100000000e+02 6.6929254681e-03 7.1354326792e-03 6.1716926284e-03 5.4084804994e-01 4.5915120881e-01 1.0000000000e-03
2.0200000000e+02 6.6833281890e-03 7.1268905886e-03 6.1618071049e-03 5.4039442379e-01 4.5960483384e-01 1.0000000000e-03
2.0300000000e+02 6.6739814356e-03 7.1230027825e-03 6.1468090862e-03 5.4003319090e-01 4.5996606560e-01 1.0000000000e-03
2.0400000000e+02 6.6649150103e-03 7.1221864782e-03 6.1286054552e-03 5.3977896952e-01 4.6022028586e-01 1.0000000000e-03
2.0500000000e+02 6.6561419517e-03 7.1223094128e-03 6.1097322032e-03 5.3962726385e-01 4.6037199042e-01 1.0000000000e-03
2.0600000000e+02 6.6476482898e-03 7.1210889146e-03 6.0928743333e-03 5.3955513328e-01 4.6044411989e-01 1.0000000000e-03
2.0700000000e+02 6.6393548623e-03 7.1165077388e-03 6.0802972876e-03 5.3952556894e-01 4.6047368314e-01 1.0000000000e-03
2.0800000000e+02 6.6312067211e-03 7.1072243154e-03 6.0735507868e-03 5.3949411204e-01 4.6050513896e-01 1.0000000000e-03
2.0900000000e+02 6.6231386736e-03 7.0928260684e-03 6.0730674304e-03 5.3941738849e-01 4.6058186146e-01 1.0000000000e-03
2.1000000000e+02 6.6151046194e-03 7.0738722570e-03 6.0781612992e-03 5.3926099658e-01 4.6073825233e-01 1.0000000000e-03
2.1100000000e+02 6.6071320325e-03 7.0518241264e-03 6.0871969908e-03 5.3900570464e-01 4.6099354328e-01 1.0000000000e-03
2.1200000000e+02 6.5992316231e-03 7.0287701674e-03 6.0977302492e-03 5.3865150670e-01 4.6134774024e-01 1.0000000000e-03
2.1300000000e+02 6.5914383158e-03 7.0070056245e-03 6.1070956290e-03 5.3821739294e-01 4.6178185305e-01 1.0000000000e-03
2.1400000000e+02 6.5837670118e-03 6.9885728881e-03 6.1128777452e-03 5.3773759073e-01 4.6226165433e-01 1.0000000000e-03
2.1500000000e+02 6.5762358718e-03 6.9749224931e-03 6.1133634299e-03 5.3725512744e-01 4.6274411672e-01 1.0000000000e-03
2.1600000000e+02 6.5688565373e-03 6.9666146301e-03 6.1078811996e-03 5.3681357603e-01 4.6318566723e-01 1.0000000000e-03
2.1700000000e+02 6.5616630018e-03 6.9632162340e-03 6.0969726183e-03 5.3644852940e-01 4.6355071296e-01 1.0000000000e-03
2.1800000000e+02 6.5546925180e-03 6.9633652456e-03 6.0822716914e-03 5.3618060195e-01 4.6381863952e-01 1.0000000000e-03
2.1900000000e+02 6.5479674377e-03 6.9650751539e-03 6.0661234893e-03 5.3601172935e-01 4.6398751123e-01 1.0000000000e-03
2.2000000000e+02 6.5414672717e-03 6.9661079906e-03 6.0510914773e-03 5.3592515959e-01 4.6407408012e-01 1.0000000000e-03
2.2100000000e+02 6.5351584926e-03 6.9643929601e-03 6.0395509936e-03 5.3588860811e-01 4.6411063073e-01 1.0000000000e-03
2.2200000000e+02 6.5289763734e-03 6.9584222510e-03 6.0331793502e-03 5.3586063308e-01 4.6413860490e-01 1.0000000000e-03
2.2300000000e+02 6.5228613093e-03 6.9475946948e-03 6.0326275416e-03 5.3579899498e-01 4.6420024217e-01 1.0000000000e-03
2.2400000000e+02 6.5167779103e-03 6.9323205389e-03 6.0374019668e-03 5.3566908403e-01 4.6433015230e-01 1.0000000000e-03
2.2500000000e+02 6.5107275732e-03 6.9139050320e-03 6.0460255481e-03 5.3545045287e-01 4.6454878266e-01 1.0000000000e-03
2.2600000000e+02 6.5047359094e-03 6.8942820653e-03 6.0563059524e-03 5.3514064858e-01 4.6485858618e-01 1.0000000000e-03
2.2700000000e+02 6.4988182858e-03 6.8756486289e-03 6.0656964779e-03 5.3475586248e-01 4.6524337154e-01 1.0000000000e-03
2.2800000000e+02 6.4929975197e-03 6.8600140512e-03 6.0718809254e-03 5.3432748052e-01 4.6567175277e-01 1.0000000000e-03
2.2900000000e+02 6.4872917719e-03 6.8487632088e-03 6.0732574202e-03 5.3389540554e-01 4.6610382703e-01 1.0000000000e-03
2.3000000000e+02 6.4817094244e-03 6.8424358033e-03 6.0691847466e-03 5.3350022365e-01 4.6649900821e-01 1.0000000000e-03
2.3100000000e+02 6.4762737602e-03 6.8406309001e-03 6.0601392761e-03 5.3317514092e-01 4.6682409024e-01 1.0000000000e-03
2.3200000000e+02 6.4710155129e-03 6.8420660682e-03 6.0476385988e-03 5.3293922130e-01 4.6706000917e-01 1.0000000000e-03
2.3300000000e+02 6.4659505151e-03 6.8448050879e-03 6.0339225456e-03 5.3279340485e-01 4.6720582492e-01 1.0000000000e-03
2.3400000000e+02 6.4610783011e-03 6.8466966040e-03 6.0214651749e-03 5.3272050831e-01 4.6727872077e-01 1.0000000000e-03
2.3500000000e+02 6.4563429914e-03 6.8457890302e-03 6.0124220327e-03 5.3268901849e-01 4.6731020991e-01 1.0000000000e-03
2.3600000000e+02 6.4516961575e-03 6.8407398649e-03 6.0082874261e-03 5.3265943497e-01 4.6733979277e-01 1.0000000000e-03
2.3700000000e+02 6.4470879734e-03 6.8311006762e-03 6.0095307417e-03 5.3259255259e-01 4.6740667449e-01 1.0000000000e-03
2.3800000000e+02 6.4425007440e-03 6.8174204789e-03 6.0155354440e-03 5.3245757522e-01 4.6754165123e-01 1.0000000000e-03
2.3900000000e+02 6.4379358664e-03 6.8011377007e-03 6.0246796347e-03 5.3223871041e-01 4.6776051542e-01 1.0000000000e-03
2.4000000000e+02 6.4334264025e-03 6.7842532881e-03 6.0347318649e-03 5.3193827999e-01 4.6806094525e-01 1.0000000000e-03
2.4100000000e+02 6.4289784059e-03 6.7688841373e-03 6.0432571918e-03 5.3157620494e-01 4.6842301973e-01 1.0000000000e-03
2.4200000000e+02 6.4245993271e-03 6.7568519153e-03 6.0481536202e-03 5.3118581379e-01 4.6881341032e-01 1.0000000000e-03
2.4300000000e+02 6.4203124493e-03 6.7493026145e-03 6.0481294058e-03 5.3080669866e-01 4.6919252490e-01 1.0000000000e-03
2.4400000000e+02 6.4161336049e-03 6.7463973537e-03 6.0430062003e-03 5.3047588574e-01 4.6952333728e-01 1.0000000000e-03
2.4500000000e+02 6.4120804891e-03 6.7473403178e-03 6.0336980969e-03 5.3022005648e-01 4.6977916599e-01 1.0000000000e-03
2.4600000000e+02 6.4081819728e-03 6.7505678162e-03 6.0220202431e-03 5.3005000613e-01 4.6994921580e-01 1.0000000000e-03
2.4700000000e+02 6.4044389874e-03 6.7540071905e-03 6.0103209689e-03 5.2995810689e-01 4.7004111450e-01 1.0000000000e-03
2.4800000000e+02 6.4008249901e-03 6.7555611022e-03 6.0009420849e-03 5.2992003633e-01 4.7007918454e-01 1.0000000000e-03
2.4900000000e+02 6.3972957432e-03 6.7536272109e-03 5.9956447221e-03 5.2990064124e-01 4.7009857910e-01 1.0000000000e-03
2.5000000000e+02 6.3938139938e-03 6.7473724484e-03 5.9953522868e-03 5.2986131798e-01 4.7013790185e-01 1.0000000000e-03
2.5100000000e+02 6.3903406262e-03 6.7369337194e-03 5.9998738579e-03 5.2976856931e-01 4.7023065003e-01 1.0000000000e-03
2.5200000000e+02 6.3868779689e-03 6.7234360613e-03 6.0079721734e-03 5.2960150888e-01 4.7039770998e-01 1.0000000000e-03
2.5300000000e+02 6.3834413886e-03 6.7086908966e-03 6.0176271945e-03 5.2935641333e-01 4.7064280506e-01 1.0000000000e-03
2.5400000000e+02 6.3800476491e-03 6.6947932355e-03 6.0264859349e-03 5.2904746058e-01 4.7095175736e-01 1.0000000000e-03
2.5500000000e+02 6.3767079264e-03 6.6836238839e-03 6.0324189253e-03 5.2870323770e-01 4.7129597981e-01 1.0000000000e-03
2.5600000000e+02 6.3734268770e-03 6.6764666699e-03 6.0339528136e-03 5.2836038107e-01 4.7163883601e-01 1.0000000000e-03
2.5700000000e+02 6.3702333719e-03 6.6737560555e-03 6.0306335799e-03 5.2805540501e-01 4.7194381165e-01 1.0000000000e-03
2.5800000000e+02 6.3671311364e-03 6.6748834215e-03 6.0231303796e-03 5.2781618133e-01 4.7218303491e-01 1.0000000000e-03
2.5900000000e+02 6.3641471788e-03 6.6784145311e-03 6.0130893253e-03 5.2765566582e-01 4.7234355000e-01 1.0000000000e-03
2.6000000000e+02 6.3612936065e-03 6.6824569367e-03 6.0026557185e-03 5.2756958149e-01 4.7242963393e-01 1.0000000000e-03
2.6100000000e+02 6.3585378230e-03 6.6849817522e-03 5.9940512292e-03 5.2753727899e-01 4.7246193601e-01 1.0000000000e-03
2.6200000000e+02 6.3558565453e-03 6.6843060777e-03 5.9891459532e-03 5.2752609343e-01 4.7247312116e-01 1.0000000000e-03
2.6300000000e+02 6.3532097265e-03 6.6795665771e-03 5.9888754040e-03 5.2749947292e-01 4.7249974127e-01 1.0000000000e-03
2.6400000000e+02 6.3505619764e-03 6.6708675586e-03 5.9930896387e-03 5.2742549561e-01 4.7257371821e-01 1.0000000000e-03
2.6500000000e+02 6.3479160890e-03 6.6591999494e-03 6.0007087886e-03 5.2728359924e-01 4.7271561421e-01 1.0000000000e-03
2.6600000000e+02 6.3452878967e-03 6.6462885588e-03 6.0098394752e-03 5.2706958880e-01 4.7292962429e-01 1.0000000000e-03
2.6700000000e+02 6.3426843844e-03 6.6341892816e-03 6.0181738809e-03 5.2679697719e-01 4.7320223555e-01 1.0000000000e-03
2.6800000000e+02 6.3401209190e-03 6.6247074865e-03 6.0236984864e-03 5.2649306708e-01 4.7350614532e-01 1.0000000000e-03
2.6900000000e+02 6.3376063481e-03 6.6190375946e-03 6.0250698589e-03 5.2619251163e-01 4.7380670044e-01 1.0000000000e-03
2.7000000000e+02 6.3351551071e-03 6.6175051033e-03 6.0219299048e-03 5.2592923891e-01 4.7406997284e-01 1.0000000000e-03
2.7100000000e+02 6.3327755779e-03 6.6195270047e-03 6.0149221681e-03 5.2572895735e-01 4.7427025408e-01 1.0000000000e-03
2.7200000000e+02 6.3304943033e-03 6.6236332059e-03 6.0057248920e-03 5.2560233727e-01 4.7439687384e-01 1.0000000000e-03
2.7300000000e+02 6.3283126801e-03 6.6278898157e-03 5.9964889660e-03 5.2554278243e-01 4.7445642836e-01 1.0000000000e-03
2.7400000000e+02 6.3262144104e-03 6.6304076463e-03 5.9892968275e-03 5.2552858075e-01 4.7447062972e-01 1.0000000000e-03
2.7500000000e+02 6.3241580501e-03 6.6296937875e-03 5.9857554734e-03 5.2552786247e-01 4.7447134768e-01 1.0000000000e-03
2.7600000000e+02 6.3221119344e-03 6.6250409000e-03 5.9866262600e-03 5.2550608234e-01 4.7449312750e-01 1.0000000000e-03
2.7700000000e+02 6.3200648874e-03 6.6167535260e-03 5.9915832244e-03 5.2543462666e-01 4.7456458288e-01 1.0000000000e-03
2.7800000000e+02 6.3180178404e-03 6.6060447134e-03 5.9993020259e-03 5.2529781023e-01 4.7470139903e-01 1.0000000000e-03
2.7900000000e+02 6.3159684651e-03 6.5946760587e-03 6.0078138486e-03 5.2509634587e-01 4.7490286311e-01 1.0000000000e-03
2.8000000000e+02 6.3139507547e-03 6.5845898353e-03 6.0150166973e-03 5.2484695126e-01 4.7515225746e-01 1.0000000000e-03
2.8100000000e+02 6.3119609840e-03 6.5774112009e-03 6.0190740041e-03 5.2457845670e-01 4.7542075176e-01 1.0000000000e-03
2.8200000000e+02 6.3100140542e-03 6.5740463324e-03 6.0189873911e-03 5.2432440287e-01 4.7567480533e-01 1.0000000000e-03
2.8300000000e+02 6.3081011176e-03 6.5744956955e-03 6.0147182085e-03 5.2411516352e-01 4.7588404443e-01 1.0000000000e-03
2.8400000000e+02 6.3062710688e-03 6.5778447315e-03 6.0073570348e-03 5.2397010763e-01 4.7602910007e-01 1.0000000000e-03
2.8500000000e+02 6.3045145944e-03 6.5824347548e-03 5.9987101704e-03 5.2389289416e-01 4.7610631328e-01 1.0000000000e-03
2.8600000000e+02 6.3028377481e-03 6.5863621421e-03 5.9908940457e-03 5.2387080477e-01 4.7612840242e-01 1.0000000000e-03
2.8700000000e+02 6.3012074679e-03 6.5879253671e-03 5.9857405722e-03 5.2387830961e-01 4.7612089733e-01 1.0000000000e-03
2.8800000000e+02 6.2996018678e-03 6.5860138275e-03 5.9844651259e-03 5.2388314095e-01 4.7611606574e-01 1.0000000000e-03
2.8900000000e+02 6.2979962677e-03 6.5803984180e-03 5.9873079881e-03 5.2385436622e-01 4.7614484024e-01 1.0000000000e-03
2.9000000000e+02 6.2963645905e-03 6.5718186088e-03 5.9934230521e-03 5.2377045754e-01 4.7622874869e-01 1.0000000000e-03
2.9100000000e+02 6.2947366387e-03 6.5617943183e-03 6.0012014583e-03 5.2362449752e-01 4.7637470848e-01 1.0000000000e-03
2.9200000000e+02 6.2931180000e-03 6.5521323122e-03 6.0086501762e-03 5.2342541500e-01 4.7657379080e-01 1.0000000000e-03
2.9300000000e+02 6.2915133312e-03 6.5445816144e-03 6.0138315894e-03 5.2319595735e-01 4.7680324824e-01 1.0000000000e-03
2.9400000000e+02 6.2899375334e-03 6.5404023044e-03 6.0153650120e-03 5.2296714133e-01 4.7703206405e-01 1.0000000000e-03
2.9500000000e+02 6.2883915380e-03 6.5398993902e-03 6.0128928162e-03 5.2276954645e-01 4.7722965873e-01 1.0000000000e-03
2.9600000000e+02 6.2868976966e-03 6.5425131470e-03 6.0070618056e-03 5.2262589479e-01 4.7737331019e-01 1.0000000000e-03
2.9700000000e+02 6.2854681164e-03 6.5469350666e-03 5.9993173927e-03 5.2254565912e-01 4.7745354565e-01 1.0000000000e-03
2.9800000000e+02 6.2841046602e-03 6.5513490699e-03 5.9916586615e-03 5.2252213689e-01 4.7747706768e-01 1.0000000000e-03
2.9900000000e+02 6.2827840447e-03 6.5540075302e-03 5.9859687462e-03 5.2253479324e-01 4.7746441113e-01 1.0000000000e-03
3.0000000000e+02 6.2814815901e-03 6.5536363982e-03 5.9836232103e-03 5.2255454886e-01 4.7744465531e-01 1.0000000000e-03
3.0100000000e+02 6.2801865861e-03 6.5497295000e-03 5.9851915576e-03 5.2255091307e-01 4.7744829091e-01 1.0000000000e-03
3.0200000000e+02 6.2788613141e-03 6.5427310765e-03 5.9901336208e-03 5.2250037367e-01 4.7749883012e-01 1.0000000000e-03
3.0300000000e+02 6.2775374390e-03 6.5339533612e-03 5.9970873408e-03 5.2239243928e-01 4.7760676433e-01 1.0000000000e-03
3.0400000000e+02 6.2762089074e-03 6.5250871703e-03 6.0041779652e-03 5.2223192377e-01 4.7776727967e-01 1.0000000000e-03
3.0500000000e+02 6.2748929486e-03 6.5178666264e-03 6.0095232911e-03 5.2203761743e-01 4.7796158584e-01 1.0000000000e-03
3.0600000000e+02 6.2735918909e-03 6.5136374906e-03 6.0116308741e-03 5.2183778965e-01 4.7816141345e-01 1.0000000000e-03
3.0700000000e+02 6.2723169103e-03 6.5128840506e-03 6.0099707916e-03 5.2166195083e-01 4.7833725211e-01 1.0000000000e-03
3.0800000000e+02 6.2710745260e-03 6.5152021125e-03 6.0049826279e-03 5.2153330186e-01 4.7846590091e-01 1.0000000000e-03
3.0900000000e+02 6.2698898837e-03 6.5194591880e-03 5.9979436919e-03 5.2146309181e-01 4.7853611079e-01 1.0000000000e-03
3.1000000000e+02 6.2687508762e-03 6.5239411779e-03 5.9906970710e-03 5.2144722248e-01 4.7855197996e-01 1.0000000000e-03
3.1100000000e+02 6.2676509842e-03 6.5269265324e-03 5.9851231053e-03 5.2146758513e-01 4.7853161714e-01 1.0000000000e-03
3.1200000000e+02 6.2665785663e-03 6.5271388739e-03 5.9826159850e-03 5.2149717803e-01 4.7850202408e-01 1.0000000000e-03
3.1300000000e+02 6.2654903159e-03 6.5240189433e-03 5.9837317094e-03 5.2150722827e-01 4.7849197368e-01 1.0000000000e-03
3.1400000000e+02 6.2643969432e-03 6.5179611556e-03 5.9880842455e-03 5.2147494684e-01 4.7852425495e-01 1.0000000000e-03
3.1500000000e+02 6.2632858753e-03 6.5100975335e-03 5.9944232926e-03 5.2138936175e-01 4.7860983989e-01 1.0000000000e-03
3.1600000000e+02 6.2621720135e-03 6.5021049231e-03 6.0009453446e-03 5.2125453324e-01 4.7874466826e-01 1.0000000000e-03
3.1700000000e+02 6.2610586174e-03 6.4956527203e-03 6.0058142990e-03 5.2108816211e-01 4.7891103924e-01 1.0000000000e-03
3.1800000000e+02 6.2599619851e-03 6.4919567667e-03 6.0077202506e-03 5.2091630046e-01 4.7908290075e-01 1.0000000000e-03
3.1900000000e+02 6.2588816509e-03 6.4915274270e-03 6.0060829856e-03 5.2076677790e-01 4.7923242318e-01 1.0000000000e-03
3.2000000000e+02 6.2578325160e-03 6.4939949661e-03 6.0013211332e-03 5.2066149257e-01 4.7933770838e-01 1.0000000000e-03
3.2100000000e+02 6.2568262219e-03 6.4982157201e-03 5.9946896508e-03 5.2061054975e-01 4.7938865106e-01 1.0000000000e-03
3.2200000000e+02 6.2558595091e-03 6.5025258809e-03 5.9879948385e-03 5.2060913921e-01 4.7939006145e-01 1.0000000000e-03
3.2300000000e+02 6.2549295835e-03 6.5053314902e-03 5.9829750098e-03 5.2063956594e-01 4.7935963458e-01 1.0000000000e-03
3.2400000000e+02 6.2540108338e-03 6.5054642037e-03 5.9808739461e-03 5.2067622456e-01 4.7932297582e-01 1.0000000000e-03
3.2500000000e+02 6.2530818395e-03 6.5024169162e-03 5.9822290204e-03 5.2069187095e-01 4.7930732929e-01 1.0000000000e-03
3.2600000000e+02 6.2521370128e-03 6.4966888167e-03 5.9865079820e-03 5.2066611245e-01 4.7933308766e-01 1.0000000000e-03
3.2700000000e+02 6.2511824071e-03 6.4895013347e-03 5.9924018569e-03 5.2059074033e-01 4.7940845965e-01 1.0000000000e-03
3.2800000000e+02 6.2502203509e-03 6.4823650755e-03 5.9982649982e-03 5.2047103028e-01 4.7952816958e-01 1.0000000000e-03
3.2900000000e+02 6.2492536381e-03 6.4769117162e-03 6.0023129918e-03 5.2032544099e-01 4.7967375875e-01 1.0000000000e-03
3.3000000000e+02 6.2483055517e-03 6.4742430113e-03 6.0033737682e-03 5.2017971099e-01 4.7981948863e-01 1.0000000000e-03
3.3100000000e+02 6.2473667786e-03 6.4746020362e-03 6.0011469759e-03 5.2005919984e-01 4.7993999967e-01 1.0000000000e-03
3.3200000000e+02 6.2464643270e-03 6.4775235951e-03 5.9961774386e-03 5.1998268224e-01 4.8001651715e-01 1.0000000000e-03
3.3300000000e+02 6.2455935404e-03 6.4817653038e-03 5.9897946194e-03 5.1995674263e-01 4.8004245664e-01 1.0000000000e-03
3.3400000000e+02 6.2447646633e-03 6.4857103862e-03 5.9837764129e-03 5.1997367554e-01 4.8002552361e-01 1.0000000000e-03
3.3500000000e+02 6.2439455651e-03 6.4879097044e-03 5.9796459973e-03 5.2001461169e-01 4.7998458733e-01 1.0000000000e-03
3.3600000000e+02 6.2431432307e-03 6.4873849042e-03 5.9785000049e-03 5.2005421898e-01 4.7994497992e-01 1.0000000000e-03
3.3700000000e+02 6.2423218042e-03 6.4838915132e-03 5.9805600904e-03 5.2006782301e-01 4.7993137577e-01 1.0000000000e-03
3.3800000000e+02 6.2414845452e-03 6.4781610854e-03 5.9850541875e-03 5.2003924815e-01 4.7995995052e-01 1.0000000000e-03
3.3900000000e+02 6.2406361103e-03 6.4714704640e-03 5.9906113893e-03 5.1996457036e-01 4.8003462819e-01 1.0000000000e-03
3.4000000000e+02 6.2397792935e-03 6.4653386362e-03 5.9955776669e-03 5.1985300919e-01 4.8014618926e-01 1.0000000000e-03
3.4100000000e+02 6.2389299273e-03 6.4612030983e-03 5.9984093532e-03 5.1972484218e-01 4.8027435617e-01 1.0000000000e-03
3.4200000000e+02 6.2380917370e-03 6.4598578028e-03 5.9982347302e-03 5.1960502000e-01 4.8039417825e-01 1.0000000000e-03
3.4300000000e+02 6.2372647226e-03 6.4612757415e-03 5.9950663708e-03 5.1951584985e-01 4.8048334829e-01 1.0000000000e-03
3.4400000000e+02 6.2364726327e-03 6.4647616819e-03 5.9896921739e-03 5.1947145057e-01 4.8052774746e-01 1.0000000000e-03
3.4500000000e+02 6.2357094139e-03 6.4689060673e-03 5.9836232103e-03 5.1947279508e-01 4.8052640285e-01 1.0000000000e-03
3.4600000000e+02 6.2349741347e-03 6.4721563831e-03 5.9785423800e-03 5.1950774812e-01 4.8049144970e-01 1.0000000000e-03
3.4700000000e+02 6.2342518941e-03 6.4733163454e-03 5.9757363051e-03 5.1955539702e-01 4.8044380069e-01 1.0000000000e-03
3.4800000000e+02 6.2335222028e-03 6.4717005007e-03 5.9759276919e-03 5.1959125039e-01 4.8040794721e-01 1.0000000000e-03
3.4900000000e+02 6.2327785417e-03 6.4675034955e-03 5.9789158404e-03 5.1959484752e-01 4.8040434998e-01 1.0000000000e-03
3.5000000000e+02 6.2320195138e-03 6.4616692252e-03 5.9836856090e-03 5.1955565045e-01 4.8044354694e-01 1.0000000000e-03
3.5100000000e+02 6.2312525697e-03 6.4556123689e-03 5.9887156822e-03 5.1947598545e-01 4.8052321185e-01 1.0000000000e-03
3.5200000000e+02 6.2304781750e-03 6.4507829957e-03 5.9924265370e-03 5.1937013878e-01 4.8062905842e-01 1.0000000000e-03
3.5300000000e+02 6.2297140248e-03 6.4482856542e-03 5.9936386533e-03 5.1926015995e-01 4.8073903716e-01 1.0000000000e-03
3.5400000000e+02 6.2289545313e-03 6.4485250041e-03 5.9918868355e-03 5.1916940395e-01 4.8082979307e-01 1.0000000000e-03
3.5500000000e+02 6.2282178551e-03 6.4510791562e-03 5.9876493178e-03 5.1911527239e-01 4.8088392453e-01 1.0000000000e-03
3.5600000000e+02 6.2275137752e-03 6.4549003728e-03 5.9820706956e-03 5.1910460708e-01 4.8089458974e-01 1.0000000000e-03
3.5700000000e+02 6.2268334441e-03 6.4585520886e-03 5.9766867198e-03 5.1913160406e-01 4.8086759266e-01 1.0000000000e-03
3.5800000000e+02 6.2261736020e-03 6.4606559463e-03 5.9729944915e-03 5.1917945690e-01 4.8081973973e-01 1.0000000000e-03
3.5900000000e+02 6.2255039811e-03 6.4603295177e-03 5.9719071724e-03 5.1922580759e-01 4.8077338893e-01 1.0000000000e-03
3.6000000000e+02 6.2248297036e-03 6.4574065618e-03 5.9736385010e-03 5.1924899113e-01 4.8075020530e-01 1.0000000000e-03
3.6100000000e+02 6.2241423875e-03 6.4525036141e-03 5.9775179252e-03 5.1923468929e-01 4.8076450704e-01 1.0000000000e-03
3.6200000000e+02 6.2234411016e-03 6.4468584023e-03 5.9822094627e-03 5.1918038131e-01 4.8081881493e-01 1.0000000000e-03
3.6300000000e+02 6.2227314338e-03 6.4418748952e-03 5.9861950576e-03 5.1909557019e-01 4.8090362596e-01 1.0000000000e-03
3.6400000000e+02 6.2220231630e-03 6.4387684688e-03 5.9881652705e-03 5.1899898186e-01 4.8100021421e-01 1.0000000000e-03
3.6500000000e+02 6.2213269994e-03 6.4381663688e-03 5.9874486178e-03 5.1891270574e-01 4.8108649025e-01 1.0000000000e-03
3.6600000000e+02 6.2206415460e-03 6.4399768598e-03 5.9841256589e-03 5.1885593722e-01 4.8114325867e-01 1.0000000000e-03
3.6700000000e+02 6.2199779786e-03 6.4433598891e-03 5.9791137464e-03 5.1883887542e-01 4.8116032039e-01 1.0000000000e-03
3.6800000000e+02 6.2193442136e-03 6.4470036887e-03 5.9738475829e-03 5.1885963078e-01 4.8113956494e-01 1.0000000000e-03
3.6900000000e+02 6.2187267467e-03 6.4495569095e-03 5.9697651304e-03 5.1890526023e-01 4.8109393540e-01 1.0000000000e-03
3.7000000000e+02 6.2181102112e-03 6.4499792643e-03 5.9679788537e-03 5.1895543177e-01 4.8104376376e-01 1.0000000000e-03
3.7100000000e+02 6.2174824998e-03 6.4479457214e-03 5.9688328765e-03 5.1898914285e-01 4.8101005259e-01 1.0000000000e-03
3.7200000000e+02 6.2168571167e-03 6.4438311383e-03 5.9719705023e-03 5.1899042909e-01 4.8100876627e-01 1.0000000000e-03
3.7300000000e+02 6.2161972746e-03 6.4386548474e-03 5.9762205929e-03 5.1895376444e-01 4.8104543083e-01 1.0000000000e-03
3.7400000000e+02 6.2155453488e-03 6.4338333905e-03 5.9801302850e-03 5.1888573642e-01 4.8111345877e-01 1.0000000000e-03
3.7500000000e+02 6.2148841098e-03 6.4304936677e-03 5.9824348427e-03 5.1880192813e-01 4.8119726699e-01 1.0000000000e-03
3.7600000000e+02 6.2142289244e-03 6.4294650219e-03 5.9822560288e-03 5.1872325273e-01 4.8127594230e-01 1.0000000000e-03
3.7700000000e+02 6.2135881744e-03 6.4308042638e-03 5.9795319103e-03 5.1866901676e-01 4.8133017819e-01 1.0000000000e-03
3.7800000000e+02 6.2129618600e-03 6.4337668009e-03 5.9750564396e-03 5.1865039668e-01 4.8134879819e-01 1.0000000000e-03
3.7900000000e+02 6.2123746611e-03 6.4372676425e-03 5.9700468555e-03 5.1866815933e-01 4.8133103545e-01 1.0000000000e-03
3.8000000000e+02 6.2117888592e-03 6.4399265684e-03 5.9659220278e-03 5.1871170912e-01 4.8128748558e-01 1.0000000000e-03
3.8100000000e+02 6.2112100422e-03 6.4407032914e-03 5.9638316743e-03 5.1876266280e-01 4.8123653182e-01 1.0000000000e-03
3.8200000000e+02 6.2106270343e-03 6.4391768537e-03 5.9642279521e-03 5.1880094549e-01 4.8119824904e-01 1.0000000000e-03
3.8300000000e+02 6.2100333162e-03 6.4355754294e-03 5.9668677859e-03 5.1881038697e-01 4.8118880748e-01 1.0000000000e-03
3.8400000000e+02 6.2094209716e-03 6.4308452420e-03 5.9707202017e-03 5.1878441516e-01 4.8121477920e-01 1.0000000000e-03
3.8500000000e+02 6.2088062987e-03 6.4262603410e-03 5.9744380414e-03 5.1872769336e-01 4.8127150093e-01 1.0000000000e-03
3.8600000000e+02 6.2081897631e-03 6.4230170101e-03 5.9767202474e-03 5.1865450411e-01 4.8134469011e-01 1.0000000000e-03
3.8700000000e+02 6.2075750902e-03 6.4218845218e-03 5.9767295606e-03 5.1858419225e-01 4.8141500189e-01 1.0000000000e-03
3.8800000000e+02 6.2069706619e-03 6.4229993150e-03 5.9743183665e-03 5.1853532005e-01 4.8146387402e-01 1.0000000000e-03
3.8900000000e+02 6.2063778751e-03 6.4257718623e-03 5.9701157734e-03 5.1851967870e-01 4.8147951529e-01 1.0000000000e-03
3.9000000000e+02 6.2058186159e-03 6.4290477894e-03 5.9654093347e-03 5.1853801493e-01 4.8146117897e-01 1.0000000000e-03
3.9100000000e+02 6.2052626163e-03 6.4316131175e-03 5.9614502825e-03 5.1858105057e-01 4.8141814326e-01 1.0000000000e-03
3.9200000000e+02 6.2047243118e-03 6.4324298874e-03 5.9594023041e-03 5.1863153011e-01 4.8136766363e-01 1.0000000000e-03
3.9300000000e+02 6.2041692436e-03 6.4310096204e-03 5.9597417712e-03 5.1867002718e-01 4.8132916648e-01 1.0000000000e-03
3.9400000000e+02 6.2036081217e-03 6.4276964404e-03 5.9621348046e-03 5.1868178799e-01 4.8131740560e-01 1.0000000000e-03
3.9500000000e+02 6.2030376866e-03 6.4233122393e-03 5.9656943195e-03 5.1866043827e-01 4.8133875525e-01 1.0000000000e-03
3.9600000000e+02 6.2024518847e-03 6.4190253615e-03 5.9691430070e-03 5.1861012691e-01 4.8138906653e-01 1.0000000000e-03
3.9700000000e+02 6.2018632889e-03 6.4161075279e-03 5.9711243957e-03 5.1854520868e-01 4.8145398469e-01 1.0000000000e-03
3.9800000000e+02 6.2012821436e-03 6.4151431434e-03 5.9710126370e-03 5.1848349648e-01 4.8151569682e-01 1.0000000000e-03
3.9900000000e+02 6.2007051893e-03 6.4162826166e-03 5.9686256573e-03 5.1844237296e-01 4.8155682026e-01 1.0000000000e-03
4.0000000000e+02 6.2001561746e-03 6.4189564437e-03 5.9646163136e-03 5.1843254070e-01 4.8156665245e-01 1.0000000000e-03
4.0100000000e+02 6.1996136792e-03 6.4219878986e-03 5.9602055699e-03 5.1845394799e-01 4.8154524508e-01 1.0000000000e-03
4.0200000000e+02 6.1990935355e-03 6.4242980443e-03 5.9565971605e-03 5.1849731204e-01 4.8150188096e-01 1.0000000000e-03
4.0300000000e+02 6.1985766515e-03 6.4248964190e-03 5.9548304416e-03 5.1854607021e-01 4.8145312271e-01 1.0000000000e-03
4.0400000000e+02 6.1980523169e-03 6.4233858138e-03 5.9553333558e-03 5.1858197412e-01 4.8141721872e-01 1.0000000000e-03
4.0500000000e+02 6.1975163408e-03 6.4201653004e-03 5.9576798230e-03 5.1859193348e-01 4.8140725929e-01 1.0000000000e-03
4.0600000000e+02 6.1969701201e-03 6.4160358161e-03 5.9610139579e-03 5.1857086594e-01 4.8142832676e-01 1.0000000000e-03
4.0700000000e+02 6.1964094639e-03 6.4121498726e-03 5.9640789405e-03 5.1852394533e-01 4.8147524729e-01 1.0000000000e-03
4.0800000000e+02 6.1958511360e-03 6.4096376300e-03 5.9656794183e-03 5.1846523355e-01 4.8153395901e-01 1.0000000000e-03
4.0900000000e+02 6.1952956021e-03 6.4090527594e-03 5.9652044438e-03 5.1841210251e-01 4.8158708998e-01 1.0000000000e-03
4.1000000000e+02 6.1947563663e-03 6.4104059711e-03 5.9626568109e-03 5.1838022115e-01 4.8161897127e-01 1.0000000000e-03
4.1100000000e+02 6.1942311004e-03 6.4130569808e-03 5.9587149881e-03 5.1837836133e-01 4.8162083102e-01 1.0000000000e-03
4.1200000000e+02 6.1937235296e-03 6.4158649184e-03 5.9546120465e-03 5.1840481265e-01 4.8159437963e-01 1.0000000000e-03
4.1300000000e+02 6.1932257377e-03 6.4177899621e-03 5.9514646418e-03 5.1844930731e-01 4.8154988489e-01 1.0000000000e-03
4.1400000000e+02 6.1927288771e-03 6.4179743640e-03 5.9501887299e-03 5.1849542237e-01 4.8150376976e-01 1.0000000000e-03
4.1500000000e+02 6.1922254972e-03 6.4161689952e-03 5.9510581195e-03 5.1852625516e-01 4.8147293690e-01 1.0000000000e-03
4.1600000000e+02 6.1917090788e-03 6.4128614031e-03 5.9535438195e-03 5.1853070615e-01 4.8146848584e-01 1.0000000000e-03
4.1700000000e+02 6.1911800876e-03 6.4089214429e-03 5.9567112476e-03 5.1850608961e-01 4.8149310231e-01 1.0000000000e-03
4.1800000000e+02 6.1906529590e-03 6.4055202529e-03 5.9593212791e-03 5.1845974402e-01 4.8153944783e-01 1.0000000000e-03
4.1900000000e+02 6.1901202425e-03 6.4036231488e-03 5.9603066184e-03 5.1840650939e-01 4.8159268240e-01 1.0000000000e-03
4.2000000000e+02 6.1895926483e-03 6.4036068507e-03 5.9592695907e-03 5.1836287916e-01 4.8163631256e-01 1.0000000000e-03
4.2100000000e+02 6.1890776269e-03 6.4053102396e-03 5.9563862160e-03 5.1834233580e-01 4.8165685586e-01 1.0000000000e-03
4.2200000000e+02 6.1885821633e-03 6.4079328440e-03 5.9525272809e-03 5.1835024721e-01 4.8164894437e-01 1.0000000000e-03
4.2300000000e+02 6.1880983412e-03 6.4104176126e-03 5.9488182887e-03 5.1838260715e-01 4.8161658437e-01 1.0000000000e-03
4.2400000000e+02 6.1876242980e-03 6.4117670991e-03 5.9463367797e-03 5.1842740207e-01 4.8157178938e-01 1.0000000000e-03
4.2500000000e+02 6.1871446669e-03 6.4113182016e-03 5.9457863681e-03 5.1846828053e-01 4.8153091085e-01 1.0000000000e-03
4.2600000000e+02 6.1866547912e-03 6.4090969972e-03 5.9471386485e-03 5.1849074337e-01 4.8150844794e-01 1.0000000000e-03
4.2700000000e+02 6.1861630529e-03 6.4056902193e-03 5.9497901239e-03 5.1848655775e-01 4.8151263349e-01 1.0000000000e-03
4.2800000000e+02 6.1856540851e-03 6.4020790160e-03 5.9526488185e-03 5.1845671919e-01 4.8154247198e-01 1.0000000000e-03
4.2900000000e+02 6.1851395294e-03 6.3993358053e-03 5.9545757249e-03 5.1841108332e-01 4.8158810780e-01 1.0000000000e-03
4.3000000000e+02 6.1846324243e-03 6.3981912099e-03 5.9547978453e-03 5.1836461353e-01 4.8163457752e-01 1.0000000000e-03
4.3100000000e+02 6.1841318384e-03 6.3988110051e-03 5.9531209990e-03 5.1833224098e-01 4.8166695001e-01 1.0000000000e-03
4.3200000000e+02 6.1836410314e-03 6.4008352347e-03 5.9499321505e-03 5.1832438006e-01 4.8167481086e-01 1.0000000000e-03
4.3300000000e+02 6.1831707135e-03 6.4033656381e-03 5.9462147765e-03 5.1834277615e-01 4.8165641470e-01 1.0000000000e-03
4.3400000000e+02 6.1827106401e-03 6.4053400420e-03 5.9430985712e-03 5.1838011612e-01 4.8161907467e-01 1.0000000000e-03
4.3500000000e+02 6.1822575517e-03 6.4059570432e-03 5.9414529242e-03 5.1842304044e-01 4.8157615027e-01 1.0000000000e-03
4.3600000000e+02 6.1817942187e-03 6.4047765918e-03 5.9417299926e-03 5.1845590741e-01 4.8154328324e-01 1.0000000000e-03
4.3700000000e+02 6.1813187785e-03 6.4021167345e-03 5.9435949661e-03 5.1846728291e-01 4.8153190768e-01 1.0000000000e-03
4.3800000000e+02 6.1808377504e-03 6.3987174071e-03 5.9462692589e-03 5.1845303040e-01 4.8154616012e-01 1.0000000000e-03
4.3900000000e+02 6.1803455465e-03 6.3955513760e-03 5.9486888349e-03 5.1841768962e-01 4.8158150084e-01 1.0000000000e-03
4.4000000000e+02 6.1798570678e-03 6.3936477527e-03 5.9497635812e-03 5.1837393986e-01 4.8162525054e-01 1.0000000000e-03
4.4100000000e+02 6.1793737113e-03 6.3933273777e-03 5.9491400607e-03 5.1833593064e-01 4.8166325970e-01 1.0000000000e-03
4.4200000000e+02 6.1788987368e-03 6.3946498558e-03 5.9467493556e-03 5.1831692168e-01 4.8168226860e-01 1.0000000000e-03
4.4300000000e+02 6.1784400605e-03 6.3969171606e-03 5.9433509596e-03 5.1832293608e-01 4.8167625414e-01 1.0000000000e-03
4.4400000000e+02 6.1779906973e-03 6.3991229981e-03 5.9400182217e-03 5.1835095996e-01 4.8164823019e-01 1.0000000000e-03
4.4500000000e+02 6.1775478534e-03 6.4004254527e-03 5.9376582503e-03 5.1839118285e-01 4.8160800724e-01 1.0000000000e-03
4.4600000000e+02 6.1771022156e-03 6.4000822604e-03 5.9370668605e-03 5.1842853140e-01 4.8157065862e-01 1.0000000000e-03
4.4700000000e+02 6.1766523868e-03 6.3981479034e-03 5.9381946921e-03 5.1844985654e-01 4.8154933342e-01 1.0000000000e-03
4.4800000000e+02 6.1761941761e-03 6.3951457851e-03 5.9404764324e-03 5.1844774098e-01 4.8155144892e-01 1.0000000000e-03
4.4900000000e+02 6.1757257208e-03 6.3919462264e-03 5.9429719113e-03 5.1842285715e-01 4.8157633268e-01 1.0000000000e-03
4.5000000000e+02 6.1752595939e-03 6.3895666972e-03 5.9446012601e-03 5.1838432130e-01 4.8161486847e-01 1.0000000000e-03
4.5100000000e+02 6.1747846194e-03 6.3885985874e-03 5.9446929954e-03 5.1834547053e-01 4.8165371919e-01 1.0000000000e-03
4.5200000000e+02 6.1743222177e-03 6.3892886974e-03 5.9430133551e-03 5.1832025712e-01 4.8167893254e-01 1.0000000000e-03
4.5300000000e+02 6.1738723889e-03 6.3911406323e-03 5.9400903992e-03 5.1831708315e-01 4.8168210644e-01 1.0000000000e-03
4.5400000000e+02 6.1734365299e-03 6.3933334313e-03 5.9368074872e-03 5.1833659283e-01 4.8166259671e-01 1.0000000000e-03
4.5500000000e+02 6.1730109155e-03 6.3949511386e-03 5.9341494925e-03 5.1837164760e-01 4.8162754187e-01 1.0000000000e-03
4.5600000000e+02 6.1725862324e-03 6.3952016644e-03 5.9329606593e-03 5.1840917680e-01 4.8159001261e-01 1.0000000000e-03
4.5700000000e+02 6.1721489765e-03 6.3939131796e-03 5.9334151447e-03 5.1843601039e-01 4.8156317896e-01 1.0000000000e-03
4.5800000000e+02 6.1717126518e-03 6.3913553022e-03 5.9352554381e-03 5.1844242921e-01 4.8155676008e-01 1.0000000000e-03
4.5900000000e+02 6.1712684110e-03 6.3882996328e-03 5.9376382269e-03 5.1842624613e-01 4.8157294310e-01 1.0000000000e-03
4.6000000000e+02 6.1708102003e-03 6.3857301138e-03 5.9394836426e-03 5.1839387860e-01 4.8160531057e-01 1.0000000000e-03
4.6100000000e+02 6.1703538522e-03 6.3843103126e-03 5.9400987811e-03 5.1835661029e-01 4.8164257883e-01 1.0000000000e-03
4.6200000000e+02 6.1699096113e-03 6.3844616525e-03 5.9390394017e-03 5.1832811383e-01 4.8167107523e-01 1.0000000000e-03
4.6300000000e+02 6.1694690958e-03 6.3859331422e-03 5.9365499765e-03 5.1831868819e-01 4.8168050081e-01 1.0000000000e-03
4.6400000000e+02 6.1690472066e-03 6.3879699446e-03 5.9334705584e-03 5.1833112084e-01 4.8166806810e-01 1.0000000000e-03
4.6500000000e+02 6.1686318368e-03 6.3897501677e-03 5.9306640178e-03 5.1836107834e-01 4.8163811054e-01 1.0000000000e-03
4.6600000000e+02 6.1682183295e-03 6.3903643750e-03 5.9291101061e-03 5.1839698175e-01 4.8160220707e-01 1.0000000000e-03
4.6700000000e+02 6.1678066850e-03 6.3895555213e-03 5.9290984645e-03 5.1842618371e-01 4.8157300505e-01 1.0000000000e-03
4.6800000000e+02 6.1673843302e-03 6.3873901963e-03 5.9305415489e-03 5.1843792809e-01 4.8156126061e-01 1.0000000000e-03
4.6900000000e+02 6.1669484712e-03 6.3845496625e-03 5.9327040799e-03 5.1842829095e-01 4.8157089769e-01 1.0000000000e-03
4.7000000000e+02 6.1665154062e-03 6.3819228671e-03 5.9346570633e-03 5.1840112596e-01 4.8159806263e-01 1.0000000000e-03
4.7100000000e+02 6.1660818756e-03 6.3802502118e-03 5.9355888516e-03 5.1836621314e-01 4.8163297539e-01 1.0000000000e-03
4.7200000000e+02 6.1656464823e-03 6.3800797798e-03 5.9348954819e-03 5.1833704140e-01 4.8166214707e-01 1.0000000000e-03
4.7300000000e+02 6.1652190052e-03 6.3812164590e-03 5.9327972122e-03 5.1832406321e-01 4.8167512522e-01 1.0000000000e-03
4.7400000000e+02 6.1648064293e-03 6.3830912113e-03 5.9299166314e-03 5.1833184174e-01 4.8166734662e-01 1.0000000000e-03
4.7500000000e+02 6.1644054949e-03 6.3848569989e-03 5.9271589853e-03 5.1835736065e-01 4.8164182765e-01 1.0000000000e-03
4.7600000000e+02 6.1640031636e-03 6.3856826164e-03 5.9254025109e-03 5.1839095506e-01 4.8160823319e-01 1.0000000000e-03
4.7700000000e+02 6.1636008322e-03 6.3851634040e-03 5.9250979684e-03 5.1842044320e-01 4.8157874499e-01 1.0000000000e-03
4.7800000000e+02 6.1632031575e-03 6.3832933083e-03 5.9262723662e-03 5.1843472177e-01 4.8156446636e-01 1.0000000000e-03
4.7900000000e+02 6.1627840623e-03 6.3806367107e-03 5.9282681905e-03 5.1842877355e-01 4.8157041453e-01 1.0000000000e-03
4.8000000000e+02 6.1623617075e-03 6.3780862838e-03 5.9301578440e-03 5.1840548180e-01 4.8159370623e-01 1.0000000000e-03
4.8100000000e+02 6.1619477347e-03 6.3763423823e-03 5.9312060475e-03 5.1837327902e-01 4.8162590895e-01 1.0000000000e-03
4.8200000000e+02 6.1615258455e-03 6.3759721816e-03 5.9307543561e-03 5.1834474838e-01 4.8165443954e-01 1.0000000000e-03
4.8300000000e+02 6.1611118726e-03 6.3769137487e-03 5.9288954362e-03 5.1833058434e-01 4.8166860352e-01 1.0000000000e-03
4.8400000000e+02 6.1607090756e-03 6.3785910606e-03 5.9262490831e-03 5.1833554902e-01 4.8166363879e-01 1.0000000000e-03
4.8500000000e+02 6.1603225768e-03 6.3803107478e-03 5.9235743247e-03 5.1835801784e-01 4.8164116991e-01 1.0000000000e-03
4.8600000000e+02 6.1599351466e-03 6.3811843283e-03 5.9218001552e-03 5.1838913623e-01 4.8161005146e-01 1.0000000000e-03
4.8700000000e+02 6.1595486477e-03 6.3808276318e-03 5.9213549830e-03 5.1841762407e-01 4.8158156357e-01 1.0000000000e-03
4.8800000000e+02 6.1591528356e-03 6.3791181892e-03 5.9223589487e-03 5.1843234143e-01 4.8156684615e-01 1.0000000000e-03
4.8900000000e+02 6.1587579548e-03 6.3766678795e-03 5.9241810814e-03 5.1842831543e-01 4.8157087210e-01 1.0000000000e-03
4.9000000000e+02 6.1583477072e-03 6.3741924241e-03 5.9260129929e-03 5.1840727894e-01 4.8159190854e-01 1.0000000000e-03
4.9100000000e+02 6.1579444446e-03 6.3725323416e-03 5.9269899502e-03 5.1837772719e-01 4.8162146023e-01 1.0000000000e-03
4.9200000000e+02 6.1575388536e-03 6.3720485196e-03 5.9266933240e-03 5.1835048452e-01 4.8164870285e-01 1.0000000000e-03
4.9300000000e+02 6.1571425758e-03 6.3728876412e-03 5.9249810874e-03 5.1833646783e-01 4.8166271950e-01 1.0000000000e-03
4.9400000000e+02 6.1567504890e-03 6.3744662330e-03 5.9224641882e-03 5.1834064423e-01 4.8165854304e-01 1.0000000000e-03
4.9500000000e+02 6.1563751660e-03 6.3760858029e-03 5.9199226089e-03 5.1836146152e-01 4.8163772569e-01 1.0000000000e-03
4.9600000000e+02 6.1559993774e-03 6.3769035041e-03 5.9182345867e-03 5.1839051827e-01 4.8160866889e-01 1.0000000000e-03
4.9700000000e+02 6.1556259170e-03 6.3765440136e-03 5.9178215452e-03 5.1841700433e-01 4.8158218278e-01 1.0000000000e-03
4.9800000000e+02 6.1552478001e-03 6.3749458641e-03 5.9187426232e-03 5.1843069852e-01 4.8156848854e-01 1.0000000000e-03
4.9900000000e+02 6.1548594385e-03 6.3726077788e-03 5.9204576537e-03 5.1842663196e-01 4.8157255504e-01 1.0000000000e-03
5.0000000000e+02 6.1544720083e-03 6.3702943735e-03 5.9221615084e-03 5.1840672292e-01 4.8159246403e-01 1.0000000000e-03
